============================================================
APM Result
============================================================
Matrix file       : kernel_31_55.txt
Matrix size       : 32 x 32
Prime (mod p)     : 2147461499
PM block size     : 2 (fixed)
Deviation level   : 3
Minor size tested : 5 x 5
------------------------------------------------------------
Timing
------------------------------------------------------------
Matrix total time : 43019.0920 ms  (43.019092 s)
Minors tested     : 510991600
Avg per minor     : 0.00008419 ms
------------------------------------------------------------
Zero Minors Found : 0
============================================================

Full matrix (32x32) mod 2147461499:
               0          1          2          3          4          5          6          7          8          9         10         11         12         13         14         15         16         17         18         19         20         21         22         23         24         25         26         27         28         29         30         31
      ---------- ---------- ---------- ---------- ---------- ---------- ---------- ---------- ---------- ---------- ---------- ---------- ---------- ---------- ---------- ---------- ---------- ---------- ---------- ---------- ---------- ---------- ---------- ---------- ---------- ---------- ---------- ---------- ---------- ---------- ---------- ----------
  0 | 1579884928 1113935162  470173087 1499354765  911286682  185374655  752883527  600152173 1736982941 1580486041  214897621  702686431 1192179214 1038189408 1334197159 1327496924  778661805 1537028567  959993957 1953762394 1133142124   87349357  620968083 1525497815 1649027463  927477687 2097845429  220716831 1140027466  516079013 1233242415  389778956
  1 | 2131866785 1068360820  123678056  437354198  119283050 1687548259 2130796283  369335779  766019477 1436423179 1738379998  347980740 1102593813  344776829   17740280   69607397 1076788702  852803060 1470749393  884813284 1897749115  267175846 1149625011 1582025896 1117891041   83934320 1265941468  606677691 2117520623 1334636645 1337323260  172061194
  2 | 1472945020 1851346154  575252139  611539449  623701160 1167487886 1552610418  631657330 1591705950 1360066148 1101993258  389507880 1333154473 1007544391  442888267 1979348724 1337827946 1945773495 1273702914  438156973   40691665 1984488438   92285915  966436198 1635889542  345900980  759240574  889073335 1040599453  481805413  110129690    5079899
  3 | 1636569131  869525511 1159370572  437743026 1388599514   52721116 1887125807  482152150 1605274509  692039624 1734952861 1641988355 2045885165  826328992 1252769663  226783585  852686283 1165320378  693497425 1878142639  711237432  525943843  630000544  535065515 1346899328 1803371030 1081891764 1069923145  427844475 1760394044  460502259  941906703
  4 | 1597838578 1435369289  183252825   77344566  885404688  608701847  557255067   92074416 1229345197 1474167641  654224846 1828273317 1729733599  454331461 1697425542  486088703  125939994 1915594628  779310818 1004379289  119970719  489773844  750072753 1118359459 1627356221 2019132206 2018834143  526760060  538119083  557951391  949557649 1410012280
  5 |    2720754  907475154 1868522251  432639081  679491638 1714078825 1578585176 1112006197  653445667 2106847961 1382667791 1258554752 1530601625  916168164 1654939326 1717200375 1662477136  984218639  701280778 1573092600 1712542512  174774368 1044145372 1682875370  400828564  723060381  322720878  341874703  768158172 1779446172  398592479  403620010
  6 | 1517933631 1893569135 1570083246   47228820 1534967065 1128423488  984159888 1016463730 1895732280 1397210550 1147388682  561230167 1613364573 2090815333  862390877 1397571129 1469678364  245601633 1984413826 1701241093 1680927529  844959244  425827404  793750586  416988534 2097202450  829530693  994558582 1756622330 1393136200   81873707  743982014
  7 |  295546378  531627278    3063945  457803461  794819178 1622828792 2049436829 1780436967 2133587952  369544573  497568501  472269605 1291623885  659374164 1391683598  507185308 1389564956 1417393126   23765802 1866018581  739304482  779130423  763772189  849683690  765526857 1769878903  496465600 1623949677  265788239  895881404  244922595  865316580
  8 |  613065975 2000206848  199900414  672125791 1841991816  355964757  730947375 1278378436 1577397183 2073990727 1999609347  864969463 1513436428  181843172  808570638 1229326827 1794747966 1651705082 1528596735 1356445831  418175934  754334926  543963409 2117449829  100521401 1415117219 1689691563 1670628701  566350948 1461990152  566377680  476095101
  9 |  206627267 1623365329 1192915442  666870695 1264323894  873078055  740755692 1025475531  641864075  536604149  744997861   87725783 2098243208  354481895 1001074997   49966876 1252841647  267640454 2114233983  894304862  923429581 1854621769 1513434828 1698004045 1707771278 1120701921  250747454  350814467 1705212669 2094252648  439400238 1013513923
 10 |  170239172  659465504 1909719805 1433248751  118081808 1380281714 1167490998 1380371340  300507938 1626256950  288792173 1242862851 1844436658 1329010322 1240965357  374962811  415341832 2030867323   17165033  395592543 1822140547  718799034 2143111761 1466644868 1513831238 1555778469  451603018  567127411   35579443  743180311  388173624 1440683246
 11 |  617898500  118495982   33415833 2004043325 1054913538  171727531  510527721 1948531020 1014426314 1184176646 1767124465  459084137 1491257959 1985713749 1400524739 1829323363 1115766344 2004155500 1913827127 1612054873  638777200  564308149 1273981354 1474563127   37868789 1023668036  200821280  476581252  598408230 1942309718 1507238909 2109592164
 12 | 1085784368 1696880544 1476060629 1467279308 1916357104  481692438  429041044   53126864  632100951 1954870123  220140887  445596486 1306631637 1817471884  668528315 1864038276 1881980955 1610330912  100961314 1959215977 1439868279 1661896760 1687802245  823575471 1645600588  233572032  362344111  737841401  952006073 1632726308  562385387 1034738190
 13 |  571141673 1493078400 1282782941  234254332 1053247184 1206792251  271139683 1169731082 1279825175  125719056 1477039323  402667035   29101991 1515655071  388097821  155116236  513559121   60632286  933529871 1483612298  380115235 1345410773 1548825921 1072829631 1852757479  820188385 1725111649 2096001815 1263377154  704539259 1654767634 1753589568
 14 |  112885435 1760476672 1030211276  941096723  785791298 2066972509  469073432  934939073  958559550 1230811353 1990466896  625723530  868633118 1632364476  831514268 1541846997 1361249954  901802477 1182825649  889633113 2055114246  706477159 2061995577  297248997 1995353207 1634508745  168637239  897568723 1145177924  147254201  913416268 1074497103
 15 | 1694489658  186967089  655076648  551479627 1102973988  249261529  507099666 1453851344  914314329  260229151  311357761 1532733394 1876739475 1210783801 1022748285  949063139 1269503019 1337921747  314646449 2021398538 1814491244  173093550  365148698  358822297  262487472  834137353  469975180 1838884306 1880528573 1947723869 2015923132 1935298606
 16 |  333384122  556672207  634074216  173354740 1954924493 1850380188 1693134822  556610475 1659693311 2069284206  834019983 1681493196  942965647 1287428603 1110766874 1782138379  720882486   27823704 1006065016 1044873474 1691481625  332099619 1028329040  992611008  495543347 1295482171   10962549 1890012497 1475992400   85658483   34313426  265722794
 17 | 2130270587  670633480 1489277368 1820775964 1587871255  756649327 1124982162 1643326474  522203896  375568600 1447337757 1559664174 2016552590 1307955091   76009737  237550719 1798361309 1501034827 1663803801  238252990 1309739653 1884366956 1759321306 1133478717 1256684274  729724362 1583250738  768502670 1237254469 1185998148 1474959344  955976003
 18 | 1116806258  790088182  682736557  462204625  948478311  476683570 1072302949 1592644365  696674759  120346201  625533175  135889214 1954631183    5436352  438198112  653276569  878035645 2038916272  709012269 1857012243  216596297 1117564133 1724328235 1236619415 1665165116  783889497 1620113327 1771011410 1993952406 1948207651  529668541  293772523
 19 | 2101896574 1425768874  526535361 1973952617   75306540 1945923266 1006291490  928832752  348851705 1049046729 1405256404  770632127  159826864 1316866402  373742190 1695404352 1133834030 1547389703  810039440  877099018 1632605741  810140338  398012921  216758173 1262614519 1066043603 1521461707  194211366 2100414290  864364918 1160685182 1702337560
 20 |  566744182  350370572  400600515  117500003  435112211 2010775284 1117924844  368767804 1862666214 1377251352 1411235677  527908370  281788742  786066241 2109738494  768471464   28382565  158497637 1722125308 1798849244  159959199 1349616880  187566373 2005779773 1498644313  176593860 1123304358 1697863455  772582976 1957988879  509363715 1342657608
 21 |  808472159  839075862 1494402951  218383366  406281146 1968928846  590418410  931074389 1352227638  234035840 1204330113 2029942624 1491130658 1092510549 2068345920  597893994 1284401940 1714245204  685961714  380673928  633934836  663083405  921782675  532945835  511318732  628331173  769957490  106163230   67262169 1936204322 2101606168  366674275
 22 |  656500806 2101911968  801664585 1465848624 1219511202   45982520  175545182  609946838 1297931931  213234515 1257116277    4285581 1240918847  645949035 1049829278 1542544659 1807075259 1202122268 1561473381   91170955  511019365 1701246224  304410252 1927418076 2063775923  291617785 1412707565  373375793  810533253  566369938   92271473  956381241
 23 | 1760185088  503338137 1837739293 1283468719  387940666  981134900 1732521421    2603089 1998349313 2000423305 2113463716  742323986 1926248608 1586350863 1771390218 1800905641 1795178954  499231160  749440020    4638837 1552538996  426533405  677964644 1607454927 1623678696  738390461  818645273  799506909 1777764659 2122686539  992384136  953797713
 24 |  148474675  445793573  343491304  182562085   27526642  960334981 1150840456 1244664173 1859329930  296224667 1527923918 1428355124  917909476  658292665 2137858410  155938245  823409163 2064839453  357526251 1038847064 2008402516 1688766731 2046174357  445271470 1053060747  664611412 2115143426 1958466192 1604719817 2012355143 1754325242  880931151
 25 | 2139365590 1520043583  421785211 1789990953  575006715  554262000  410732162 1179215006   18520791  413593532 1522107069  921369124  241193144 1963468125   10943086 2039729441 1301021422  470046639 1911326547 1637624343  594267941 2004303420 1569939916  913717125 1989936258  828494865  438734921  585843253  853049620 1711800425  114671703 1424292167
 26 | 1980738992 1101874428 2105263467 1508246599 2030600440  369799110  796254319    6479682 1872764374 1901089447  225114240  452880542  202530738  312020454 1961488288 1958075001 1362851107 1015211869 1090542348 1531105433 1150030690   76950120   91416600  351493354  761293854 1918556524  732158500 2000732072  763608408 1421289801 1732844347 1633469862
 27 |  942328052  874878063 1576622676 1906046221 1952921114 2111292380   38448724  767009530 1814127872 1085175986 1258280104  952401691 1901946871 1719259421 1720278603 1853403665 1101570878 1265251335  125364147  128998127  113640261  361474643  101983336 1911360912  946298684  971128993 1843841439 1911207626 1997116686 2007758052 1929933710 2016474805
 28 | 1181526742 1758435999 1840601330  482819505 2034287773  687624547 1466449688 1550934051 1946413695 1852913260   83714106 1077082035 1330349690 1833959687 1317763505  913123947  291215042 1658141079 1886690410 1906960001 2126240567 1277356758  707125379  296242961  843102030  101369507  154379871 1178652081  271457657 1430594811 1974772654 2022894374
 29 |   70768295  432990826 1046133867 1492048324  682611266  291751181  397597937  790982055  202588551 1779440532 1924681926  542404131 1130532915 1645870436  657491480  852069139  857541363  751250834  673707467 1545447560 1609360237  386553053  597648975 1823627726 1328781343 1655322550  101244910    3485149  251671889 2067375067 1746060362 2012435197
 30 |  246960417 1227526231 2065223619 1005710470 2037020690 1909555796  704697374 1387744798  721242308 1912350788  471728782 1825827156 1998719155 1060043709 1459854135  153605818 1675892008  809829837 1148420846 1267253926  923263261  207197853  885208283 1184927561 1578629630 1010305329 1477098936  877589064  216841547 1937731517 1405459150  554654824
 31 | 1650917259 2144873148 1079197974  845306146  125716987 1122672877  651874570 1464411672 1110694089  317982174 1234971191  844334860 1585564177  434631226  161469598 1916268922  723283869 1227737814  261996552 1347181031  888583524 1681475830 1953882445 1534990353 1884673396  207773009 1361704248 1754835876 1203211813  367672659 1886253777 1394729325

No zero minor found at deviation level 3.
