============================================================
APM Result
============================================================
Matrix file       : kernel_31_100.txt
Matrix size       : 32 x 32
Prime (mod p)     : 2147461499
PM block size     : 2 (fixed)
Deviation level   : 3
Minor size tested : 5 x 5
------------------------------------------------------------
Timing
------------------------------------------------------------
Matrix total time : 43016.6958 ms  (43.016696 s)
Minors tested     : 510991600
Avg per minor     : 0.00008418 ms
------------------------------------------------------------
Zero Minors Found : 0
============================================================

Full matrix (32x32) mod 2147461499:
               0          1          2          3          4          5          6          7          8          9         10         11         12         13         14         15         16         17         18         19         20         21         22         23         24         25         26         27         28         29         30         31
      ---------- ---------- ---------- ---------- ---------- ---------- ---------- ---------- ---------- ---------- ---------- ---------- ---------- ---------- ---------- ---------- ---------- ---------- ---------- ---------- ---------- ---------- ---------- ---------- ---------- ---------- ---------- ---------- ---------- ---------- ---------- ----------
  0 | 1569523971 1324730400 1883890380 1439556529  344691964  583182523  747546335  615881678  894563406 2005561177 1804880886 1555312889  125898697  194040681 1836628411 1562074354 1902038756  325127599 1593477241 1922502756 1715528429  786513480 1020411707  165534087  478133764 1226379982  575904781 1169745763 2093497566  499124209 1497399074 1037243717
  1 |  712280281  798713770   63898332 1127921185 1193636909 1814813085 1183654748 1846638525  344131313   14842523 1981288334 1949161067  725757946  487867767  394180675 1991226341  575397112 1833092443 1098176583 1152793971 1627879211 1663021735 1213382967 1632659462 1582826625   30687314  420516472  182903554  666750660  814508508 2005529684  825148000
  2 | 1380589172  665015488  110784688  752721817 1005528016 1754626784  846091302 1352381263  798495269 2067633831 1138245835 1008845884  858615876 2074102874 2067002116  400004792 1345726599 1030960266 1213629567  518873004 1815762532   77507616 1627489293  280800738 1757286178 1283666433   47675830 1966743543 2139508128   70282370   29779049  776950054
  3 | 1034276626 1784873375 1474444966  704616531 1425862983 1924910085  328569140  478760352  565963407 1921012938  215025509  940671367 1123673314 1333503325 1893725375  151629729  491463406 2040087654   92989383  849967599  577637527  653788798 1836437883   29344719  790838960  223270138 1060963815   79172625  397476818 1011306574 1130861531 1600081962
  4 |  172039233 1945147117  337305150 1309292708   16932982   64548643 1000351836 1996574587 1209010061  525806974  609856296 1661754366  843059003 1614544903  969825164 2119561565 1424145041  217133106 1900618610 1539100405 1857199094 1824879065 1786994863   12762049 1503046130 1540862448  473790553 1050424305  964567751 1212215791  460076157  747195123
  5 | 1689504993 1972724052  397737992 1310262687  846645895 1606606150 1054907014 1371235257  776151528 1382723573 1935769649 1165598740  157233590  631980493 1235210868 1055474022 1597012950  430429201 1791911057 1381569659 1859648612  542469784  789764183 1359103694  321918399  703377102   25513337 1367332008   51166265 1694542657 1976860799  550502939
  6 | 1790694763 1787455675  723452986  144893136 1491701232  609846480  977263372 1323042243 1687143267 1183814979  328693063  928631110  437774806 1342693172  373880777 1883935847 1181663999  834653411  319537020 1985045010  850929820 1949422161 1575487269 1929996963  849601937  131146037  304081279  658180340  696016008 1390268621 1152050115  654663285
  7 | 2051096576 1974536834  884054969 1136843196 1199271200 1909891199  701626910 1643317171 1102103893  227877478  795450308  654098962  158125813 1923337034  957690811 1474651850  955068030 1399775008  336410346 1977567675 1800778859 1433634755  669966271  385949955  295366865 1676296090 1933051377 2079163538 1465294994  760411171  685499871 1936173582
  8 | 1212879934  417275083  112421735  858609215 1274956260 1941151556  459976213  172372909 1913875052 2130828782 1749707437  103787019  343834363  829604997  714734594 1483228468 1798111655 1265151801  282589378  429449021  722502091 2013709286 1268824494 1970477164 1606190566 1223489671  548904785  427724461  592693371  205834073 1512010791  244628893
  9 |  757754376 1739674986  579529145  378760903   83101619  321507817  886774607 1334452882 1345510666  507095566 1409116203  465568143 1403351869 2134950112 1146591514 1382533994  112109943 2092943344 1706055522  172293561 1713456755  726538265  642052728 1014300009 1043287942 1930634989  793470161 1776099674  516562795  738777428   57922637 2013346635
 10 |  174325930 1840847950    9424874  419071950 1368341230 1245271722  834579805 1364640224 1946076599  143256582  918646131 1277869534  511749476  995704232  990684467 1727997606   61163625 1054656222 1102111690  923961690 1606723691 1485305679  151733950 1886640093 1423081946 2005800700 1174987952  387836440 2119787843  484771492  890556832  176503620
 11 |  125032922  811957888 1967623706 1514344790 1583559342  528605792 1812344655 1342313891  623866084  765342581  356964179 1619306050 1499081660 2039734297 2121886387 2099890468 1342863641 1676807600 2130577866  737684982 1296435531  321300701 1062980487 1438955969    9378642 1816267837  707298577  872159080 1688122218 1784775787  283986036 2125871255
 12 | 1663333582  777923295 2118840825  420815590 2088568363  589716922  437455409  189722150  519633378 1148530729  962921761 1456488118 1995121330 1429516769  448781482  745190319 2019460369  460685020 1125460928 1995878069 2009632811 1166356051  212564756 1968316052 1814570553 1679728292 1982032121 1904282836 1814598369 1647448698 1842866638  734493391
 13 |  148279438  772700692  312362422  567450999 2002764930  494838896 1600428798  902115762  898920313  909096674 1833326138 1093141963  582431422  354060398 2073572697  196364192  227547971 1012186415    8831516 1193044590   39858079  904698379   27574617  898310215 1709134775 1238992020 1054607944 1116673656  702294483 1586828658 1500517943  104772954
 14 |  294983650  381745648  113228620  449155746 1713873603 1469699374  422996940 1477884481 1267839370  199850207 1388255625  131019603  142335251  736838383 1685977120 2001066729  612962204  677015573 1036342813  207429454  932527646 1872376977 1709772608 1201480771   22141764 2051775516 1600236574 1822610063 1259598952  173093458  815850226  605428289
 15 | 2107453096 1348622380  533773848  728201221  394140202  709843964 1195152640  593383554  208384888 1722441525 2009361630 1097695776  335286569  414600161 1430970528 1433852628 1408908649 1115494439 1591621240 1496316796  703149196 1890460007 1684331445   87638811 2099042857  481110116  295351615  685967549 1182160311  542579853 1098977625 1511401947
 16 |   57639261 1138703485 2125033346 1094554794 1343018941 1918544266 1336467831 1628344397 1666735488 1034459239 1421094936 1357974613  356137257 1786263399 1076279601  874853285 2019773096 1434786501  959690123  236871390  206557206 1709713150  477932116 1303814697  482740709 1017484395 1461585916  808856624 1288896304 1434859645 1161604677 1147217687
 17 |   46344966 1279842848 1174165129 1428682204  523123015  695133324  563676372 1604399403 1774470149 1510156485 1359160691 1123686303  453692178 1155855605  874519993 1342299725 1251767419  573061331 1384187407 1603589962 1793323038 1197882107 1684260878 1076130086 1282841896 1764984897 1155798761 1448371067 1640950457 1530196896  714825996 1225611856
 18 | 1110828395   24908256 1132286962  613549319 1625591433 1611156511  661020098  817859406 1490037834  416283034 2133593658  590748490 1509108293  686312778 1287368779  994384315 1460619831 1768380569  751207286 2034725742 2018192606 2079048232 2097344250  199052804 1767560007 2054378094 1926163812  369105424 1449192246 1537098656 1847282904 1312356592
 19 |  208843065 1081555506 1242654521  980671332  144904052 1491252969 1509373924     168756  903227823 1560066849 1722380633   14181042  902981361  337808791 1561804279 1665090176 1671356517 1011120790  869467245 1526541334  443255264 1051942205 1779417972  395802554  644734679 1002738847 1424095090  379399338  543291063  307855750 1289262645  592677933
 20 |  163530864  167546892  404828979 1051070261  295419995 2036008631 1349707872  622020058 1785194782 2020664675  958378307  223945524  364186622 1843192494  519606678  489738284  808657265 1186447427  267142136 1757031489 1750952780 1339537592 1552824122 1291481796 2003162499  107735937  501423203 1755191585 1792148679 1140527843  480209637 1888889652
 21 | 1929194613 1793377090  988354150 1748506098 1906327993 1544137614 1873562100  443560077   18779721 1039973660 1127156445 2116255034 1918990239  682579967 1048244291  885141018 1581487123  471371540 1955854517 1298512198 1762386389 1375255937  728159337 1642660287 1189324181  740825058 1885882930  490756432 1618272865 1453047511  991034647 1064074404
 22 | 1774568650  905498662 1557073338  365663868  481695568  556381367  535626582 1559105584 1445977542  373352000 1980876824  187228206  207907559 1515712243 1406638309 2011171248 1190876640  127775050 1642942816   91093111 1489727436 2050599987 1837030647  517418320 1346622206  606227858 1546515689 1980486434 1184212564 1932676514 1277568589 1042945369
 23 | 1278368307  856847616  536494622 1718367998   17178436  229453396 1019676741   45450836 1029102287 2128895058  532158839 1662018039 1772941231 1370964501  820283475 1623873400  313608965 1782048106 1278251071  355296199 1588130864 1815803710  543637837 1593311953 1416554444 1586051591 2122243032 1848925361 1752439359  129828484  330046134  683515075
 24 | 1658420448 1987635928  341534088 1078128471  269714194  904125932  848382044 1767509678   87966677 1783887542 1633726434  561425302  389365078 1725326825   52157559  219644360  930358908 1888664537  423182994  566909505 1301935456  161413523 1349655543 1097752052 1519092569  172374297 2035255480 1900731862  366539185 1363636489 1437386769  274350817
 25 | 1878863643   76535263  760990147 1575682430  446424407  644469408 2126392229 1445073202  320260029  363866372  782196927 1859674845  586927187  877068603 1168608553 1035912585 1161165499 1184526654  978273196  943295315  476332878 1903133439  666681304 1766801077 2033233869  750325976  979263329  416976597  178174078  506335511 1850761831  366907840
 26 | 1171048690 1062252417   81450887 1150734846 1729686855  639816364  561833588  497199507 2090841385 1987986761 1007765039 1418827854 1254969708 1778199579 1938528707 1379355302 1254529186  467178052  579371160  459821009  517307953 1562980815 1882084177 1634012917  151221203  971835619  521019734  251129137 2110440578 1651139855 1970121893 1182435854
 27 |  372375324  642447248  318776098 1297843597  644933779  466501807   14328140  405729056 1527906801 1627369465 1440754975 1990650899 1091857932 1834361815  856778502 1271032185 1064650374 1843965595 1726637979  481141151  100067692  986418696  626879218  836312318  265817193  123229145 1139681577 2135330555  584934430  280675151 1587806808  327811314
 28 | 1928151233  554571005 1245160109 1377269538 1648188317  676103236  257402443 1468494078  881113736  285236479  350072851  356759647  155099389  883684238  729359091 1495269084  972855293 1516340868  384312191 1258967502 2060855720 1387068653 1968849185  215161636  239183769 1429744965  943512859 1472758855  307592726 1587090734 1164949159 1248176471
 29 |  380864070 1785073499 2070092405  464880023 1876409087  689552461 1088417927 1066511528  257111311  159017879  527991841 1347550585 1147314868  668503087  705367593  116258803  533561844 1299233048  101001943 2119838893  756855454  548864243  921184972 1543755470 1843541983 1399258323 1047406699 1567035660  987548038  998699635  936297020 1424909857
 30 |  795003197 1154114021  602928165  588949283   71366012 1506140985 1797478582 1789794759 1193550138  818539421 1150659780  623099413 2107007894 1982509383  643460991 1528236582  135207178  457715508 1092375151 1947581518 2040238603  157546793  284478469  923233523 1105493074 1934346971 1432215012  492618535 1244386115   14516438 1610644447  819760735
 31 |  526288668  807414223 1377337988 1780643841 1562394493 1924224433  100449557 1659760387 1626807595  917658533  486173376  950626326  978992168  343394907 1967119402 1390246241 1603922964 2009679722 1569176572 1804105224  486795777  603523370  523622667 1103742209  570075428  488154259 1585553444 1747651259 1850311402 1026139187  363886681 1119660394

No zero minor found at deviation level 3.
