============================================================
APM Result
============================================================
Matrix file       : kernel_31_34.txt
Matrix size       : 32 x 32
Prime (mod p)     : 2147461499
PM block size     : 2 (fixed)
Deviation level   : 3
Minor size tested : 5 x 5
------------------------------------------------------------
Timing
------------------------------------------------------------
Matrix total time : 43064.2749 ms  (43.064275 s)
Minors tested     : 510991600
Avg per minor     : 0.00008428 ms
------------------------------------------------------------
Zero Minors Found : 0
============================================================

Full matrix (32x32) mod 2147461499:
               0          1          2          3          4          5          6          7          8          9         10         11         12         13         14         15         16         17         18         19         20         21         22         23         24         25         26         27         28         29         30         31
      ---------- ---------- ---------- ---------- ---------- ---------- ---------- ---------- ---------- ---------- ---------- ---------- ---------- ---------- ---------- ---------- ---------- ---------- ---------- ---------- ---------- ---------- ---------- ---------- ---------- ---------- ---------- ---------- ---------- ---------- ---------- ----------
  0 |  207342026 1511610747    7199895  903120835  668349872  371836537 1889627276  645990771 1362328375 1997498536 1010483409 1802587929 1818735643  510022579  520469470 2110050914 2061930509  868046484  464106277  883986048  372789284  485480180 1910018009  280307390 1635487950 2075835998  683083362 1322857606   61392909  850785158  562330152   76016010
  1 | 1229499451 1961795356 1381101798 1846976164 2131146308 1735180842  774506961  764158392 1518895986 1377439249 1745598881  662515505  228708421 1834151619  773157930  891049985  875266579 1777047499  517405224 1728145435  973601456 1133614961 2124827029  120999864  663440203 2021682246 1780717037 1633197206  930910105  424202378 1065239636 1539235833
  2 | 1023050587 1986483187 1054615438 1320095110 1567599933  899727842 1895140633 1195290549 1714628845  894115307  285994404 1793770840  372635927  367659103 1310359227  586090221 1137173613 1126706522 1358346758  828920062 1747713903  709879754  524103504 1199877878  299065128 2033415807  496763759 1626018589  291694437 1251468367 1890194620  222397344
  3 | 1818697796  448471729 1409157371 2083616679  102325036 2053292199 1382258756  323473223 1226606642 1107934110   90605059 1078723833 2016678432   72040806  272917054  179308747 1023482636  827893813   39509011 1522918080 1592705851  935396097 1667469199  139246333  482795766 1174146111  786714534  122766321  462720783  927888849  454993470  942681935
  4 |  228061570 2090419333 1712317800 1298435442 1244303537 1524553164 1580551005  638535316  354465937 1090994558 1094246405 1405841902  417526956 1019251125 1513091422  631135725  855598552  347396839 1426059219  123184772 1013728619  986422006 1928494245 1248693468 1306346204 2042826872 1978679076   23567830   98468702  255392175  125047976  918714030
  5 | 1796937269 1637359730 1206778351  579706527 1403792214  869331647 1376289335 1405723701  318533235  705762406 1194547323  722166518  790031329 1206076644 1474802337 1777184989  690495865 1265085781  491366360 1783534254 1554802476 1782978245 1101120060 1517648319 2062196100   54213051  630381374  347719622 2147409897 1404264648 1435087935 1611588439
  6 | 1497544688  694855105 1214445645 2067080426 1500090643  411626673  642229437  644481224 2055374776 1660603858   82311147  329236014 1402598649  253235695 1370144896  113470084  606852225   14446677 1153584908 1454341761 2089677701  412841150  509404552  126473314  225990892 1901681813   71337012 1209493526 1548908945  290387565  801793789 1925435802
  7 |  380950370 1346990485 1046226266  577733685 1436712238  855595224 2047478517 1180313235  791645851  905174463  887410330  508257427  304845407  148351800 1554235149  826784385 1260889972 1433786572 1333429723 1824787223 1673525665  789995950 1362368947 1940909636 2109529134 1300346983  960715786 2037744214 1414161641  702537516 1818404564 1894112547
  8 | 1284531530 1356404914   59803507  697049707  907910011 1192309585 1808878199 1158647749 1894764341  676652527 1613217112 1678954376  887957304  321835853 1634615526 1251670779 1859403089  424946913 2000747471  986250298 1452132503  849553573 1918323378 1993436652  864495640  100966197  462329188 1134435475 1967984454  572667959  758378637 1427774882
  9 |  584596335 1691276730 1324628509  863099055 1347649818 1486747564  834459215 1411038886  816499916 1991300822 1787056491 1068517324  177387643  513057189 1948060725 1565141656 1739611261 2125696707 1238613844  772163460  415779852  900978409  428489661  978910285 2105065328 1817175780  424384112 2050919506 2014615742 1000315184 1902265973  911869158
 10 |   90399297 1705486567  930162144  832637343 2033494378 1024205186 1450881074 1678653634  979475376 1897674544 1749268954 1194042244  288055164  894877551 1414043151   81386147  235398829  788415222 1619915319 1508502144 2086719097  666604969 1837475182 1702124220 1351477564 2122039884 1238482124  294791099 1696300366 2034092859 1476553064  223183303
 11 | 1876526182  694485457 1739169246 1402882912  283594797  893476698  254668067  257840317 1546970617  468293894 1800678485  826910735  813367921  950234364 2080583414   30627951 1757018921  849901247 1909498001 1985822030   74381114  611142872  143753172 1349857190  656439846 1789484105 1430003246 1773821490  181802555  572491035 1560543187 1494915835
 12 |  309697339 2028817041  527915099  259463387  293167790  656334974 1762261986 2019548414 2118439973  204081721 1029860240 1813586979  190186181 1278586993 1366701801 1470585254  228672781  697075677 1780448918  493157839 2048813341  619951338  447588668 1590549660 1281432921 1543005276   68748006 1881863561 1605800699  509791311  923918510 2084001947
 13 | 1720149022 1857524968 1278812517  498574396  735813660 1845109475 1965668532 1122957172  349454129 1592022834  717616667 2080385754  159537754  814590048  856562675 1339039489 1491209340 1375464840  661973232 1125619623 1933104350 1548467023  825319988 2026600871 1755219775 1447478400 1363279613 1087529142  460231666  969020140  536546376  582449807
 14 |  292926674 1545529467 1891820514  664633494 1101661647  568273407  402463949  214738057 1441687025 1912849018  949105947  618954238  391005319 1726111411    1906349 2144443301 1576806170  850142846  129099491 1596990006  789380092 1308395110 1268717727 1838534427  642659861  865476597 1255763759 1725743714  311493327 1849978967  696309220 1690092741
 15 | 1449148574 1185673966 1516414681 1720842189  913578644  132485566  923710306 1001681647 1054895460 1085648133 1897863668 1170870930  108684206  729747904  270193941  787069780 2111493905  743387966  918199809   48006428  182667384 2130724444  615881151 1067219298 1040469809  828428108 1532213412  302452763 1338923839 1680840906  951075956  979380955
 16 | 1771210269  435295917  146367998 1674993811  852043841 2011293169  761597825 1227132329 1884856232  958067454  920152480 1102513338 1243414620   77193672 1749261664  635998686  913308807 1322387164 1863003847 1028586436  259436955 1027953615  586509049  267328503  626063680  336710223 1125292229 1645989150 1318542238  537972372 1420105358  615780082
 17 |  756963569 1632663994  905518946 1082932433 1959196194  149489482 1907369149 1050811715 1653971583 1453317656  825792661 1104275993 1001233295 1186556132  178812230  633277185 1013062992  717745135 1847795339 2008441255  922584042  991376328  497268050  485911697   54445892  422306354  120133181 1277189706  524211861  472325546 1786261660  159064002
 18 |  643667105  675750646   33481107 1286068083 1818874750  571158610  806927140  418595177  748860875 1282774428 1131960989 1877996983  569684737 1288587006 1401968062 1022715790   93372424  541324895 1785092832 2068717537  100495242 1683477455  325301277  276200527  867870726 1791603725  960444180 1786577540  444861128  762289230 1177908634  477934933
 19 |  526234791  304537191 2024810231  298505530 1502537660  942966411 1341537938 1539603816 1984120945 1748492385  688599820 1208509355 1578828859 1536182019 1652668231 1456819306 1412579588  610875061 1523597473 1151274592 1457095686 1906538166  388952400  196407412 2103835123  122684038  722523641 1243095847 1107786761 1004968647  160177178 1070844310
 20 |  416671314 1224924634  530640292 1946541088 1230595445   41819962 1597996032 1830249675 1569925006 1189874611 1315810356 1653005048 1205698240 2091629724 1786597328  405613156 1545947279   49939558  134462104  689353794  398387150  755424680  453143404  919980118  913490775  632030105 1085138129 2126812789  589278280 1914986364 2091746344 1818985082
 21 | 1835060698 1617488553  468141794 1979900892 2083151854 1315926983  821419981 1404052257 1553193254  934403885 1888863600 1816395536  970173987 1721084050 1912118979  810413032  159738907  172520622 1052865599  358803867  518848793 1995188057 1389353678 1211635440 1453537987 2007340044 1326382168  994825108  791660254  348964168  460891838  278628731
 22 | 1945007819 1363506157  522368154 1883696810 1278981506  568447206  130593220 1612295329 1223023624  916137836 1949407781 1753548994 1199439731  110539885  710766881  616333881 1809984944  799362237 1417703235 1328086674 1076133136 1215506779 1413829600  598935005  671916611 1827361245 1617594249  296752302 1053342786 1014343073 1547070244  607571811
 23 | 1345732858 1827351917  436335804 1891489221 2123027469  568643122 1789177569 2108094468  769792647 1215800882 1495630958  137913665  183717786 1387416373  885220054 1700250588  189617471 1878578573 1419888259  382908500  156337977    4076250  892846186  391904957  616201651  388998687 1711808757 1185354068  916576105 1939555459  592698952  480160218
 24 |  901224724 1480077009  625066709  818477431  286399452 1493791315  703261798 2084034520 1889149436 1102103869 1115336629  125310706 1283858796  821475606  181277951  979294449 2043311687 1459154676 1572300526  153961336 1973678691 1037281147 1591455005  324626653 1946940338 1633194836  919848305 1716762591  945858647 1009287462  745849382 2003632028
 25 |  370346842  283018473  792566215 1620590598  502908652 1315423020 1901978601  782391708 1722444403  628984330 1104551866 1120658122  243455583  396500702 1608512229  988285868  310034941 1305012701 1277262907 1448740404 1751960515 1276302271 2044722297 1091500180  927938693  977078429 1414300950 1134163745  823445284 2135159618 1949218413 1766416552
 26 | 1356274430 1056819758 1836654031   34262497  227665965 1291042968 1630006744 1358583219 2062891911 1021371155 1884111828  580551116  378061419 2120799236  645216305 1248083518  558205507 1649265886  521164445 1206251262 1720439497 1761254078  989745077  970633309  548072522 1908952656 1822093522 1335585362 2047535922 1033775709 1967252039  480719016
 27 |  475431004 1846959183 1313718028  531476744  679369004  457126029  602537521  800326343 1991437818 1413014755 1930175794 1184564192 1053137170  464542350 1487064363 1061206247 1137565312  157031146 1570271736  190110710  206710789 2047296910 1851409570  674243785  829248482 1268281660 1680119732 1931423658 1417716507 1161854627 1922418892 1166752230
 28 | 1799622771  211961613  744601038  711269894 1131958420  675321304 2068784814  163096358  996506179  585714797 1380687328 1880338893  704258795  834729674 1989759651 1816354931 1594190547 1751220373 1627604806  331088387 1132689347   22783071   54571132  457941232 1505800500 1665004954  201151610 1628060351   13911458 1961642705  729258161 1427223827
 29 |  999655646 1874111727  229252176  430310819  222867440  543185172   79838922  963958807  708048401 1715711715  207393868 1259886415  174297881 1228453226 1255382826   62584161 1815560218  948349519  364222026 1864175196 1954576707  858314135 1806563271 1626644470 1729716569  623872242 1626222924 1215763134  480339159  427904137 1895536854  888813009
 30 | 2125272174 1337333628 1899891260 1812282761  317260357 1919170355  646830264  559853515 1414236394  265600075   97951722 2109831862  360181101 1930779708  647577912  936821303  559302458 1105292884  798480975 1599049771  660818412  667018807 1833369003 1092002681    1233437 1622232750  562408353 1546072392 1421725539  260437797 1014102074 1597435909
 31 | 1967164244  396952765 1810900463 2037231370 1115412960 1535641163  862005617  618972331 1060034259 1265767274 1074865698 1971290208 1097126989 1729469999  339036072 2114186967 1983341233 2098063138 1991697603  240304372  781576830  116630350 1819854387  104012725   10284400  687707618   94837002  256684176  886930078 1007657469  587572164    6491735

No zero minor found at deviation level 3.
