============================================================
APM Result
============================================================
Matrix file       : kernel_31_93.txt
Matrix size       : 32 x 32
Prime (mod p)     : 2147461499
PM block size     : 2 (fixed)
Deviation level   : 3
Minor size tested : 5 x 5
------------------------------------------------------------
Timing
------------------------------------------------------------
Matrix total time : 5497.9810 ms  (5.497981 s)
Minors tested     : 65934400
Avg per minor     : 0.00008339 ms
------------------------------------------------------------
Zero Minors Found : 1
============================================================

Full matrix (32x32) mod 2147461499:
               0          1          2          3          4          5          6          7          8          9         10         11         12         13         14         15         16         17         18         19         20         21         22         23         24         25         26         27         28         29         30         31
      ---------- ---------- ---------- ---------- ---------- ---------- ---------- ---------- ---------- ---------- ---------- ---------- ---------- ---------- ---------- ---------- ---------- ---------- ---------- ---------- ---------- ---------- ---------- ---------- ---------- ---------- ---------- ---------- ---------- ---------- ---------- ----------
  0 |   91828667  792739405  838735921 1154168456   33472444  669548773  630634555 1896879357 1155943493  791457861  229646787  496275714  169861992 1128973936  145535411 2021665621  452354227 2063879076 1646760420 1918272582 1211990414  738854517  942700906 2144777788 1218406345  174415742  821965621 1467405921  602721592 1172623467 1824749989  955325245
  1 |  832448769 1822825368 1607007008  187355534 1465102889  385425540 1965362464  534218451  367527195 2041687755  148309510  836633298  203130087 1179020894 1689123516 1920173952 1137550751 1584261105 1146941784  109311748 2138936556   38225571  993911929  148859853  744238359 1177885209  423188526  228861804  496369487 1077276575  354729601 1028709747
  2 |  942355626 1883408739  171476321  752879850 1171160416  476895184  853472834  960490038  279051102  491749462 1861959598 1472798487 1968755648 2139749914  904396551 1989713839 2062302564 1130971331 1280929044  849818195 1674540912 1274787718  641467235  131842845  998466811  481315077 2080577623 1524069525 2003959859  713603175 1937602205  284455262
  3 | 1096912398  139645092 1690278830 1439553115 1597551747  596519815 1047351355  676770201 1889286517 1170331277 1312844359 1601602362  840314051 1835846285 1669777030 2040870664 1583265603  961354896 1786529382  905119279  512439344 1423135105  415892116 1495949379 1712933674  631244765 1098037750 1878467935 1739459285  119482690 1504597836 1318413805
  4 |  686894646 1955563826  825767380  598128207 1182803182 1665455227  116397302  473932968 2030044498 2089298144 1862257935 1690381955 1789348092  639689809  691311498 1058399505  452169954 1890944923 1666410903 1627984994  975864126  564560674  929779536  534305373 1211636033 1464481868 1084360791 1849439981 1988444826  204514238  822503384  858541448
  5 |  800557397  674599728   23843062 1224440259 1220138715  437738031  421159135  811071757  498064496  804165228 1745906446 1311649420 1976792702  362003867 1907412735 1530652301  933068678  639877739 1138896157 1009869337 1085961983 1678239875 1676929619  545969276  288467187 1677488758  104484744  422247280 1810932605  231910237 1593436975  404250464
  6 |    8972477  797334242 1723736116  341869509 1224788157 1041667280  688699576  327488253  728534833 1730563802  740006963  775180896 1216981443  138526691 1583302542  141357409 1706733959  520218475  157206689  107514792 1990533173  443388770 1013058716 1705658094 1216412594 1176187885   13898394  752363334 1691839324  730120513   75436763  370292785
  7 | 1637525160 1923280540  480600121 1517951924  103161647 1700128405 2072735608 1618348014  363670499   73760872 1425728501   95688878  771449533  552749279  754146037 1507510471 1218800247  724090736  679850138  631809956 1052079238  600791889 1583857423 2118127656   40401001 1267176197 1568485683 2049004636  965357891 2001764204  472584908 2117666824
  8 | 1695329088  284818008 2034704055   71316750  201041491  780304883 1967598800  558146458 2140395497 1421520839  413939588 1652540285  195943911   65843527  991572288 1853912427  976027319 2001316914  774567213 1025755265  905138198 1802845568  698462311 1378734101  623645323  215630058 1418518952 2099060335  756153593  846403673 1229316496   84685751
  9 | 1399846412  901432979 1863171435 1226542594  961497928 1036922905 1863667312  420323496 2000093052  439879739  261128238 2140499522 1904288410 1189189637 1127680254 1855948351 1787328426   87147330 1762905811 1798651239 1296212837  812227260  355093589 1623624467 1941038327 1217079824  156179429 1336199340  887220642  659646742 1703582127  771689548
 10 |  283684471  995629468 1709366187  419242056  141098766 1006510884   84142077 1086319192 1802989032 1790955299  112977194  876225751 1060671629  502652807  557079996  876832502   71838092  161530098 1162900798  415052026  126750728 1633686979  891733308  751217684 1142553592 1669233897  390539689  885195312  477341720  371986861  398638344 1729988460
 11 |  800511403  109628376  461915783  866476406  416771664 1923782406  245691482 2090542407 1465047044  100988372 1928685963 1846071936  298845951 1930466100 1344362616 1599538515  235829380  531091851  900286096   31701212  352049615 1734535051  255162417  827503553  230462639 1207190858  734238945  432737004   55447937  137139416 1371136047 1366195211
 12 |  489893833 1137188833  876684404 1478696688  993165726  125822461  579158436 1944352902 1505248496 2055713875 1946703702 1646681045   90123577 1166580839 1427168981  817178766 1335803428  162586066 1965145407  269683583  372701283 2017556051 1907227567   64279585  712774059 1865489869  886939294  445202248 1383389372  880820793  677746231   87359166
 13 | 1208884582  157668675  153470966  187493205  253772895  853606813  442211180 1931049179  628212526  334875050 2007831995 1485919377  267281186 1555970149 1340349063 1971785137 2053509816 1887906711 2100327339 1605895359  392965295  440292768 1783940613 1324746908 1409859414 1883123634 2116924223  757306445 1714580192  218741144 1203486774  229955640
 14 | 1837097815  541154158 1804170171 1111801703 1518706640 1502332343 1205192131 1038113293   70174008 1784720609  867904278 1219809478 1380946965  684928375 2029861958 1218741839  692294305  689673799 1691719363  644356540 1185968049  785714727  583728668  456884043    3166354 1409441707  745101200   74360410  865210172  693807688  302015977 1724990212
 15 | 1622666586 1308860177  125034322 1755850801  740687572 1746199416    3677375 1651577976 1770822557  925080604  284225044 2144163306  196989219 1093505070 1383607264 1770784083 1233574526 1294747983 1690515747 1432520619  125728712  435303247  397054041  534239071 1328548510 2114054936 1097088038  876654042  835870811  941110761 1623009038 2141693653
 16 | 1632609664 1692603964 2037850229  657931835 2041867612 1858966035  481601284  628504722  701230720  635346319 1090318534 1167750135 1095582405  339418376 1939430764  181606878  702555550  968745698 1363172332 1850245724 1695199187 1324956706 1577465498 1274919096 1861996852 1137846318  674358768 1045436902 1743928814  765987250  949924011 1994208659
 17 |  748322343   15994509 1313177980 1269266414  527104232  767693496 1265331204  838499462 2101398896  640466527  346827220 1059209286 1542063899 1889809738  567562499  202042207 1828914108 1658243082  172437738  873196468 1978671048 1066127770  402184455  294140938 1021902125 1073833917  594993444 2031695443   67909395  469370735   50971598   48865082
 18 |  125946876  918745633 1200764610  124940598  567721445 1582351770  561902317 1980403624 2027564306  333140275 1235856793 1805805384  387092942 1631174924  648889892  326395927  883084116 1198049825 1559473456  627616855 1307164513  793255063  253861749 1787334646  759739428    2358024  772149294 1295993331 1481814345   37364063 1376790034 2077540258
 19 |  430547308  298222347  906495359 1655256844 1268680324 1710074573 1910594858  360548315 2101273151  860352473  103557288   39416358 1946863951  940215360 1975946798 1602787438 1234740631   36598980 1906737145 1802153263 1645142035 2067527245 1811285495 1923825906 1008925994  331379822  811242754 1306382577 1869472785 1486198283 1064326070  107344450
 20 | 1042522545 1977666634 1754517696  731858056 1013374880 1669148872  537739864  698053609  826926445  651332369 1395409812 1389273503  730466322  100683876 1130946707  169905993 1242893408 1941620064 1539038820 1223246916 1081591847 2092097355 1284140117 1446978452 1382761645 1374691577  251969407  993842896 1659280122 1076006351 1632050168  455103817
 21 | 1590516121 1763249877 1317402250  204263137 1852531322 1587991575 1579572137  779816957 1115726824 1323508599  169397137 1375806500  342908837  838627607  305175261  820050389 1607574773  105161280 1295965063  603840265 1735889797  817190295 1423301057  923449272  147138634  910991675  752755700  460654317   83453964 1209630481  978485638  890820306
 22 |  803158428 1081213125 1113419344 1263774343  324500204 1534676182  789177714  645705476  505205238  698524733  243783952  146946973 1397654240   23816041  345014323 1813064968  360646609 1153552434 1917414830 1904170753 1833381706 1025865334  267574440 1049108807  818231886  684569639   94067009 1026790405 1846041168 1121823931  352620591 2139987657
 23 |  298283227 1420457522 1935804332 1812148714   50510097 1865641923 1205024059 2036471662  118404501  854266107  749085866 1307968676  838389227  603951858  364090074  941556115 2112817512 1234385240  241772724 1901979923 1111932181 1457505906  120868874 1472913107 1196886566  958469534 2007974344   30977592 1854179662 1697198912 1699954484 1536913734
 24 |  762362258 1407126060   91388446  550437931  428615340 1640224986  988295465 1461889809  704463201 1741710111  532020399 1311227769  409104102  906763980 2019459979  557586844  382951306  576129263 1290862328 1834607452 1838039336  806471184  773829070  292980240 1105979408  393090169 1613408459  595531740 1950664650 1786577810 2082922519 1472510575
 25 | 1859031374  982923005 1853322341 1764524886  632968919   24480763  481730217 2017835660 1215195322 1880581204  275991546  237181660  832112768  952426015 1628855235 1140454660  712566692 1502100831  769274710 1652588672 1145323126 1268117032  627890447  405258603  270855390  436376288   18462404 2094768462 2069005452  211655858  283542978 1341956537
 26 |  920072585  632788946 1999820860 2056873226 1223048930  349019899 1141121602  993317044 1486122196 1618084649  568645897 2135212105  694894805   45275809 1946996615 1165661757  715359416 1079504220  178834065  788428073  494474320  241741260  614107457 1214616055  668415658 2045233995 1575954657  380513771 1261997831   63289905 2103491479  211188599
 27 |  171003079  771546436 1585402894 1683572793  266072690  141815298 2073486708 1353115832 1066476242  597263614 1990276322 2104596616  882000807  811549940 1800023290 1711429920  797804366 1051847553 1026148067    3771002  588274638 1118281204 1020637668  140903099 1292493203  233243347 1942115057 1516114889   49139104  408297119 1473715205 1751404066
 28 |  290844575 1854014649 2095739620  515857135  542582785 2090252144 1077588470 1388303093 1422387071 1916580081  134819714 1091480301 1314807360  921844974  163477062  719219055  544340173 1946606862 1506955233 1594259991  273649804 1872567538  149860620  787976912 1269511515   66624470  224490600 2065919205 2144401005 1954575860 1742258160  552557458
 29 |  504701537 1973878999 1476640815 1987071404  373303320  925950222 1503558611 1516965911 2141304655 1825097062 1853638592  797546811 1135885875 1402483915  313032137 1535400978 1524102345 1054331187  578504957    9959515  257785223 1586053085  152687143  463749462 1841857025  719189075  562611205  125320006 2027404461 1394472464  873241987 1124190855
 30 |  700511802 1487821015  175874020 1833493302   82931327  737955243 2030318164 1677049840  116672602  725201083  628467269 2143457054 1140886444  629836987 1589763188 2020786386  174832360  148574561 1549997130 1427420870 1396920597  625657466 1104425837 1637076638    5280193 1430695277  186992728   59826818 1809940854  898130894  463567450 1951159769
 31 |  379128759  877867129  370708589  120350705  615917717  964315999 1787431334 1916293770  487016464 1848521827  210417036 1009269074 1788061967  853638527  487119778 1864954398  629695810  701334986 1725561513 1183229822   43762933 1084330099 1953925824 2010060576 1990785142  387870929 1685784857  239614877 1156360802 1275832965  255841018 2052631445

--- Zero Minor #1 ---
  Minor size (k)   : 5
  Deviation        : 3
  Principal block s: 3  (indices {3, 4})
  Row indices [5]  : 3 4 6 9 12
  Col indices [5]  : 3 4 21 26 31
  Time found       : 5497.9790 ms  (since matrix start)
  Minors tested    : 65934400  (tested before finding this zero)

  Principal 2x2 block (s=3, rows/cols {3,4}):
    [ 1439553115  1597551747 ]
    [  598128207  1182803182 ]

  Extracted 5x5 submatrix  (det mod p = 0):
                 3*          4*         21          26          31 
        ----------- ----------- ----------- ----------- -----------
    3* |[1439553115][1597551747] 1423135105  1098037750  1318413805 
    4* |[ 598128207][1182803182]  564560674  1084360791   858541448 
    6  |  341869509  1224788157   443388770    13898394   370292785 
    9  | 1226542594   961497928   812227260   156179429   771689548 
   12  | 1478696688   993165726  2017556051   886939294    87359166 

