[[4164868171 22850600594 11730427347 27753888737 15831048589 24157242959 10119507156 17672157420 32795512555 31845772094 19197570219 7682077068 12377365376 12398325313 23228372859 6845112168 34007219395 15476906575 14731053782 27737437136 26038030999]
[11049364562 22699166546 12254538405 1735656073 2960703663 642611659 22799929136 9021281623 13275536805 10326591808 16773858845 6881643690 30639623052 32325634793 7698665048 17685328159 8698808288 21225106721 33720752374 13108900293 5515951680]
[2435428707 29421973164 17076549980 24212154586 6468750958 27274614932 13648682222 9835865600 10754008372 12515770761 32812542237 25211354255 19821727086 11633610026 18414026813 21121897919 22206159659 25613631685 30409099704 27770033259 3341919632]
[15421678496 3994905442 31054491751 15818586281 31548484204 15448661093 34300067447 30711440722 33709128533 8944489515 701579895 25419669779 27212572401 18393966041 13257904384 2727445807 7311640236 33373603307 6983758584 1911658875 19710723400]
[24155962336 12748096662 8858075301 11576983897 1766983665 167109026 25315826031 18636762930 27623623336 19132649326 34014526304 16818992628 5871386811 18559833602 8771918864 9617038602 18375047136 20166811655 12804919792 33875770749 11907954169]
[28577518117 2961137479 13702187323 20635681209 12232566879 18418822429 23701909198 2861159830 34163772833 10934139021 10928376198 6699074994 30820028951 7012919688 16686076822 18917309459 24344439621 6956824861 28357975566 30792223580 20216681949]
[3078416382 25834712750 8387149897 17276812574 33604965556 151895832 19428385340 19464005262 13960939153 14245188394 13923123066 11608935972 6742321049 29682063172 26495990461 32060959797 14508436523 18892302214 32095255205 23477875603 13624046031]
[15797402933 4055125138 6394405538 26846365638 16726024498 6722969146 2055439455 3778359132 23540707106 18753927972 12721421313 6355865325 10638851294 32066419526 23374502267 16111357826 1333518866 14150247943 256886869 11027697020 33087421416]
[31089305868 1792702739 5216591437 30188613583 11726830788 33418839370 33766295810 10115266587 15612545040 5294723353 18574275121 28117438955 11396733967 6796124903 25862306068 1581260051 4501623136 17168653885 29401544415 30945282472 9032881596]
[25382905509 31904936420 33101634902 12967563125 18803849405 10830332611 9145707912 1904438912 16943033765 22570331831 16563862571 9303248228 324250376 8333337801 25095487538 15738135473 19925057098 9533868677 14008306322 14858636583 11007744563]
[34318800344 13098032220 10635355587 26137134316 16921377699 9308957973 11289245724 8874453402 19839818677 22373548327 286385446 14441563021 13277943480 7404017237 2775374708 24224934284 15309747051 13852076187 2913883362 8076342227 7744785189]
[25329798016 17947236918 6625161750 2931449371 27451337359 52159380 23016118751 26035111625 30782479531 13150726537 24684915245 5374656802 6075500623 32238755988 8883936621 12279017976 16104576927 20316768853 27753120347 11025400509 15696929853]
[26797361499 16452594009 12301393831 22297651280 12136658681 6698133952 9044871063 28347985169 10455511672 2284411964 1341861874 7257323008 29006477532 10774348815 1605889426 6621909073 20281852477 11640842423 26431541048 1534448936 11959357008]
[31455419056 15850746259 1256785703 107778396 10052182631 14849415917 10794502593 9521046015 30100593082 22330187223 9163775992 17181778899 32894640219 9736325519 12084774461 17908589818 21890018192 19239008081 6441708507 21608050795 2365676697]
[27537313571 22566230594 10656891150 15645431789 2357179445 33129728397 23635541172 18207077411 10043196036 18665925786 22771034208 10281439822 9462479038 2577434457 382402966 18856393386 29970819871 20203977055 11233878791 327005647 34155239093]
[4356208490 11318491115 33784553510 4781210026 22821268729 12859305941 15378057203 25692395523 18426724607 7102239485 28301901974 25905957211 468110020 16400697163 12443674225 31221944732 16676832751 9991346283 18494717969 1393861208 27745002759]
[18295780678 30856928950 27457276184 22480576481 1933559670 17273546712 31669602470 29157304268 12837905535 30078804749 16131297131 11848769959 34200366203 27010511382 10688987423 3518889154 537113100 10865702670 6990021849 29432626043 19733790873]
[23941465117 4590989593 25281096063 29749263453 14495756074 22717323624 24931241202 30151268086 1714116306 33123585242 16304067688 32739247300 7506625429 12043543219 32954867537 4668466473 24697437051 1278793167 2930849866 18862874090 1445849603]
[11266491361 30777076062 19041766468 26963007431 4199453625 30549229764 4319341852 28634034629 10859052325 1990927318 15394757245 18748713548 10639180232 31333986090 17931853174 27395252067 23247013735 11368288176 14724320603 24178301146 32648483649]
[13643474915 21579688913 32453521866 11435552550 11834567221 10499225713 26931442772 9942416938 8170638103 14891802489 6870611351 15027244646 7232904846 30464618703 12008383442 8251937186 32598019055 20104855185 32736741294 12560806031 3069257456]
[22880129065 6135265497 16822004537 29857284503 5777816215 359383319 32018215140 33562814340 26996592871 26033340566 10240281713 33451647011 1912980266 19895904644 11228105120 1891065181 27990738965 25441424813 13554820882 26676113028 13977915937]
]