[[22821350413 21206936954 17451972227 7281913118 29274839874 14375749857 30216423410 28898907263 6516608517 12364326495 21600895005 14110893846 26568267834 21149763029 34174429438 1184477416 2660743535 18468061542 17418978415 20697440694 8961814865]
[20156100865 29518146989 14313424738 22074579823 15947454990 28926274293 13294639832 32768970109 24278715937 18255605170 9380393054 13154972248 24105133583 690497465 12254216145 9038532738 7614246575 29167636740 18161602069 7898592266 33781998122]
[12485014459 7689502248 1540994411 17888778918 11057197711 2857407319 24154929486 19317748460 29406972987 22597485826 27355170201 23599809158 14904865167 9576586378 6904486973 16523687382 11880231042 9352170993 30449267594 11859119460 20759942134]
[33968019918 6103758810 34230745945 26131691215 19390235171 11776584488 16239679952 10321115958 18251752759 8751027123 27239741742 23393083452 3871006017 13312653973 32098755938 16007032317 1686365310 28921411859 12805761988 24906587423 24879695496]
[12894908198 25181285643 23254654039 34250047609 29085281923 25017120571 2848415611 29127594354 4369587217 19027012098 20884889918 2345249929 33968296100 7052233185 11911782358 31214035884 26043329561 20355508867 6012376843 8146051268 6718074552]
[4280223701 12397673242 23006375803 16864787957 33971370476 958220358 3002887497 2827411329 22595135751 24927688686 32609420980 12346501514 21163591033 14462789165 6267098037 25657990537 21176080527 24797135150 957507707 5743600664 27491811888]
[33185853515 13844707928 12680118464 28892852019 27974331225 28307532951 5227803020 30681572299 15346442195 2485541591 28171676423 34154191413 29140358832 4351051766 18486534647 23278680066 26826081534 30889820344 4779602210 2430062479 1963315668]
[32984018137 11147000733 28051060921 22665663862 24737730453 15188526570 6190675862 18979534985 17986295293 17633959792 31214303989 6805405941 5779559555 4050363372 21423314805 10705590105 12461933679 29853562060 28956612329 31726401169 26190070162]
[11958354323 16430535662 8865948844 14928120125 1283779468 10854981745 3115663393 31632880086 18389533922 11935336422 18798406614 15123378512 7333896745 1010782258 24532015283 1811951769 23948888850 14016461714 14614854109 2126125110 14377745960]
[19726347136 27410534689 7440838631 23126745262 28754237844 1937654262 7327461535 2503349227 5690769625 15923835502 28176395546 16308282315 27221609680 11170541616 16614879053 14177947252 5674147949 14565540581 19760618466 21023914449 26769801226]
[29461539499 18203987168 29047174732 13801322418 13715504172 22119128804 28011706386 3831161481 9671678995 26311686229 33490283096 4413010452 27150525116 19902775455 13402033835 17835146635 7392346142 17639588259 1795953576 15681968199 9675530260]
[31433973057 31026809037 10202853431 15765654753 28872291560 18257828091 8571439963 34097903510 1137870885 6047863150 33351872669 8199986268 14996504788 46339785 20352377641 18183588862 5689480177 2268063725 17892249951 22443863855 11829650927]
[272532766 29256662496 10206687979 23781192117 8237239636 5137200527 22764381538 1283702535 32187717808 2761284753 268479403 23847362540 6561758608 14798163114 5694936378 13789155827 11291229207 305609115 21469752366 27512592264 33995248336]
[4520212354 31994263961 20080331077 828408091 7962628258 21234674166 32215119539 11577156823 6760477930 8178010091 11615004929 32880063955 12791446753 10233758981 31693924645 16804941681 18435585234 30375239209 15773833949 2172764609 17410267784]
[11649411842 5849725958 23991030415 15412465883 23912924246 21646106153 24765119830 20880692692 27354707320 11286335348 20634028654 6423328381 14741446519 28610399656 15445372202 13986059019 9272846435 24996621162 11412640453 7236317262 28492420027]
[31276448825 15824218654 11666181251 23594676347 6358869181 10564845125 18197578312 6317273037 28655144531 8753043560 16445005681 11119354900 13344537421 9342553878 5551267153 23416717643 19030037048 2070515876 14622309789 17458275741 4331542071]
[13544145951 7263408993 24262803500 24697255385 7671640980 18606538259 24227551441 13687386570 16249471754 9696605949 13882841994 25997714452 3417301494 4160743157 18926832518 33342578468 2500948723 20431538268 32120620580 20101376151 25785378037]
[31224721855 13826675584 28636721654 14908185317 31535784149 23784970279 26005592307 8099345979 25246097602 26379933399 19542407135 30363716956 19341569972 1804540397 2029928498 9671272460 22489970652 8157663204 17260217407 19266832207 24252074856]
[16103060017 26761055964 9198395158 14813452348 21849156861 16289396148 11014750312 25443163922 7691978384 18028244293 32019475160 23121376702 19819340637 23591823576 13053238365 4998059738 3222263815 18495303741 28406353643 33867337958 14562546942]
[25285994818 24957867566 33677138644 1509643031 11362277733 19838952214 27320652005 6919405655 12754797618 4135342486 677647106 21543176064 15770719975 8272995807 6740184185 33064477140 10537118583 14591914370 16516571735 27718369861 33734079590]
[4187250351 32358544915 16944920782 13663886238 32777349224 34108437823 3393549858 33052802158 5594378371 1430589195 10979049526 19544549289 24191250370 4746120641 9326319308 312631761 22581584180 332920896 7835683863 3219342846 30417168549]
]