[[18579123472 7980990521 13092809497 4880536098 18963383880 23686471497 24862279258 9024289436 6410901250 31900112989 17301970588 12028848063 24645188706 25849515051 28642154280 23932969748 30471654958 12868852368 30446656256 15209953063 15795049321]
[29749096923 2395390279 16317486453 6324017170 26857796807 5029250464 27027053506 30727790646 15437604450 8626216394 14280623518 31187640278 18110117103 24611884884 5909440485 15101614572 19957150998 15388468042 29972128988 4140605124 29166250486]
[20408672973 11312135755 7360668316 5835622127 9011119556 23196784981 23319938282 24943461723 3451313398 13014499739 18182746588 626628764 15695717710 26763970630 25206542809 20119169771 31990861049 4212725458 5586213658 24135307245 15635273633]
[2961241039 25953518379 26021092755 32300175557 2530860691 3406308580 25208801263 26867367626 28544379657 12747043574 17535396598 34294378478 17741657675 30555713270 10426351062 16110053385 27191641516 18574865205 18343484613 21436370513 23821588223]
[12900836426 31995337531 11514354978 10164035918 10292874802 33339319975 24309449091 30416134544 19181645550 9676292329 23752447186 22136194190 7645112675 31697081775 2628121763 5355160539 4255420502 26784129531 10903973603 18150874488 22870005539]
[16155648817 31986579185 7702988180 34196140016 19660507419 22437763903 1572882610 26445804537 27855146332 18459873143 24477983575 23918006082 23222563756 12831036627 10100194325 25872462622 8167517587 12396948601 30437521680 8493823118 5968662420]
[4923085810 25222631442 25204017685 30586188873 26438697227 15031131566 23486562845 9441234477 25147236101 7527274928 15383046773 31843550655 27127234371 16188554710 6624359225 32921395374 22704829373 26500276313 2971734129 1797553521 8643306765]
[10345315395 20377786533 19006714577 26605788544 4699631016 13597969635 20350774020 22762282952 4247483741 10120430525 25282986955 14994530901 17361290929 21689928704 32202817236 3195100412 22483246238 11972567687 13262684784 9701221703 26274855878]
[17502609510 22110818627 10210616239 6093343348 20232220182 18376332904 8617591293 10957822967 11479827117 3008344877 2946648155 30997121481 29689165415 24968629546 129335818 30395922441 30551722782 8677969624 3886411747 23894956105 8933123310]
[486726985 797442585 18235596731 17131054951 31262671043 3445423905 14094143209 17725709870 2808378572 27355074228 15715154952 26345839809 23781919107 33590684567 10285841299 34148345808 1061791483 2750480035 26861767577 33873109562 5882148483]
[924172597 13185858933 8329190005 27489807249 17990226722 33891868151 29475669506 7886536186 170935307 21084653903 3197921267 15683421309 29740480883 16557172396 30739178028 9008570479 24398955267 3429165383 21289550950 17004443830 30030174426]
[14882039759 16852782275 23108290292 12611782089 9824909137 578124556 31189643030 21866232172 16927546124 17865406114 30679757763 32811925931 2914259025 2841387788 30202035444 15966380079 1982001227 24057639667 11382975507 34065772092 10786855841]
[25940531109 925998651 22181090214 19296887087 22049752670 27806299985 31742899060 18273467060 7644920983 5480323229 29262171030 12953811596 8242894346 28741439690 4729167811 3300472103 25490039665 17708426224 30276320318 29074397797 1629058738]
[33377690734 30993465783 23264096979 25660340600 27862633133 10792743227 2388067603 29589152264 25645427680 31431650765 29932673373 15234827036 19420709434 11453796105 455290979 12458242442 29372736496 23610275206 10964557755 24463503486 29266638626]
[23818076807 30219356226 8434214406 30849722067 10394365776 9712130716 26568557906 1503827284 11200208032 33011994767 4206818688 12623215797 21028740224 33341761463 26632535426 11569799099 32832462533 24200447024 4280868346 20510177975 33174776495]
[15222968003 15078588432 12784804522 26727621057 11239116385 26058809497 9682113906 14019469652 29393981116 18410070828 8520292242 22705837505 15458713764 31232879528 24903121915 1690301739 1790226749 21918503528 7305920048 7342207572 12736955936]
[10464072957 23969411526 15430061883 22428706009 26954336684 32579665350 19785561745 26279113326 27935440341 23351055590 32406916733 5545758954 21582892179 19681966146 3756183385 3421888661 25782613281 968828253 16168017551 26942991684 20808562977]
[19600676756 3864817204 8065689801 32969924023 17375385203 33735279716 33534736060 25965147519 21248461279 27188873617 28837141412 22502079585 8894898973 30714179464 9131100288 18565557085 7642832733 23506243561 28403925330 4656973148 3238230734]
[8194512506 3507029499 17701270093 9490423790 30615922734 28489194883 12932478835 3699110266 17253702316 21967122118 1405549972 28613051430 28111000789 19226079904 28030033764 33561588707 8574880176 14492199720 15862202332 5306082964 27469274117]
[19107943914 13402006278 11950495996 16802835888 21748237209 33675831964 2444991129 15070919030 15877831345 311166909 18390375720 4822799105 21828898193 18868509022 22025899234 8437968994 11114362197 33125472452 29143365990 10619722093 13060989703]
[24039162726 20978345136 26864448891 27710422410 29104551419 24959676114 11512919085 11096492952 3080109855 15251246271 20207976315 17222404810 18372182782 4153059929 7587501028 19052452194 28081013257 29328460073 16290423136 4045706623 9778788990]
]