[[30776223672 27367904789 16749788367 508809007 18337734723 7273764709 11555677938 11688946971 34316283354 13055883957 17794143733 19012882337 6965294321 23975575316 11139195720 32048143775 29855922864 14348225588 13086947272 5819612329 21043009309]
[28667649266 20242671684 14783654109 25893414019 21224553588 15661905543 2101181576 25365218489 30989487653 2414562201 32477389351 19334157842 17003687024 10523239197 25507965843 7208052056 32119554541 20442030945 6551237578 17019654613 12215791953]
[26316999859 33726371731 14991287916 18484027695 20074558103 2606463933 21059202554 12416771744 23540872103 4702699798 33449531050 8251360024 13360503643 9567601369 17212283381 33804907306 26318448240 25635397072 4024804007 11215160274 25319957201]
[12601711719 32552893726 23805994432 12840921517 449989215 25694723091 6039674987 25018318391 16268321203 5996735732 6535330089 15614834560 23142076141 8631672765 30080643493 7872011582 25842040291 24620689270 33452134820 19486078255 31289966819]
[28688501886 30630467058 30887607022 13973708600 9836322405 14576443926 15016717962 10375536368 29888755895 19558035413 17256449771 8557593443 20629558862 26390980428 8066415419 32143415484 8625924220 1805089772 29246139188 17515676902 16807661664]
[13676555187 33265155996 9873785841 7545208110 1982310130 33748786646 19863298864 15026960666 10278669505 3863262190 4565792598 19122070986 9387711596 33417311922 3350178224 21102903311 22560926308 5464838751 10753657190 19112207499 11448834160]
[21136019671 26162764327 29266733188 7484680975 16216774221 20501185089 30181097269 29947178446 15790701914 31302990580 17002482584 25162591251 19789676667 3755076952 24440207057 25798327770 1044712722 33294081257 1849912190 17154728555 1099108491]
[19253394595 14142185633 26497758745 1347997478 11134215342 21591257325 26428995636 30140005398 7315305378 10104788887 2202381482 1104251326 12381932475 27590896137 31682700715 23221760722 29956324195 29803252065 7494407100 12435624508 9339315637]
[598698169 2914488111 17588557085 26697994568 6669333634 12936025599 10393318207 7916527954 15717013765 30559805236 19247507700 19321517087 23644457487 33261150853 25804504139 3597817831 7814552831 28518229610 18917372910 4738598742 24286807326]
[22607977456 14935318135 21559397930 19134776762 20829583515 30619585449 17733724501 27499700093 7316368622 4858437045 5154602677 27137630746 33015864569 22741969261 19144127180 10867194454 8735423954 5011399316 10754946071 14213279193 25376948641]
[26479996295 33558955417 7093766863 17513184628 11969085126 15912430875 29373607406 27666533413 1710398472 15719249051 25167528953 23165403561 20260033483 19424610818 15220487084 24299783717 29740596271 23612535856 18219115833 16655245310 34057663405]
[30122230638 29273049586 12391601202 32641420609 24596521044 25224168703 31757155138 2591234610 29423981883 25487619243 3850161024 18484345416 560589734 11278071394 14603713295 17172508264 19270695700 7251311660 25190670063 19383723043 31389322299]
[452941997 26175739010 9394969626 34080569233 33263876531 28148588709 27661641700 17130288013 7283577853 32366034417 31445927540 2720009431 12797096590 13870069417 10375009935 7024456745 4393463530 25449480663 31571746882 17466903230 24152565769]
[6277741361 19694068979 15974956447 29420768259 8676197892 10410684191 536776503 12563567825 5964614409 889528975 28818421283 8428174845 10097907315 32774328683 15867680536 3495892804 21997680157 5157432949 27903940618 1721239689 8817322920]
[25834405003 6347873284 16168557212 23580835062 25358910688 11644676843 29675741861 23403934282 8351396634 32078166216 3831857140 24505927152 33729042391 33895900899 5261310848 7303941688 20693366859 23851158334 33874899572 551894700 6405462498]
[33436922655 11725890302 30329968524 785649147 13639831307 8706716408 25202285620 19310182770 538556816 5950498856 13072372295 32977516728 2112955902 29882101265 33035394797 22743083641 2172529440 30128897258 30581027895 9044622369 5718303440]
[26741636127 19017314358 27724245077 13556319797 11304320831 10617088677 2890051217 15685946992 10704178045 31302789229 10558813618 5795662333 29151902296 5199844405 3912538723 10269232811 16126277564 22877846225 6158372981 11780727434 21045160362]
[12623094956 33080530233 14940642666 9454707181 22889401259 30107146572 30596177507 13151254203 27405225391 13076457332 24741923112 32746485189 3292105511 12127255076 13730842015 26987261350 4385503137 32894697779 8392658879 32383580029 30918163219]
[10682613261 31456270412 20013328355 18403521466 28917972180 9002685272 30472396696 4104564220 11470004908 21616210487 15049383748 31245129260 15188160086 5331458144 9790988791 33097050337 31996766187 1463529902 6320835264 23944031385 28993203595]
[30297975722 17614416273 34173209735 1640768697 31302165177 5205662368 21193303249 32138183842 20003100293 19334586042 4210552851 25649148938 12032459958 10065520856 12054965232 14890938795 31816143094 11573294505 32300564173 3036728213 29947546880]
[2861643413 14286692833 5601997697 10929901964 25788642813 24761185924 24413455372 6488141457 29097051862 8778347304 17142995409 32823172775 18254903151 20727398078 14172102965 9264293970 23787078606 9195703585 25154582809 5439602980 18533837990]
]