[[10217329302 25222842713 24940867165 20337217651 1720575013 25760031882 23714018484 16502968198 16149482266 19724603899 19194800355 242664802 30220831165 33043747590 6815583424 33824910958 16002736026 29120011939 8605181733 24213475543 16746789479]
[16386283764 25892122159 8582010287 30478099345 3906991607 25655502019 2677032416 32831069747 26328752976 6337181323 19014792102 9201788085 3363584980 23759744418 3982345285 1284642846 30616190748 3203148344 15000821514 2496283758 9883369813]
[21425643135 9185228223 23743553746 5271693431 21137701531 21029502598 7937309357 32838221259 8440778788 23832463695 30582396709 8444354301 11786716353 15526450080 24560620099 15570798338 17609488359 24085896446 23708980301 4307426615 20835430820]
[30875220161 17745393254 8551731229 10439019150 19488134746 28120359519 10473690377 31126010580 33706162355 21638309353 33882658821 17578017162 12918829014 13351038701 25592727796 8912358475 1736767302 2946971093 23123765031 32183087745 1777183252]
[5958673857 17013282345 31439480143 665188664 1232054949 30982752627 28046932656 9447546543 11458876840 33338317315 21857648209 5209692177 9753376882 27780577418 1101875779 7538594968 32440833194 28037532710 14458679029 1508271905 15153426994]
[5249738491 19894117112 16919627900 22714484319 13089125894 21564628455 2308613772 29922250949 10759367815 32197400920 7856082428 4203748087 9257482985 26695035114 16179934075 742401235 18283589167 1971662886 12644962751 28786509134 26410468166]
[30672955898 31213503682 31403214621 29928909983 30340442750 19794003681 13349574888 24645135018 6902683592 10484329481 2114254491 15814205592 27075032504 13635266895 29404149848 4918033202 10830783847 10274141738 10558520210 32284815389 26708858145]
[1204086484 19785588884 25087084405 28578379707 10351516286 7683854442 11284988838 33004954875 1901361181 32879221685 29952008811 18717800481 15744524848 3346856895 1758966038 6633130443 9941856087 18562936149 10313686048 17332228349 26229192110]
[1832267973 14429641044 1714473538 11536229439 32801467676 17472476909 20947429062 3636368469 14947294775 22638644595 3301310539 10650856422 11787090210 19944943212 28176982190 19031519914 6207174151 31515383227 1434827133 33674093665 23799034964]
[29407880551 26215065656 17318177051 30968542258 30235483629 28670008025 32656818870 3602125967 33267207517 20827726095 9188542129 1897973684 896335802 5226650487 1737904515 18526910756 22241637868 33682782281 20033779418 33020125996 29501675769]
[28001823273 21333837886 8384997119 19616872555 7818322697 10367738499 19175044479 2863433217 14334920132 33979673582 32195496302 19329511468 12150203187 34313401602 24907686765 1758299815 19108170433 31917049297 23828149632 27867036471 34082874634]
[1112884777 7098703452 6995021532 20774939692 17187201897 32086390878 21805501784 33926117569 8610173444 11293439841 23378400851 29585980391 32137511985 3877514570 19756624271 18893570233 17940110511 32685809333 13409264267 7993960931 15124483557]
[10198324854 12644834983 6544284850 13259390673 11146849629 2314497475 23651118762 14806321532 26717610918 27333078132 19467161066 18091967976 14407126065 2874024892 11087344164 4189743840 19810029346 23517900124 7572843495 15394694501 4969867077]
[18339157303 14069878231 32049676914 6440346712 27171742836 17241803117 9325413150 3167563699 28618443794 10995579249 24885902923 18832832698 4972736412 4119007666 1957744629 27219187696 2324436832 15517324407 27784120052 34229438019 11182079093]
[4677537920 13448234380 3391034947 11159033525 10241062380 31349597365 24336696897 24162745648 31014636981 29095180983 31591627810 14508181237 20688640931 17266146852 34200522178 26045558710 8767455138 10831959089 3713125454 18603410055 21481412478]
[33964637549 6356651363 10957361701 2024039493 11206362515 30649820462 31592100382 28501042136 15614174016 7049814723 16164411009 24983396539 18227083475 28450359393 1026538864 989221107 8831310198 8581705894 33404611074 15043440667 18062363847]
[30200704316 26911296737 11070812525 19151384318 30735042633 33909848308 10839663852 28725833652 21399269246 22162178188 19950603610 910682582 27912449967 16270247063 10115430316 23625252848 23921003970 13301537822 23864916296 27658066732 8855809662]
[17796309815 1936573562 15954197935 30396217436 18961704953 20882269828 14014471046 9492564064 17207165153 23642988846 1025058131 4096417533 31050916923 18947594511 30439291252 21110032051 5523742542 30538638611 18943113937 28117309343 27560432519]
[10335753015 20776844749 16625651317 21978308444 23766733568 29121085521 25668220303 32715353703 26251667502 16017301380 1090959072 30000168930 23813309473 4939188136 13104014724 29942577960 33268527540 19718593345 30161835377 11789778466 19353205283]
[20138480980 16992115802 9291201365 2848750916 33641351916 20046966293 843803615 32649705225 631100173 30653898976 15466148900 7688248105 15128640955 15700678661 24379841032 1254626828 22290665418 25519356269 32267446278 27076333503 28318387783]
[1712827800 9162160651 2830403487 19589825574 28336711098 2252758005 11129568868 4101726769 8148714825 14721451209 34326323694 24978752862 4565711515 25267912264 26175892637 19916053533 8975830743 20316524611 34108644413 25746771605 21457981470]
]