[[32877269469 28974308833 30973159128 4047544289 3287609882 12131973802 2678407907 5668850094 33069793816 30754918732 9378649852 30900137954 5193227367 25239166409 9774369241 29792351191 27994809463 16951870848 5609880005 23252198964 2266023010]
[31358289392 31756076827 5151034150 14570849656 23123762579 17628818014 8660448152 20147335320 4644061391 6071343112 17971574908 26405078910 26063878866 32598713254 6762383263 6140348200 24055467286 34011337534 13130362479 21849031992 24583588257]
[30563264682 2266217233 12489175872 6396758631 1078455595 18872238276 6775987465 31453326215 4700437162 22696535197 23991124777 28470260247 34041202072 11707302304 30175903214 30019332832 7706006514 31942564791 19164907853 26660558886 25206698347]
[26788726573 6086897169 28270096091 11487413762 22546015532 27461793797 13804380128 1057322358 19817720391 24854002535 32467049064 23911648161 5251871351 33418939171 5065494129 31905097150 32609394473 4356068844 25937393813 17815374565 4889843176]
[20451277713 20472495627 14027180390 890852908 96994870 28743927482 2041337969 4572635212 24137583294 3898421643 4244717786 2739730145 13131339235 32904291195 15892036615 4804384937 6371282328 7805507200 30572656630 4611534251 33583785731]
[16501283413 3249224071 14018051563 32329622378 31973271 16998828674 29930779412 34088470513 8610347600 24599689369 21045580984 26072159285 962990139 26745634070 20126316375 19375588153 13889465065 27282207341 7659385922 17619635872 15068311091]
[33831281745 31285800751 30347432117 13492413248 12913464132 6020628481 12743022151 3759253292 29203620132 24005332863 1564129643 22436837120 29876612962 24456414663 25170270313 2370558415 5797474805 5082933025 22326956610 25950232959 3365663008]
[1232989520 30234964285 25793766667 14685408877 5073303764 25698468624 2906341304 12640787499 18406997414 370237566 16189055558 21165999963 34307651598 21527255850 33524285576 1111081578 24349618384 5318730501 33274876710 32589355903 4125388320]
[34284025688 14580061271 20138939060 6994454835 2822290955 13897463235 22525987843 31789160354 20893663417 8756098819 2346581650 6207693645 13903933712 6271244677 9347044344 17691786611 15588897992 26098790247 20769049929 767663265 27628049372]
[19374819622 4486876075 29542129087 3413417600 31493628283 8150918712 27598337602 8560887157 261352815 5203459953 14634970084 19935234861 30358634289 9169090046 32392293515 7386783000 9713015907 3639879990 34102905345 13349288632 12598779113]
[16951278043 2568104158 3103405210 29692106290 18445014937 11332849844 28691003342 12792012364 1538868381 29996530154 555897972 10769845988 21371021242 26989303415 19597697919 14090064964 9402405278 12175660348 33857450503 23678033563 17199441281]
[1460919820 19288489987 31570193718 34301995698 19851546965 2464219668 16636089908 29644053895 32569859154 28400280081 6995337775 27206915685 866135667 21186773977 737593873 6882980506 2166612774 34314990645 18751215226 7826703807 24406690358]
[10580113958 12111748381 21242379307 24015389540 1248184864 14986717922 6342909123 34325046882 29449983281 34321398526 29130147038 20970065616 25372748123 19399633 31716423043 29319036902 12920461428 19416833240 7022845781 2017139417 30526184655]
[3865422418 28447091536 9989575495 18787077793 5364837434 22396281217 20853080201 32026885737 25153823651 21010649459 25410522612 21064133047 26892077444 1494433106 28700981104 31838319980 5830166784 19737618868 17363601048 30636061668 8142963997]
[33191587164 32993434005 6204674169 19356772461 11835282927 8424768539 12201426327 2506134244 8966127020 1367158174 30256012992 16208005200 31876247685 32407166219 28425109130 32688708900 33336450756 33588118710 31230788162 27540306834 27829526117]
[25459376927 24546405630 5998998633 23645552546 32237822186 19512930143 8336470385 21030122539 17039821392 25897386449 6803629822 13841395910 6078027205 17532052244 15702235706 13003075593 5491380231 8124092297 9677256833 17156734859 20387147304]
[31827320683 7863741267 10046397897 25087251652 30597983565 28603294990 23821364139 31513085161 24234682045 33014636448 29081091377 24286858184 26940653638 1522121736 21475602898 24495740020 27370358088 1921503700 15259271378 2239528096 11149726506]
[18623436312 1345987808 3112372883 19355257504 33295704628 5564397134 27609360130 12369696256 14831893995 882783462 20418919739 31868419760 8267384555 29849421937 1656844036 26940217130 23805723345 12724922473 28501129864 28295875397 27741884170]
[28613874955 309346409 9925183964 4580458238 11361568170 6054712852 32014558655 19600456380 31008718678 8448937257 13924592980 783062534 15965996481 30118471362 9988907723 23325731043 4155468974 24609835297 12160134791 21397200990 6263832509]
[14275248708 3299406601 19262802728 15020298595 7096074639 24811918398 2241039481 3695235283 11594432180 19839162539 3611667184 25385298497 22701852616 541067703 168038461 6969474826 5384407032 24588864876 15000687515 16202908211 31550286090]
[4463562486 33000301658 28954908342 6255485491 28613754050 24148372604 4569389491 32415384032 23556405655 26994123238 16798936878 30460646373 32158560810 20776821255 22772868109 30407317080 15372716742 7719551743 25802446639 6650543368 1802748512]
]