[[34345811481 5662560702 1020353146 29959290350 16737069511 12511776945 29365424885 6166816057 31111885423 839952254 18922686962 16601223388 31837510272 6937803210 22310279079 17256798049 5695158692 9467623020 2570419879 34167782345 14478474422]
[4052060581 24449021224 25983884401 6399873969 5901199671 4033327600 33586968582 24093558662 24523196767 24750604122 21144634204 2553216615 32475177564 13648155308 30893326981 4802360324 5885013843 12476527503 27354085259 24816382193 24034764671]
[13654177033 33182143580 11317024966 34068416388 7063861331 13889687418 16832391855 26048537244 25978865307 32084966912 19310172429 23934480167 4673386852 21639548546 24139944059 31634312525 27088649220 20516627689 10595400172 5899426266 13386196105]
[9720014883 8066490983 24699128056 14537619310 8161049470 19200451918 27485475894 32264854178 20156004091 14911187540 23609763597 16015781135 2934859178 15083495855 4513484166 9983472432 11369636866 12138420808 33974568906 11075850157 25879125630]
[3836279908 2850843487 7829100782 10533608398 12877250094 18789879867 32226918413 24042582318 12072451090 33482817919 2002027146 9101553301 652337297 24916614165 6756748352 29893473529 24032082238 13930579532 23348928238 24837284057 2596194751]
[26954962857 11112287859 27218705816 12445787939 31442134220 10067562155 10839963397 9428856852 31532595029 20519431718 26019773636 8322689784 16631261316 32885748505 21355439785 16359871524 14597777271 26159401752 14279870051 31208199944 24440228904]
[9897289014 25097808332 27514891256 26823122131 18360461587 15384842152 28891566716 4859155140 21839976292 16618211963 31317185082 8733100446 3708589103 13371226663 27027558838 16257613423 30430857408 846064716 33710568446 13305460299 3747626715]
[19251380700 15315496492 9758007686 10034782317 16786161654 19277735805 30177992401 32069941407 30175575311 12927866531 34063356201 7206741520 17614570492 6842557145 19998459510 28761009355 10102570040 27755126181 24705990219 504978055 27712626691]
[32787700852 12149800699 16809926344 24451412445 16401756504 4160283386 13262421741 1443454132 28563606331 9340716778 10322040746 31086293567 31567478957 29273484946 10689021936 14069769291 18795994243 22780109866 12523496836 18308287637 15331036981]
[20761576925 28147709934 22046268813 12442056225 2297900321 28842089606 1611894830 18735009344 916943743 25765887342 17092046039 17956055231 26538066351 26598272928 2277860438 23559799492 25671605230 12438400500 33531015106 2389477727 20820735537]
[24393477889 32250984963 5255065358 1974425794 19127436324 33031642389 30848088152 7950477211 27612479204 14213952184 18859511115 21115956469 29866260643 29467839025 17401562286 24749297442 16461315953 22390330064 7697576471 24802183756 9716719751]
[22439237543 17812399906 5824441029 9865919707 180695459 16326780403 16678924410 28525970612 7885832700 21643611161 137775422 7148659750 29570722738 525703604 9823675053 32940945674 5411578734 360493573 18626288280 24437804540 13172675837]
[1147290894 26104234841 27713677366 17601637668 18733021198 26108343436 29870452295 30220773197 17523647010 10624996448 30838390824 5876648604 27868312648 29011075451 10834859717 10285121070 13370398886 24670748140 11304569777 1882927496 320615527]
[10686361912 29705978860 19925198190 30988194044 10731873686 9475168087 32852979426 27433499117 8411154589 1085895756 3745158222 15805406957 26172028380 10391944598 13490002935 25914374339 4122189513 17039458783 29022840470 29571465711 34002242171]
[7935643532 18853055924 1173144849 18865834797 29891724332 1859132274 2405580502 29807257517 11727166297 26319071136 10395311982 30102479481 26701040620 7213893437 8619731248 34008708398 9195507188 12886337796 22171379969 3596494535 11972830917]
[19759306026 27574241166 30209670000 4673847510 17917002782 30280129275 22720301520 26905049019 7914537858 23277567772 26735714364 31529125800 32750318666 20915690916 21564920231 11649514859 31191124699 28110829158 5783623074 30754509760 3554895445]
[9437298544 15123942221 24295552980 1381815012 30742614921 7073202211 31018455047 22549826374 9665952868 1233546869 2361510152 17220896999 27659054851 19803107269 13077218010 31876859247 27166572489 7365690984 9040947771 26684568038 6503311512]
[6673014605 24765582335 2242421921 15787147956 12478402723 26676654552 31261112175 9875295787 1717429822 15310435985 10200032034 12331165448 34085149475 7119347167 5974513656 6751075261 29363126325 14251375056 18570510837 25661031555 5908410866]
[11780888262 21656435593 21858062082 20293813198 2933703713 11908163351 9136071576 5648061333 30566715619 34050624251 18918107536 17194548187 16806170125 912254843 33880059400 29662636991 6782677860 9720697293 22446890074 12978746117 14389480192]
[33566865495 16257139791 20116597461 29514923815 27304487960 11269720479 21138505286 25914132791 22390016802 19214334835 10842695741 23079975398 3435305598 26488040330 18980043428 6407004061 19864655733 32149795010 12473254266 15042004137 33080347086]
[27372729225 27621645534 4445061755 10375693005 25601286304 34283772154 31600888684 22475476642 11732664125 10471580296 30082346378 28925936388 5070267063 32803001928 1414836999 31821789506 792445320 1503382374 21180832654 17052953316 4123349358]
]