[[19725346000 31959260047 2232349743 28710483393 28753572611 6108771563 28929885801 19685372881 10517783530 361216782 17295275625 18657484566 17577214867 19991945660 1307351799 27490440955 16613735220 2306431393 12314523618 22121130873 4953067569]
[8308626374 10706060078 25300383189 20050765444 6944715433 24208609823 26042299686 18455634241 2507932315 19569690328 8400730122 20349233726 28571513953 25463857405 27124209441 11461438414 24577689349 5341270177 32386987434 26201659550 4102502866]
[34247205625 13371990267 12113630377 25084022112 9508946886 5457598955 24820150136 7421054631 15814509008 13722117287 19203045502 14536579917 10166060216 14127099607 26123068882 4701484415 4679980776 30749724184 9981350150 21563522127 21040751497]
[31833514445 15527866180 29567696470 21323870416 31462572985 3427091282 21572636956 9915656863 32828450344 14551199859 13616972834 30777489403 29033854270 33105177179 1435586114 19535246358 6096576142 32153669403 18239468502 11137136844 30331567331]
[33043831832 6142773115 25646073030 15997458543 30782757120 5418040964 9718207393 28080728708 18412704334 14634026780 13556692033 6810209302 3405302168 9132289393 32202537190 24186607885 2629681719 9309950426 8761332567 6824258991 11175642787]
[6067757112 32584269917 12764561095 4163337868 6350196261 14561002309 13949197115 11334430318 28124273161 33929548743 6554825226 29131042059 15472251839 12067428287 15529546113 30640571469 33188353446 27602245473 30109596939 29854637375 6166393483]
[30198543561 7697586223 17319713711 27956683440 33976697508 17518871480 28571683548 25300893818 33029741741 10745052387 6342110005 26527312084 1541109018 22577436921 27812359264 32733408068 20466559792 2711556164 32658381629 14574880286 19762921344]
[10146305532 9136720824 23178729292 30834004851 26418290800 21107498627 28062581921 17242713703 17464599524 30822343430 1778869300 17754849483 32921066035 635074551 23853775389 21136980327 23862409948 4396747278 30786574232 12956283991 2019626585]
[2321243539 28819067103 19537960107 2556918358 34256917870 15498383077 12674243036 21478290879 32304250912 163237084 27658344804 4761623935 21038350970 7165664956 5204045224 11004660434 743517218 460156739 5096372369 7122714966 10631200320]
[8907667107 30404747122 5745139318 28446648442 19556888964 24963419051 17389640801 5012064754 2758158151 22692957031 31532920007 8187391602 10675259407 25829935166 10783425552 2168345881 15993915409 11473295056 4261192503 31205425815 22438697591]
[12626800609 3839701975 9487451075 15668113470 15066588177 25405663848 616226551 21945048489 8231880676 26793249621 4467907053 17043204100 10132418527 12034734244 16745791888 16165078806 23788898988 1427426477 25550907054 7928215791 16082833318]
[12762739306 34060166360 3624356570 8005142288 22139102119 32651435226 25983286403 12148642798 29390533515 31128718338 33772573797 3455813175 16577559364 1063956642 20039692860 19891383685 32479825924 30663672728 8824873647 24370263063 16502369466]
[28671699261 18914335815 27500543459 16708535963 9063022979 7948394996 16842041606 27871101368 17867435876 16887657243 9349643783 8013415378 8840718691 16194248283 647191906 27621808630 8510985465 20298777400 21429867569 18688058690 16997550979]
[30953582619 3339778916 26809112533 12609501220 3842130746 7361675153 26655733093 32323530805 11306835619 7897603982 30263877054 30335973286 1549629056 30730113254 32072074398 24853243818 32640847888 30579944676 20224906050 8932223524 792790032]
[16820828899 26954612806 25104841220 19645537904 2668300158 18606159614 11676825217 25184622857 31453106254 5889583091 33130697186 3238806285 18065506011 12783400932 6792296374 20366130673 2927885284 15923622314 30857680813 22984770692 4671236491]
[6364783212 26437692028 31413696030 23157852687 4847847062 8374223848 2336348879 19199463705 6002944987 4074094442 15106269837 14106891460 33385379656 28891802831 16187323926 11681005154 23102323271 8882268115 5342400975 20024745402 16456406109]
[146465783 20749505374 12031421584 16745960592 19151713024 10093873251 24058653019 33957405366 5360994085 22998170568 30924844897 19488475368 6983002167 12773474322 2138234272 13762131143 9730754237 6052796983 21682685134 10722324488 2435887506]
[7480638596 31383344185 982455543 15627292567 12461541608 14838894814 33582329937 34015931241 31735018475 2302493206 8441250353 22406743927 20923615106 12000997703 7450979673 21967853141 15559033690 33926035370 23157859646 27092886114 32955465413]
[23705593819 3544289422 10323001676 27687141915 22413607510 12436073664 11001954687 29066380558 12654916352 3882187670 20318122790 12613952082 28255082881 18112359932 11930408651 23317331238 22352331710 13378764342 32058871519 18949997307 23045240620]
[25408141059 22706124758 712545049 2493384355 32557669080 3479745404 15514413335 25617967013 15130150392 28264247581 8795552113 32798141943 16611540592 23117532690 22249342845 23407753602 30431969257 4189361551 25150779774 18164671551 12516011973]
[19746092685 15666148381 8943240658 25990511486 6879669088 15948426359 26250930492 30831724273 12392138636 12620822224 11536030528 1228015628 1211704092 25552478806 25772305300 24836125319 21800915268 24958939448 6627032451 11863544590 32669736155]
]