[[12967311864 34069211523 10735242943 23244641274 3185263443 9940928702 29824962996 30636942127 905555460 16676877151 7019321234 29038778389 22059209549 4538205588 17164971140 7127612573 33627409207 24689735108 8193468631 19731031417 26314043094]
[19827023659 12944367169 16448459621 2342337473 18416575307 32990012513 15657870407 6676293625 5045374876 20168816587 12080399504 10618984999 3499506700 14455338219 4744433003 32543155116 29459464882 23324628872 5695842662 28422536501 563575959]
[1466001986 3065065358 3140376711 33630029625 100147250 30086755283 18330216613 6930928460 8184493961 19102654380 17138746455 19167977152 15235670823 15933534789 15266635371 6140926746 15320415683 7518125828 27513073791 4532472435 33031651563]
[32192786723 32174687450 8293998531 27051430046 15599945909 11528258584 27462185081 27713565346 3276974418 2381370429 21111629176 7362551703 19547265401 7771270863 6473295808 16621232750 6304121673 20733579110 20313276712 20199610014 3867519427]
[21572465003 24792503600 9349212831 32432885396 18739749691 8602371345 32026010372 10604792707 19847314532 24579299252 11193447898 24066775870 1586458381 7838607234 4399029107 4087534666 32598148543 33959540919 27780174241 10667130503 22652482759]
[29432551694 14807295452 7928485277 24341980994 15255396792 2825554013 27557451206 5108848569 21120975352 9647918354 6663131493 10111319420 33501842947 630152738 2474644540 8789829297 8635872564 32295474071 25146392437 31851836619 19602719313]
[28769096785 33808610845 8868395473 23677610227 4160484544 15810744656 1742360657 14647589845 30085043498 16514764629 12058459495 10119890934 22804248059 17853903779 31191776229 416026186 12823901647 17482007795 1610437748 394066963 24330579414]
[18532518990 8235889800 27774902135 19786105706 23019857193 18736254790 13612540737 19379937888 28727191730 33380267288 8581567945 16989401740 17616889155 6644273756 26705128350 4983882998 18984740704 7013764258 29600746770 12566906661 12358714610]
[1283332691 27328729218 29564216928 27081916130 21250270849 30184313898 2648745727 160561213 20862791163 16805105859 27708005822 2820314885 20100884886 33624872071 32789290044 31053359556 921352987 28995878239 7925274303 5697387923 13876085603]
[11923019765 11293558680 21314738237 29663873279 29808782988 25481731756 10242035708 4569175192 9415447485 256885152 30290582067 3410760754 6883405855 3802644303 7908480299 16101739021 30418763373 8249025314 12784322144 8615711731 1533246730]
[28931475694 22379470488 10375012369 8858931245 22952317501 25984322682 23703652467 20252708679 1733251362 22125301937 16100748665 10284815723 6458572024 7416829301 5551429156 26456436576 9050266243 30886805168 18608049210 27513536619 9966809074]
[8807446796 1196264806 19559907636 20432857279 32062691546 29255454293 17077434994 27399408350 29017642590 3261696578 25243287980 18181106756 26834711021 20460841115 27588731975 8196023773 16915130917 23097172919 18426729321 423313018 18523665477]
[16656990853 706630088 31739532047 30827686049 17336130635 22587872498 12387252674 5780608933 18108322691 21291312439 22286690003 2770390800 25316057157 713323911 25153337462 8158554087 25661117418 25032414587 19497697302 12970247204 30915866173]
[6598687042 20440560306 6433603678 13564112740 11562079466 11432295540 611328496 15632901423 32630370918 2980636269 19566420596 12277673862 8680351810 5551023303 15527383342 836012026 9052481872 30173238421 19466351137 32508273930 28491979163]
[3588974216 28004136341 6913730558 19987529388 852574066 27085205990 15489764290 20908023478 32912347627 8176542458 33907806635 22209659641 1018315104 23284694706 14041890095 29751087917 7249839854 19723887659 230431071 852607327 16395691398]
[13378086527 5827968938 11737325517 34301134616 7568905775 10640885959 21788830245 5528473148 33656043104 5714791661 30456489392 6954520071 12576744293 14615589340 9224496387 24751491621 2801930590 32938236382 21778641450 32488442899 10667816280]
[836469434 21254344026 26777588409 1599977510 12676483640 20448417592 8719191203 6205728232 6569518782 16451389560 7998191308 22343637167 8367470279 4406588178 582943010 20844540947 26875081176 4327683729 32939071957 28866649580 9433542555]
[27496042467 1124750554 23246339342 2847125995 21271261968 12302442701 11873277841 27291887894 30768217358 26894845456 9128199354 3665482095 3962791166 16110634571 15853398940 185294082 4205717272 31979148291 25533023819 20851012499 18063567876]
[399471587 13371535559 8512383624 28540899058 5671833437 25427282927 16390187752 23057608686 2782980554 15067639022 15204586533 12416169427 3043018841 4949909690 14426943315 24228148193 2009939309 4259034734 19013404832 14827269134 17761820726]
[1520186159 19842678795 11747883535 29906004775 19137594314 4482361941 32249920235 2781762073 28419165586 11118905822 14743732170 24661284323 16755597145 4166171444 16580573155 32363258438 24981959202 19713761201 25677512796 17801561338 20213811130]
[220286440 16119738363 13894429356 19437351154 12978335313 13685968303 29829322589 25318216899 2211109297 16422507067 17385289021 18834349776 13721577238 4139041898 4082572128 15625904822 20948081111 20031338209 29910751058 2027241002 29197810612]
]