[[201438795 138365318 80540263 110937109 26410274 58499897 228264249 36816961 263642047 224183023 78879713 137509871 13922566 4831222 93178465 24317239]
[236496207 194017957 114114316 75161673 115800417 6320324 91402210 98533092 236517254 57811876 83739671 114178922 153473795 72860091 134278187 181531342]
[141743139 158911904 217194133 49258154 184693599 222439595 220121265 26232845 132415052 252042051 74028946 153535688 60023868 18685932 209865044 229434010]
[172920327 60436100 110012039 226868143 240160768 228709469 83982058 187998784 199689067 267174225 37253868 17510002 93299402 207723325 215714290 21034930]
[26199247 142135045 56342001 177151840 244494060 166969706 154501791 50328067 106774345 72875861 91764062 147523392 79049866 52648312 98389013 163820714]
[65759578 68098390 81469152 213999699 113934421 211144496 124375430 116012304 145061572 18421779 222280082 166886685 8161026 21525669 160392659 124093117]
[73214674 219704801 140658555 82844208 189279737 146531823 82640863 234686572 187754315 267447769 137021948 253657319 155267460 231480166 233561350 66740349]
[256633035 129885045 200541383 262211859 197301366 15655807 27792556 87460887 110883792 134888554 165265265 150924375 137575158 5169673 207012684 26141635]
[43369965 200854135 125370666 145685307 228635793 215114777 78473162 24779929 97177469 260944548 187735820 203952884 100786841 83569480 101269558 247035115]
[203709446 85988646 23094177 44576963 1845772 3081242 165655446 34852719 263882648 17026349 189102791 228352042 90639450 46601946 26759245 59325471]
[65592795 249385927 75697186 220932286 182990146 141692230 2459336 93481195 153701668 256030940 116998906 190855195 148873080 244650414 154029978 166639117]
[165784973 177221704 72490011 186658299 48737821 170902995 49058828 248965855 53921027 180490029 64338806 48019372 49954296 54525243 148599299 244850068]
[102502336 60343998 209715039 110449077 169188095 137041599 121363446 239590946 25590040 83156994 12045519 197124234 102314151 254354102 215081268 26675504]
[115701998 39578935 65701852 242771123 164366672 132185403 110807731 204930661 187657539 112317823 226895895 13410060 18902212 246707190 40245385 95851733]
[26355986 88063493 148165786 241822780 103286251 229088947 170232457 87094036 262296469 94572215 237682090 146581245 49470145 16616377 158946492 179522798]
[84188511 67179202 232804246 259531514 98927156 18716007 254489566 66613310 212190161 239208393 245716002 24046527 77461309 168724386 53185395 128447340]
]