[[150830537 192509339 75368735 138126971 215650517 254994679 99726859 180054193 41788860 153000459 105791691 105314980 22262334 176148013 45729904 82479399]
[163567883 266331443 262283215 85529067 167992170 244073990 263986047 18098405 215141477 267451257 125056228 5381288 143805550 225259550 149037355 37002992]
[260662160 65606305 34390675 146435082 19696851 136514994 80573237 138280976 103337685 142286728 4255709 209945847 252771181 146982181 124341549 68301848]
[72314659 242714207 168780900 238511704 110030721 200180010 5655717 112357260 194426810 66175077 200175467 242157050 120854786 140495887 225210579 108561258]
[253597576 27909808 189532945 119295033 199964387 20623314 227462170 149233396 152994591 206356910 135686655 224998955 106548763 229613325 177453732 250154005]
[171424449 225538388 124052570 133470532 218315600 152696099 264908778 158435469 80207111 44955634 187188581 237711866 3851096 12216573 97833881 104055297]
[236793784 259295752 33485826 182088126 36717914 86967973 154877703 95612045 149932865 214917623 99838940 225405410 263781579 70943537 78729710 207892523]
[238479502 264572365 86355314 163609962 132877977 133680489 233465393 38069471 18766884 160373095 124134740 19554899 54205548 69803093 109943710 60479542]
[169610251 200496530 183149131 236716566 40217257 218577637 158154170 237068950 248615352 46956829 61201480 31865018 215104304 211893915 98007991 199194134]
[18737553 151900877 235137948 4674877 39970508 112485880 248157631 220061341 11123160 160115269 257202696 244739557 210171237 241989384 239316948 261092301]
[6335456 158592585 201197670 165659299 193616068 64310768 221542077 13153115 21442297 4007340 210727641 256105022 22601963 167799979 247628429 185156386]
[5063995 12315500 212341367 257980422 240233030 70100790 168702655 57720828 238631738 63369569 264391151 70296181 147402702 211693629 4099838 251069751]
[74391454 35799104 146922900 211521869 59637906 167663656 247555198 81316419 245424344 133424746 178344995 61046592 233845296 149776661 65565574 158967786]
[250485325 123152792 11846668 114762043 116786299 226786093 40868513 85055163 25666468 40498951 78778816 25635035 185713751 116289519 259954836 184358910]
[1748585 177471124 224363366 92854180 154161332 200103661 14062887 78501826 85897140 129633350 34246717 205808302 241634742 98702186 107704470 265816873]
[247435759 42350710 232943560 166374035 52927627 218613931 205860216 23889610 159591294 74328903 208102302 173528043 76544422 254560257 238561414 178381655]
]