[[174430684 79564390 118386984 86954757 109125881 87000182 58217059 242474877 207319770 158928796 90393798 127140865 135596079 168373261 113834014 63150049]
[13293367 123981261 205300232 246178457 54978854 189672483 247026669 222184585 190652068 170658343 250247001 162875783 153755009 16684126 172543914 163594371]
[10251287 224711728 229220586 37145110 96765581 256737735 207092346 3729536 48714976 58819777 53157653 239017687 132748554 80644630 78390693 202352024]
[253458291 205781916 62353000 7240939 259916760 67403339 186746276 126496541 182811391 146810242 61120155 13241635 198404822 176606180 43364881 23903967]
[66713504 268142252 180739123 62667865 47931462 241643649 138405971 38579874 54810791 240660275 115411794 223708458 89678056 170521774 21328161 108600898]
[10767818 258175981 208134278 174131815 67663996 5316120 6699358 74475463 207599911 242776829 246677 57859332 262015867 81598293 241018202 122902007]
[147900059 189052293 257124933 50873416 68397405 212089328 67713504 22440069 91836129 229065532 51718803 41369478 183990632 32439194 84127083 250516802]
[82586412 24383507 212929752 207769671 49389621 227643311 49040912 243769559 50448151 210289092 30471373 13216014 121445245 107437619 41940634 162367102]
[34908170 97289932 40525599 255571190 233927175 173411144 49295653 250543352 138240094 164575666 24645062 48743935 254302658 124986211 163323520 10354648]
[36273415 92382923 187936245 56703169 57476313 15348076 108162370 11873437 248651500 54887323 242252666 195271915 143739176 225331062 121203949 171301515]
[136865632 98416383 35484761 10210800 166539783 257332271 219808328 33779850 210929830 143134340 222867850 149852995 15265093 207375797 116440596 147381905]
[240493646 68416020 3971314 9452452 15549450 161642172 233873564 45779989 17194120 146274994 194132492 18241977 177013388 98370870 212601801 75200632]
[72492905 25650153 13583285 73295058 166562786 23414562 176574070 3138116 213546874 254826936 197251862 150977592 168009486 193745966 47917246 232005166]
[115048725 6919088 66878728 214150878 86868716 37797608 184215184 76210331 38024606 145594320 115762240 166001556 41643325 133511438 265049983 2794915]
[91299370 220950537 123206819 103127657 215841548 138516632 239242304 221412574 54324245 197804873 52807356 67622945 7294604 154214257 82559129 230138189]
[70276972 238538152 21330426 195952159 259083548 260812504 120056331 206355288 187696694 160340354 7983495 200669989 134440117 27493217 215324389 4588817]
]