[[58157614 100932802 207758503 52880863 433940 55533738 22413474 181668879 23431197 122229685 105110937 159114117 102395854 118185015 138025813 207854024]
[62983958 189556545 250000099 14620124 191186418 41373416 216465582 175643972 170214241 94647108 121407115 200626316 42675029 69597612 84196768 8009284]
[195099506 66402113 237076653 258913992 183481369 218545053 71011312 137585806 124314098 182326666 52203470 129708760 179471403 66143256 17665402 252252114]
[185480561 116387701 30540286 240017266 148229198 254470399 225176412 187300426 78916405 199482658 160162419 19479612 67061775 19239363 135430119 155951819]
[155753071 105936602 7942774 156503621 2591430 35621671 172980904 85060396 18972058 209943590 39272673 139972148 109267944 247953434 165201033 64023341]
[193937119 86973807 24305376 182911205 141999379 253206452 77413770 224620416 71855826 204071774 53931740 157411130 182009929 105995037 164868589 265009303]
[259025001 205520483 45706255 227791274 171782174 148451660 228434952 17528643 209907776 146250894 53487468 228247947 107008991 220568112 61332155 14617963]
[205927890 167079724 145976963 89904821 88133811 81881300 156089813 225172180 267904086 39830175 37570044 249087102 103088926 82652913 132612197 90672515]
[228941575 137514534 113903876 107496646 118992696 112567493 60740646 153325835 25642437 140719100 179702282 189993963 125147296 36138840 35531647 247801895]
[126342405 62254645 136228189 99045953 197805420 70581906 24954960 114585331 250788498 37824141 8846274 166670615 130092633 45212494 155867677 245212991]
[254255040 265633912 105019474 230809179 173631073 188442549 50646005 188523393 93471694 201989013 78036829 133639614 88010985 204258038 168509478 41408301]
[118339566 7960525 232612783 238044870 18134197 24687379 174805975 169979124 58105818 20334485 114470984 153147255 92015499 127431629 71640140 100720616]
[241349580 147400759 260730882 69493585 180873644 39440754 179330387 245751994 5400023 86408041 99737867 62380577 24961218 48324853 267392294 145261804]
[134461598 120791595 254825550 7427885 147067775 64468963 222204093 107244338 104392440 65885021 215502203 60487429 219209610 243126559 141857421 125450451]
[127698585 17958662 238605886 245400644 215417061 124040323 31601149 157576668 163552375 254734831 37622498 242058521 42592046 103951209 44003298 50033673]
[224695872 169377275 2884270 229993718 87339942 150477215 29968058 192030934 196027344 201727542 165482117 122013906 97042197 99996750 180817982 25732765]
]