[[60779748 202955412 26089873 197180287 178278980 201923506 37372727 122933364 159673770 73263954 115612022 64871965 143845421 123939973 169952025 36926425]
[67291642 200355496 35860753 236477551 196741612 193051896 122665959 120053176 240354573 106636670 42580328 200334573 217204527 2239233 219050380 36266146]
[176993480 159994809 36559563 238505929 226141605 167698795 614981 178324142 104971373 167748341 124250730 49666978 11755327 45105477 34833534 248927402]
[93195023 17038808 52351886 70308823 233832090 145008614 146764041 9533347 161667605 136180149 252898380 71413751 120421442 159072763 11426430 212446261]
[247079791 102591141 228570612 55054829 137170129 164961965 185718905 49096130 199298148 147422030 86541682 50614714 69010392 148725288 82011543 4920774]
[10358973 224267173 123369914 13774916 64261502 189415557 141953920 255267293 31040982 71674093 251442159 81228933 196851056 102415824 211083413 214194179]
[216126878 196588494 154512322 141351053 221080301 264674012 134435886 15276444 225218694 20633556 103739052 202939242 48946156 222882081 77708057 204094505]
[153808860 47073270 198788719 20391761 102743027 123013205 86595020 528313 183451599 108222626 227668155 230827175 240227502 164213441 125024036 260269954]
[22852841 93719679 113780212 86051293 178419230 169142959 234382450 2812258 94430486 94965749 79503837 42195009 86654246 91854766 210519885 41957482]
[222623952 254220914 161540556 116151560 225227952 31087469 113408282 35994712 254974109 44699839 22737271 121595367 69922119 129968320 56361859 196254208]
[203469195 24612751 59897464 39485137 77853110 207193227 79178917 147206286 107620359 248492876 244365703 113787523 91699882 689464 22059716 106624395]
[95431423 190562824 151896627 17003336 172541378 218650053 245325977 172922856 240457976 172533517 133987888 43539837 208156863 238533189 14921093 44720743]
[215361506 28826803 252595742 51909598 189153027 87671692 152713514 180538736 230880656 45544827 213779338 58182758 156402897 66519023 201881173 48366707]
[90445478 10687833 214773111 10502023 144281909 214459788 158562874 119594497 135577378 258396030 91751616 89450516 190996949 139181472 119949645 166342672]
[228300211 206054666 16816101 105588771 232059452 229906501 228611739 119945911 203488968 74350852 265071344 88397835 16132620 144605109 160354546 143110046]
[95243483 19929227 35711353 205506462 98457003 230196495 261467398 64164340 44686598 191620429 193412818 259960863 107111798 129178942 136143872 249741769]
]