[[109722631 88160352 190498877 212369093 134499553 220069849 58517913 6053300 77517893 126870312 235816038 132686779 137585077 118805932 74336715 207102321]
[191647269 194618461 193289376 22228978 254160638 219403870 99975583 16059289 173359481 232732335 218885994 2777319 188771718 163689797 249180740 265324469]
[11886968 243556171 28229029 117110638 90966691 147068473 161442682 16049845 213330481 220305400 40441571 117278776 82434559 57666763 26154526 85276058]
[246579192 123083200 47463013 72885396 173264102 250162652 160282946 26790650 266311787 156710573 214255434 152362615 251282983 214832798 199518929 19667447]
[23533694 148867125 53131107 247218732 159512670 27515236 222644236 180586301 180163197 97312825 142325370 19200574 100301446 228716943 10847069 123591168]
[267100845 204405994 66565693 154017631 247943314 36942248 181225408 115110507 196700859 238623505 216804630 144640745 240112705 142931034 232633371 267040848]
[98824046 191446738 69796852 178037565 171487659 204036693 211601487 94864683 100620010 4396249 181045051 39258921 80329685 7519038 134129402 84049510]
[146007177 102215905 182039211 42820579 211687917 174262337 4158223 116918519 88188166 93129818 205707428 101713553 72022276 234287597 83135469 110365844]
[161043677 43820109 64782892 81645638 255112410 24442512 115718997 56727665 153506660 21075895 222028349 39165216 8343622 64583993 150109498 246970464]
[65204249 91236249 128984292 21747477 169985736 262761854 81263849 84318388 183023875 113251431 12313122 216483927 90295410 171253738 58616657 117792958]
[226148019 25043799 41709593 243616817 37336300 50259827 263115100 219798171 49608311 199659357 66320486 21985301 152337658 85795893 62482338 8029020]
[59161749 48050341 61480591 143138051 19372080 114183186 78276473 50013729 73889261 195053826 193072335 167746600 260211114 115855923 250112093 79336695]
[261203830 121507249 110555337 173899787 132009765 126177587 156941950 34327688 43190144 226298652 93119345 16663857 233336471 50970225 15421944 192689718]
[94805519 42162370 60399330 97870565 242819414 210689719 85302460 65411363 977633 176412280 76662898 184477472 144797683 127601724 146729912 93970592]
[192149276 228954000 233711633 88863181 156812167 55658571 194020960 75974991 233526759 21491333 175131802 180219478 191094979 170380566 115247807 115087562]
[65931382 238181999 71771299 62539074 152245349 233534969 122741369 245124582 17169462 223262081 218684004 167554845 19586109 237572530 242678394 201956015]
]