[[97013765 136912327 265149169 240360105 163272173 85274081 15208720 167983712 38639887 49476111 214511886 234928390 17766154 38521797 87516898 209538309]
[25386996 39473904 235674886 217032685 171348899 81551435 135647154 256777230 53548372 190947315 210532144 262125485 172696381 268331596 140291731 116896041]
[265605982 62099749 209124576 2863411 36594343 59232211 193049108 168786794 158146432 127478436 49678668 73891241 101534460 249411176 172860921 143632478]
[36062336 150807591 116818911 175457523 17756988 139998489 21441926 165446717 53589799 236131825 44178349 173574797 186941140 14114860 139428233 54811632]
[8975913 145713972 87416903 102329972 151179581 49658943 44770621 22360340 256985254 41306137 47134280 172691979 260526900 257040646 156443400 45306358]
[188132785 157897711 45611769 159245620 105771339 184691562 36049219 151518497 250279355 148965717 115509220 104821112 78739681 58888507 92602491 14613990]
[198041587 134346820 249867155 117227200 124329524 167956170 103639605 106559311 36132702 19845916 111954226 240294095 174905409 54380213 268416245 146417684]
[202009313 174516233 103065301 105415038 257922137 108524672 122610655 48683420 80716034 137756027 164524042 22486128 24173616 232540550 221782600 41446682]
[130245103 132526279 203863940 190278335 129958970 81159221 55140817 230063477 158570127 244383397 223045540 199247421 184084002 20880605 140355613 202851203]
[84879929 13592363 123507828 212527532 22760359 108437052 201281099 99029005 64083628 247270457 224149426 185805342 67285924 197201875 149498498 180106581]
[221444771 255490676 100559723 181801854 250740072 260230192 148595687 160132503 45510166 166587954 203446582 166131016 55575957 244241218 28079033 22957215]
[16261103 254514499 93898336 85116542 25343435 111692095 192661468 189396974 173012977 153943156 238747704 44222774 185518545 174241471 39046247 210598700]
[22593910 36370871 261128996 139407489 221241838 69620485 96303193 200975981 220756060 123363690 240352807 13075036 45757657 72916248 16207359 47611570]
[36213199 233684673 81784778 149442809 74785500 47025330 111176842 98097489 173562624 31694125 242334778 56085804 136986174 53633387 43912374 191092085]
[36054927 119252654 161800240 114996371 3368547 254940300 162420810 153840633 106956827 45070689 28478233 239642444 158023611 82982150 196709295 159971189]
[95652737 208284706 175969456 34089920 153093031 82808678 205811790 176259276 26221062 202356891 133295592 221530907 99437647 128154093 147290091 128768249]
]