[[91591990 32354672 241067493 72855288 11594997 152847126 32649443 103108358 49509316 81377961 154449523 59211566 215235702 55078716 88302444 84617042]
[104981049 39122929 265273215 133137746 19845915 60831555 262032912 146751677 9416476 162395953 44850465 48018502 226423604 218917066 77636635 148326646]
[45361476 198858812 139643997 193624838 129875557 108301615 227693317 218346345 92055520 72680845 128018506 117606148 137124201 221747073 218681502 64854745]
[159963877 109819606 154179473 138147544 10245628 72517827 258012214 266935179 135017387 38634163 191573692 100571747 19793896 189535267 98038271 128482092]
[168707536 3140160 87865314 34661655 160714912 111301631 82032273 44429439 251637746 230239697 155358423 12859551 130630015 39639601 228903462 99648951]
[62080282 11645993 186593995 99453082 169330507 80786812 96016751 57838179 133714935 17735226 62718575 36465079 129933234 10657063 129050952 21806902]
[144268386 113741595 188570421 31285096 228331969 99823336 133736289 153387301 5051221 139111510 71471827 221918318 195860540 173821251 263945941 233329160]
[33204089 168451824 234848683 4880366 190291410 208787358 207110978 23015194 147822627 32663827 219001352 183893222 7732685 93601 162879097 52400011]
[59976102 51139549 197353838 90301730 61195954 181701577 53711236 207843471 227816889 36555925 157634847 44607809 1842953 76090831 62712432 11654123]
[237817558 125867034 8058132 154101659 227570077 251128042 46018061 205748012 172798529 17676695 145964116 100956033 93422309 149635528 119824136 225724405]
[218057895 45410137 128260687 128222313 6790701 176645883 207227804 236096796 241736562 253403166 207365881 16802697 136297712 109441016 146354832 224793597]
[255859232 58639328 227180965 115246716 239381434 13935462 138524514 42762825 261119888 24410778 140117289 262975544 219377323 98464956 252335185 18614963]
[95088935 5507555 24377344 251219757 6178856 131769999 216631146 60297779 49400663 177810297 33345298 241087224 40821227 19951866 127363077 200207608]
[33149481 248431174 253842680 140581180 223747938 145149100 253562173 8794839 82747983 150079465 49308638 138906101 86755075 80765583 168039387 109690190]
[243818755 265425813 244197814 56153678 239765326 156571778 201900936 79562179 220248146 186698359 198539538 170725580 133225292 144837214 131723144 256012742]
[166569093 211615175 245269699 138398003 154982322 61115881 239322862 261777000 147710745 108174731 6896492 32323016 92470290 85118993 216175347 187259871]
]