[[163804684 61364765 126806758 11121254 216853030 166442341 41560758 93828849 262603782 78410214 184363412 65006867 252416215 267302203 230921383 172149314]
[184565376 202541249 189107760 194363898 47368163 145009253 180735818 105706133 20897148 171161589 215473708 257688097 174534648 231084155 208015346 148915796]
[154472900 133647480 122728065 25473880 254806753 86675765 68746279 216958387 37646012 157667778 264288353 2128213 23473283 4340392 86733379 112832839]
[38239039 246069166 150861292 160606156 148848634 209888072 32820179 2825538 224194152 64430561 249919307 109526280 95430835 213196700 234887968 73826288]
[159029211 256492027 174143588 46633201 164508526 16132677 131015503 60957284 59287325 241512634 189656996 143806513 173922127 182325027 173636165 135646884]
[226632560 222621486 323619 266376309 266698897 127831916 34742126 267036379 18851186 135636536 233370317 93006409 243598670 221172298 202032466 267482857]
[236776477 257553269 32990795 206903257 151584827 191387471 114490590 144662089 18674411 196143146 207134791 86516580 5981983 15368373 265634421 22282221]
[247286692 179734255 153639528 252464692 113622424 111587118 88141755 81405718 186421539 237095344 193300673 235655767 199291728 228825241 98406433 189212233]
[173748784 91343945 220286103 173132139 260369360 41227452 151506773 5964035 242638799 112313435 107295004 209352380 155068341 31801169 261086701 124830865]
[184494662 148502593 179997178 95083467 161859455 71369716 225942596 69414327 175526175 170041848 179370914 202020494 185451330 31913214 118868573 204600277]
[190768168 88079388 144118821 52643340 21380392 248464645 13080706 104650516 199411285 149596605 17155842 52119911 132838134 234586245 181336053 85706185]
[141930868 115401338 82298861 5520422 124585511 82157601 218203742 250693616 33221135 929197 129711642 107012536 187146914 205336998 206432556 181478458]
[74976325 231001630 216640073 135843489 247416868 216360420 111671076 59293779 194374019 72860727 219489657 137658782 7185624 218661109 261071280 174295059]
[71520941 237545505 150362495 105111775 259092959 469905 56968586 226161350 137311002 141244278 111178375 142896221 264597331 139122221 147287966 91635006]
[116291489 194422186 134702744 84166435 87591655 29884397 142714279 165350374 11336918 202547703 47500298 82124326 51096054 82006774 18825372 116269028]
[9961803 10996677 73240900 15000716 202042354 180509358 205748606 184852550 212938956 51195993 29374406 36451525 95241130 29955519 240568419 239117045]
]