[[207250055 95098418 131259149 45445047 196332288 79018520 128696636 99214450 187243055 27231890 89553005 55494680 82035924 82716063 76092821 267389875]
[197742136 160187680 31191983 117230384 183573416 97120255 12965384 67697203 97566672 153011611 196041796 165205509 129444094 154127142 86468157 116008937]
[136431841 265200584 183232207 66867907 29753209 125287285 197921972 117732333 170533241 147781897 101371646 232723125 4045680 144229068 249393571 7493245]
[229209204 66768142 164883503 168737792 11258595 64239344 138027094 62409493 161320783 224285218 203295298 172648210 156195767 178094566 3020981 63272960]
[242233234 75745349 241039229 75513047 140545370 17799006 207594948 220054614 83629782 147029780 168404775 84423257 117596470 254195436 196489427 83439388]
[110714564 194966623 241376291 226483840 112198447 75885499 105923614 28700284 67772902 201424602 154067419 176367670 18867669 89689568 76360027 35713396]
[138988788 190831011 179034657 196461547 263607995 90954939 134330114 181337066 28110357 73654768 193746080 59338988 151957676 84401755 117388214 226351394]
[143395335 166768553 34323386 85259167 50232138 27530885 89361787 227493521 3907302 126453055 206708087 186565983 54058986 235674567 25027107 242080733]
[37595796 105495404 208404607 159536531 224935160 212907893 36240542 198644620 60227898 202823349 62128959 255765231 232881815 3855662 207254806 208907642]
[39903118 224568274 196982503 12072872 116687424 8601327 87704064 29586857 55401767 100949892 76448264 36707309 15927204 199095907 263782415 238314635]
[167534363 142866518 248448856 188384679 78990566 13445903 146658331 145413732 184538872 262363335 237136304 88491018 38324605 79394945 263043981 98137217]
[151110068 205240455 60063821 231724488 121333203 75001264 84919554 127436176 210507819 88929585 216365062 127112839 250980262 178195259 145203203 260092758]
[49879536 250651864 3935971 148773151 79719174 152199668 172038936 140315630 84408340 124451345 120570758 72341448 111710916 224630855 205662293 213384000]
[18248132 240366698 24308019 9971117 96494419 156982902 60882634 39739073 23223046 30064162 54780511 159410386 267357238 117769594 164796739 40074012]
[101460158 158080490 45631549 265049158 60937675 38897515 30641211 132782993 131209301 265619430 163073302 66985789 195685023 192608516 24620608 161522938]
[255076600 255214316 111290348 162257353 257427443 160141638 82604819 149162117 24682133 6182030 230786742 141779268 69593326 127871872 67671544 152740605]
]