[[828223343 365054595 468376134 967160614 524258660 1068059310 441538381 334574508 84646983 342628532 184785857 903325655 794815742 857384865 778253779 637571009 411404287 421562907]
[546440281 751096461 891869278 850608075 952817736 416314353 226766025 42766415 975774967 982631440 108324526 761401764 418664083 820717181 498419179 270347521 985599579 70400340]
[39745880 331188584 442245670 185099816 303838175 268096512 945419634 1047067469 324214601 177007599 878319090 43809991 110969212 731952791 319027558 279096810 1013193056 380056051]
[248519944 703211669 416331769 246413012 408043185 536386179 650436388 314851420 509696972 436192961 715336515 419115701 145855570 814776313 349580967 719046105 937310014 146381966]
[1067948323 835695378 1000234975 753255071 319137872 550968714 1032884129 547800863 185920727 426429300 1071400151 116121596 501272462 144595508 229832365 896747190 99788156 1060609625]
[41349587 175565124 143759203 401992009 219942421 1023857898 700248466 875298997 937941404 590282489 440407956 476887670 661954596 950381127 712617110 829130590 159191626 698221449]
[795145126 539308588 106581448 854157734 65793374 225404050 506082411 1070848133 227405897 455208840 322425570 765787950 395130663 88819697 195203029 162540318 669945561 903411714]
[239000032 412481496 577307070 868899569 663866039 600185752 1061054054 140674422 804966859 1003609068 260198737 566979711 745064061 699721412 128321104 847520100 585759898 138666298]
[43464457 705098795 427729015 858534571 73241514 520840160 178719466 480387131 958408433 26139044 289399078 789831788 537922773 540340076 699064023 519179452 557500413 458938531]
[702217794 35565534 352575972 527724905 885101236 549344702 883067369 1054975525 370353508 933117021 1051936837 621454717 302453056 68734300 472510159 315592103 485188667 1034808676]
[429172765 333775469 158027857 124015573 548585294 289233838 111404415 240425765 440648763 1032693224 31888908 403298687 104149086 478424688 583305114 491828437 462565420 280918045]
[144748911 257933288 291500008 401253069 736892749 90825252 602034988 440252351 611753658 456259835 543689023 517493525 604283101 73507765 391210336 578424691 602438310 120916270]
[287038532 1011762978 679214625 765934786 910195078 26786205 881704848 62738933 388888309 158940051 844766381 837576184 291002595 714411314 881971982 78179690 365426794 424324746]
[941157242 89782706 671672835 507364362 949469095 1747985 79257792 695476001 195996886 588197930 757443131 880213501 899202575 831170379 542362984 857972090 52675383 106819002]
[1015268870 880086459 664735945 152350209 880874416 205157753 478372284 413630214 587892154 479773563 771547093 757327072 35886710 153638733 263288689 405655263 557226316 25569129]
[1032334876 390213226 81663610 298407292 1030505729 212919716 655530386 431892963 267135391 986970236 87067688 162991107 930183099 875368689 813693498 136813925 517258981 666844073]
[1018727335 949869828 544277506 1039727451 637873569 776459630 100334742 29356205 520171309 756063012 752355001 908640017 1071611298 995299795 351298545 656524427 340175345 456461371]
[1024586438 472335880 440016882 645102674 352546010 445895284 872597978 281146952 769675790 390309582 83845868 637725680 616032967 442399442 970083025 904297789 571552444 882880133]
]