[[915375318 230463671 1067869657 575796758 799161142 115256374 173467985 576635453 926931160 852614068 692611985 766296220 305159794 446321918 217263743 565148496 293064557 367821680]
[275462744 108520733 552098193 868849296 856424369 944868363 358611555 66584986 830925208 484379778 496418313 748425731 7405906 8671815 1026931384 610482321 77233506 133992291]
[750376733 574968235 827757853 486471931 571861228 194522064 1050026173 1072033002 926443940 1037787492 80429953 281118596 553073081 294294187 1015490123 299012064 10186001 745645127]
[406939317 55868230 115092224 280888835 369694405 25741931 224642676 789149623 676211058 657410330 133067836 94574764 777976545 608200798 1015286262 876267468 8755861 860743884]
[143297062 785748894 515488353 569047854 522812287 247942790 146205281 518430459 326035323 1055592413 386562234 492189595 310263270 948018840 566354810 691104317 684480265 979673361]
[718190286 167856774 296416190 254820580 403638891 171037826 1043085958 713228616 209851217 52434370 550813502 43802131 956291334 1050217326 525482748 67297946 94382277 141153881]
[932086385 159279571 372637387 512571727 315043370 45781372 273425069 812907626 381290211 410731496 982611834 923023763 531325757 164739428 269386073 753455380 832834746 771161688]
[673554558 989485413 80637789 883583653 325974412 897549545 621521029 977881278 431203467 761484345 1052063551 809290007 85374287 830972324 1026981223 182197980 400666915 441466059]
[397531104 701138235 208902335 610881399 999464426 734108699 919922750 247530119 841653212 1001904866 927817478 877072823 429970592 902741218 994786641 341854509 27776756 1020364880]
[683543973 211979417 276741844 101530583 52842696 69076456 74580725 1022617143 293406177 845952276 629191483 557948568 675123507 24348467 255184520 76158651 1040897503 866954352]
[375709356 1008733581 152641733 138994035 43846828 23529358 991170386 209029371 309658814 58051195 650551488 967702011 666096258 987475865 906589158 1044986306 5683899 1070096481]
[147398850 596097081 1042704595 291934749 478019713 57104920 492109345 503636917 837058428 886541920 560719994 228945938 562965251 133590397 329747495 688263586 508774088 228432675]
[1043888553 260318924 373214531 1056771017 25423854 847586719 1031087371 818733336 881053989 324246687 693523743 727422287 276258721 267139743 278099187 952137681 907987596 1035275088]
[11280718 31308161 92390316 878308909 570719661 1038276831 171819425 993634559 294414539 280832447 582931314 673900731 716884744 847337305 956304968 201176795 418997574 712738773]
[356813045 995803789 487283915 246573315 625202113 679327515 792230732 648295349 570335770 135749586 136581619 691077731 859513004 438806218 456254290 674671930 225066244 640316659]
[615362713 109412391 209595029 440154556 736339891 580360513 180874583 194969640 721114020 553741078 161245190 531541781 337767740 926086463 1043777810 352516156 425195362 274955801]
[524319137 888825018 793629215 41313106 929579026 724290800 989381087 1008111064 269601822 969055998 452167636 439049461 499853280 232273174 701046112 762442351 794590043 157973703]
[511737601 44443680 71099545 834406288 995014872 871269130 1025653327 384651387 205164061 517065102 1051697144 688049871 320640683 696817562 116537198 442793110 259863944 332059874]
]