[[634284170 1035066611 929431169 207867139 363427840 843697814 1059272630 938752613 1068083424 969441339 308410763 76500104 693627175 586233126 239301155 627716613 3117894 538735725]
[809553671 1068142990 703793883 961115307 720766684 582816334 797413942 832887698 559110554 397315174 688578326 921947748 443938433 63831933 594014274 117507575 352362222 614974407]
[1023810265 424249884 755356613 827375824 768535921 1047627696 888618151 405254736 1057051225 223242010 932917049 331946421 459388276 418106 748193277 423839142 193907110 851252627]
[775116405 1022075668 879219017 947763254 283799704 348983606 504616259 636694419 344182665 442361796 588245971 625201299 828255593 8694450 680676131 324685091 558981820 1043008333]
[120887313 91489734 695747852 594199345 65237507 193285725 223222229 113489184 660933318 681474909 463940924 1070116507 236300841 326914619 18020311 350716475 508830478 94941340]
[787300366 372462497 749975464 73569189 743196417 965659618 233396352 489165270 15495329 665958448 423747858 299792541 968613633 29478119 328927452 59936688 604554543 1048447604]
[267731068 872644994 635152578 443391362 869050111 560791013 198992914 175034105 284422874 953134127 255486652 939801035 903538637 509213843 30955177 151309937 1065485132 559833269]
[1038862820 1044959162 232212489 697058162 842803824 788920615 327394845 168472577 523200229 801351118 139284307 658253177 715690471 642003338 48873989 528314454 189870618 569250711]
[158900672 126585309 786372332 975660756 1052772241 824829530 160410385 284675358 517948154 713753271 178384888 1063565638 549591433 677945727 689581613 188267657 515290908 313066954]
[941415542 150084794 237262280 490336861 583119371 479848303 502929818 25421620 1068295453 643582159 163802009 442670156 199415470 1037384347 637015914 302302830 690341610 75289700]
[895301139 1045127797 797869645 168117042 1013166288 704253722 532515654 802243481 17715730 254157054 27205874 199306485 476403020 434836862 266067591 1019045633 932939986 487527130]
[703424584 167131890 742325209 651164269 834183646 951458094 923476514 311656897 830430159 1018107914 725946968 889276125 283101146 978496048 478439440 536502962 702121694 501981167]
[269119850 605475573 159022232 715964877 764189426 132284074 131023568 574755870 127110093 143187907 339256344 697649489 513609772 519449169 797839672 240056367 282294477 862470317]
[822551117 373967914 100648589 749401804 1069738387 56289964 488424280 222845679 776041199 1059890575 773793628 487073724 354822727 398968822 928097267 111216216 1044008060 194294224]
[779336064 239132036 545088593 424285469 775151431 170455562 970669032 668177636 263914775 112319409 819677171 731038484 943474481 325444049 1039231926 586980224 1060095693 657396517]
[694423072 30406223 816136785 847384390 983379016 132285799 811434393 661677231 398402334 22612693 27309977 675107437 803554306 815377322 733387878 770006425 834840235 553634054]
[268299533 542011013 416005031 64577645 988079909 281736637 184758459 667576305 299380559 711297716 309566069 510901771 122394912 56716721 174275411 453320498 488561197 774244873]
[853072375 664732807 412723714 615548293 328430873 551899259 976875255 967571040 45704699 632236980 906626579 824820826 438157 898209846 621067869 672095186 870868029 842732352]
]