[[563782311 534526936 292536252 559296637 667613738 782967964 425038371 338547334 250820219 982937979 830767847 487096807 675731886 154183329 512819888 529080269 567858907 137318998]
[735128585 629594366 915366738 960851264 56830679 155438095 915074399 538061516 6504772 576530546 570694711 233834891 450732144 932769824 915699517 131057727 488807171 279927852]
[121785418 656913202 68680800 170995558 331871735 93531538 367949937 821148613 881266358 323267331 368612197 551443784 647421895 831867554 623883000 774965706 897073867 247573440]
[308007831 939377352 637252814 428168131 816665962 253725123 272394813 175059515 47152957 169021566 756916119 248808382 274220201 995554130 120457926 521339578 989555356 980877349]
[100677945 101092222 627267373 132091175 353374528 1037552570 998651368 23185615 245269361 551694490 24297769 819289807 309908080 1053646274 214072351 941044895 218910468 290995954]
[243102336 960095880 332895663 906684132 113799277 649051439 27703040 681825208 378115121 259186442 935519689 240237455 37992520 69212919 909293187 890531218 629153118 599172394]
[624689662 850894588 936286811 545332320 1063392822 227026423 997134227 77723442 257980096 552294825 37728926 389307156 396104270 372721187 264608028 751408553 690413830 643865976]
[498805318 491498333 981211053 423526626 441676658 247230363 646864957 524996103 1025460157 819192410 611616748 285031623 1008040618 719845515 490134394 96843234 445832144 1068168920]
[477740207 707010774 856522760 486981737 212275973 78842131 318540178 944347056 932695364 605501157 836455168 210719415 547919832 355224236 356736889 320271365 571369079 108302004]
[803241371 913353457 481059244 494189964 340275425 486425898 46567242 488371597 938214861 120020396 411348017 529177885 695814620 566160769 92859790 646882361 72610157 868100560]
[324695661 857294688 852455574 1040493375 594462288 649136218 1034612832 937062566 938238716 610407517 676229216 210646484 147244521 356778559 266505627 918653848 242640777 381876364]
[759049278 656456976 578585685 384713464 989432042 495533711 112570141 778143345 467458699 692004045 209752669 118208131 49852944 659909559 1025843736 795319882 194761085 363698304]
[479102731 192786942 865392930 1038175725 421872776 698434356 50981436 62132675 1008239193 661149170 247600445 1058074804 792710013 20344064 417438935 588104261 217966034 632606152]
[587595257 614098647 481282020 605956464 309510319 406738113 339520096 115623027 974099796 130924155 695907652 754391514 545199335 583013597 367069381 402442926 574686418 895926079]
[862091717 302838803 709665810 516962330 581254342 84662978 253124335 999735521 762685163 936487227 610647892 383738256 452180002 859520346 634124368 723352224 548353479 274823985]
[353948895 288439765 872347118 167339094 1012687394 423735754 508746031 652811465 339347925 98524289 615392079 92753728 616431139 623777150 534680116 986475367 647418052 480203055]
[477703360 478119684 78937788 814493648 1026013131 70379018 343593575 1051862211 482985961 797259404 944343636 313554112 872606549 288835441 675238626 184908790 243633532 545957769]
[589761311 461751312 311421539 655015526 290110097 170996118 587709078 842307920 291626450 586499322 65768260 144327463 572150772 659741721 363205963 555836142 669511293 764653360]
]