[[138366413 461945399 40667471 459268507 996457495 806838998 440321077 837230432 142674681 700051872 664780774 717998420 66895114 747471012 826461265 942438023 319305356 685624007]
[25078787 888470291 791315079 631360425 272653840 1013309848 307189600 901273715 806821633 383907903 80512647 976499520 504551570 867162920 216754476 892202798 727162748 619778021]
[921672517 22713112 35128705 713484043 671629786 728470268 683279297 199607964 109356531 872055406 917014769 311834336 360482999 92952397 388440734 612078268 809714411 911560814]
[140345551 834049511 531973138 289234642 269575159 91874993 884204440 50682968 640306699 813439549 813480471 243374877 629158208 86730301 757411226 554461352 638342872 314943660]
[1013902099 706300981 132579887 87046062 1042154687 248327220 247516590 126571811 42492803 975493410 499210200 242889680 901530034 1042840538 76763464 909907475 733044129 687932740]
[43004467 668419007 67683617 200754644 280173929 970910324 223673881 267459540 928362885 665977674 563740100 46929647 477904485 529219958 219306429 695469022 118410697 510203854]
[1037700865 800226224 128442167 538803225 908787837 614818561 945642427 993773087 418456721 918530520 626824601 82665441 534096829 574750773 72227747 316973461 559668848 584301672]
[749400656 229980552 272076622 609633338 49451216 1003455530 314500846 682368859 865893904 112201168 295874103 1029729424 648977422 1014723916 509192959 1003095907 879562961 323294295]
[877340661 574330198 353418482 529724779 873208398 856524595 469672866 657917274 775345008 622439001 613545485 358548403 465839081 735271030 464432898 761557153 214889808 772071245]
[435709590 519736248 509446493 180013410 394931284 884523975 741035717 955956805 540011697 170553211 304854461 80589175 109148782 873544535 976547593 11138772 204178752 290572964]
[677980883 248877684 703608065 733310005 295184767 993138907 882898311 352854796 781950685 199285777 964176796 720919253 279228152 104271962 189000857 95832162 444607528 155730060]
[514879127 912258910 589482324 876596438 5904017 871869624 882087796 370498092 37709154 694712221 109595143 318583346 595613811 988327533 447419249 828907320 3594667 331143379]
[124968772 365665953 562516060 832726928 150102296 251900636 832792162 959721635 479901012 166952 34892515 765686893 392118984 413580527 804564072 1060033044 383870610 395757907]
[773729674 446695557 366465378 418310740 154004085 62102900 43809431 479882527 989497503 745362006 307293338 388714860 59215362 721422836 219293062 559665682 738298780 1070912165]
[746373327 119754381 347222914 69563197 688822375 232723335 20896656 425835049 128098315 557228425 180176890 687786555 150277843 339091960 108650131 565149671 79041771 209325437]
[579057470 521650164 1058791336 188406488 866244414 346645958 210394536 853645489 168601456 733451827 297605491 276239913 462737304 98579448 971232083 721261777 797621464 502940339]
[1003966412 554525447 231963232 138405249 491303375 446101123 1055245249 465280500 139772965 491881893 288785213 291860497 424136559 16672469 1033734476 402063450 723867528 497642835]
[61478056 539455975 922480565 508956559 537475552 184398346 751704753 416292558 359871351 640294446 292422334 805472439 374814951 664769953 324685616 1012359202 385695292 776484837]
]