[[608051013 475050422 18391305 26954933 46409685 1037513134 965083410 1020144534 862480200 556492915 1014565822 892375617 195322313 50752580 526975138 220316041 624536708 477357693]
[201576108 823632635 661140439 25398677 994261016 472886613 122559849 712369150 911772917 456905176 698783805 745459694 718533221 775212259 842634787 450920901 196128752 610142871]
[191446835 308425918 217371216 79859622 772241563 584508599 643910140 846194764 206602871 133999340 727128686 245475857 718360470 815998482 856950220 552795090 1008805622 67437558]
[323375404 316966800 201347410 555819376 642521336 954649222 26224817 546668714 392237609 920982469 163591524 825408415 1009102982 578981688 187460886 218584982 50359985 497709264]
[385862780 872041897 765861527 678481152 611868779 352288792 800895868 61635682 506275329 556651229 955299523 565138569 1026890563 898700478 923736936 909888020 922625351 742157108]
[604035635 99395824 863168954 1030107662 708403974 309715833 353613597 139251366 963055919 309732376 1036633619 1022122358 114709101 985335775 840135500 192968120 520610484 1051505307]
[60436823 1047066270 240795123 367834753 89370092 867604195 69745788 600668917 782441703 935438894 296929357 845554019 1025012576 873839030 326298266 153064807 466934583 616791134]
[147648293 269478867 75294176 255785934 898290950 1020473931 185663861 679772898 679591473 707074271 243780784 1030891831 733541297 77931493 892583025 522451422 161739998 887035410]
[308550926 977964522 854834498 351297796 276684640 800842315 1048759532 481743774 638602247 942145930 207640498 320176692 414303377 688972412 607001189 450111620 758667345 545781653]
[254286150 248897826 454112467 1029260895 681730896 764594132 726461406 257218418 980649256 743147409 986117143 786952300 336804782 51287131 539400068 952329993 656882856 842617787]
[998360583 544041142 826898568 466023057 444978786 235721762 306954351 1071271193 465243952 747709753 397277304 18263092 75800050 410175756 48811303 922182632 327500349 338952686]
[217122245 189891575 171861985 813071583 585436516 903984376 227801876 1038982130 1067465019 289856194 326478967 176593938 291988668 459169589 105947664 512646965 855633970 158320236]
[524843220 92416903 644052624 135597621 671235218 154138232 520918777 264172893 967259145 273491790 1000693290 122843018 612126427 710147914 427619027 1001036111 306917597 141856737]
[451203349 101186048 538500551 324746416 647712025 681836762 994910776 567275333 888422717 983910500 1001654558 868763651 359988400 586921271 180746469 146683329 750953652 393953938]
[883958042 72216021 1000884348 1033047371 598456470 615469237 566252400 292432634 347500411 586425282 409321359 740819992 603748660 730727593 424193748 318722063 991988989 610939465]
[969329192 958931792 334698 647855716 762276785 462532693 475186952 914579082 230511932 819774803 663903349 599867633 430399231 1022977267 843510135 663443109 431921501 1023312413]
[98360838 411169158 892894097 161055995 202805938 80751059 112806042 616640729 535152029 50362952 38620915 256713361 280736629 854678117 562449905 632789034 696737051 695859291]
[925567838 402473949 459170301 433901733 185680445 47837637 1047516196 89519683 1028966463 999241449 1013360458 978788129 634162378 7539392 983849380 762992240 986609060 973820048]
]