[[951619947 600168249 287155666 571698817 654844205 585669343 329371154 527189037 203174579 1043438620 401646331 4095873 981478671 65157514 941828689 914743982 789880077 166214044]
[1007956510 456909860 940034579 880325197 330255386 73402908 352874354 634205343 553050747 842250137 643239643 737363983 860500920 124257279 247249810 174995336 215123217 61957322]
[701796912 295991947 172978135 274893268 210717832 352997902 271430114 879802916 534282677 906031924 1029266276 815239261 895627623 321652577 645878737 845321503 994589407 2805354]
[1008118416 1066277989 409753862 288277831 455490707 781256886 1006203262 218004891 428889501 780160670 887884361 942401254 879238151 648874199 1031305061 761882451 465686432 511096702]
[378918753 802529580 338229261 673923312 393489478 1047847238 232389788 1026388092 271584199 240257968 32695170 294766194 709930285 239662404 119745430 659870652 204157799 618255247]
[697838217 499557149 219091215 603885890 351209080 692680989 450859803 211506435 770727923 270046014 228608151 1020643135 208934184 885245792 126830983 488587269 323866865 787366488]
[780149941 416409435 585014913 394517938 936868186 1043410013 380547351 1051826540 191785302 15935017 611628043 386419756 858491979 1028114768 807484358 993133210 40078433 787891301]
[960566408 93063044 186440113 786085201 881118197 183594910 703816257 291905502 473759052 558442486 926720950 620314349 32106479 77365458 97303709 982849951 1042854110 486906083]
[534789430 747323166 238173620 656330928 582846917 825312608 311504409 356915070 456581453 537504949 930957533 61655752 91234450 1023481859 302003403 748093086 19663771 567943148]
[902216564 663258503 344735902 802640493 768603124 751188395 740831507 785978155 730786575 143599225 258026053 266281498 26985325 112711620 670500753 1023043876 759806058 856403370]
[509024789 709240372 1064255814 911625347 33813994 1059809043 803834022 140594965 635131853 698561240 689744507 877670810 175541266 650538032 580490045 681411441 239432382 514195652]
[141281887 260568082 571961617 971847314 133280720 1051745434 646565928 31890309 966588080 29616575 79995975 507013978 909505930 477781153 212832050 856804598 325357635 1010590665]
[738282836 587501134 375518489 65361224 489411342 534505624 983584457 887543063 63761319 145804300 682511863 522658209 504885900 988019205 667918155 768256492 710256301 375544432]
[178396528 854130383 345728058 993681180 836776561 124649268 24454934 717186268 174373092 926933641 688876274 870536598 231705896 271395957 740044551 309741969 49992231 424507068]
[588113159 825640209 549501071 637705359 356594621 416478892 344437149 475618019 111799919 506520315 298818793 626496460 276758396 390965529 204886125 981655306 208703627 437183142]
[661367805 7832611 503171405 26349876 1053188295 370931013 398505916 539002482 595122308 708306602 523725193 598653699 820520662 225889284 634007501 298938291 811323996 660886188]
[307134200 960799037 983099062 976742421 221107267 14808717 6019898 901678694 647151165 282531584 303782625 72210005 255931840 548881392 985119330 212172025 777266661 683003019]
[312118573 444554255 300496584 55783788 655294102 1000405363 579267710 341642126 517061422 709053427 502656804 62090406 513511906 234283624 817843123 299085601 505627739 657537468]
]