[[461828409 271234455 800356503 629077837 353240767 896421327 413864778 1000582490 683475425 186214590 533730892 476364026 497852439 754258213 577962443 783036729 123879723 71154215]
[288033563 885369377 768127170 1035344927 18404969 416810264 280793012 592624302 347622969 719732740 4646665 936709649 1062982845 445199719 857069336 562934914 981218948 1070714219]
[1011060693 635811660 870205040 1000360008 601676559 972397719 97671838 843954083 282181491 74205824 443386976 26424281 581807864 269645485 130810724 962449033 163577963 821902126]
[358889569 62484426 899019100 619827688 543775167 891058172 103150754 395417182 436141624 701915390 820912663 398816093 277379554 874860487 789637191 808402496 280108855 15208930]
[125532889 680009821 708042620 527872638 219292087 202653636 75645602 770807143 69707366 738087959 766446599 743490114 293264724 285208360 53439570 881939514 55427514 891499986]
[764236219 153740782 605752777 599414450 952868338 1015539464 895527578 707840906 966981189 107928097 147906720 90848998 608994086 970827153 1029646394 783430903 599254407 51838185]
[348572056 619292151 1068957007 366762041 596665640 466725722 5652596 14388243 316868436 1033323844 1040439648 1056017239 641140294 570790659 321446956 1059241602 297569780 338483936]
[869109365 118219861 1062368534 979056187 127442611 290336555 692562064 318807829 253354452 156535864 966573702 374135450 841795344 686577004 781008489 29217037 905259313 231867843]
[678517047 695578572 582415467 622899189 952158499 1045333635 708699001 848751104 87191772 44769859 583394651 965584747 277947588 668982763 873111074 285732164 612660996 409656167]
[807186173 211705361 668469122 107696405 722119701 772404978 492466773 1073368882 3987890 270997022 254639221 920944172 185938042 108198091 524720893 312194960 105657020 466172282]
[363737582 807915202 28871331 277264449 440747851 409116057 12293268 904592855 268387546 604975232 981653657 639839599 394331468 539603718 967333663 332836652 177627438 428621589]
[563747264 18978140 914731229 582302077 714581597 455388000 852733662 89922600 72603300 153724132 560412511 3712246 679881254 947171060 218965272 1026791297 963386877 229351590]
[466230092 793881607 827530559 518272820 227878104 972516247 455788338 467699793 830379004 416103792 275048022 765097325 805496016 468896426 272280400 782914284 914520252 29328208]
[821585711 402653426 685361093 965727327 712506037 591907531 516559132 396550982 880749902 450668411 397723840 818982832 156038495 454518156 560279537 728536739 368361820 82561645]
[23443222 727904119 245331484 750324979 689158307 1015047147 414549240 974677267 678673767 620714171 374628314 924679943 922787385 750757324 661566675 112559040 458006912 538642811]
[550036997 861887984 919669127 1007195963 198555772 69582008 552097937 1021480212 31283408 422298059 399008525 342787936 13646907 972744234 281719873 343397338 64293524 393583589]
[326304281 797512446 362469675 555490435 1032200979 45757526 2484918 373193900 404238381 390447226 26090858 2760501 327326522 63243713 197707078 1063459921 861037267 968264373]
[656995886 558592544 737355620 351359471 560136666 798039292 996895248 751217733 412087406 899023695 425126156 10966962 79765971 752026914 602632215 1063968872 967770110 476364252]
]