[[706074963 768352510 627542390 1045311632 894877545 807180653 115511449 854150312 715153440 812013709 575778747 845157646 577498841 76839275 488328347 149994234 880366942 1060165560]
[293232516 891308551 892664010 798371126 783607154 487990633 413600696 654341994 285488218 939958792 959224414 145327058 990757774 499263435 242000625 125090280 195241746 978384813]
[713120911 740064692 252949261 92861530 549130689 151256725 1056321281 334418089 788299915 5872170 853361080 805194595 516422061 123814233 45965249 768063629 149807156 179838000]
[679467944 81436742 191717547 11451247 179329396 323379863 826354722 170255423 639316883 145748714 920470814 755262881 145454401 269291584 321218110 207479857 995063563 795302087]
[559655694 423661010 1019081332 962652148 747764625 77299084 928341740 240625418 266852211 333326330 781792000 186673730 824936646 231789388 814572545 849607249 917910291 50147282]
[859872651 169926451 859495501 982712900 529794497 329765294 588609495 985349755 965326759 355366683 901994586 669117741 712550841 1001465831 226973315 474475017 733240626 397652682]
[583121745 521780384 487243719 952795315 685877442 599595224 23257708 128363855 287660582 959204089 321498761 589122567 5539766 950094383 331870074 759303220 915219419 847371811]
[85576921 640751587 817265871 542935428 755385770 601149650 111603464 675342306 306491735 576513451 804271498 260915787 241453409 71218911 290553715 551016575 345041537 704975696]
[544052131 947124983 409118657 14961157 23846279 61860745 180779487 1041958354 194459122 583571783 81126461 137378910 574901986 416422285 642730978 171357479 93632082 662554060]
[177263401 162799747 854104746 798001077 655505608 954209311 45156821 308026575 456533644 865132153 636360294 163334905 566534982 813318752 899211104 948207250 978543654 174865857]
[442921563 545628504 514461760 295282780 523727625 674051843 867461785 14057685 771340633 1012127992 991893981 584300496 744048671 165471264 486297011 654069505 185922279 912388078]
[523606569 754629878 896322019 47690383 239876855 255632280 339163308 318963667 880922105 367342881 854102722 372701871 366145982 621033798 219816094 985888666 588337300 418290027]
[463970897 88887504 60420450 209825435 1061705135 252869612 245011076 176312541 285209625 373404198 500358234 1007356955 569300996 214305975 531725188 363809078 973746999 650192524]
[200319816 835992 472374671 986555433 723544848 815847684 422966883 47005860 591793168 664294018 181205292 601084003 851966302 975406805 300797659 567513324 873219986 596447057]
[588014832 946121090 1052943527 760034208 53595574 27896707 1004510076 134478826 677746729 160396868 319999894 199577996 352565517 303038377 221641356 216305300 190935880 407934632]
[638373501 1025435056 346470738 658832660 619305129 471560472 123594504 961370755 393660973 224249659 931733879 289788993 223335194 173818848 763885590 586529283 758784234 516116181]
[316170687 290665466 361547654 335276444 273089405 322260079 309505565 18677551 197684482 350427618 145512527 832443834 137217237 958871073 969410811 145728002 644024913 683508495]
[527081382 786804601 176739531 501479489 825754329 788180920 787951202 298905987 402049921 522582275 363248188 972320717 768966561 802728710 221100468 373867148 420433174 850238611]
]