[[386460082 1027928608 269605793 167896634 602533069 483608358 511688219 484633246 816785585 1022341935 1064560197 683772166 897137730 88276348 62456891 87402376 282197768 473884256]
[32016767 14176908 429965842 657387143 397302174 565058474 984887859 311447259 741160096 1019517776 637031936 825425505 111267807 284064974 652528372 588695776 982381322 910693742]
[599758548 1032098610 790613542 848668831 655072378 894829640 1006996969 650230872 726509970 80193956 738138885 759299868 149429989 511567338 248092320 821193838 520445962 212572027]
[697229804 106242089 29836044 625037593 461267814 266037000 747022040 960369095 382677689 532033927 321735490 761063010 1029320981 605694267 824378635 628588379 154723413 851540587]
[846369161 891160178 236836939 583623347 64026997 1001220529 171893004 806899379 677054297 476134906 812050911 114975263 723784950 531002417 879721724 382094931 486343988 105515343]
[256463286 1069812597 406106072 965212409 936482180 1042719824 790680821 188896927 351624851 87705726 223759731 850013487 457212388 869706915 111538849 43141062 213753797 462494391]
[932109175 292375596 894226527 141568709 1041029122 912322921 393948072 254013701 889033249 952690720 290415368 600965878 127296171 387112351 737780187 578448417 39689381 344507816]
[602469945 51113421 560639796 744646170 685836472 501678727 675841634 260480803 79096256 1059406618 90868716 831649390 485746765 875822971 930507504 407622239 1026653975 186080318]
[315728423 486487223 53155070 1066180951 334730549 796501577 115078619 544897783 301783209 444143242 913841631 389512098 46723411 1040197668 543935958 269229945 1012584747 812973550]
[670496950 125170701 752160038 660509277 1011656412 1031171487 531844416 462302314 389222832 349186265 815608746 1058620604 905647736 143065977 10273983 844283333 612950028 1007785569]
[884176872 600372695 823071392 897663205 641100125 971652218 323515742 28108716 718721463 309044027 505050282 466179585 951259489 1014020294 164295016 448900748 753338828 1041929549]
[825607084 827506239 565816597 761243177 812760077 409198525 927122224 337492201 1035940212 258935573 800405578 577765181 926424497 975622864 725919159 54993078 781628020 442586424]
[873483613 825444723 717213524 951476312 13440829 41270846 137249055 185126436 863291904 1041855239 971895141 646232727 351477051 898525713 1005605358 501813493 950146251 120593503]
[442500168 92353383 617845204 875142805 330811398 864889694 748884394 531088281 513519934 688468535 337128645 887275313 933848573 530184553 498757192 580397840 650120766 800538154]
[263509783 879525831 69118043 130474936 931050831 387695429 902655293 390324634 474651684 712722298 577764906 51582730 962903560 19923754 23882655 639319071 593691578 402865919]
[781802232 500861833 589090858 466674188 754651717 670285677 864673782 303051741 451953122 745108979 1033582900 719181789 13481699 236359190 33199064 83420178 280331442 547848324]
[331748798 645447946 973738465 672790138 479233976 558887462 861169055 305213508 16976460 431950432 239070947 1001129864 117640973 914790706 151038083 73055392 821663911 810960818]
[652565642 885373737 358710784 113605529 253414155 132105556 846771180 425029653 36808652 571532767 201801054 475220195 907748462 497834896 917834980 32171711 368010564 177124083]
]