[[940510444 205657757 366576853 525315307 485161959 1058942055 214337867 473956313 152047527 415594635 511087687 242255308 681161538 366821612 109706349 873210464 401816415 894183371]
[977298251 279432280 856867545 496878809 610379324 1059495338 1034204725 128557103 917313110 860108827 188611463 80890608 760069932 357266528 771665231 425362654 1054015154 78822988]
[844175641 363691875 276454419 78438102 1016205718 55684006 441569587 662519949 788087702 588614795 445087321 14577958 378356147 416239521 1017218270 823193694 54556406 587644571]
[882009458 296436510 294741731 643406459 36606886 275057159 348580544 821903095 852992221 254118530 1000088546 486309852 944850562 262305486 792786394 441840455 245618255 815123395]
[366388160 712448683 1018719034 805531289 489829811 684901862 434031209 232521203 535852483 956139762 258976119 972909970 925434589 289370624 357445775 684755361 115647960 483156395]
[756176981 786842054 603744005 628131127 878006022 195601619 228296110 479030235 374262998 320772762 787051029 163675481 306245762 567147010 678532747 534504558 932734347 536637960]
[151932986 42218428 856743486 497459987 438135344 840167100 547263696 71667291 351503975 1030986737 102051152 912102858 931664192 522466063 691603765 510104714 184001954 228737733]
[597906187 555937616 361982547 225394847 556723444 1013393576 175768817 380392424 250996905 999655667 680256943 358070692 367633964 786617034 419411675 680897627 53258030 423136965]
[167351421 35348229 731398236 178438694 922882957 10524491 464551241 721590145 861411375 724971858 718192774 727024430 160809286 623799227 822790876 193571016 445132610 12839373]
[476695087 1057178473 842391964 708124875 1009103522 956148830 134519522 290785963 808314823 409289780 232969433 523887146 509701624 99463603 104855551 898393707 833586775 169270303]
[785355821 1000239411 742789997 977777542 435631022 693239919 295589948 285654069 867975216 298455126 387744640 946257622 811635595 179470306 57817799 201785392 592132475 1026968101]
[428808230 1017064896 512867563 674887724 556210815 477615947 330873469 849588767 958767042 65601222 152886326 957016162 292856342 1010821631 701989053 979471643 1005217120 378178965]
[270897338 570269329 530138104 738218953 904787354 315065858 283313600 904561011 892584005 882188082 352718689 845579948 904718689 349395205 658193874 80199544 941194693 425781692]
[582293233 8660812 811397051 174033752 367598309 593730288 277319836 667004133 941050372 851433110 724186176 752119877 11378376 478229139 1027393323 84763746 556058232 774281270]
[581307596 959774569 796941499 1036891272 916964587 925293435 694849443 214351955 772184846 432710146 756485588 886168188 632965716 793449967 476749251 858022944 104203209 494145918]
[517964367 772104881 497355331 153906229 976381132 69228634 683184635 883160669 1060815816 125643009 350667292 549929912 476447330 962873388 390456179 554590126 275949113 195175114]
[666620085 963665229 819543051 988511523 51199825 343924509 749578954 782356063 993751525 218991377 181916256 582819858 352052835 388865593 54632391 854469882 289997039 976596161]
[786389896 822860304 424541339 48289183 465802867 751381258 737931358 177739603 1045215604 172052862 79919123 694667090 540158062 553897142 878383581 734750360 165789838 34786924]
]