[[476752654 372941225 893111376 259409232 856720107 755990140 374170145 219833101 552889278 396547126 582486440 560060614 1043720017 528587895 506411890 221024827 138937421 605076949]
[426086110 60261303 86904280 901317555 612081043 164076126 329265986 1164664 55556132 1054026095 15435351 565315358 369539254 35960299 593272569 922790340 186418155 989271573]
[1010498841 605529597 249747766 732014410 849921291 738985340 281769273 191496884 53358308 327106987 703507858 67603477 351067081 267769092 223643256 662148689 777028285 113628243]
[978615532 571370424 170259704 434032859 19933338 394808804 716977461 250719786 330421188 873678635 355686719 350478551 1024536335 163964531 931370751 462879538 1049938272 571822377]
[980416913 682449627 655699876 193934444 893927766 668228073 524720337 495356602 239682710 900568957 422391845 252569766 765629987 318466592 665636983 899952405 827608766 360816273]
[988260 299042658 1050882130 762370388 777195479 42968341 820552496 96372128 177156072 35648563 1022011950 503838858 128220544 997652624 341859202 965353927 398309502 1002503824]
[1000872581 26248515 710764659 112031733 750383818 81881834 1048018529 491445425 387332749 269793145 31596394 584849892 401298454 736564116 212203787 749397973 519558355 481618274]
[66430474 845261821 111907870 231688517 669090096 224445454 1020958338 597489303 909530245 970333631 174518996 389245460 113533505 324034125 305562392 52298269 86623615 487484493]
[265113515 1073120642 878918053 756449918 780138310 534442910 790395169 635579151 1021289259 820160367 306828779 752921043 842614310 514154025 1051103452 172636996 453998569 478474038]
[717970564 496437419 1013273680 974396075 503437028 325697828 22138686 129826836 1020760860 874113574 940507931 184499969 824783385 858918344 450991994 569133552 767658702 216464759]
[231973117 1010946062 602661577 808152211 1056049886 900328177 39274545 307425803 1024608256 765973519 322850442 882264990 381128389 42643114 371414119 523874406 1062539397 877258926]
[563182647 639634749 591987473 894935030 107643762 757165195 324833213 151017797 164605107 352473624 178883452 129344871 764020982 866352638 444651832 648850941 72859806 945788713]
[101437569 472824320 839775431 549184262 238403451 364927384 344443271 782933010 790972732 175528904 352696346 10983944 850994134 318655165 546347867 70067368 556917930 316360537]
[122159103 971662506 363262935 449345461 834078398 828527328 448254408 358200607 438205324 737666878 27567813 946866506 871812629 542598199 875097454 827987062 1056078925 606842914]
[100456868 220842644 642381992 562161168 471837432 163322003 170555566 538813744 477249647 439229673 731188938 781021135 238445642 429460200 701031462 826896328 689937882 379889162]
[6873835 770876162 647000699 676001700 382642918 232454111 313993150 629475388 1010365311 402959804 574127031 519088689 741663072 608140024 390571656 550155040 766178848 780892225]
[145641404 38468766 82889599 133198369 96487603 986899438 985250535 306617055 712015453 385529123 893600861 100857772 227173335 330713289 187214362 896601390 223500054 674180566]
[92217434 486212311 593299890 557056059 708160133 160429580 91931702 1042006583 110308460 602919952 66547618 200790864 647395390 448765860 24677472 114971239 737502291 331477014]
]