[[640091093 772037660 564829475 320445509 972057732 775200347 507474306 431817884 930603601 1065703895 923686747 32301363 681574841 743727982 236598536 938732060 255295173 451124985]
[542897544 155868176 230913400 669144102 117547031 451453446 464239385 947470803 470527320 537018934 298822847 689986531 652635256 558828900 927866641 133053934 606735015 745352483]
[991719603 828084191 127382463 308723850 750202156 982002680 488721274 320861915 551833580 145597768 111292510 680859274 362847383 420810795 410031018 299086335 485603905 323935977]
[708241330 262048417 658618570 900842119 580686821 170994262 216513004 1028178781 1038700059 476145069 576618596 406464701 891923020 103892106 207705344 700406210 434823535 1072427543]
[274729932 204109236 776133859 58184104 640696545 570793763 728757433 862576439 965641499 243375136 764773130 847976927 393548605 423754666 605020890 848006703 101690360 200281147]
[451451326 194159140 209358015 551318715 409246915 982984262 745042590 71741117 223979947 915118170 77170529 621472292 523719038 831669423 347630587 642790759 567592049 258120460]
[795835543 444324653 48547448 379542943 148963331 106616845 613548442 675890441 688736767 692002369 815806342 613207270 565774258 1022709304 95635668 564307351 426931302 935260875]
[431207458 83608180 348387064 1030996706 834223824 812147802 61348681 755192805 623675943 1025465873 93731085 402528614 781922494 469245775 352397769 796427674 963202861 448425408]
[1026990960 742907183 14435123 339432857 165348010 444970395 1062731069 1069601593 599361059 186018314 923578271 836786000 643568257 323020094 729242187 307718869 228485305 1066838736]
[993092338 516059799 368570930 1029070325 727009780 317696020 905260384 307170185 1068177959 882746697 885853627 300282239 741155328 400696498 737237786 5790366 536437782 1002181630]
[101551048 985234182 327306826 1051216990 625629339 734730233 256045636 639793181 463805977 1046741128 797743642 143054870 342841279 500530125 309362849 245420824 921909263 534415474]
[336943965 185382091 800498048 39544490 602213242 86616713 746420509 184810531 211424261 1043548522 993274550 979502426 519221469 686754078 723576371 64768682 606487164 557514477]
[777181681 539855281 757581262 660146321 206228826 416925710 1028353242 588612597 198656728 284993279 164030859 988941547 954412064 966539541 266006709 392793118 202674559 118970486]
[34122536 157263844 182242828 71943065 424716183 761375244 53982574 191122540 1000710606 20845956 53443575 485909856 66083525 70037036 1046123852 993311657 306967889 1000434942]
[208169057 163418964 728745780 712540280 289701398 504261107 43051781 334521209 297386957 994836057 834711615 1016157159 565118738 542894323 374002316 763163022 464964173 497017856]
[392576180 457437325 990574993 1069078545 651008483 630220661 272151112 83868108 388651687 319260445 84538757 332565929 788293309 277265263 69378112 540481134 176884056 383059182]
[870718180 400602742 333519174 428204592 10564206 244317587 395459493 390010492 1023802471 745318393 387391611 930128210 257608181 165682457 348874961 292723476 315589007 401120061]
[235636248 278736837 960220269 1047649314 347541273 549845964 222985105 1057241836 159983119 186117157 639471660 277263599 205035910 507492064 530830935 623798817 697947724 1059540625]
]