[[397392404 370467010 543948084 222785227 928704923 399409069 908345120 155152816 721456536 778605598 270583724 726578735 475115597 422272545 319145544 357899985 1049329195 354248464]
[624125307 515981161 266500049 773383851 908383995 691303698 573869836 695637489 753094423 1044418051 990641470 847622290 767339370 499780376 569675857 63772768 839038458 368367202]
[704838925 790104892 156550988 554347837 513528525 1027795285 672350330 166375964 531380875 184421076 1031524166 707873652 1000041465 291671653 908916869 617239769 697583831 263853261]
[803022125 558331950 167796939 448717375 54997840 598803990 226797817 450819214 378638748 976439271 746169580 114898196 571246693 815079066 758881885 589015824 873261511 179897554]
[1031247319 830420522 874350296 1062985972 384610613 639417084 1041228600 454727597 1000075376 535612507 441704183 315530256 467940441 154542177 540480111 677559707 1020346180 306974933]
[880106701 655676537 941260348 1025279793 233973136 980029589 315422210 664780973 541763046 737623805 1018949389 277746614 191306545 181532272 791402038 438885145 992941589 133729127]
[492406645 11342183 325206264 7849899 569763483 940182941 495344811 1072421458 669041983 711843861 823466396 517593519 895875164 61026886 745682822 973109609 607366904 646949699]
[634885658 966476057 625924809 202759030 818109699 972847169 112746380 847288584 349070715 321301745 618965468 619004503 296929178 320242790 839822994 811851609 608628500 194870461]
[329713308 650475048 394039755 360590598 806058513 644813455 19198655 793661600 842153220 431328482 279516599 217647026 781050798 405536806 367581463 1072524530 886231140 420359437]
[152388198 325168712 206166140 246097393 663117819 701055041 230948403 308859914 590884450 238017938 323041976 930587913 564951547 843210121 340284418 856479543 906384153 447836181]
[505778984 865122801 960612361 51970243 741561487 337353154 1052333732 998022395 485720345 548750882 875708950 636383828 588588372 247483949 204715682 248676649 376878498 251878031]
[459163816 987399037 984486004 746203210 428199110 177875317 66084971 109149281 940688094 768596207 554115235 8236695 746361865 176653825 1071481154 592440285 700491935 850823836]
[664818152 363800652 1054621555 183940405 942499013 56617480 1022811628 528861426 948978174 649868309 678762371 420760332 304771244 1026543330 433269829 833860310 452909843 124485714]
[247696283 449860813 266832593 644180121 360578038 753797004 556221599 415153535 337160645 753409902 925398292 941632797 810956420 783862074 1018932386 1057134663 429236431 683213102]
[867991667 24104213 770053038 200483857 697252800 316891389 624364865 688885407 785189236 560480883 977518807 798153358 739174786 573147928 509290093 460454147 30396433 140808993]
[203621997 797455868 77093912 1026388286 40778455 629283891 409436279 382920704 461991918 991267637 630344346 1025768036 34542445 1007527213 450738625 746390659 568876100 458806984]
[717091707 944940744 957936002 863017862 252531118 356661002 376829764 906960818 462073984 654199844 637301736 146318078 1019421560 539741367 348344026 893745613 65512667 965345245]
[634146833 332060318 324781065 213414821 991607970 86731101 559445899 705092862 621677060 962336128 612543130 528844428 183223980 698175918 1032059680 733939604 903160496 374965413]
]