[[104884966 829584088 1033737655 953161999 522661313 411776655 227067490 474163466 927599471 312605362 1034211835 587925801 872379154 164149694 469092194 126023938 163205513 594793154]
[205949458 874353763 67417887 187237120 165403010 52605079 936521437 183792176 615208059 819712076 538933858 286735248 97539041 721315539 221280094 1073350792 48785783 362595872]
[35948507 38521052 1017172794 191910931 498162776 689747224 1006192327 579349471 988370251 402968681 1008647544 456465811 55529615 109997860 376437276 45568445 882959813 55035003]
[994793245 605599706 907608875 479278722 848846469 80251561 425262223 220958407 650233344 107668529 959254104 975333265 974800115 816397083 234594018 569651638 82441148 392619023]
[492313300 794087609 11263464 873541968 112195518 541760310 56921009 455013673 489410863 170726396 85812238 328063201 554671822 168943995 1047507675 941096908 542916568 199343200]
[473440077 990979221 921807153 266025331 914341860 191351131 880705801 616591526 912803779 1065843813 493870738 474891674 514419493 112545649 246640113 177189354 101797216 65763365]
[1008297999 1023938632 338545607 833756045 824536814 17024630 57359082 229203428 866098279 977834478 1003135543 443702753 1069596044 635052138 974368329 132426581 785007570 532192579]
[699508852 942493104 34246680 1028565216 700882838 389608483 470568098 637746798 345686293 236436141 204021934 696657262 357119902 282889812 1024411939 120077820 470076549 651921719]
[240872811 892424228 364715411 678228125 766849480 260721279 160220311 984021145 602049648 1046440045 1002037363 9836078 144651572 151566273 931592684 980609722 1047129981 760490547]
[266016138 554206834 736103393 753886162 869151997 35773792 638317870 372149403 843833868 187100043 492135508 392620620 329291983 67693442 532476075 162311198 965365233 198341347]
[476227804 516188681 839256731 508126530 790268164 1047906845 151491945 745661660 647086465 942737729 437465720 289558542 234484200 167274396 597054750 88224853 707289767 939153696]
[705627924 315343861 846582834 597507363 981518778 955910088 717855308 78378012 304866063 444610669 146374563 170920804 180337509 294885775 34864770 103179077 666516603 798123838]
[497265989 255635471 669165457 978656357 979667661 563666996 1068704341 1059420177 852204077 1051073933 219166775 452045431 472906085 1012710205 960429953 756810481 669758884 985755110]
[599228319 853010174 544865239 630610979 886341056 715292528 927945659 994347796 725738845 923091099 302747119 1030789675 597404108 304973319 506664125 45080041 385826021 1041018295]
[419776321 2602519 705714412 329793178 374733706 151147911 250495745 202717311 839324322 194101035 774159628 259501132 720885809 374543184 1022755810 991388516 603935804 930958733]
[453157828 1025062986 312725654 510403022 263164407 809881653 514149793 338931853 1067308410 1026429624 137173053 365639544 34197916 395519369 495156656 967461817 552641225 1063876984]
[882098829 733192925 1010003490 381378986 460413516 663145893 762780999 867962671 875644539 20055056 121347540 717292925 247932777 969082350 1012802096 601194113 105545820 636986954]
[64423153 739561302 408735044 888722621 916424820 179689572 997749380 504519615 479355844 243394778 246793604 816652725 652582090 327464056 732580648 407045103 938269223 129961220]
]