[[519552762 918540608 1063252302 778157123 370690868 614916048 409235938 227268025 615006019 538645202 316479549 126560005 791350034 941185280 114116856 498498893 1005779301 522394748]
[761434540 294269515 930524329 694218814 45092970 331200454 102704078 34036749 819911836 224254362 335721308 202607817 351007140 49193397 383439313 111660771 937520647 431120798]
[884464980 884705297 570509282 153161178 378764807 530661173 804439199 571125577 374436987 409218238 384417528 855999043 617252190 608535617 576446059 342867312 437187542 769384204]
[537123722 75341279 756991679 203748058 653242730 100535408 219893821 984361320 268312432 538706778 939010307 837942926 801190985 678168983 399865473 1073512846 786860792 270193281]
[446613288 457382690 960284231 401857417 191127195 643777330 716676221 635896442 347733243 134100459 516376457 245497031 889647971 799869217 597958427 79776835 506749733 478589718]
[204069072 212485799 303298814 33026921 503720032 919590772 879311120 64650419 432503563 919926474 780986954 436484634 981068907 980978389 977956881 262642284 575250324 659714954]
[608063388 561176898 786909901 264022682 1064216281 151014032 644506937 673213816 241658700 210555220 793171391 739475519 205313769 874639120 756894315 723132798 72591534 870444212]
[419627764 383181357 954630930 323599411 755614177 973275304 698672029 585096955 704393084 375076469 894884093 676128651 379667576 338501396 676919226 1012293208 452758226 653697531]
[767128887 1070790122 500314317 891851362 935926577 429462541 222144688 164547997 697954459 447289772 1018132093 57599927 145985811 130797122 866020028 867943465 328451768 353574277]
[588762403 417738747 185197806 855280297 581022465 673446159 688373763 82582473 320544770 481708560 217392081 936700375 902230139 62205057 251612060 842550486 297165022 6581989]
[912216970 361432857 251223176 989627954 641139108 66714564 894932095 922307260 536878203 868405285 27505552 1035401495 83009784 302921929 107493382 628166929 246105071 207273708]
[450988973 964420983 620516065 613361917 562292019 691356184 417374354 237143851 58634620 97228928 246311634 968143623 525202586 859734351 1035218434 856922258 820585051 700278620]
[20484054 178882941 153700545 389912 716769412 137529208 498971752 1001035814 967183273 891442529 535951690 1033913459 501035724 8313711 850958233 36599596 573785331 869399646]
[913828169 304246443 536485026 414792510 889680501 437029723 684458244 503373232 622660662 584530826 250610957 3940714 1069999438 1048948493 246571080 447500842 590913246 577383223]
[34405232 113202423 1031527859 654182296 345998170 202889079 907061840 747171510 593998717 904473511 849370262 1016918633 965564990 419114919 571990439 213143287 744816946 1050949573]
[55856642 23462733 571977892 27470387 500562588 638687258 62035809 743054966 306678910 645960093 1019146499 711645518 673842727 1045024696 1006238191 263327901 280341819 823042626]
[516942058 161704741 512383047 45450812 705988470 713290897 444926365 535504797 882916426 134612671 949697308 905020812 15588738 1059753399 282761085 242316376 254091796 283100373]
[325071871 884743790 1054041809 756704392 553784385 805513381 888846101 980525445 428330056 492374238 43187615 750854812 308212197 802818875 83974319 262749089 834078465 142074303]
]