============================================================
APM Result
============================================================
Matrix file       : kernel_33_49.txt
Matrix size       : 34 x 34
Prime (mod p)     : 8589937303
PM block size     : 2 (fixed)
Deviation level   : 4
Minor size tested : 6 x 6
------------------------------------------------------------
Timing
------------------------------------------------------------
Matrix total time : 2258382.7190 ms  (2258.382719 s)
Minors tested     : 12521847360
Avg per minor     : 0.00018036 ms
------------------------------------------------------------
Zero Minors Found : 1
============================================================

Full matrix (34x34) mod 8589937303:
                0           1           2           3           4           5           6           7           8           9          10          11          12          13          14          15          16          17          18          19          20          21          22          23          24          25          26          27          28          29          30          31          32          33
      ----------- ----------- ----------- ----------- ----------- ----------- ----------- ----------- ----------- ----------- ----------- ----------- ----------- ----------- ----------- ----------- ----------- ----------- ----------- ----------- ----------- ----------- ----------- ----------- ----------- ----------- ----------- ----------- ----------- ----------- ----------- ----------- ----------- -----------
  0 | -1791976636 -1623365589  1613584865  1801505909 -1845643728   -88146988  1264435753 -1162687393 -1566611401  1729376551   801738621  1717115286   515884793 -1125282098 -1656376047   501009754    55385281   421545012  -936731836  -340879132  -971114318 -2107773787  -879580775  -522860835  1282652533 -1416285479   602333284 -1554526401  -817206259   306423356   106723213  1296962486   404693843  1125376544
  1 |   254103834 -1896173284    43910475  -600899507   351224749  1426757213   279069353   715353365  -977896956  1486266898  2086580076   734312203 -1322483816  2084393562 -2057387101 -1090514967  1239261629 -1134359403  1888953649  -840156417    61922918    -3997749  -968849054 -1948991795  1519084171  1667193477   843037283  -875367326   180733901 -1232562231 -2138050355   140404208  -438433422  -889351596
  2 | -1925855628  1579743221  -610714546  1187312603  -348569250 -1221351966 -2044431971 -1139455290  2099761138   844468892  1668852642  1993320213 -2091717369  1683953218  1455179868 -1860547102   123371411   -16057785  2034927608    26218307 -1089284345   694304840  1950674331  -559865043 -1074420015  1379194853  1818897344  -629649738  -760400618  1426682780   821286880  -275355872  1156516640 -1316178143
  3 |  1707483824  -549693355  1014735801  -733348242  1435257563   188891771   415728192   832343685 -1255889776  1515961691 -1481482888  -771672516  1158159923   305806101 -2142161139  2103344253    93683853  -279889312   372534748  -783547595  1528407576  -104005265  1661254993   181367258   218572680 -1872332452  -653862858   297692645   145514529   166380621 -1209721087 -1218051439  1909596012  2057000876
  4 | -1493991235  -449097942  2047652843  -535337460 -1396589092 -1194801125   362806316   543546168 -2137569293  1626264783  -679122713  1122967412 -1130010037  1577611892  -436770215   -61664749  1571573962 -1913891249  1375124397   -76981831  -961922772 -2049186991    83316877 -1632093844  -893487787  -226741901   915137785 -1785002348  2145428512  -652394214  1404533250  1186907651   664052871  -810490798
  5 |   550516959  1748034343 -1513961034  1357957487  -815319419     3806588  1381561944 -1722337950  1996647930   323416225  2130594133  1268758773 -1559375358  -273780641 -1928840614  2072461787  1284628429  1860571200 -1559005536  1322740228 -1455443441  2114579179 -1558501713  1212074701  -495880242  1190833965  -381959711   782268668   980318485  1703002539   485245110  -803137332  1373813190  1044462381
  6 |   -73370765 -2015191785   650914514   -94726974  -862678082   -94470955 -1430700268    45495552  -274166420  2001449192  1815297709  -180823261  -674877009  -232038483  1148910477  -801887454 -1668148841  -629036478 -1903486255  1095631692 -2124944660   736430370  1012540336   703939468   105172281  2042478982  1469428463  -717619012   253184925  2061514162  1872025315   124588298   960369832  1135130303
  7 | -1243178450  2129514729 -1121474067  1650439598   553030070 -1279986437 -1775801723   965439794   955958863  1806140769 -1396446075 -1884221419    -7330941   262603790   376873369  2016521912  -214747143  1304432241 -2064311880  -897921093 -1856395152   903721270  -802572913   995773352    23218009 -1648138216   774313699  2133463010  1389490847   206921842   147447864     8403814  1276392680  -321672060
  8 | -1771270193  -905196337 -1666916291 -1849501250 -1099472329 -1220912370 -1194739596  -447794366  1001170877  -674085811  1971849684  1699679348 -1108194803 -1070392703   261489692  -323594241  -230475330  -196422085 -1279033431  -670227963   127266863  -111167489  2120808855    75721697  -639594122  -990644707 -2038862428   387851343 -1853049623  1046875443  1823542439  1478408216 -1419499961   738835786
  9 |  -341591844 -1942528585  -634873706 -1083388698  -167583337 -1549640493  1725882397  -696064434  1457796386  1810755482  -335797970  1285423732  -717226376  -143760532  -486345489  -234018549  1162007572  -349549119 -2106286706  2121295617   754256121 -1827035237  1733127061 -1511047564  -689755165 -1331401315  -252300728  1148447850   291119829 -1132496482  1083116521   839924286  -962559117 -1091103660
 10 |  1067789284   714892494 -1801643849   547955644   681648313   417839420 -2040918850 -1172490275  1151175598 -2065059221   980501301 -1165756702  1531390820  1069798881  1172291575  -571459247   138107463 -1033382297  -928333776   149209465    66000287 -1003123714  -502638573   250056578   570300721  1763966969   326939512   944115632 -2097478635 -1054403784  -751725402  1047869818 -1157703963  1174596114
 11 | -1746204073   230275845  -999383231 -1430400352    94739002   808598732  -772534866   286508117  1761329403  1198793234 -2006317480   211790405 -1899758953  1374572578 -1610463881  2121767619   -49218930   887650388 -1309543010   -25824859  -934601217   177609993  1260107554 -1229705866  1257041561 -2136408442  -821389248 -1231215133  1825666564  1176825818  1408637720   582002321  1436502685 -1878153293
 12 |  -762464120 -1949916930   191340372  1283402600   902470612 -1136262456 -1181924051  -813725845  1330654896  1953678036  -142422921 -1731663592   -83537478  1321075737 -1642246827  -926225528   400145010  -159280641  1916337276  -173055014  1550073763  1167407548 -1353689852  1202542126   864563823   125780769   788289693   650575277   123962878  1909398890  2109515471   498071078 -2076028126  -938619374
 13 |  1150841253  -934768326  1845812497  -284342610 -1557519996 -1925726783 -1110047768  1116359327  1308007882   -22413693  -525700277  1942782107   -48390937  -647226058   842510938  -307258220   250799630    30651806 -1022327644   198993148 -1936591331 -2018356059   982202698  -409765780  1665293995  1948460144   486502585    69207270   522532575  1024778615  1991003862 -1582087205  1747310248  1382910150
 14 | -1351081579  -285575510  1990625971  -772511385  -749115599  -724967958 -1355784874    45352756 -1876165293  1956914147 -2093519935 -1910423779  -501400125   257242242  1203394297  1895879536  -147752787    62500238  2002888252   815569283 -1228506085  1444440489  -637482281  2067837076   261195964 -1488906012   979735229   642856047 -1970525866  -787347871 -1542050672  2014566572 -1878166568  1156582016
 15 |  -308609082  -326424800  1058065812  -863831917   635132519   744485952  2115779406  -687127346 -1392478793  -822844423   613365823  -615954835   450132370  1668484017  1075878521  1205888368 -1507673645 -1848362930 -1614986180  -570337555   901362246  -924388513 -1096073616 -1597402460  -112146375  1580353400  1372224893 -1572753493  -508638386 -1776861316  2017092108  -159252332  1259397124   304031203
 16 |  1454970988  -123241502   486463563  -494008774   186587647   775588142  -395053205  1745510536  -822496770  1429677913 -1871869884  1769365604 -1135560867  -233040546   272428509  -346245381   886578660 -1278493899  -650422628   300546826  1393832022   503175026 -1994052117  -178869104  -694334536   430847440  1459445336 -1562513318 -1111692472   321562551   313846234  -880229446 -1452852651 -1145324649
 17 |  2089242584 -1036819262  1137273680  -426974404 -1825649755    53131220  1752743124  1614291007  1995408894   693510080  1486315318  2011997386   546196670  -303469175  1708771685   927866078  -849778477 -2023163839  1245556840  1767673775 -1102051512 -1789161329  1738743357  1134672129   987195724 -1014818027  -343180676   502561262 -1640411564   355134267 -1725695379   838118607 -1045380554  1440976609
 18 |  1732849131  1856076563  1288588463   707163424  1447518686  -173188004  1032825707  -593689534 -1618531039   -39909055   -61483543 -1275149782  1521463028 -1258584633  2048733569  1247149008  -769136487  1505207043   271871188  -537691291  -830911407  2072949269   -64932656 -1297350291   302988725  -532557305   324229857  1781958099  -827127652   814295418  1013157378 -2116839571  -228499060 -1184517110
 19 |   179478189  1549475388  -959503510  1858881248  1216066761  1132966739  1231684455  -605024052 -1913381437    -4419705  1122190445  1609276488   407748539  -305874060   812196270  -819568768 -1774658686  -564163102 -2101377076   816914553 -1482659661   940138645  1016420166   932302623   616963137   839560975  1813528995 -1950696478   320717038 -1638961119   984366221   391406245   177499044   599166251
 20 | -1078733480  -552476343 -2115255901  1712768231 -1161243930  1468200993 -2104467271   710383844   211178994   888468885   722311983   771010334  1542105383   443634193   296003461 -1049350633  -356872441   621684875  1333336323   800334790    43827985 -1993982343 -1787918729   317004765  -578704765  -890438417   291205791  2122089376   559096651   975672500   874097618  1179001458  -479658491  2107751996
 21 | -1265979543  1538351007   166466619  1720024788   520012602  -484768183   522908398  -209506230  -778914963 -1361904739   181603219  -869495755  -164016495  1618108896 -1668912979  1444272924 -1344675056  -757315573  -706799668   536453990 -1210877911  -143518742 -2084777892   716643671   819444635   379588611 -1314479725  2023819020  -440390519   242596781 -1142551494 -1715705440  -104601242  1513240028
 22 | -2125715457  1721956004  1902684180  1626220140 -1880211618  1545601372  -636642513  1757225554  -835468209    34848107   539756690  -112999981 -1854613764   417972922   931139579   495041864  1552002198   202230772   106015673  -998403437  -924310970  1664624922    36887936  1798605855 -1574636785   262968775   176996246  1178053364 -1444509993   261638780   858427614   657056548 -1799186712 -1420844549
 23 |  1982970429  -252120576 -1383696808 -1922044812  1024982214  1018352339  -901100250  -939286449  -377412423   384671782  1168999311  -223454889 -1095414939  -348224770   903573470  1378480882  1593489898   972899784   442810066 -1316873398  1256570265   974375686 -1890964805  1720681765 -1246852779  -236514686   839591585   788904844  1739349980  -849236195 -1469431933 -1200002001  -735786561 -1937891072
 24 |   179700837   -70702947 -1530895307   786859178  1301871879  -735714193  1955622612 -1763156323  -265239215   764142895  1123858130   445935324 -1234414464  1095416794  1323892818  -604791538 -1500347321   680539438  2103288512  1806545237  -116553896   220063043  -610425617 -1580455862  -755704921  -696484452 -1397132595 -1288681137  -394360319  1713361690   239836607  -791513475  -841222377   605674957
 25 | -1440251271   152363110  -134922504  -263403600 -1687884603 -1520415994  -372218755  1108897188  -394363172 -1144237604 -2077389379  -548302291 -1464584071  -417730486 -1682201124 -1824764623   281525629   955597645   535138670 -1676223328  1696485701  -720447780   899236353   307135866   803551043 -1557227235 -1468616556    83553397 -1990700209   177924841  -527995293  1459533502  1721988868   305257815
 26 |  -737178642  1659274149   180795094 -1464190079 -1516285227    68938356  2121943678  1445177120  1509464107  1314820723  2068026926  1968182950 -1728076727 -1760741423  -887111851  2046712199 -1273774942  2099048528  1238381327  -731465244  1471405679 -1697951174  1088089012  1585173378  1007305815   775160001 -1942806352  -264133449  1563376257   560067409   354727988   418113463 -1634484934   926095740
 27 |  -906646028 -1458104149    16077819 -1828891731 -1369891970   414595385 -1229650352   747586417  -294151734  1314554068  1473845700 -1347195871  -540186439 -1562584622 -1605319449  1908019755 -2057322909  -488798845   640273248   557862840 -1385051173    -7994401 -1517346252 -1484264116  1073313879  -863837057 -1537576928 -1316968240  -282678802 -1499524394   357951100 -1303025995  -315127341 -1928984046
 28 | -1702514052  -742770458  1951493160   102648621  -469911640   285295929   629263290  1908290632   -72091801  -734693581 -1208057800   885368345   -82034854   989890225  1942517691  1755455254  1324520149 -1811813894  -568234164 -1797683151  1508800730  2122473517 -2107474877 -1585142776  1880463235  1270839904 -1072860967 -2115836206  1045204997 -1834413768 -1128456273  1767163586 -1722637211  -377860595
 29 |  1417285260 -1051484153   731545120 -1901481760  -581134105  1375377731  1053595090   -88320011  -364542376  1733185209  -954714093  -450077882    -4692158 -2112043042  1054542905  -727695597 -1908029269   704444388  -388965373  1297952860  1053902019  -741392983  1867740216  -658429812  1625828744   457174117   526975686  1872753045  1529873285   138496456   858603421  -927972570  2104899891  1084744329
 30 |  -514108522 -1528833401   776760774 -1229382777  1971424273    61362551 -1266143038   260959475 -1698391789   -95853851  -154252040 -1107489168  1685182968 -1725038377  -185778293 -1505699975 -1591521840   952132718 -1889723312   487851611  2004292849 -1842185368  1499054169  1426717044  2113688183 -1566471169 -1578466514 -1036240728   933168098 -1534387920  1701902368   439715460  -358283663 -1452015363
 31 |   562534624 -1526427321   -83806959    97200472  1707916276  1665454518  1523754695 -1316402868 -1270114867 -1126423333  1704743349 -1474841521   613253675  2025838835  -158831183 -1627057863  -522579678   169985847  1693893150   452571434 -1758372228  1997927302  -493960523 -1613548494 -1541040474  -436883086   -96403918  1522936925  1068472020  -505461495  1760645541   549804823   781629508    56262253
 32 |   306419791   462814986   776217239   733453292  1747734895  1997772084 -1012063533  -750689699   323179090  -196589122  -846431497 -1343148115   802282657 -1377541464   233411033  -299744609  2105231251  1061978156 -1975130614   922053177 -1893437644 -1942383597  -416228004  -997017783  1512416370 -1234852107  1073056301  1747823333   573222244  -822709129 -1330813005 -1172085157  1078611809   128794851
 33 | -1218097942  -968473710   959747483  2128861053 -1637674763  1761138158  1959934679 -1153930765 -1853980728  -961999705  -582602499  -761136773  1093769817  -197973436  1328204262  -626268461 -1479906855   458903838 -1238776710  -127853386  -461941844 -1042851614 -1908083061   137848426 -2067706720   246937488   732412741   917338312 -1908797561  -113305628  1678305602  -755747790  1447135670   635938186

--- Zero Minor #1 ---
  Minor size (k)   : 6
  Deviation        : 4
  Principal block s: 9  (indices {9, 10})
  Row indices [6]  : 3 8 9 10 20 23
  Col indices [6]  : 6 9 10 11 26 27
  Time found       : 2258324.5742 ms  (since matrix start)
  Minors tested    : 12521847360  (tested before finding this zero)

  Principal 2x2 block (s=9, rows/cols {9,10}):
    [  1810755482   -335797970 ]
    [ -2065059221    980501301 ]

  Extracted 6x6 submatrix  (det mod p = 0):
                  6            9*          10*          11           26           27 
        ------------ ------------ ------------ ------------ ------------ ------------
    3  |   415728192   1515961691  -1481482888   -771672516   -653862858    297692645 
    8  | -1194739596   -674085811   1971849684   1699679348  -2038862428    387851343 
    9* |  1725882397 [ 1810755482][ -335797970]  1285423732   -252300728   1148447850 
   10* | -2040918850 [-2065059221][  980501301] -1165756702    326939512    944115632 
   20  | -2104467271    888468885    722311983    771010334    291205791   2122089376 
   23  |  -901100250    384671782   1168999311   -223454889    839591585    788904844 

