============================================================
APM Result
============================================================
Matrix file       : kernel_33_35.txt
Matrix size       : 34 x 34
Prime (mod p)     : 8589937303
PM block size     : 2 (fixed)
Deviation level   : 4
Minor size tested : 6 x 6
------------------------------------------------------------
Timing
------------------------------------------------------------
Matrix total time : 3328529.9092 ms  (3328.529909 s)
Minors tested     : 18398286720
Avg per minor     : 0.00018092 ms
------------------------------------------------------------
Zero Minors Found : 1
============================================================

Full matrix (34x34) mod 8589937303:
                0           1           2           3           4           5           6           7           8           9          10          11          12          13          14          15          16          17          18          19          20          21          22          23          24          25          26          27          28          29          30          31          32          33
      ----------- ----------- ----------- ----------- ----------- ----------- ----------- ----------- ----------- ----------- ----------- ----------- ----------- ----------- ----------- ----------- ----------- ----------- ----------- ----------- ----------- ----------- ----------- ----------- ----------- ----------- ----------- ----------- ----------- ----------- ----------- ----------- ----------- -----------
  0 |  1774603661   -39688864   412277776  1295929520  1748410641  1227478057  1492102118  -944789671  -706439568  -867375028  1871865920  -902002767  -821175122   583797637   746894367 -1620486518  2043636966  -963681951  -659893659  -699697613  -641883425   133983423  -180147505   427015209  1593610642 -1558189683  1877729472  1413019926 -1019164691  -947358759 -1896046785  -211522220 -1024227467 -1008590695
  1 |  1476283853  -295812726  1906336305   734637948  1231766619   969899851   562961290  1404882914  -299058624   366748786  -335824752  -615627136  -270262460   581424889   779089026 -1053197878  -660545641  -983860612  1985454270  1669449531  -238861486   498475096  -692183470  1992956577 -1112207084  1094483364 -1813475061 -1517205138  -878843157 -2045488336  1525572594 -1055242153  1234213385  -302667307
  2 |  -406180425  1712102914 -1462641118 -1540392146  -132859852  1617189008  1189145654   520886829 -1111970289  1874501797 -2012995680 -1424519275  -221397832   621237054  -478402976  1077333200 -1059621352 -1526230758 -1546403669 -1134272134  1172214457  -486454816  -718097670  1144380246  1958651893  1986935242  1866826636  -760234463  1762688778  2057720458 -1464509488   298965787   229157993  1777299948
  3 | -1346321946  -585000652   256330694   542126338 -1947874109  -583704967 -1606073756  1553492040 -1757340677  -203272275  1751320533 -1623726758 -1686048597   427995736  -703788835  -686490103  -646563437 -1711237229 -1852526463   458810014  -260984179  -999748468 -1333245523  2053041803 -1016504630 -1902462199  -844430010  1389301780   999499414  -797804292   867951352 -1879368171 -1661176840  1206737166
  4 | -1579313173 -1785594779 -1728366543   612586299 -1380014506  1960110109   265725360 -1248501191   107198132  -873051773  2097552011   -29758993 -1792217568   978761735  1453580199 -1465779750  -128846152  1594548351  2075835669  1630329550  1278900900  1781917816  -200410539 -2046153908  1599890027 -1936565794   746896233 -1960327435   409598319   920944336 -1028244999  1856968859  -714740081  1927525973
  5 |   180369078 -1398863475  1723296832  -667079120  -783388783   760927774 -1109397955 -1458035984 -2071414628  1555580577  1836311493  -797748621    45354761   363195428  -548152176  -218512487  1695243519  1792543868  -759945248 -2033120587   837530496   738153059  1181695272   251627296 -1567869961  -802507084  -311322897  1736473797   534477775  1870443800  -589129295 -1446092145  1370885810  -745054985
  6 |   -37444093  -145281937  1316300837  1977782514  1097566872  2089389258 -1674136321 -1297867611  1229342979 -1436612416 -1426282069  1500687657 -1265422549  -740665841  -260397059  -134612012  -102859320   614831718  -930821336    -9738204  1719015789 -1074240393 -1335862497 -1276409271  -743672230  -489959338  -348173859  -873166614 -1756524924 -1992776853 -1765801291  1480573216  1444151255  1740882415
  7 | -1743757529  -429868024 -1543877286 -1577900965 -1127888408 -1130092613  1326374319  -374345450  1332135736  1838082993   569103201 -1871907762  1396286561  -178533275  -244288412  1903589888   607713176   410260343  -460477138 -1204687214  -792381288   635924710   243073368   956708294  1784869010   899690172  1265683436   620820913   223128405 -1534389376  -918696361  -620732653  1916521287   947998766
  8 |   153687310  -897551798  1664000460  -118396794  1552823030  -820499610  1572652620 -2073122418 -2037944026 -1802166963 -1733662621   345367225 -1873715969   916429673  2146556458  1737725560  1973854248 -1877325925  -131601195  -210427220   664436392   -12931366 -1460150419 -1766303739 -1467126681   436045109  -561644392  1457716781 -1827749713  1075440582 -2066672153 -1426071501 -1439909663   360646915
  9 | -1101348115 -2125743339 -1264870233  -248965190  1853518987   371343330 -1731207452  2042515066 -1066081841   437603904  -538729330   -38427060  -759637453  1458889098  -704615483  1217003877 -2063819812  1555807637  1830487351    80354940  -506945558  1974718645  -983173124  1558106097  -962224070 -1508819123 -1548523647  -376697504 -1477071061 -1030956614  1561460028   257376939  -786732425  -119927139
 10 |   754222629 -1269031025 -1517563932  -110674773  -258476010  1713976309   626433970  1929455840  -489401491  -235520521  1622049954   740809699  2109071950  1976679017 -1964995642  -217031690  1866536491   286750292 -1134928237 -1834129776  -470320704  -974369731 -1903495261  -261555777  -855095593  1259769692   950071981  1069524795  1385881401  -547444373   396245638   385794638 -1596709595  1297924250
 11 |  1556394558 -2038404439  1983723223   731331347  1081408326    10290153  1364707159  -839686394  -922650140  1984105714  1615063242   154529601 -1419606739   910411351   776456446  1439455081 -1101147704   317377053 -1517239571   283914740 -1304424832  -938521745   438807107  1642340940   756314631   297556355  -199035624  -511465384   566007177   936959300  1795294306  -415819033  1666502877  -999394120
 12 | -1965965164 -1241568371  1323393317 -1833089329   917624292 -1865054729   265514758   465469457  1830693973  -516851896  -192598466   884373737  1870229486 -1811610658   626151759    30898476 -1133154658  1527798432 -1114507176 -1529386734    86103685   738611067  -682464169  -753970020 -1187647541 -1770791096   937085419   901759482  1509664922 -2010082700   346624381  1568677962  -247701511 -1322727149
 13 | -1248721720  2114818066    12049810 -1054035335  -113074080   673636791  -964756276 -1129594331  1057173482  -140147863 -1927389653  -981658660  -581449515   484220263   422702812  1227291252  -487450460 -1067836524  1640609085  1943736188  1747637484 -1740488972  1654836510 -1885010344   803229850   978804316 -1278868278  1075543253  -853898137  -115381370   310244607   992102678    36751960  1913686813
 14 | -1676992115  2041501473  1911116824   302062185  1650669824  -351589413  -870066559 -1322852281  1512713979  -317556085 -1655434152 -2142020916  1029135168 -1272831024   894727970  2091966280 -1278281906 -1955226631 -1725013564   662140741   829893238   653374788  1739306692   259544598 -1940166733 -1493447248   428665596  1473422493  -644104752   126136127 -1429145348  -845502857  1644653301 -1971675261
 15 |  1507273685  2051550223   906597284  1229885956   568625673  1657378285  1729203982     8825497 -1287660858  2131033299  1803787815   834496424 -2103945798  1636501122  2130174996  -520657886  1696686707 -1951011467   648331927   639006481 -1770147617    39467624   110099132 -1666797936 -1352361561  -341130351  1317164828  -140510756 -1933238198   -10299202 -1984240439 -1237754357  -891512085  -756233890
 16 |   206038592 -1682621029  -561415751 -1233383090 -1774364801  -672162214  -217450353   871757812   553909540   625018492  1649438484 -1139879018 -1003257406  -757854544 -1704286639 -1482773763  -464876309  1234025329   172826016  1593636550  -519736678 -2039680616 -1049792371 -1374078857  1434926574 -1402669449   221055356   400816168  -537895517  1074473648 -1868511999 -1057010449 -1672877236  -963035796
 17 |   990491185  1586325993  -366817012 -1997601254   759856516  -969065257  1615164896  -491874100  -539109759   195962049 -2050899667   373327875  -454330906 -1941150189 -1699106469 -2009844237   866794577  1788357894  -280042677    -3663214  2106667355 -1682966348   137441044   171055334 -1178577495   -77949145  1122499978  1991494358   219409013  -868176289  1297319071 -1125548630 -1799500931 -1160026971
 18 |  1083240504   466603110 -1850758458  1930189950   801615258    53994965  -895102817   202233310  1933407393  1863786589   313464576   786715993 -1089291160  -127999318   193866776  1891534527 -1865736871  1117535918 -1933445295  1113526191 -2072625345   264740835  2045780914  -933876817 -1136117534  1944523981  -249133686  1491984032  2072633582  1726300671  2069867564 -1923380415  1798656356  -414031007
 19 |   442914441  1986839237  -942152601 -1956683212 -1616004129  1258765793  1114078018   556586360   514526095  1271550840     6017092 -1714681400  -524716239 -1051909892 -1954605610   507015412   139325767  1996523599  1877562976 -1906274858  -759047250   885797053 -1186086183 -1317256112 -2088424076 -1360531414  -622137525  -313938477  1005061613  2019759895  -168053053  -873060198 -1578232188 -1574805985
 20 |  -612981106  2126532074  -241245342   974627000  -843813206 -1505307022  1613425554  1797516986  1160317439  1490920966 -2114646518   727793576  1179265877 -1011124450  1632383432  1469890143  -515646290 -1680018046  -877739884  1238274998  1958605713  2134077838  1598506213   344093599  -732214501 -1088357069   140970171  1400198832   -80068377  2011831638  1771145651   619347322 -1345094424 -1885848813
 21 |   270370219 -1382215669   655770856  1317359872   555472701 -1118810833 -1437608345  1140905830 -1218764592  1314657235    -1484322  1801234824  -758577195  -622879474 -1260949420  -348690879  2134526127  1490488247  1991411050 -1284408463 -1910717340  1657511180 -2111526264   323436398  1645478361   982102021  1419899409 -1336103651  -174329361   296223182   -42172499  1061309966  1376006780  2143300779
 22 |   836883516  1775455973   750883155  1885494706 -1931207171 -2110586427  -781866416  1856873105 -1712831495  -879547516  1713318090 -1729162290  1924115219 -1562893814   123073149  -985669069  -517848942   109218224    83859913  1144742328   948778391   245085917 -1446503992   299751895 -1553541107 -1478919929 -1660143498  1847692054 -2022035428  1973401818 -1015425065    30583573  -851121629 -1657493765
 23 |  -677688449   944750386  -641856833  -758062032   567345414 -1982001112  -909221648  1258483491   203651729 -1432811646  1661282348  -148059966  1112480256  1168504635 -1816878687   729587010 -2075768407 -2108859136  -451169585  1447022856   238673754  1659224327  -864366742  -265065032   771126746  -876799928  -979460854  -794866457   241186701 -1226842611  -217194509  -117025232  -937764198 -2137946485
 24 |   726432089    95680828 -1245112890  -136784215 -1731883133  -783875453   755345680  1306109638 -1611314377  -805095986  1496444977 -1334693431 -1069552294  1386439296 -1242288392 -1904922102   -27895218  -709534183 -1759794376 -1627963594  -189666755  1477755348   880149679  -639206951 -1186313930   521189767  1820509375 -2059661981  1141173085  1561837557  -799880324 -1053611521  1310849039   -30070499
 25 | -1556352350  -446643310 -1467882831   619034337  2126482108 -1802795448   930651594  1278442265  1874875600   460903059 -1132098233   149411681 -2130212380 -1139570869  -785459890  -143630351   428728279  -738238264   -79650396  -564487651 -1741714787 -1020803756 -1411923976  -205517761 -1519090719  -699513543  -482744812   604242809  1538237169   593080108  1766757337 -2030313420  1223892253  1513716690
 26 |  1274347912   410086838  1440286256  1567718081  -273323875  -804761373 -1759714780 -1748365870   454773978 -1481711912  1491063338   -25288364   240777995  -904760338   110357923 -1238533513 -1770562197   686603483  1940769054  1915135027   -36529802  1754468489   159332428   634973207  1363999085  1408956055  1691401819  1795980831   398666521  2108082695 -1777505640  -364266379  -558789500  1539907265
 27 |  1861798779  -583302089  1694348610  1194419372  1903923852 -2134252482 -1435543531 -2087853506  -926838696 -1908526665 -1033548070   139682515 -1539551597 -2056254994 -1490272260  1365626819  1899260923 -1048614002  1457787154 -1696834396   557457994   180354558  2005455240  -188746102   393536783  -956241484  -476714932   595093035 -2117993657   387555330   710993197  1276057266  -858679705  -667864545
 28 | -1344979016   890938385  1885516771 -1736924733   675038245  -794329818   786123561  -630514697  1131164521  -142495122 -1531567799  -899834759   588089380 -1396389028   930726909  1896954619   625041787  1055592505   -96221602   287767916 -1664560506  -449069913  -288250864  1006224989 -1764351994  1378452111 -1113721763  -469857801   314665031 -1485121711  2032472355  1949601960  1603596786 -1330791228
 29 |  -236545140  1606087414  1321703762   834544890 -1432702988  -775352141   753607261  1690012661   881578606  1636870343  1808629960   177396960 -1828955102  2006283798 -1492003576 -1344084801  1235958006  -133816257  -909231198   168963179   -66158653  1957973299   567534212 -2072352460   254564580  -153896131   758901013   197920258  1793653272  2038884098   306759936   503950310 -2070213844    -2785315
 30 |  1959563731  -614833962   673193268   735205628   564501004 -2112193793  -593865209  -677145626  1749316175  -307116896   554082078  1053826034  -392968815   369949363 -1320934019  1250267785 -1848839474   -70253829 -1447608492  -926040612 -1104948454 -1210464425   925259193   396527818 -1141415174   257253902   957128919  1166367946  -593749957  -968679495  -455904050  2091634434  -312979059  1873534923
 31 |  -566109067 -1521682806 -1902541487  -232270224   363149346  -554721056   375932616   837655731   927182559 -1305954487  1726724913 -1985896405  1576510473  -945334041  -344259553   185224753  -151065626   519441937  -959863789 -1337163544  1421379015   415904740   -62075329  1972130945 -1768404232   141615774 -1044459287   957746401  1336285920  1024376409  -978328418 -2084216674   111919138  2064933143
 32 |   898270799  1443999914   804949846  -277203004   280389037  1882764397  -188631913  1257180235 -2060698664  1447443671   150131068   930555518  1235165087  -222696770  1607055163  -718012531  -727709124  1210574827   376920061   773633229  2116042172   791185141 -1762563915  1932861677  1085328329  1682297212   363751076 -2129097728  1840004428  1445793344 -1581863303   171985693   486488337    73801080
 33 |  -105384908  -839911851 -1967350196 -1295523950  -369160097  1462051024   414662993  2138976968 -1803224862 -1357429314  1039772304 -1314645590 -2094866277 -1127977068   471788463  1136453134    50572780  -423777799   886254638   672714136  1767290954   115427018  -775585427  -343119781  -160696045 -1090399318  1465534214  1965218469 -2134624898 -1638513264   180804539 -1891275272  1756742881 -2075301492

--- Zero Minor #1 ---
  Minor size (k)   : 6
  Deviation        : 4
  Principal block s: 14  (indices {14, 15})
  Row indices [6]  : 14 15 16 21 24 31
  Col indices [6]  : 0 14 15 28 30 33
  Time found       : 3328461.9961 ms  (since matrix start)
  Minors tested    : 18398286720  (tested before finding this zero)

  Principal 2x2 block (s=14, rows/cols {14,15}):
    [   894727970   2091966280 ]
    [  2130174996   -520657886 ]

  Extracted 6x6 submatrix  (det mod p = 0):
                  0           14*          15*          28           30           33 
        ------------ ------------ ------------ ------------ ------------ ------------
   14* | -1676992115 [  894727970][ 2091966280]  -644104752  -1429145348  -1971675261 
   15* |  1507273685 [ 2130174996][ -520657886] -1933238198  -1984240439   -756233890 
   16  |   206038592  -1704286639  -1482773763   -537895517  -1868511999   -963035796 
   21  |   270370219  -1260949420   -348690879   -174329361    -42172499   2143300779 
   24  |   726432089  -1242288392  -1904922102   1141173085   -799880324    -30070499 
   31  |  -566109067   -344259553    185224753   1336285920   -978328418   2064933143 

