============================================================
APM Result
============================================================
Matrix file       : kernel_33_16.txt
Matrix size       : 34 x 34
Prime (mod p)     : 8589937303
PM block size     : 2 (fixed)
Deviation level   : 4
Minor size tested : 6 x 6
------------------------------------------------------------
Timing
------------------------------------------------------------
Matrix total time : 1273011.7839 ms  (1273.011784 s)
Minors tested     : 7054776640
Avg per minor     : 0.00018045 ms
------------------------------------------------------------
Zero Minors Found : 1
============================================================

Full matrix (34x34) mod 8589937303:
                0           1           2           3           4           5           6           7           8           9          10          11          12          13          14          15          16          17          18          19          20          21          22          23          24          25          26          27          28          29          30          31          32          33
      ----------- ----------- ----------- ----------- ----------- ----------- ----------- ----------- ----------- ----------- ----------- ----------- ----------- ----------- ----------- ----------- ----------- ----------- ----------- ----------- ----------- ----------- ----------- ----------- ----------- ----------- ----------- ----------- ----------- ----------- ----------- ----------- ----------- -----------
  0 |   671071056  -138903913  1658816778 -1243178509  -693534330  -777447967   315009322   733563153  -908781798  1333269371  -500064192 -1406319491    17230592  1459645223  1181814781 -1159931278   489496406  -425486715  -204871399 -1115129390   -97727554    71713752 -1809193344 -1168710815  1808731492  2105185248 -1354571471  -594569650   510019915   174953889 -1173529397  1444346795 -1494034943 -1912507688
  1 |  1461678343  -577680097  -766049818   436741574  -411608715  1944158502  1525155945 -1013724235  2145453881  1160912717   882718167  -300172588   829007213  1252007905  1008043546 -2063396970  1667438831  -141872644 -1682285924  1542975802  -232826753   988949631  -339862523 -1214029799  1426724383  1626533396 -1485100681  -341601084   340046697   123303548   411563661    31984849  -299501143  -259497187
  2 |  2008887904  -783598403   642548962 -2083040611   657155722  -797751522 -2004964837  -383220066    16780726 -1341543285  -279329798 -1737610144 -2056272791    51854639  -983142274 -1140446822 -1461959926  -969226186    28862369  -822027577  -673187789  -446479405 -1158172752    33449593   446248092  -943923495  1647208297 -1461759010 -1025484640 -1638103736 -1451701552  -110411325 -1202214400  1122434397
  3 | -1735292154 -1175711035   793474841  1688468952  -985403275 -1402441678  -617382175  1558574031  1349965826   665183475  1467936803  1282632549  1228780825    -2889574 -1635441190 -1628931572  -760383568  -829397307  -302394413 -1199768488  1506463627   362496612 -1139580744   334825634   213276394  1315813518  2142940844  -469507050   468039960 -1736599034  1006895180  -349931125  -523964185   505342719
  4 |  -680977305  -786775864 -1097128577   -57619353  -938559406  1966642078  -534719417   570464029 -1669516902  1055697780 -1427833727 -1357368233 -1430211553 -1182358227  1419222146 -1857957799   579903439   842621094 -2026300361   -71920132 -2084090675  -533083326   -54578800  1601231790  1180711006 -1750734227 -1341882535  -842125632  1203982884   600746409 -1706558378  1125323075  1312928907  1237982137
  5 |  1716063532  -821055317  -482672041  -477864314 -1303992318  -860283048  2134189373  1629046001  -133346326  -583973443  -166986468  1650196173  1702541077   370397606 -2098553008  -408341661   816877316  -203750054 -1260654682  -405787780  1022994215 -1986141470  -655919787   -19124531 -1624559004   834372328  1303460802  -917825745   534299019  -840905450 -1842341035  1322786802  1148555473  1479342365
  6 |  -311353190  1867162231  -468400754  -210223013 -2123668256   496780711  1278800487  1449590453   779673532  -613698224   303878275 -1870107030  1522665394  1969051215  1238562520   -92235540  1513944518  1470135223   178956211  1520381080 -1741558658  -199829518 -1438031710  1596946231 -1741524863   166506463   843548749  -847087979  1556469050  1959559836   143319674  1133935099  1829070530   491715360
  7 |  -632126771  -224978297 -2070937716  1022067681 -1251977022 -1395119434  1552176219  1301547268  2010609950   421920001  1712234435  1417490753  1788349272 -1099342217  1577000072 -1293350071  1019140525  1823488688  -778336548 -1425251652   506129623  -149420371 -1260342191  1544046920  1774419975 -1657016188   839150213  1191874689   732966948 -1174165118   781625928   714972386    55756054   694146505
  8 |   852499670 -2093766603  1109864874 -1821126541   825495058  -473179761  -247634729  1877561953  1415894424 -1138606253  1347206929  1843102968  -937491488  1224507228 -1784374849  1336027564   117535834 -1498371422  -910340174  2077433947 -1707134492  1664180293 -1785773181   578952319  1785196072  -295108369  1227633908 -1874946219   283887055  1189768202 -1367211696  1276833382  -501736314   225240678
  9 |  1709113973  1523194393 -1979210336  1303413717  -847276841  1720876119  -790649579 -1634305044  -717884621    70607285   854121534  1785810971 -2055660009 -1768308907  1051764459   913544979   980432325  -741929916  -387242784  1319584678 -1944196732 -1383922007  1886983304 -1679178684 -1839222699 -1608049875  -561766032  -171153445 -1481286706 -1351036749 -1466909547   477874753  1082293498  -337418727
 10 | -1226831838 -1379033866 -1578394335  -315377529  1530379379 -1388425188  1688422086 -1551390179   317472975  -573458912  -566941932  1811763402  -619534030   235948035  1352952295  1960681752  -387962680 -2087251759  1533989541  1672756131  1951059773    20285061    99576169  1379692246  -796781919    35298831   669972346  -463872637   414213800  1174712324   789788662 -1859448204  1230666172   346044467
 11 |   358887644  -989321399  1307547961   439312908 -1051245252  1173809813 -1182765557   919772905   785847099  -839344722  1611988632 -1902117604 -1780331514  1346694410 -1819226615   535942763  1368852092   685064294   -73541928 -1500214356  -252283156 -1546085658  -884755390 -1269595645  2057516461   -17988463  1977293067  1982668695 -1403250306  -268048299 -1180576427  -236168854  -563049516 -1429554983
 12 |  -309459945  1578577803  -854590242  -314424329  1307352850   194271040 -1388217936  1063905395  -900581324    33347767  -245173158  1102614385    85872895    10781856  -114347309  1869750542   426544800  -142379592 -1005106334  -745786081  1325164260   176608948 -1461280045  2085423368  1130299747 -2022180102   723312754 -1671193436 -1638169200 -2043866071  1750884787 -1455526190 -1828252916  1708535895
 13 |  2097946099 -1973935869  1245597505  1771626677  1111914147 -1941654123 -1018253378 -1200474633  -627906895 -1063897583  -670978591  -607974171  -454935942  1352478824  1301472829  1976493668 -1694050660  1263398320 -1872992596  -982621601   508821443  1348974944   537214071   121323158   233763817 -1103687725  1013696150   -29576575  1895963878 -1556295817   335125672  1275160137  1527721039 -1524493594
 14 |  2105896637  1017924269   -71217381 -1665869051  -665268256   769349939 -1370492993 -1216792450  -775544761   176142816  1733775845  1897702497 -1242365116 -1499655937  1979436247 -1619593939 -1156889904  1744498142 -1055571806  1846075941  1345286208 -1401758367 -1739311403 -1113808066  1979308676   466392472 -1812210552 -1520571743  -970961733  1479444653  1540047065  1438127288  1533836008    53466807
 15 |  -669474762  1394122851  1529295114 -1743580089  1230268057  1731301798  -263327988   835547924  -724670556  1829728912  1368371764 -1510595815  -199325045   379539523  2078450118   849062721 -1765404958  -787965933 -1228714380  1224587995 -1164070376   -23769709  1089983973  -851047146  -176742258  -392609757  1146958587  -176913505 -1408521955   425381959  -584372722 -2027183280   869579885  -449079825
 16 | -1415882046   634182126  1593081968   817490820  1723486951 -1699920612   722259192  1432565823  1102588540   146727740  -326511712  -637316346  1322928516   746332996   800902204  1622386840   527382883  1593766683 -1852734806  -863839149    56050959 -1164648841   518224603   374760705  1271341217  1410705590  2002575599  -978369779 -1655662179 -1080463099  1731915290 -1979130412   492117994 -1173636359
 17 |   587335407  2051968888  1162287291 -2090820639 -1478508768 -1569073952  -171236248    38296084   250091230   818043660   129950214  -111509220  2025978728  -724119721 -1427173812  -358262085   953962432  -302798854 -2019565997  -266417653  -443628062   349897129 -2049901510 -1395407433   877626913  -278698162   826021787  -241833941   627428418 -2068633206  -554998746 -1280809458   884237547  -423558942
 18 |   708651896  1065771293 -2064969343  1363134304  -354953415   585320474   514079666  -129755586  -620274902   381216693  1988252254  2089619945  1434729316 -1058823124  -357017674  1713415428 -1018874994  1499475560   250544858 -1467790818  1758826388 -1297579114   979767587  -200121487 -2043128456  1237217815 -1288354756  -362207926  -541291194   461623173 -1519945409  -762212750   195784560  -980968745
 19 |  1974741660  -836913283 -1751374039   357147453   -11501152 -2117253989   829574356   515893080   168680278    56007187  -539228495   772374848  1475578747  -972051883 -1793916175  -680883315  -351512359  1601584048  -396478733 -1440568563 -2114341577 -1343215334  -448917425  2020340493  1714971992  1542334182  1972621523   255529312   297438937   453811346  1640416180 -1453160428   365902168  1790145501
 20 |    67575954  -286551390 -1452327048  -945200875 -1744415353   868807009 -1244805088  -352117746  1572544733   112330094  -494548483  -889258779  -720105800   754037772 -1519401175  -151770039   552887454   998594405  1565376882  -214222748 -1969511008  2092721786  1623463438  1035403639   163225564  -983405712  -505311198  1627542136  -520711894  -989258101  -613183403  1170030271   953296266 -1609764169
 21 |  2020408595 -1386572963   391427581  -877833032 -1599522662 -1971793264   170736726 -1266882551  1000309701 -1065523139 -1686758917   532887168  -406676158 -1195542363   145852882 -1218836051   -40072129  -761531001   937185139  1333187805  -926353648 -1874394087 -1142761510 -2093432344 -2015709766  1929689948   862071188  -625997432 -1119588616 -1972987148   694050341  1828803426   456874022 -1756369728
 22 | -1423648813  1999049961  -246303021  -337510344   266063753  -239093064  1142930446  1021017052  1620606554  1507584144  -391000684 -1729012946  1366688745  1086927238   925971254   562905782 -1111298085  -905282379  1429325953 -1892333511 -1411166825  1969441776  1987120230 -1903155422  -545546617  -766078376  1149064804  1744366584 -1541106069 -1381560641 -1051923816  -388967648  -693122818 -1909454086
 23 |  1069389922 -1629913160    32974812  -857862339 -1622857324 -1050019333   998629248  -712139548   499178835   687264793  1465258038 -2075274226 -1296293361   646686746   285265592  1657183454  -122699968  1011133597   560508858  -396362536  -272984247 -1530213892   145556396 -1803235089  -897604249  1849365883 -1633559548   716273535 -1769427705  1258223261   504940339   -12321313  1084773353  -367169189
 24 |  1394147431  -825374100  1562692224  1623015650 -1950055797  -911315300  1510954044   740480363  -744823174  1020136437 -1649283534   786356914  -146622838 -1325041656  1414221531  1740040249  -479059898   224270060  -278333585   673094079 -1723855665  -708073195 -1219958013 -1147277846   401215704   809429757  -539466215 -1630314946  1657650795 -1673304129  1256592538  -633106176   307225047   704222366
 25 |  1084320412    50301802  2124482067 -1272034127 -1499896663 -2001105018  -946347046  1733222975  1929944974 -2057248927    90840470 -2031980725   -28309247  -329429582  1158874810   349724616 -1550603750  -816899136  -881219754   938645788  -767594743  -779485217 -1538878408   777676894  2125928527  -778355915 -1631219307   431715431  -693345164   303808277 -1149451618  1921578150 -1054777172  1244557059
 26 |   561998058  -583235917 -2121296920  1955395356   941344450   656335647  1359829735  1801112566   153342128  1876886034   534245101   450795827  1054617731 -1913073017  1554974088  2143795262  2037592743   179920028  1088734466 -1679576249   422346371   547182048 -1321352973 -1351995543  1708846131  1196318534  1110581920  -255520005  -925922380   -69083384 -1103000721  -741345804   770211834  1967857152
 27 | -1477909837 -1329259584  1579696949  1961617859  -823488121 -1292648015   492501146 -1628194447   298056020 -2009971927  1860745673  1675626646  -903772303   493178379  1392021215  2145156463  -179575908   -70630642  1768173186 -1829253905  1707704126  1422921126   437082968 -1248390273  1872049214  1623758677  1223795481 -1199128628  -951753627  -498048200   768681509   461695878   528000189  -816943048
 28 |   366785288  1552705702 -1053245127 -1717262137  1252929495   171961044  1934373665  1029704000   686229132  -949614736 -1183628534  -204419164  1442390373  -341592937 -1650876326 -1435781997  1880098357 -1534294833  2058767235  -101861715  1896095425  1270221782  -247535645   410844688  -672007681 -1201633280   928889787   354073986  2041875529 -1873175370  -705750107  -479697845 -1199979143 -1312236382
 29 | -1658873474 -1856245065  -171156929   277457857   288596888  -352499730  -490069876  2102668525   365070380  1814367427  -760259255 -1499152607  -538143870 -1485571312   428068471   826541806  -166828724  -930198493  -169492822  -691904178   507519350  1120090847 -1363536567   513561126  1038417573  -548578305   984421165 -1704468798  1995123211  -371289243  -889868383   828880658   654061844  1212826209
 30 |  -665792463  1492001073  -474317336 -1887663371  1152856423  1124205444  -960468979 -1293684199 -1435914487 -1326396652  1091889301  -570537073 -1076863833   301662687  1300256124 -1169511663   596168944  1406558562 -1333481646  -440668189 -1721571228  -366448668 -1955689421  2037456192  1864671542    19170603  1599900180   411438065 -1739974688   447929904   781565138  -287008418   388804791  1799228225
 31 | -1598631496 -1809319532   524292761 -1283142833  -294780409  1887891589  -326937299   603453195 -1075878708   -94558112 -1923029944 -1280404260  -676084720   -48855034 -1820397008  -307659185   -63556194 -1015647550   910723956 -2057056342  1208658746  1060902135  1049656233   404893752   479989466  1508745414 -2107265004  -454673767   377251202   291195132    78733388   754811378   365004850 -1083527910
 32 | -2117920342  1299010906  1206057269  1621487144 -1183180124 -1666951812 -1603829511  1574311699 -1837282423 -2086461435 -1265324164   155842298   983634216 -1328126200 -1843976368 -1725657805   -68292015  -833938055 -1226195687  -364046717  -929597401  1513427587 -1617920975 -1320939740 -1920725170   113872838   358187854  1370701073  1611512890   684035608  -482554770  -266417129  1290613707  -498977080
 33 |   182116030   524268532  -414199613  -194576769  2001131374  1773355451  -717274290  -736596658  2124185906  2015954421  -398008511    27765084   666034988   821107851  -832065892   689138742  -426810243  -279244661 -2144884292  1124712399   657644707  1611233861  -258111646  -569375565  1769540348  2092906145  1404621193  -344399709  -893676677  -350733623 -1300254986 -1915481811 -2015779056   910931528

--- Zero Minor #1 ---
  Minor size (k)   : 6
  Deviation        : 4
  Principal block s: 5  (indices {5, 6})
  Row indices [6]  : 5 6 11 12 25 27
  Col indices [6]  : 2 5 6 11 24 28
  Time found       : 1272944.4919 ms  (since matrix start)
  Minors tested    : 7054776640  (tested before finding this zero)

  Principal 2x2 block (s=5, rows/cols {5,6}):
    [  -860283048   2134189373 ]
    [   496780711   1278800487 ]

  Extracted 6x6 submatrix  (det mod p = 0):
                  2            5*           6*          11           24           28 
        ------------ ------------ ------------ ------------ ------------ ------------
    5* |  -482672041 [ -860283048][ 2134189373]  1650196173  -1624559004    534299019 
    6* |  -468400754 [  496780711][ 1278800487] -1870107030  -1741524863   1556469050 
   11  |  1307547961   1173809813  -1182765557  -1902117604   2057516461  -1403250306 
   12  |  -854590242    194271040  -1388217936   1102614385   1130299747  -1638169200 
   25  |  2124482067  -2001105018   -946347046  -2031980725   2125928527   -693345164 
   27  |  1579696949  -1292648015    492501146   1675626646   1872049214   -951753627 

