[[2628606324 2576241602 4286029992 2085985311 2644554382 2943074673 544952714 4125867540 2503723334 1810577329 1601494860 261749020 3956962093 4246398922 3386967285 3421691127 2343961767 2365164845 4225554487 777440903 3999153304 805742518 2301609208 2532715866 1730247331 2922666652 1459213192 892326301 3057694635 75273016 1792211276 1562171439 1857705690]
[517129533 4244873537 2383377454 4018947276 1073614593 2590499197 1479886415 4258159322 3423671755 3997327253 3172420014 3884108432 3887022265 778254140 1528905475 2210357640 329116296 781766859 536061002 1218140387 413175330 4109699387 254647552 3913989757 2597351671 1711996928 2599868802 4040179434 2363495383 699280297 619072408 875459021 426755403]
[2184062794 3767616608 4269052270 1404151685 1569868574 587378269 4160172803 2696013285 2893182000 4270878844 3257755755 2722469990 381830213 2531115842 1574833149 2997893350 1618514565 2200960317 2420201754 1767374316 679978846 1980394777 1871316296 998905091 2592165566 82134182 2198942952 1851209304 4001595823 632559192 2581349418 2933525353 2155691809]
[2926756734 2812106577 4204369787 1405647523 1004926290 1303456908 3418062902 2950495799 2287530828 2442635258 1052871864 1651173536 1124284726 3083974736 1796185682 1868920985 796766063 4160159511 3245458920 899962335 1536334647 3606296818 4209187124 2655318047 1361665742 2062138828 2457015307 2872093131 1998229570 2451078142 585114296 2559004260 1994142301]
[1515499438 1673083537 2509756607 240419350 96860035 2404706007 2046874722 646163187 622489086 1322410559 2857732743 776464869 4046798744 3913891955 3423958945 1060173149 419806422 482046178 1130329914 4277404569 2798999062 3241479817 542709702 258388410 3296555349 4112257522 3336612572 2986504466 2202687099 667273617 2925076837 57873895 2228265015]
[1216271220 2779366144 3476651139 3151489754 372903316 1653561706 2887034293 157582204 2444111329 336348047 1029631843 2252965686 3174471731 541976231 3541275246 2188847437 1214693679 3619453925 2670503514 1361358067 1732594228 3609657285 261437579 1149452113 1438185708 3356744610 2926456641 798675248 3073291302 3914291909 3716437762 735927985 3158774668]
[3618389344 1481228205 2498892502 4070008537 1276494368 1392017427 4054873566 2655148108 3147687578 549205965 239588512 140603843 2300119313 1617847148 676165107 558952376 2122626626 3855504647 566837697 710792545 2264163919 3943493360 2531394182 4085542487 2399831224 2138459005 3709367437 3205908504 3352046144 4213840872 870616253 2997615015 1807590880]
[950553029 2543678206 2356165414 1690445806 1000671810 2804036637 4222432749 534562649 3863137367 2560878388 3743599759 2970416334 2532219034 2551873688 1036870746 3721914355 1179948104 3732488389 3613950665 3797450993 1532332662 433504334 111842618 2799824102 3089400224 1684436865 587563928 2980068692 1134143163 1995907891 809389710 3356583240 2625958302]
[2251221568 4166162893 3367445393 1784520154 3395258417 2793975111 2163052319 3617164905 373399416 1656075063 4105932590 2819992663 2196004889 708515156 1725043766 2306483792 1340869679 148530987 2041560011 2516918028 1618109429 308909590 3571090854 3398762595 2617275880 2348843664 2845943918 3315546456 992103304 3431764366 1338512704 630807501 2034567198]
[1381401079 2035087131 2323030415 2549533908 1169562565 964314690 2365853942 2656331856 2949547239 261115898 220508563 3912343431 2928485015 2585358065 3054917893 310616348 4036236057 980121865 980355092 642836456 4290209827 2964482385 3258682111 2151756644 889058155 2336487038 2540228941 1869990770 52039639 2261454241 1301523478 2584256446 682314577]
[3228907569 3344520902 3752448276 2412928092 3702371585 1877453321 4109043769 1132772178 2738721717 3344836624 2991900855 397029011 1721810213 3571114697 1877115766 3173801841 29293422 3818356928 106997034 3216503556 3949263267 884212169 3574052109 975389513 401168170 1385127580 2044246809 1325987222 533779996 939653166 1752579905 3826141821 2751587617]
[1178014546 2865418199 3110986650 2859486683 510461820 248857977 3950070890 242919977 3613081644 50661329 2089607121 473467968 3189289712 2415451510 155515618 4220848892 2638662010 1574525559 1265381457 1571822698 4161878556 3503490807 1581957436 4078852499 1540908371 1430624382 1935797137 3178287711 2954391161 3282226528 2343164516 3568157893 2127384702]
[203738132 2641102939 948991863 1871780413 417773758 3445038999 3346589001 1929967022 3950819974 3828674672 3889955211 3257786402 1907326324 2622287877 2519736540 1293197173 1335949829 4160762903 3500108326 3276811735 3248175178 3385442066 2446458404 1749607349 1618277567 3634883680 2575508184 1242874085 2709431902 2632151192 2734695417 410994083 1337792759]
[171355341 2573378597 1994102533 3359008237 2451442529 1939904310 3423550445 2191548384 3374875514 2516061604 1202396045 228670011 3169175715 4162253278 1668011813 3602372277 2168526584 3170475463 3470095968 3309966200 2083418021 2397192372 485561529 2652974125 3322983515 2324458228 1051358944 1279238521 3006398040 2557537090 2127231701 2222234993 803828022]
[4058337065 2649984843 2592104958 686451027 2496201786 3001710770 654094427 2583962125 1169965552 3599931948 2022260803 3341995264 4197084502 1361946628 3910056179 451807422 3033906215 641601380 1958983026 1225267887 1120536378 3243886870 2494644339 4151937609 1868628222 2223692462 4012954725 3249751944 468196711 2455563940 2361208410 3746656368 1085103464]
[509616388 3153863811 1896154894 192141470 88586142 1984792209 1871488184 2581346124 183981006 1455413891 1434159498 1541983910 2658647066 908266707 3117877925 2366375475 2876265125 1296311669 1583292012 264736743 492211593 4261817589 4076008169 2941102975 1988054409 4123587035 1179491948 440885873 2761099340 94335188 3994406127 1874534489 2662680962]
[205440782 4260081167 441703971 2716563755 1190837120 4202094803 3193437656 313785629 3486678542 3634270886 3246813622 1671939937 3397346794 1497659074 1019572744 1130483828 1100807809 221160213 614450886 1271056623 3020028989 2201520418 1736316901 3843119438 3707730386 344549022 830537104 3065379712 120938195 132006229 823349606 3472429085 1961499414]
[3080189975 2305162760 2593208576 2282977103 2178332662 1745106424 4136131003 3435631858 3875908095 2306177379 3110743215 1966055865 1151713080 45014324 153863349 3750534158 1960674949 168774710 3983579080 3584867616 224588916 444805490 1297569448 2012907537 3691851318 452073242 2310865414 416619681 2761065814 1549779771 3860885855 494158258 2889912808]
[857170436 1665927502 2250629517 3465880404 2438757676 3444181779 4011582760 1428301898 300550314 2309564366 3014003275 4172968121 3637152634 2939906025 4216801021 2101480171 2569865500 649574608 470335706 1725721174 2326582653 1518143681 609664044 3393847357 2267141211 4032785432 1211792374 1343903699 2312197364 3538606034 1623540969 1414401053 2480112085]
[1776561015 2035763997 1161259615 1552976285 4039309570 3381869410 1018084662 938881648 631561291 1320276856 1090184112 1085186935 2742450681 434036934 1837416425 4082222482 404695230 4055233676 831638353 1292800359 2094548967 2582146105 2218008000 3775829729 1302671477 2598864806 107744490 371922322 3150641022 856945249 114950983 1206666353 2488970665]
[893599944 1811191014 2158523100 2305600419 1159580751 1827986080 407374200 822413185 2003660493 558723444 3626657356 953030659 3135342024 3398509949 3977661196 2114093546 853978768 140345541 2870604772 1423298583 2553572129 2850806956 1043855238 1139903960 259637912 2952421898 4072340452 118575883 3148852575 3102971276 70262555 1884471181 665177928]
[3501969451 716858857 2963639725 565934672 171351249 2210572691 3990409066 3980743210 757326477 1323536378 2502195172 3649096637 3731742306 1010417131 3600508752 2100457089 3694092823 221660704 3677231066 271589398 3279292209 2488116859 450152682 3895953952 2900992240 2570208181 1238062833 1627173434 2972447040 2028097325 3522419279 2674615157 989703379]
[2364891558 1420956766 2590515828 313081064 4059331076 1286463729 3404314802 3724778811 4268603627 125028644 82704379 1910002634 2730892909 1218450356 2092497730 3240898970 2202679229 1711592302 3332910602 4028304192 880077153 2914890775 2014883699 3271498058 3029223229 907916757 378614203 369771280 1445757034 2895891181 348964663 3054883655 1177507605]
[3981812923 37826421 3973363683 3224230920 2337193748 502059012 52083612 3187257512 1782534103 982429464 3923952711 2816304322 3090837825 964918838 2631954425 1970983853 3237059502 3164375545 1707554715 2811915490 1345408808 3323358138 532795718 1043786584 998724953 3196570625 539668628 1814212238 1933749320 2913091386 564655557 339203309 4264881786]
[3797717999 461310846 2062798003 1285141520 3431787265 2333195766 1899450434 3099636504 2622918589 2315764400 2689799466 3352328059 3382542924 3330626764 3095971762 1452428173 1524400655 2555848098 1102886784 2108241020 697555645 174352542 1466592580 2691201966 721435029 1886443288 2762975982 938097511 3821913684 3925264126 4051499576 3336713996 4263319980]
[738102093 2371538989 300470763 582985120 3152515585 2636637729 98958779 4145210564 3042293876 898043974 3896848990 3104835173 2481312723 4015329115 3908664915 3002751820 3041919209 1013553065 1091776337 296986494 2312126823 4235592413 79172844 2787565238 2072235580 3590301088 2079318784 699742309 1920062880 2923746709 3799129688 627457768 741701346]
[63352834 2283547179 2689119932 844235947 4235666748 879424933 4128799684 844784381 894974877 2837214944 1284244207 2315942065 3189068005 3799543296 1264782357 2069012845 536597901 3625655941 2067385519 1409264280 3675115690 1775172198 621150304 295848256 2268254842 4211457387 3488813175 2835759835 1288158864 1597075544 570073739 2532603549 4196540406]
[711201398 2222911452 1622018827 805589889 1985284014 3138350743 2049562 203569637 3234472577 2183081034 3069913119 2099401504 271638517 2802632450 1886581984 3686457108 3714880270 3634124039 939519519 1611451767 606949699 2851007810 1119019107 1165272009 2041923381 2901607391 3401336497 4254824015 1372359161 3241240743 3455779890 2884959040 1487832006]
[2651943507 2047575997 1222511980 764178082 758933344 2714747842 2609801720 1091078251 788938867 3876989210 3568512848 1981048161 3893972743 3258792763 178112669 4326709 532823627 2185630536 3768723896 860717828 1301717537 728607394 1283230841 1039330775 2442352423 1315479396 4272584262 752940175 1001256428 3209451390 2204768547 1456466907 3315521881]
[3426153338 4274504934 2364752186 4288164277 1576399318 1093567269 3012672799 1243615308 1602878694 4182269948 88366936 3746536451 2252722445 2339173000 3782077066 2162402442 1137625495 3221803337 899526932 3316385952 2550694263 1320632273 3747118823 2909266546 1675065161 1016570511 3901082619 2781034294 1309276649 3129506294 105971474 2471421982 2830082047]
[71394561 1869970716 3576154561 3999952487 4282478340 1686986746 1241651114 2505483777 2939405376 2889925059 3495540945 1769507891 2186011226 3966027617 1770673894 3074392431 1820717480 2938417194 1343084933 1774829274 1792622432 460396284 1411908993 956618767 2736854804 911707912 3649926835 2010693717 3544500225 894989850 3831897172 599971552 688876116]
[948583192 1549713232 1661842296 4268703395 2507526863 820507765 3030868104 441256566 1698606849 4158741386 1584341551 2973534489 3251806463 3786191839 481908923 2751434606 1707368059 143781520 2166687403 2835981014 690191266 2479649686 3898982341 1149643607 1211216075 403208189 2631608012 4175750810 1282916330 2670735941 3883036754 178713645 801343799]
[2827372467 1161244456 3662174956 4050707219 3404559977 2481910610 2143082871 2403058315 55488282 1872469500 3046828208 3363636337 3389442109 2117863421 3601500799 1311368412 2798731907 1032801948 1507921286 1582310448 2042279605 2305849116 2308636983 1196281184 3601579288 34608497 1094006189 396809734 3230315357 3828774912 4055972997 1014764682 4027552837]
]