[[130128658 455158634 368013309 482379259 397804775 174462567 194522376 15222738 330057926 133627862 465938389 155035210 80493457 174423360 411421040 28011170 305891389]
[261364016 334856894 33092194 480962607 278170671 431918620 387359019 196740777 215973953 268708834 452165893 524928786 69016538 318701893 146584484 355603210 482329549]
[160472132 402402210 42292082 152506382 430609019 27275975 406593136 482145286 297947665 152040366 60617903 484546973 285907012 150296639 281097972 248908968 500911059]
[206647442 468456810 363767332 314436727 376717604 102606921 7671049 406168751 214473001 286304819 329299565 353731558 188046009 295014476 34896080 135258740 189300870]
[307154729 74611734 80443271 335990166 109607431 12944411 165291831 82989591 373790451 363744347 72705776 403545474 274834390 443084467 99037292 31554576 417252994]
[136593650 278695531 162640447 125889692 209885525 240407589 45306362 283388542 153103862 83970211 258768653 273563966 55757694 334888947 266559266 175119516 73961327]
[177361634 58949839 154299731 124242704 143920958 276677643 139078517 514974771 357389089 436222351 294506387 147215922 148694948 418297080 222773874 441220870 267597657]
[263296685 212971210 225981337 507757126 153959411 204343225 6442937 422487819 288807931 440841919 143044149 473244278 301037014 48803320 480027265 450684452 217060220]
[144468082 148625429 179524076 405669987 29809411 1377041 295541922 5344616 151091225 355345179 429348458 11449440 274946527 86548877 378561061 417136112 468741663]
[392362379 18417698 56395459 90777496 301516182 148538331 247535728 103386851 102869277 278095944 207102332 283745744 32546259 519224144 153423074 358283422 335525311]
[48270735 16398784 528518914 452878761 128085485 511642374 10986617 144262181 407797107 250603624 469120843 232960731 442345981 478984267 358924181 146059334 281027083]
[110004123 493736727 34972252 240889527 184456732 123182210 398823959 361782039 237543349 94298551 49113906 255901493 365990862 536351191 272200051 279351612 168147946]
[322251814 69932439 152063849 375850239 253775207 248619729 132789307 126167086 162234233 29861879 312195765 81463190 351789628 343732971 500809985 63837783 349861414]
[309144403 174466933 311124051 92539002 477218937 269194709 282260727 87556838 222284671 99539956 320282351 200931357 67039187 267340657 250537418 46996526 202912884]
[529746194 238626156 408041948 298102505 353859036 43829342 221596054 94391428 515581267 126425430 253174062 272697116 440659719 270713377 356024574 299776656 11379635]
[359601199 52502475 236635028 127337093 474890987 483036081 7596024 253086591 256229982 520470600 243518692 199428723 289328657 359100671 516438299 209071870 251151795]
[498839395 92453539 260053846 268789649 74026835 333792037 451123276 450369708 165699096 174650260 309036787 72961740 450058792 24424464 307034093 533529118 104879756]
]