[[266596936 509777452 398508271 107773261 56450302 130770810 163966038 534352900 204618765 396502357 182794897 119901856 186756997 458688935 154810030 431640710 397965227]
[378559652 454357299 372597164 70429362 386924710 206941389 221307118 223629696 356994860 73900337 165137279 534029435 108271108 207421955 516517875 21758106 406514230]
[182604024 253585049 386014679 434573505 359851052 127009628 334839245 150152357 268851756 189468588 405804967 66614280 263158195 326301901 309210399 526039535 24959229]
[406703031 112390484 282201976 304116201 306433636 252180102 426890972 245564058 432782550 309844910 45252979 245285559 334994989 140092836 376837787 109389663 497983753]
[142717720 234183699 420266981 349230260 102258014 79844548 109923668 520429813 482873177 375994446 83201053 13855589 151347232 239554566 483418730 328592613 287434989]
[497553804 502873134 244911264 380058556 515615037 180590039 384539820 264799125 173320683 94111448 455911217 513817188 82549456 260761832 437014807 441019088 351986963]
[236450088 4207887 26156068 92472916 364032714 85700469 324140723 161034614 209682483 534723822 244735242 318553218 218145188 68036969 348694279 291665172 151267232]
[31957068 328908149 377827933 377182469 204504112 79523947 155211184 306638318 417071767 71828230 113304599 384678041 503989910 466227139 167818027 332386111 309313356]
[209899190 270958422 411714544 143881052 107633413 223640981 424967160 522473654 448583138 445434935 376358531 433535618 510350785 402608243 435986534 245024502 63658178]
[126543657 89654316 260971515 284215044 38840022 498531186 356968035 481266455 504470658 14928885 535560717 435489108 353554288 79919529 153546833 148174182 19551047]
[165269249 158926988 473996638 500951037 262967361 292707353 298886975 462924644 201262994 57693853 526006914 389110635 330563622 488487595 352603614 211980681 332201831]
[15919569 335151100 322173862 508369657 336749795 324451425 381969279 239532551 466416383 345769074 358262309 288059773 384059747 234437048 238313384 402464582 31742891]
[132111235 198936949 3960507 281021108 174159512 117402263 504362231 61795559 108351122 444330932 484890236 174310375 285598665 503621368 241769301 515684750 147349749]
[391130681 407445652 104626314 527663242 107499644 472771970 456220111 283766161 485394705 204652177 329530638 347376831 5269335 328842413 98460888 352635571 88142490]
[379121955 171893994 288764240 314118897 206733233 302228156 122278188 208870155 112409077 184631724 324771800 205062118 346385428 164404977 146076069 445856845 121010169]
[513743771 481537445 227785887 245191579 142736594 230819897 181181695 114337595 280462336 295434818 450117479 213615777 272642440 99875682 458491078 30208979 333511482]
[382827575 69876963 319947835 94121332 404799047 336142652 276759547 226625841 388437035 499508577 484444018 306978036 50557868 339018960 425429603 422686222 375883180]
]