[[109341315 227617226 397432934 433685159 427347210 288585336 300125739 87851038 332864839 461902065 329833297 535201280 46279703 92516281 178350669 117310122 360343713]
[256232087 129782321 184375067 500708582 166709186 207968158 458197423 513591620 310603687 346231773 142271464 28538129 330253755 289039756 329598384 319223649 155914438]
[196916985 149749965 58737094 396450595 419577981 226144532 496958337 300428754 437374842 501096290 125679572 248205102 472188947 426980498 374194074 491689886 133892056]
[396147359 202165698 379100960 395712209 521269888 335924675 367446455 72846885 508683636 115101589 98224403 494482772 408251750 48729743 137533525 96611494 253116683]
[400806775 281395622 312041883 380892580 408827269 290583788 279422236 231942618 290315681 30194482 61812153 411306981 459818668 124316280 395335351 207458918 192926504]
[169466951 510685637 441922433 224021331 354655691 265274063 191770264 450583683 482642223 489091065 421720274 411595573 478636212 374596955 62652111 94850100 397526923]
[502559533 119280210 206063792 298494361 298692707 277528866 53344610 450682905 451134242 75625470 220009927 271163970 118766383 279374746 110289340 315103329 364184068]
[90545773 510176668 117114552 413165388 148049229 146784811 122452869 365233443 449994187 203201712 482561012 11229026 112238389 459171628 25411170 332880225 118658919]
[265862858 190251172 323071356 511206153 91268827 39850287 483920672 203707419 108988958 236467060 517190224 188497994 465963807 506770119 33143629 362612294 483522399]
[228287416 282618798 81399075 18678588 412206267 41269949 124820816 379522113 451445371 308802690 423056446 176916933 159190300 59493149 196043181 72438976 125382725]
[163765619 338261272 217961842 427852833 161899733 175868866 352108176 244365348 447224401 509148535 427103945 332367797 395945737 102156217 426903684 418155943 134891994]
[111312468 42413025 207944550 22819222 106392129 88213662 117486332 213818006 138858610 222721207 107812722 145517300 399391216 243004619 219706250 195887822 351683478]
[1605706 135931080 182157590 65059244 415052858 291843931 304725029 367572214 504616213 475947462 465032070 299159538 317356081 170430858 281486358 313513058 393006021]
[60942140 367961794 133161736 400223619 471235763 383041588 223921175 271365838 212791706 426573446 794686 54967412 341235781 42223435 409182617 476650868 102324889]
[150492171 432852208 373499231 417431080 95825118 136550685 48169098 519844570 177574790 135143538 125701510 84552421 441684185 88875340 103611016 197624070 317321875]
[288245416 215479373 390793861 259647395 99919058 301853207 55329483 269549005 350112181 515431851 70124040 192332610 429866769 2159494 162115000 309011588 250336267]
[434558710 111655971 413497041 403335981 373011573 341824340 289166822 381697390 23272117 267890467 325407481 142968612 511027568 523492274 529471886 454356277 27166988]
]