[[214421214 127748926 5554870 4818895 496135388 61533238 216536699 438066004 533365796 467629484 32825588 224559145 79151728 71376935 164615992 38218459 326465042]
[324239187 170153566 157641135 429630054 185809759 13787473 167761404 414585409 324492678 411126554 274773178 177944750 349816136 361747182 120436946 83578117 246447279]
[27560577 68719742 182747235 131847504 167083817 302239913 153378267 57496674 58760451 70526120 504261700 351562393 375748503 486483241 161124862 531221313 86177380]
[409072196 16417284 119743541 536705260 17797441 487827596 503720867 166623539 247711608 409194233 229040958 451862192 47658813 291001004 529194862 440992329 236444418]
[338365249 449660420 346031791 251182317 283236725 278500859 366286762 399155226 175468981 512293291 394293547 411453190 159259170 276749436 251952815 309115458 161263038]
[412445947 386458386 323899664 12176336 72658970 526254597 184227751 146010717 310279874 105290075 355850705 418575287 388004548 312078936 91981609 237602683 125028851]
[7914209 53019807 204020455 5503333 45383798 37129977 495088874 56884904 163395217 416480929 478527392 404443006 455047380 383789761 53875467 273781547 259226921]
[123949948 164847792 245552526 47415832 240559027 140821333 76829614 49262583 168193524 323511196 128864976 273991303 72445728 61787355 234600028 111840008 432147250]
[211635496 14426781 516561599 266436562 258810595 270016164 458414485 99955219 14292403 141901566 221297173 239063495 264489929 98021833 337527796 190775046 172563045]
[410997936 529035403 201279001 254130 29360016 407178375 73284614 118645807 363745894 352222647 85012341 2839090 254568162 388437042 184321903 129965819 407311907]
[51687050 20065500 299266358 240568586 226744341 253935846 76403433 30914050 123597123 46202078 284483900 521660767 380095533 421831317 471337036 282695622 32476705]
[276244039 529724479 372455070 318047652 399001838 459269931 348987756 105371597 194472737 282299945 362676363 342217847 295488451 224503486 522614277 299352627 81386011]
[21182073 154531052 90308130 4186625 359600484 82267424 284890838 154939219 438393160 352068249 445382836 268370736 269838370 362988067 201852350 508639425 343699192]
[234940154 513046230 91074026 49292157 96136525 341714568 57326517 88309253 23186073 74478023 51376321 230423192 68311317 62919541 356771747 118796323 151139404]
[83687550 5587639 263711641 477137225 296929974 162151992 72535324 17256049 450557635 196026315 116208885 352282845 25702045 345751502 526625971 260872408 141661512]
[493514776 14882374 8608505 362728874 428340584 195978479 372212665 392014564 112003300 4480306 414197434 405942635 177465857 48420642 456067301 218375438 273365455]
[4201410 280825919 517903096 89135271 288298429 488492673 149513639 146798173 27726625 252444519 442088230 492661878 245886394 89503222 314734903 146967852 137210215]
]