[[251589235 84691687 365281199 521278581 177431142 129219084 255909712 161543519 328044630 520552235 394419696 100914843 247879712 405829063 200444572 267701841 26203520]
[5741028 141734621 398348744 206654965 79276870 321967577 489807573 173907366 258884077 215297164 495075282 125535742 37663995 75435175 48225404 121890459 405406898]
[252710271 293317502 25236789 194433148 131880059 481260899 137733866 295278400 240602433 122201829 383129416 337578697 96060635 453673089 491256339 362501466 306122112]
[92190207 20654764 453777791 408767818 233288258 297410056 14031209 40802815 41429655 334640691 317764097 170462610 193635607 420775590 484952229 88443546 63636782]
[154673645 530866388 299747527 129255201 92831598 169345866 406695587 325353457 201953485 358167640 348506182 258975699 107680311 199362224 303634245 534394179 386774766]
[389818950 146626870 247082142 401881851 291512137 92236781 142187625 257634862 444767599 127432316 234741136 157468539 23804090 299911288 210480819 342702214 260667527]
[31735996 499463692 525481823 5182332 200240113 142431284 173502414 408228110 222831715 451667301 479313447 299852863 519037377 502338677 368907821 233106763 31173884]
[411662600 259142408 166010558 347597271 129165896 64487486 148955608 474477231 347843075 528050853 332840598 386993044 463771951 535972758 22364922 363717076 201367951]
[40017270 436942152 505500255 8627920 176535483 189172823 250847752 439911160 177472792 136421263 45880491 318860681 198186734 344915368 328970224 469954173 279683786]
[326352367 131487535 379207978 432005939 130074213 331333666 517629884 107870078 528008299 401984821 301301452 124017722 340860378 517416816 531617067 282390907 254937226]
[170162273 457849154 133836535 146103504 191661749 66813137 487349019 174609909 509783616 40299123 267001669 332343480 104712345 337885366 429282610 255487094 101605149]
[412715175 403358312 282364653 285256755 218298275 21922166 79681596 184782320 423788565 415780430 535764607 42130093 343094712 181910347 53694728 485089831 275464681]
[13222192 448491384 52764666 42628621 315768662 5322788 471339877 515318745 239434130 142953508 346492969 350518430 367418251 64801085 105222548 187161141 333350160]
[191503256 74915060 111416161 138137647 194122729 167618695 524015565 262100138 106739157 32185850 108957838 329187761 23496469 104334379 502275004 131501216 478490110]
[65105530 433411887 172501074 469183824 517462555 367598392 327389461 175694386 481100373 63130865 384830969 439857611 165447696 183987454 422027487 18269989 342955267]
[351469030 231403697 205142603 534298846 391752416 489350734 507110520 120524830 272105328 140532575 530917092 467849651 338619162 174554083 176755119 159418099 175822635]
[330895246 534300765 204876691 5410768 414981411 115332116 471119456 80085479 267254073 529240026 395121436 352049180 52517109 162036734 54339745 237831302 251996298]
]