[[515597484 344622525 109699573 414558887 434123608 265088570 396845448 275920904 118289176 301967606 519575774 13851605 322894002 174119786 188797883 377297778 467430508]
[235610095 463558535 368864037 505223441 146064997 338203679 27610105 23241904 73945660 146354567 330879865 68211402 466832195 185828440 319571287 211124894 324342748]
[342924538 16535084 308362827 134119290 486579814 192222657 361723814 314499699 76502404 416618309 55079284 115969981 526658348 107954445 421982993 460994285 196034657]
[147722907 492600929 492162176 230177559 496370932 120670755 376101262 137212225 123693874 199409354 520530887 438017191 199673545 490964489 343024040 93756424 66312773]
[208627109 202116648 427422415 35750895 408321221 110347752 229235657 443434318 255152418 126128428 394821224 480044424 210626926 317584863 180799361 275339268 82100019]
[398540986 197464398 8630612 491168585 60207317 526577475 41662073 39298302 47153968 423326004 86460415 474059739 419373776 83656595 240590005 434514912 284647424]
[440716061 531692970 479534382 201600831 158169276 510448444 398289605 277197788 318168100 105021861 481054776 95876150 364206186 208117963 165809844 197419298 171621436]
[270423333 432030566 326107067 112427757 67173627 151760180 8881472 255705962 118931723 403654945 297386754 262490541 447822657 190418848 34592392 246893048 356492457]
[423906133 530521581 533859645 413687129 51097887 302732136 188551990 430839448 407723397 517061238 143570200 114420941 187093920 299660720 162515309 121963214 29370696]
[176177353 249934684 503965675 192462701 423849661 295719121 233040076 20908858 213547898 72669543 49157857 501007347 488959497 458565918 19692350 394708172 190568725]
[327449682 356132121 142194652 331234607 247951068 516583293 395348335 389606796 271970963 33956604 82554880 297488676 474673098 86943815 412053422 29538048 320437534]
[407529754 158366483 90500209 226985598 423451163 158034560 285419224 264156311 83364762 339120861 207970546 417087266 428480325 209297949 332979298 76766301 260691739]
[391794893 83486255 114445245 116922071 365852294 523907315 320786617 164568772 183816794 316355108 17915382 47366125 337404368 534090123 117091089 62752882 509207881]
[401021701 163234069 191974588 266425466 196301551 130079562 368399889 437275543 296930762 341079853 258097415 25652948 242257528 374591835 394224978 46952001 351722264]
[198506389 273127719 59981657 61522734 35347177 79079645 270452188 374092988 258518627 154113927 335997545 525482186 68740225 308834074 314782516 61924049 313587891]
[86766623 269272432 462887651 38053865 339102951 205824552 505059986 426438714 185070249 354672068 293522386 353877103 461855526 158985330 476645546 219648392 71202309]
[63393276 408902765 5673403 473274892 248670975 26197262 323376055 98675776 275448018 192710644 493219531 96372448 529831920 36456674 220465620 54780103 329195253]
]