[[6943370361 3010229366 5673932524 401331073 7776221381 8254858882 8094402192 6762176755 8127756892 7390775794 5062745124 8041277438 304443302 1551403880 7366437811 5031109979 7330517208 7811088497 2299683665]
[7461325152 3564190140 7712608134 4417674803 1217258310 6773448857 7440598955 1370681238 5058609185 2919606638 6934965633 7228486217 6307755599 2963663790 6497479613 2006289942 5340866684 6357371972 8290605600]
[5947348976 5937468975 4990909759 5306433778 4842197243 63615885 6145742321 3947649745 6304098340 2990915264 3100968224 4439130942 2537331989 1425893877 6946850375 7712074584 3805529653 4055788553 117354574]
[3280803083 2517214737 1744779457 8002247795 1821135211 2020238740 8073532847 2400376199 4686331851 3998651804 3197122904 2137312210 6372140202 5289149197 6579827028 2125792105 5547001185 4624917672 6589036561]
[6337517747 2787457985 455128024 8388844275 2397341821 6355130205 2425484016 663553423 8549247328 2356763466 3868624623 7322589662 3482684349 6491224858 3594285741 4650643624 5179405765 3681363936 1111004543]
[787665768 7191750820 2665060161 1252247062 8114378083 3969507945 1677674236 1572553059 218581310 5154539436 6121316618 7631984188 1339260124 7721376062 4602823157 7534247475 4840425670 2303745867 8479351716]
[3968958722 8259287803 6935645067 8468270203 3381580179 6303400125 5149333661 936231955 2819810120 1927098155 617999467 191463285 1052103320 1407124409 7678766860 3132631899 7183654368 7040829637 2772267154]
[5150447417 3171503707 3534171198 3481765566 3149703757 4691783438 2693422157 1798631705 8523834465 7224892512 1249493143 3603466415 5070568544 717151746 8122952935 6846768230 1178416760 7455638964 1196928501]
[5851170388 1048383961 5167622840 5388085304 1806094678 376754575 4453917590 7792089341 244227065 6179620792 1001429695 3731665908 7054531222 7889157241 92720573 4142235144 6514375677 4394833 2075670655]
[6892043904 1710565617 7733839939 2103058287 4633722790 5649201618 4066961092 7811380292 5565005861 6179980091 7944943850 4007552205 3971711100 6407418280 4032825447 4441037035 6580894246 18541347 6110215531]
[5020568061 3729648565 8112155389 427351652 8359054242 2046527454 8434959301 737389748 5293496663 1799934905 3122704127 3834929282 8324545891 1127928594 4978244051 4158815363 6115911458 179054314 559112449]
[5740044490 6153551327 3195270159 6795529423 8037461659 1449528296 4460731679 5650657034 6988962820 3339311546 7444508522 6338078221 1044800534 4416610257 6222124392 8425812888 5338279700 2463176652 4669721552]
[2187647970 6098440142 3925105613 7989163045 1008238232 6175099082 2842384532 3590565832 5744464800 351542494 815171123 7782285319 2635226119 3610085980 3174801482 1275065678 3005898704 2222867215 13109388]
[215702871 4164212025 8303283515 2435252074 2800694260 2998160539 7371318193 4326344964 8192278449 2088074165 1737089103 1591555569 1696227492 7715754137 2626796479 5406873245 1200516265 6356753658 1365672199]
[6892061336 7265382020 5162031326 7149216820 8016237850 3604991687 4860055937 7309509293 6480365152 300219072 6919188274 4289252586 4263470775 4391622112 2504240077 7126959716 7850520303 1475164919 1591753222]
[29310663 5649258317 2221638842 1722914390 8378725093 6842908116 8454597572 5527251656 2999013334 3936805463 8378519220 7801198941 3276210759 4311628288 5410816979 5575811393 4292542875 4644265940 4488439532]
[1265706659 2561409807 7544682883 3249793140 2494052533 6706572305 3238611631 4485931856 8205811633 3785849771 6842847133 4862134853 1392022710 617760530 2266155053 1921895721 5666548486 4028880015 5063248855]
[237062442 1916387047 6463783636 3958469791 3726787782 3950025064 116017292 8221299431 3684302307 491233408 7341895791 6934565859 5744856442 4152417421 1577198866 5295868754 6418457948 5990567619 7345983523]
[1254451372 1647115750 6625255470 2683228368 6581863901 657767184 643872863 7194763602 1049683132 3163646582 3073878922 6242320926 2296072106 4529107125 3297711617 2522527954 1760854096 3549471431 3182430691]
]