[[1069747302 5184526906 3637472759 7284815697 7784012356 2166651815 4912137055 2281014983 1196230365 7961893094 5873902162 1655575780 4020885664 393816251 3815283848 1212835440 7722161138 2143216936 7169934334]
[7719417716 3056126700 1708638962 6073650280 8068868865 3838567298 2164040300 8221741883 6927737567 5043917478 1155883186 623037549 8577452466 2003746909 5078811203 3583694128 481321607 4029044011 3029884136]
[441358605 342286909 975422155 4490745852 1305324474 3172548701 6744420042 7754884865 6547191386 4802371036 5616297097 4772768090 7346780074 5175946290 8277187746 1310111169 6773815404 3702383673 5865486721]
[671814734 1983162600 162106413 1530999793 2651200315 6018702259 3962608921 3449792630 2381702712 3445297115 1400467026 365885959 4652299926 3866801348 922172029 2472961642 2143573262 3237022829 166391767]
[491604751 4009205640 8554667916 6292729755 2779556771 1538993242 2728935421 2656942299 3302396696 8469939664 6881334406 4457688379 4110177307 6449480344 448186510 3189804746 106177036 8289266796 2316503352]
[3236518772 4492907688 2700480492 3801011393 3087771659 7067463609 2880306321 5777736567 2022192491 3219252112 6581607813 3137485746 6503456994 558663121 3472939637 5969682221 8368394048 387421184 1705299777]
[1569298997 321415464 3035758253 4502977472 2626545974 1805280862 2513803994 3034432406 3085121715 3193540694 8548872096 4294526586 4724951945 1147848920 2823556223 8491790166 1784598557 2851668633 1135801858]
[6913155391 5070641808 7307767021 1205034752 6203546140 6450943628 572018311 116928462 2490387034 1743270710 4117289443 2922005394 1133304433 5611523892 2247996727 5863642599 3222410209 3833805288 239581801]
[534206528 5571162241 3253039999 287066246 1968336208 5587443649 3625859716 5456876247 4476049587 1578518318 7239273662 1053050228 3744337213 8392136596 1294825343 7633093575 1021327015 6025560125 798991610]
[1350115649 928378901 2483450024 2484823818 5655000811 290567463 7934035227 2600173144 2341008441 3704041097 2300287251 6220310220 1608682322 8554473588 4863266022 507020837 1506391824 4828630617 3093947673]
[3341851343 1946852969 7980030866 6034870487 2719920549 2529942852 3144767730 4577570781 6555358587 4703693118 5258560084 7855068534 7358245744 5097282962 7488566778 7962116022 1551063069 1713301885 3054057216]
[1128536711 1267100805 7887898728 6581504891 7641712404 3293941521 6009867856 7658094964 7948049988 3144347943 8034722680 62243441 5856797690 7087311396 825465572 1319250089 992750172 3994515084 7241931546]
[4361513353 5743164191 2116253424 4364674228 5562760944 2856434385 6452057011 3359582334 8165798523 2641883324 5297425258 1123227291 3361133421 1374461986 5735817087 1486812227 8070292961 6247413574 6379129704]
[2316954174 2309999881 3666073236 7525340905 4612508461 7035604005 1422417962 8290975631 1855909059 2012417852 5760551859 703354537 2942500612 1242483001 2447666486 5019353809 6506469557 6444435727 1411674252]
[347672649 3980450132 6009764461 3772953439 7857129495 3337921261 8035001392 872374385 7101326838 6451454245 4288221857 4503281609 7424016019 3332289592 789461568 2623377552 7470705934 2452149272 3959593800]
[4174011224 3689212681 4726091849 285432860 3801136481 4068706589 1236084760 2353566786 7251516240 2345997301 3821258991 2052202722 6004044972 5840174121 1172004141 2404068871 7654861601 854369102 1957402169]
[87480982 7870257201 2289557114 1409001507 7797350318 3922266836 582291935 434308258 3632273933 3370847693 4544517919 117994602 1314792665 5213117871 5068484063 7381475226 668954411 1599731043 2976534578]
[6342856442 637703831 3618976832 8145142491 97813099 429498600 1306761591 8447092749 6595590167 6816882387 5523075834 2045027757 1456156244 3726441324 1872262520 2205405479 3780645494 2332236856 8005082572]
[2407541651 2296056068 7072825714 2633275133 6399520392 8512414858 624567017 279281511 2072370453 5640168078 8110400118 949152019 4164805379 6614172614 8537568221 3660489217 1176809624 4780253881 2485029243]
]