[[6654332637 5962155525 6167568543 5180968199 3370578242 316178625 2743850438 1422299832 8438312117 7046400088 2185373702 7248140068 7466926344 2076419601 4285224195 7240135940 2495667027 5097208634 5832422771]
[8454631017 5255019587 698672655 7690107651 4475233780 5452559622 7046542827 1256791105 5064951844 5279627261 6412260115 259389598 7227108441 3423452733 7158527326 707601793 5610757244 2858634252 875576255]
[5247074790 7308455419 5980810981 459180745 8401808134 5634355620 1185770801 4462157636 5628235420 8446637980 3539746136 7376949966 8405165601 1302097093 3596093870 3169856117 6822456259 5964413354 4407861197]
[6410693826 1541657454 6433241878 2495720356 6404499928 5724150795 1070744418 4810581279 5651263292 932772272 6659444995 6040824601 5048702650 5561262203 664847187 1946304092 102577375 2736541314 3979990978]
[6704312147 7436317574 2653747340 1102019687 5954656032 6766443880 3267057691 4152577069 5326470852 2310168458 2363421937 918436927 8338179182 6310915123 8099632382 8457204914 3923717371 1733466178 8544545889]
[6388496647 7829688621 1322971064 7394129694 3307763529 3685367520 3674611211 4848818111 7599777162 2057312366 2958421657 1518049479 5077324831 3509884370 6368500131 6903302711 6163325141 1686921528 2762879770]
[6977210529 6644165792 7757506071 5678685585 8136152225 6516352894 5298410275 4657137637 3022866137 136638361 3182957715 2106780393 1882529819 4344173064 3428809401 7924239001 3593557254 2554163832 8022816553]
[1003162487 5671990599 231045375 1888875433 1090943648 6460943402 688238919 1596598921 4266434670 6505300276 3536417409 7075899932 5013164891 941428259 2016854114 7886631140 8160883503 3473459196 6338202346]
[2762885005 4687352657 5902037956 7570532130 2741488875 761724704 325894992 7577395547 2859006567 847494681 8226922597 8040613703 2822378314 3260713606 1577252127 360966629 4440248053 4405622384 6852221979]
[5624590071 2241199445 3642398708 3113064653 164662889 4295416623 7602861327 5063736113 6171036524 528870846 1878479042 3855424673 4355063026 2392904224 1425627908 2310525853 1452362385 4906305409 5807677645]
[1642705280 4487482775 7707583535 2284370791 5620968713 244527210 5563311971 223253365 942224971 4030625659 2050406657 5818575239 2961356138 3782582752 7110341446 2417564769 1178813983 2382462978 2319248025]
[3587078910 679055067 3008441973 4845784103 3049043311 8403158615 424088770 5768759041 7668705623 290125728 3572506335 1554421561 400696709 7725694152 5428286559 8373359425 6301794345 8050554263 6220302613]
[8275488821 4066491236 4708896243 4711371452 6244762284 304425801 2127909614 5354353640 3286847532 4915091555 1735230266 303685900 7307710449 4527593756 5077998131 2921142430 5118246275 4258432321 8448904603]
[1540283762 7437858110 3557786470 8020673565 2746022060 6285364375 6396970196 910870576 1511979527 6243136870 5151816978 7639777122 1810999371 5927772711 7098864034 2000547464 5499111424 6736215832 1959536358]
[814282176 7468440874 4774244210 4090379152 7347302714 2060989066 5030083927 6648910681 715526544 5300556352 1860084200 658922331 1827998554 1509607989 7821811681 7258451783 1008134306 5442449147 7418680513]
[4121633572 7607576804 8182512138 1767950679 4077027867 5060062317 2439887161 3466299321 3753608380 1230243571 1101712050 1596657163 8315370160 2855003745 6107757374 6310128280 8184669790 3644279227 4183973998]
[7854413245 6869689574 3142574418 7737279972 5095915793 4254016821 4794808726 6788873430 996560024 4460636802 6211422766 4466392669 518169164 3272677222 7080748837 8136382803 6959305435 2325875091 7609318627]
[5726377974 7738824568 2011304330 5375861309 6061789459 3130653465 2637620156 6375540633 1379673220 2470771230 795877849 5630870250 8113067546 8505715514 7561690261 6031932583 5290279235 2292891287 5658398505]
[6543821117 5462255389 478135037 604355013 3814203905 4840611999 5990162510 6024182508 6590059079 1220983873 5759463072 7313008468 3541690311 6027509283 4791701858 6300825850 3931250477 7682133073 6201825938]
]