[[5523114513 8387108894 4079792813 3773110844 1507430491 8554715639 1649301603 7758789494 5570874257 6394721584 1724933921 4878640567 2163309734 5254015215 917143494 3225073347 1379257807 4408093054 224161106]
[1361561437 1326032039 2215912307 756777823 3602496151 6786361183 1688816422 3558442125 2010756164 4697108799 4224966238 2935159392 7453511017 4857463981 1732154887 8514044417 371574580 5235783463 678255908]
[879445972 4186807485 6656555415 5622932129 8126962013 4626389977 1730561519 7672100739 2567312557 8539886890 803832270 7447119861 4860629434 3196985099 3433558865 5029079447 5802916134 7051585890 2261466599]
[3146745511 1332767691 2237732681 445788905 5907908322 3320526316 4734132922 1279702931 4586590431 2226963743 815560557 2788047927 6062157675 4346434074 5818314689 4738691426 1407270092 4033655400 1107813951]
[5170749024 3436726000 5444096178 3903333233 4817780011 4827698409 7434106606 6813131227 3279207747 4329132283 6640861516 2077368709 3743518594 6526521731 1281417637 2501805037 6692743784 1489142576 2532613754]
[272194371 2419230073 7599055309 3936232609 8450514067 6072175912 1134699454 3760230378 4131727255 78286335 908840453 4257354650 70098793 2163659450 6117205450 3568951636 205096183 3526812712 7053120488]
[6028092764 6325891986 7492749068 4207103963 1079683047 1005042579 4041102222 2001097318 5339872786 3569348427 3899296163 3444537333 4720617970 1345718418 2286657382 4224607402 5631780967 8266531400 5313550837]
[7252853897 4378388952 3072858438 1503156306 4086229302 6837260258 3674483136 6917988954 3560301213 1236413004 7658253236 7841568025 7937424746 8088604548 3191082221 8558627135 6042694766 467113453 8576576987]
[2261305409 6997154715 4163939585 272249878 8187607586 287626235 1865381880 1694303042 4174607801 4817760525 1955319118 5526388586 6474153063 1824644411 3839263824 1968461913 712395156 5347367767 7355157607]
[1024814341 2715643521 5427834297 295415013 3116615578 441754881 5945153198 6009522787 421757231 4184865247 5056352219 6669270023 2279932690 2709201443 5043195138 2701480486 460752204 5611871233 5088834518]
[1975511973 5890216293 4421737631 250998147 3025790247 7350724705 6319464116 3925563000 242917295 4308592894 2227518925 4928497330 7782220725 4168554232 2707734389 4619157332 1072382770 5428089858 7091689780]
[6472875085 7684177797 5123490234 4888809984 5101737803 4771921503 3418861238 414490187 87167882 3754328494 5966661933 7780994707 8057705664 5313060925 2049024999 1949813940 4380211682 7748396175 5065363920]
[818436701 7152069874 4286402741 4532336483 6383802077 682263422 5605609326 3531620173 7676248506 916888002 8464867749 3947306203 1201325906 6344592934 429349382 7513447456 2071094892 7580379529 5730707262]
[5973660812 6531852906 7926148075 5131620907 5107150999 8523040492 1109401232 2436266395 2612106602 7279493832 3801836799 5185495369 6318704267 1083123153 5346438250 1968005557 1712389625 781937826 6017367930]
[6786013509 392064617 6034831666 1041977262 4500295298 5012520750 5694259701 2418848566 6178855159 6521268016 7018106217 4793595511 2277405459 7457775899 1271340459 7266880854 5629500505 1319411967 1232378375]
[6728587403 3234235104 8446313478 163747715 3075456007 8221768925 5982720183 2504950224 4203209983 3269321248 6200634995 2682388364 5870936090 5620084971 568747200 7345812759 8429193722 609284880 2099934360]
[1336878641 7446059959 1636792899 1386525569 6191925878 5861448527 8057650474 4458735451 6793599000 959409421 2591470843 539882660 520633663 8495819695 8401532816 6318659534 5767183475 1739817504 7844770087]
[2737639012 1406006978 7758585236 4001396882 2791506675 954667094 6453154188 4033127674 3988792886 5091783575 8160445886 6049344014 292445936 8013425540 1105802274 6373823787 5361729684 2955502744 4496614244]
[680471969 8219082283 6120071810 5097725064 468857541 927832826 3858771493 7575168905 1393936260 3084706188 3348506221 45334909 7185855178 5141650760 2830485214 4096452678 6178312625 7102221425 351615279]
]