============================================================
APM Result
============================================================
Matrix file       : kernel_35_40.txt
Matrix size       : 36 x 36
Prime (mod p)     : 34359738337
PM block size     : 2 (fixed)
Deviation level   : 2
Minor size tested : 4 x 4
------------------------------------------------------------
Matrix total time : 220.6899 ms  (0.220690 s)
Minors tested     : 11015235
Avg per minor     : 0.00002003 ms
------------------------------------------------------------
Zero Minors Found : 0
============================================================

Full matrix (36x36) mod 34359738337:
                0           1           2           3           4           5           6           7           8           9          10          11          12          13          14          15          16          17          18          19          20          21          22          23          24          25          26          27          28          29          30          31          32          33          34          35
      ----------- ----------- ----------- ----------- ----------- ----------- ----------- ----------- ----------- ----------- ----------- ----------- ----------- ----------- ----------- ----------- ----------- ----------- ----------- ----------- ----------- ----------- ----------- ----------- ----------- ----------- ----------- ----------- ----------- ----------- ----------- ----------- ----------- ----------- ----------- -----------
  0 | 15181042442 34032715548 12399467243 28316980786 31961304662  8339307194 15165022709 30909596511 33716510692 32337261583  3388223512 14300192640 14875682128 23493432458 12850248405 17324579300  3719096859  1691570506  2870581445  2220563674  7959582365 10953573324  3881235009  9996581106 18289698254 12588849978 21823561841 33837317696   563279254  3758815644 18710229584 19017661379 18177364325 25831070600 28815225379 27617341160
  1 |  6201384393 23339908197 17651044252 23865158853  9518152558 16572845326 30109637398  7735809084 12053921398 21434766186 25160058525 16454746449 13269139528  3912541273  3431948551  5338344474 13248220554  8078633267 25161586332 32220806329  3772670462 15292518968   848262898 20807595246 15619327599 26207016641 18442142154 33335243016 28347741268 19293257202 22272599811 27413318906  5382420986 13020018568  8690572819  6215481192
  2 | 16799034382 24844730732 23527144616 19760407248 32291798432  7242636486 21179686612 32453212505 31865347128 12987415318 33505900251  1399990490  3627967103 21558818861 13826899855 25863443226 20690568034 15769532533  9556491821 10436105222 16763423898 31972930232  7138063806 28196138568  4714151506 23320979558  1003055856  1762927136 28581749199 16609161669 33442425172 26022410678 33514208073 24297069965 34217106937  6322152408
  3 | 12934172161  7730975753 15650742132  5276286936 21720850932 28833378331 14170201169 16148384553 24457611182 22853665756 27980052874 23994865458 11993746264 29634751305 34090866365   152147421 31717782375 27181329088  8936810757  7410036483 22147302486  5040091941 16300750922 11106226610 32402006663 19795380284 30403481018 20512951514 25866005149 30412497647  5301017009 14073879141 16570931258 31053931935 15018640783 24425736837
  4 |  3027100831 27747075013 21778832997 16045997844  8563147618 11846296294  1888745698 11305029548  8285401893 20727534120 10737575925 26375723315 26857363160 15408394409 29724579153 12797916183  4983558271 16285524956 24994356019 13204369581  8614130252 32241155094 28231833657  6038368337 18571020682 24265083879 23850818663 27012717229  8929870252 29808690816   919752386 21956089072   587398012 28654883559 31472597775  8335544447
  5 |  9171613229  4982240882 22391317002  8488983113 21654907845 16283587319 16086568412  2529495503  1348495901 10244825072  1789584066 16732987694 31306722533  1318280819 19854630162 24153049717 21865222448 16676973404 19722661538 15196720695  9988780832 19833617993 30758331209 11189930592  2543485323 26705035416 14501399669  6688698302 14302576918  3003113363 13820457444 20813333291 12794357151 22234388266 33763205967  4690789359
  6 |  1324734639 22024793883 15084083610 10745849814 13359133692  1707372969   162419074 15753741172   717793887 33260192725  1995815023 17043556397  6325545523  6314495311 28649387539 19245412695  4469743197 22189875057 24303203315 25859068180  1645702196 13147968444 31966477499 19750068593 20134467935 16178966524 23462218336 19886555303 20684797923  9271912599 11529945581 31042153215 18573016896 14022783086  5097431802 15223975141
  7 | 32070829056 13653277438 32515030249 33939736285 28440471125 18869172447 16411476270  2774616617  8668018473 17205738539  8562292080 30884088706 20072123481 32068173099  3915888117 15444258524  1451050898  5086595034  2175707585 31262103044  4439515898 17888043712  2616691239 21561578773 15666065311 22409382466 34226527926 13445743986  8470862015 14568771787 27675120720  5688822235  4981517564 29503565083 10260281197   336589568
  8 | 31075948773   499306894   287491946 17286016967 11324178186 30340124880 23413137421 22865419448 14316400488  4876823554 22143007259 25051355215 31068655231 27377736032 32924551752 33985331376 13318497303 22170425309 27656348088 14977738861 18532653797   312844931 21457882453  4538691080 10495614809  1096087321  6188673043 27497869432 21987307466  8410065070 27556723642 25240897251 29652834441   854542495 24487142099 14790690562
  9 | 20278414002 28744013420 27862171895 17597462443 32389977515  3069691241   168942065  6246355404 30835150197 27397256534 26987879648 15185116755 31723905124 31540368788  1561912309  4661494157 30438539840 14966182519  3900880744 24840455708 24833794846 21945163519 22463995009 23835825620 26216382479  4006393057  9411494871 13968105422 30008600304  1454765264 25627374154 24130984448 23990892626 28110088909 33593276602 19083270127
 10 | 22107372862 23878195468  2816901507 28836721466 20897069372  1343257708 24612330952  9539709033 30571635463 23326703574 22984714804  8624590254 14997022360 29014462445  1078048136  5422966842 30737881529  8672481651 21704666384 11166196035 10672007474 32846411262 22846562780 20040619931 14591963864  7809132507 31292667562  8556294891 26725835762 32410139737 12894170313 17069543058 29763969064 13460754018  4883113945  6113109476
 11 |  9258207106 10401010392 30393319812 20497541468 25260994045  7041449687 23038642133 19194666565 16151220348 21576512314 28263286960  4018593907 10152035960 21661917756 14254424529 11853203679 23922370695 29808811052 26965303485  2892525751  5500366885 22339940208 22869990168  2000911223 31805070302 19890871861  6555914229 18920433886 20200933646 33952963990  3107123046 25650089286    12449354 29859179843   619842381  1049125864
 12 | 14222080521  3053812058 21488753593 20461153840 26476632974  8931995905 26729120487 14587399168 32133095156 26496663512 14148259400  2727895881 30568209406  1701216901 21074450185  9928585900 14831125574 25171323008 15795262566 30734228011 27272027043 19919469238  7011183233 15413649178 10263625939 27816299250 13864427905 23767512070  4640612554 28064699071 12321940823  2895725390 11474979119 25511780335 12341253332 18495788358
 13 | 16203226489 11040446464 28932369633 19205457256 14730246684 21059613001 15688005697 15590798678   969554581 29762206455 18365390729 31855072955  4468496256 16725737644   414325948 29073132651 22343217277 31155050816 30960650430  7476505435  1226936775 22819945720  2135073910  8889068989 26532944757 33625602505  2481637653   423598940 31476093635 24354086761 15503822827 12263777111  5459041931  2022859852  3016964405 14462623660
 14 |  9616866594 19898207353 27736294926 14808369664 14041848878 17272594882 28611210419 17486324190  3667166333 16190694896 23533918112 31559361004  4759472835 18914207889 21913837809 27172392341  9319814042 10214139442 27066602883 27700039924  4775551028  1082594672 16260260049 11867947468 18284377488  1025173753 12916421186 31330662459 10634183317 15495965669 27405969540  2964195717 24488895674 32919919862 11413686840 19647610766
 15 | 11729495932 15951845998 26005347768  9050199820 16970482504 12655302566  8338332010 18515919247  9996527344 30306218757 27074567298 12551313696 13199370479  2304366051 16627404269 32700263587 30421294848 30323055689 25345440297  5979598222 28568586798  9961739676 13977820233  6829826950  8578691965  1071995630 18201191220  6525719499 14885698282 21784514190 11746942874  8016735231 33466155263 22733943619 11561756807 12003066537
 16 | 27270222532 32956450553 32600022534 18719751346 20680355370 15072940283  2013118873  4894483604  4958924232 34289727656 15525929424  1688120252  1297648787 31003627517 20822119666 23574336235 21072530390 16870820688  2524505046  8957829812  7055968662 22013151582 25372569963 31117778768 18506404475 22920037719  8459489445  6971338257  9602670104  2121214111 23485817009 26768257279 28185009869 30800028065 27639038268 28349708193
 17 | 24340182505 23814232896  1611361552 10309943689  1495318869  6702277612 26103744061 22717213857 27928494272 33672571617  3275545145  9549634100  5219352920  3560584838 25366178317 21833111129 22990998433  6590658756  7225767305 12611157220 11123289066 17845379701 28631660590 19379199135 11683267753 25996626132 32589829547 26245086543 27830429792 27714769956  1542015254  1949599626 25186915729 30139253773 26714703229  2906454759
 18 | 20458553605 17453487271  4393712483   201068428 22666823188 28353301606  6679564066 11913008011  3972106418 12374052534 15707747891 20192045745  9834861194  5785209543  3991447061  7729516569 24111942882 14596626841 29258999028 21660013215 30249356612 10108227427 21512118616 20878893165 15522338353 32696675203  4105132794   209411180 11209266010 25892548495  8042461587 16859305597  9731694850 18775961784 10263356626 20397984673
 19 | 33758542234  5664932341 11670773799 14434362052  5191027814  2413955197 27753576822 23878318126  6721639633 24063464660 19682191791 14606068230  4917773106 29390559828 28387506156 26711013476  2085410304 16679280133 10076151326 26234197927   775058741  2501031047 11095167494 22293115658 25100394331 15238701942 14930764524 32679240936 16830386724 10208281227 17154089465 16148584757 28147435942 23280902272 25216800120   594748688
 20 | 33452977180  2354019718 26765715353 12789679645 16669915697 32807267369  3167454133 31360689290 30260639591 22115978846 11371502785 21762516369 21344460914 13772920228 25192263408 20005300657  9080713875   647248158 31208267922 14163105327 24985676195 34320759253 26963286674 30873761956 19231633779 26266208830 26176729987  2887097469 11576735454 25524542393 15495882760 30283405493  7165264808 33471030564 29099910819 32938320761
 21 | 26290278448 31684291693 22800270219 10468022053 22165095732 26847429059  9919614218 33727505472 13470381550 25462626925  1975161469 14254058696 13681148628 20179253479 31454682057  6199736411 23037032159 22350788102 28512932911  5525523616 11633616800 15421498509 16526928788 20085676922 22225836927 23306693365 10470393317 32790190552 17428055030 31969874874 20732665909 29991060434 11438925962  2131502443 17003516353 27374776472
 22 | 32595866457 31846905847 19632170599  8742141518  2684250915  1020754861 29038583660 12591410236 32046027120 13513614503 22330884341 13454887623  8594979050 17247781721 15568844293 28207182532 29561624955 31583317553  7673671396 18954949366 28450231443 27410076158 23559530320  7097360651 30768693296 27037612945 24976579358 15523019273 30430856024 10107997801 16871718795 17929226443 24525546798 24878133448 32776901786 23345456477
 23 | 30431944485 29165239402 30844926722 26176038748 33031847551  9392136576 30505065935 10524418471  6620608338   858860865 29503588960  2644822392 12876775771  5867753983   959134942 29750136177 18655696155  8567911015  5804334206 33522970097 28653634974 14132276707 20325811331  3986613648 19160356340 23212962575 22848920186 16092745258 14039348577 22478832256 21224462598 13332260858 33745651123 15779481139  9183030076 11611680303
 24 | 26353389217 24443332989  9339373211 32182678629 17579061162  4269371854  9921686471 23386323446 16468825770   320795262 18287586946 18636549050 19813208734  5904317969 25069268262  3862752402  8162650221 17381120475 10741122710   403991608 26385057984 30845054167 34338018856 31407019186  1230179068  9857404061  9691254567 17863048776 25739125970 32551935666  7033856159 28061280620  1827422386  2136402856 19514113904 11112940460
 25 | 32361445654 20191170710 10046891622  7601110707  3875050861 21868206456 12355550373 11192403895  1692062270  8154135965 17804568420 15369198172  3680587446 22576015281 30558899123 21496525595 31475094485 27433974669  3295276610 26452768403 31136362223 11493897904 19034673691 12088499783 20419428790 30420741190 25073716265  9555537338 30675046518 14550931749 22362359812  9493492018 14036823572  6875624884 14912906619 26036447677
 26 |  8479629136  6973091337 17000581446  6243795177 20774725360  2237268076   934694828 33500931970 16261506861  1091700747 17128589533 20440422262  1377938985  5181889476 10610800499 29808369833 28852462813 26898887185  8381850351 18107670568 20871065421 21657525365  1136535561  2904893255  1059258433  3008063362  1172289624 22687905135 26758617736 14406617691 19581182528 24339430406  8602862279  2129012143 16002160198 15504868166
 27 |  7165064287  9854227608 18905377885 19396180315  2930263778  7117865206 24875188381 10264931079 18311187380 21637610008  3196972130  9941765626 12415530205 26184395750 20808673620  6862823015 11510257604 19358191446 16983952197 31695926742  7756626975  1503428966 29338351871  2359058996  1469120367 14345645778  9753453808 30925339060 17165292510  9171153204 23626954646 33966142907 22268974335 24864528130  4449895095 12581243616
 28 | 26703475542  9933145284 28285796568 32630335366 33020037715  5230843261  6946747764  7944632809 32690417132 13095341430 33976550018  5891660099 15237481989  4731248745  4302183716 14275552388  5287857640 32348140910 24153937515 33553641325 25294031023 23409842196 20872656163  8994841809 16455347583 24190114354 32923340024 18413443741 12036432666 13680620477  8622160056 29383076570  4891200350 11371506894   186270080    36301238
 29 | 25967880841 14031346283 18613481852 24290281686  8738214060 19022147991  2749794161 15625639253 18227580142 19998604248 22017067911 26709843728 29121571726  1360311781  3492851020 33213668295  1272106484 13028310615  2946550084   380964702 29036942102  2764007336 10676557917  6614894394 21193295453 22718254268  5899805633 23914034796 12286775125  4814953561 22161739933 18063537267 12847264590  9340647472 29697193004 28399037181
 30 |  3674643958 21361194392 17483844401  7670585489 23693306485 33063005618 33969755656 27840412956 11338867317 32266979454 20997164030  7541335180  6162419648  9706055908 30524331095 26575978171 11966744213  3704954936  5368880420  9115808383   577648148 27439464398  7395271910 27415645701 28037332417 25835592403 14010134734 12514958188  1542548925 16485950582 33415762618 12083060868 33041854057 22756635147  8421996923 31066643932
 31 | 33763726813 17601598723 14947754894  1132976767  3845890124  5673348681 21891723657 23447317669 34338403248 26366855737 32103814758  5960623942 21733886032 27915251355   485710209 29484423604 27692651112 31587050980  6630530322 26121529490  1385701205 11206394066 10859642412  5775276084 19667234206 22230976737 27170945794 21018849218  9980097688 10429391578   161082582 17458493725 19632021802 31247497706 20089570653 26257284289
 32 | 31843898599 19730241505  3932610054  7059517915  3962940095 26926274645 31988831233 29673072763 31547345728 19684269409 16940010819 11035630443 17594449795 32310863032 28999958947 13717670139 30479548270 16828101013 17862081121 27695208497 25777327674 24961754915 24576520158 27533729367 33717853040 31008654039 20637293976 15026282147 30849118996 25172592632 14050694923 23301327364 14290767640 33149565523 17799644540  8627013089
 33 |  4782600935 26425748095 19235485859 16754302455 19555194939  6678456013  5460620784  3712116238 21865432307   339687176 30892856187   954272401 27872974314 11644236602  1471389106 13519990045 22566318318 21040712826 19177620353 30744160794 13112959101  8424671712 29818124683  5828369722  8829273096  8393926591 21984005228  9166376408 25770233335 12825103815  5441940248 24629054032 18197709609  3886578674 14166489179 23833747569
 34 |  1478081967 11025840216 33429895767  9856097642 24028569621 29821820447 33868053783 27188222931  3052757698 21720290894  5078528395 26430961028 25540605917 16555243517 15797371784 23706349342 28208788800 18775606135 34209721378 31559861706 32686933586 29161046644  5717724022 29761773087 11940540731  3319923092 25040101876 11033719951 20511085009  9189072450 16202743894  3314079153 12471876570 31285005586  8488534346  6783473076
 35 | 18907052378  8903649101   858245458 19773975707  2182439993  5499766413 18631714439 13039836203  2933021109  6686448468 18926435590 24801189327  2662237317 26105925950 28476821708 26515529146 34280332677 23792518795 10649791501  5595575134 26267623770  1133971337  1637219741 14019709790 31520340624 19223803209  7284981341 23186949314 17726112835  5476394121 27103877331 21643594227 33813898613 16921659443 27206375871  2112252900

No zero minor found at deviation level 2.
