============================================================
APM Result
============================================================
Matrix file       : kernel_35_22.txt
Matrix size       : 36 x 36
Prime (mod p)     : 34359738337
PM block size     : 2 (fixed)
Deviation level   : 2
Minor size tested : 4 x 4
------------------------------------------------------------
Matrix total time : 216.3772 ms  (0.216377 s)
Minors tested     : 11015235
Avg per minor     : 0.00001964 ms
------------------------------------------------------------
Zero Minors Found : 0
============================================================

Full matrix (36x36) mod 34359738337:
                0           1           2           3           4           5           6           7           8           9          10          11          12          13          14          15          16          17          18          19          20          21          22          23          24          25          26          27          28          29          30          31          32          33          34          35
      ----------- ----------- ----------- ----------- ----------- ----------- ----------- ----------- ----------- ----------- ----------- ----------- ----------- ----------- ----------- ----------- ----------- ----------- ----------- ----------- ----------- ----------- ----------- ----------- ----------- ----------- ----------- ----------- ----------- ----------- ----------- ----------- ----------- ----------- ----------- -----------
  0 |  1591383372 25988659853  8818386740  2719757605 21367723489   607663397 15698321386  4757152860  1623778117 26241577022 20485100348  7447110622 33418887416   898162599 27069820113  4159747492 19534333392 20526746007 14206204490  3992431339  6375715651 22107056496 20741885560 13395560274 22019182737  2735393732 15474430855 20410350979 13108912315 15768769534 15440561393 21406690220  6869580977 13081122691 18598344772 23154637706
  1 |  1625554691 24316553637 10390595514  8821461444 17944311850  6600564444 19318724477 12712067319 18817023004 10533991543  2256522523 27050966755  1429284575 14253270796 11494223924 31673260217 18570092663 33983542250 10406410052 15080084560  5654360877 25961890700   448675611 16013683232 13273126018 10043224616 28012993847 24930417678  1505157218 16438820510 30623066023  9204811121  3571929594 33689192859    84449430 10537503537
  2 | 15445791256 20225012289 21369707177  6412795854  6991801224 32511204042  5060766981 12107901600   754412242 10639845097  2460502533  7249330153   384283003  1051459637 33223011407 19821622865 19016672398 20332063390  7095962578 25140815073 11834713296 11829921923 12645004280   463739491  2596134327 21189435281  5699869664 33151543011 20442431782  7401318952 27520500308 18412309409 20389817604 21818607457   560542766  1303590564
  3 | 33712381724  7065841431 16922398692 17803931949 30127371751  2181283735   505210040  5934425599 15747339987 18577556680 28798818985 30644599402 13945240384  6569783646  2958822696 34181208959 20789657911 13525920132  9550461048 29601322780 18671541161  8123218574  6369908280  3212525525  8313927077  9224824177  8410898422   942563126 17437021194 18561595172 28674021117 32369311688 31415639730 33979811604 27805486409 31724044991
  4 | 16308134536 28904142232  2307299493 11171262329  8869130300 26584200211  3083163615  5323238432 18265724854  3214036589  1662230427 32950874711  7289648644 27005352648 23956183448 13813914844 13763571145  7192313873 34212924475 11177330315 19276639951 31299932918  4426932110  9830098667  1030001793 29072005818  6617743198 23007602155 13451862409 14076506604  9305435405 29826079577 31771198737 23897430711  9299864455 11454586273
  5 |  5580627366  5483333666 15782615730 21749686359  5478705956  9262121543 25622382275 31197461467 28317947974  5395500067 14430810315 31224678508 19693184487  8544264199 15999217221  8856148759  6513677103  1505182724  4437800443 25853492507  5189143273 25715011466 18152083881  4643095933  2031354842 18680246954  3778655453  1075505913  3456115872 13894831212  7183044899  4902512566 17539580887   864322770 30992797874 13460103453
  6 | 28588262710 22826068605 19111071449 19581478523 21787925134 29731365296 23048591726  6539309660 32904547452 32241164980 30875361414  7977950867 33043756491 23071378779  7217781110 26734615401 16070328880 33158407089 22435431564 21056991396 12253425057 30010701262   237519082 16869768639  3798034779 18580435417  2768184577 22148564993 33840403776 12077516115 10788995348  6209269066  1761781131 15912108961 10102406985 15827053609
  7 | 30893835576 24038723499  1354274351  1903666988 30348377691 22016374015 32429837320 26693496731 26777298086 32301321105 29800484612 14032119444 21986104376 19463774264 14653181596 25763715147 17829422911 13072510833  7341291849  3100275616 14606735891 17737882576  6881400640 30484600125 22960619850 25251242715 11169554177  5462590946 10701493611  1231087678 30220789414 28425801866 12791398296 12666647925 15639761665 23730791423
  8 | 22713423264 22159517429 23219775449 25792611798 11041063539  3859362641 12878616547 22148029710  1811289514 21074184900  4212107602 11622411337 10594877491 16463698335  8598449675 12050311892 11412656628 11582483534  6648920716 16269372844 12411594534 20263575796 29083795383 21234313767  6178754817 23338196840 24461912176  7887056483  1153553893 32843377782  7239545762 21182119197 14929143826  5903150669   920225259 23057448526
  9 | 10612237213 15358300490 25916375270 20893420608 19698446087 22851004810  4894812321 16385345041 18786074316 12025496278 29540282645  2984833633 21422672210 21802589427 26688584971 14703300039 10894264480  6093747823 20917826316  9752631490 16193176717 10323593175 15711637109 16359591940 32218539378  2001359398  1049747043 11188137914 10432362228  2660233604 32409428875 11756801375  2912157706  8402449114 24445424486 17170460726
 10 | 11890035070 19526757711 26401334749 21703009393 18155653231 19218812500 12701887427 16485812143 15408540581 33792456344  3064911963  1473767640 21813413780 26511880764 13705086905 24832550520  2346441603 12011306691  3221132841 34118402555 21265855595 11437048353   198921137 30512864485 30947462422 33483403648  3813661577 19389773119 30222983054  5898272528 17230130402 18795426237 16669342514  2415763911  3627005568 18594064634
 11 |  3456298396  9006408378 15301331677 22477615105   227473547 14315014694 23435965457 30072245384  6121008252 22672324893 19193121238  5415666230   896663859 27472584523  9440573969 27794161303 24296795153  1763482305  7765933871 15445992952 19008603004 18457809440 12010462993 22604894693 28223158364 11268979051 30800921528 23601884830 20767541900 31188927319 30809637519 22476890838   943785988 20412639179 13902226722  9041361708
 12 | 18171995424  5360954226 31308117613 30205080855 27867171234 27912576000 18843606667 29607802430 19914369744 32072004898  4047984504 17293191807 23415443392  9630842106  7047031659 12385909014 32153875963  8067258436 28932212596 13223040832  8088146262 13555206019  8397362532 24339662454  7637399571 17552637058  6006642005 20246424159 12650860863 32056928918 31553940179 32873769112   409071931 24078879521 17181354247  3935824136
 13 | 30830205492     5986327 12842037931 19259302510 21732803195 16615827626 28973593071 17479530572 21954787453 17052278535 12769137793   725301254  3017015368   817138337 23863456389  1122567609 28581083680 15499131844 14998534161  4587377113 14772926004 19881785272  1523146603 21996673190  3496516010  3770850623 20840652376  7937675320 26958239184 30322258632 17908423688 11144847291 32536934893  6899951077  4082976309 25881435569
 14 | 34207760794 24457172753 31109682780 30489910374 23497200174  5130913372 11428827590  3486696471 16629379543 14514399848  7324845245 20756797669 11077741536  9834733701    60063936 31060873822  1108432081 29467518667 33221039331  7932421310 20903635037  7283176965 20911848751     2741830 16802408430 20645286903   976958591 13935912754  7936710009 10551185421  1767890110 30831753002 33548018368 21828840896   508044995 21186591370
 15 |   700703415 18839201652  4825770295  5723213390 34349989687  6873454764  7206788520  4609738656  9702052287  4093523499  6408033146 23069333708   658408234 25628190198   957523526 19852143446  2354892241 21862010802 13700255033  7428851310  1280613663  3145581953 11632696380   820388311 23249528383 26017582216 32017813100 16888439163 23751671209 11575708361 17170175126 13739124645   214663344  1622420088  1316526351 26744650986
 16 | 10037242743 19432254266 12343855924  1416312218  8588259685  2014429051 24621103247 25635258671 26449709589  4142482737 33618872026 11899643298 18655400331 19754186195  7166645854 32267064994 22600333323  2878543394 27921709213   867843896 22406868266 12801858856 19887389100  7578430558  8037601221 21459900994  5524828827 26647096530  2356195344 33212911271  7301924557 15679459437 25207384788 26759804919 34077688782 30723765857
 17 | 27233639186 19087914354 19516704354 19191869985 11103736054 30972480269 11102015597 22139309662  6482900444 19271696007 18320212440  4478396887 21348379848 31359252394  2195581927  6269004589 20367724837 16888699373 30589551740  4072989431 32128690194 11949472565 10931346689 12335904685   427847763 10353385100 19006362199 33564488235 29424221261 17231495371 29218508195 17899641975 26156246590 32854251092 20163885409 16179432585
 18 | 14809737541 13690897666 33693929637  3582988546  5485626574 33228623259 28154481307  9482038964 12712360981 14236461060 28009541066 16486758832  4342206332 31754736673  9323099410 14059614688 20845715963 18027962514 14470264214  9336721111 24268560495 32101874509  3344732723 33927032804 21455726115 25405349740  1584590660  1410560390 22118947159 16706369190 30351925600 31652016291 18896703036  4390733930 29400232742 23083943818
 19 | 23365678595  8690888765  9498877112   452599120 29594032757  4584066922 22951924182 33834738054   675628550 15502986779 12131051821 29643930664 10916885089 12004097893 14726345335 19613115546  9866174407 23890736377 23581513650 24215758495  3749773141 16859444885  3301376857  3423684181 28624854687   891465356  1515820694 11724276354  6095328011 12520565260 32664313534 16892914207  5275333442  6701103580 13296534822  8880246413
 20 | 30584975904  4821372425 26453693744 19950795738  5343381486 18165544789 24612214745 26366054331 30437990491 14350117904  8032470588 30048665017 10778241863 29523065524 10560971385 33088253155 29038526217 17855704787 28339306961  3649277238 13522519163 29992296525  3768901814 33664843806 29523111497 21031935462 24310119795 25865866004 28986325556 18609581019 31652061805  1813612160  7372619216 13188811425  4854515210 18537224393
 21 | 15171937308  4070022572  9253541309 22104966365 15569721793 20314166563 23387504153  9075545011 14932651683  2120604929 25344103042  2911222583 14699307124 30076520357 26736584801 31731646324 32194783879  1883763015  3250985436 28491471674 17499350124  9413794441  1838856982 31509564642  1279599131 21470849536 11569524977 23250635636 33634328711 22412875811  1520640442 19553074412  4461905561  7490195596 18134677032 27349508272
 22 | 31928694995 29531934736 15921866500  7664015503 13470162923 14101573784 14278543368 26332322617 26568178085 28222487251   954326255 29864405881  3549204611  2381157675 11548383603 31466600586 28036168479  3376012813 23425926782 25983941587   103928237 11545852239 29892685461 21779027589 14155058101 28695697358 14347979497 15802071016 12438432415 14779255604  6772376972 10202161399 32905582335 29031583688   673672218 10364577165
 23 | 15007293159 24882199245  9714998325 24877173396  6651135339 32536207339 13512300831 12187423027 18033199783 18796610671  5410354228 13415039790  3392192678  5011690917 11478796900 32031655576 27023300552 12966528983 22807509875  5760170281 31742409208 20869321627 22150511670 20690117782  2266018790 12997307544 23145353795  7499945943 20658019614 33918673825 32966152615  8626284185  3223512011 10891385231 31300851799 10632188572
 24 |  4647500083 22051680296 11370355674 11535610007 23581019863  3918399197 11443171498 13914774924 20869139266 30150632129  5054841911 23853556226 22158570072  1582969191 34163344973  8689604772 30654752582 25890173259 33718077449  9147247701 17831400411 28100632542 23165602257 28234228161  7004534872 30124897043 11786646800  2077403935  6133208187 12557621550 30684114401 20759238748  5036869830  7427482319 31543404206 24530194370
 25 | 11285003212 32783870573 24354604971 30414526643 31003557048 33503837778 26728943226  9284620350  7268124640 24163322545 12145089039 18223180008 14116701832 22263006268 14063332381 22855228064 29111815835 33317723765  1114295325  3937007370 14985338621 19482609570 18533134176 30707731580 20038931966  7244383056  6188003399 29735567623 23514394278 16047313844 23907342522 24203508978  6761541410 33169644950 10382747531 16860285791
 26 | 16901016099 32584904149 24641906339 26268165713 26877829410 19397386364  2875218446 13596576491 29611375698 13129709852  3508731838 28573165549 28222959972  7857052331  5536500581  9327750047  4994866584 27160507285  8820504271 19936962299 27833057858 31332721761 17731902424 25770775116 28589487457 11561568578 33769709629 28931199535 31357878848 20758157805 20517601538 16129583017 20440559410 13275378967 32183766331 22845613386
 27 | 22755226805 10272225546 20038599097  4542700944   195677865 26966908512 24110642271 23378099186 24734870578 33130885444 14045135308 33806889429 32795626446 25987418251 10905769064 33633608667 15082389232  5078086006 30990537216 23718645070 17875744785 28263659648 29645877832 15497397828  5962591902 28937381953 30429303934 15032597388 29491859330  8000086405  8144399540 18887206507  1753244745  3364426469  8878688122 26515611234
 28 | 19417274620 23137305578   175036576 14804346390 15887752356 30849015688 18279311390 16494003507 12138228668 18658101486 14333146413  5417941899 15688341453  5145758135  6300295892   665676964 11590226338 21666981148 26662980919  6972534754 30623985524 12235722785  4976278389 13097928536 29626400500   796185524 26467978566 14816546689 23515310435 29851851967 19387420012  6072248818 29892349182 10840505285  1457878243     2538531
 29 | 25216461362 21179930181  7985904345 22126283768 31972600930 24623194041 27914527579 26887306712   426214233 13042669487 13885380194  9743084925 12463853983 34327786120 29144996956   141900845 19829594597 14981005317 19429017744 27275648028 15199847606 16555133259 12125976527 25499957838 22488593373 25507673942 28098053678 25438680838  9940681157 32156217771 14555716128 20289423893 29646677406   719087507 22875507946  5962516087
 30 | 27866990777 21765207192 28507880562 33174315234 14584410911 33697777591  3229845241  1914794171  8874783456  8252632933  2298762497 10404141209 16303375802 16167192708  3657880733   324268208  1107199296 21808265438 15427297240 20530381418 26437099825  1495364408 32571525052 11325311877 23559371413  3752059323  5617676891 31949624110  8885101920 17844719926 15345131965 10379933614 18010395514 10000668128 18621887522 12276337037
 31 | 19976346651 27858824946  9659410383 25336885276 34160718932 25495374213  1406569624   656598392  5678623927  4033695316 13877472289 24402479724 22306340479 10097415656  8325462944  3571689512 21153859096 25670959703 23715537579 31935423576 13333152630 27329638802  5920636955 17652865240 31669095108  2310368879 20950280583 28513460293 30807731472  1849160140 26806405864 31175892796 13287541575  5909320804 24742751157 14346046884
 32 | 13418811872 23053428867 11484099574 25015739314  5640824670 19228064152 21202869676 16584372749 28001834841  3391322929 11384121830 10064766723 16841949050 24798805163 11452925184 16925763687 10985632549 18700937802 18401454023 30415897853  6375763924  6046615178 25800156610  5777166750 14033185405 11971178688 27469090546  7228808401 26478650683 22749282981 11755109724 17557918180 32128038396 33443389659 12413361435 10263376613
 33 | 28150234627 22235963676 13841917947  2306716335 15088904918 18635799622 24371258346 11254504109 31861087031 26547089803 32870228179 21086965289 17277192619 30831159429 11322708963 11998035182 24337688596 12448062498 18732854469  7679667583  7018867256   748551720  2972528367 16769967418 32832583760  4698915420  4424668066  5073695535 23074852948 10113578121 15803628490 23463146294 23391281089  4708547536 25999514066 14875792151
 34 |  9641248597 19654093071 28915222440  3898011734 16005684127 11918804450 11471120585 12119075920 20292133422 18346859480  9132605964 21208679629  2980635542  8026207021 28769131729 23670679427  2551924099 19529787904 23979178387 32300317369 33516615613 30122179911  6369544700 32635621374 26934989689 28047203525 14911648587 24144777799   363553088 16459950434 12155517020 31330740478 32986458085  9807057023  6779834181 33625591138
 35 | 10809932196 30975692140 17158712752 27052018234  8175259878  6258147538 17820109132   862811130 21036789832  6039447843 33971222939 32429237558 14825176193    85299405  7694611413 29814923559   540506344  5429498312  1675838504 24323673558 27415799706  9026938242 28509533545 30301658664 25071913209 16195927914 28132050270 21885864322 33161787986 11125167292  7864729670 21839988409 15688106531 13788021466 26230786809  2627032938

No zero minor found at deviation level 2.
