============================================================
APM Result
============================================================
Matrix file       : kernel_33_60.txt
Matrix size       : 34 x 34
Prime (mod p)     : 8589934583
PM block size     : 2 (fixed)
Deviation level   : 2
Minor size tested : 4 x 4
------------------------------------------------------------
Matrix total time : 184.5300 ms  (0.184530 s)
Minors tested     : 8118528
Avg per minor     : 0.00002273 ms
------------------------------------------------------------
Zero Minors Found : 0
============================================================

Full matrix (34x34) mod 8589934583:
               0          1          2          3          4          5          6          7          8          9         10         11         12         13         14         15         16         17         18         19         20         21         22         23         24         25         26         27         28         29         30         31         32         33
      ---------- ---------- ---------- ---------- ---------- ---------- ---------- ---------- ---------- ---------- ---------- ---------- ---------- ---------- ---------- ---------- ---------- ---------- ---------- ---------- ---------- ---------- ---------- ---------- ---------- ---------- ---------- ---------- ---------- ---------- ---------- ---------- ---------- ----------
  0 | 1526010613 3777779702 6524814180  132188564 3009947147 1050609259 7773394729 7189035713 4362336087 7723047979 7313942922 8101272904 8480101127 5786564284 4109899231 8180415550 1512093516 5093317979 3468622700 3695280793 4321282625 3232792484 8453276285 7740546281  146049643 2754377522 2405654433  659329747 5443405524 7837636150 6850532689 8169863078 6169698095 2178031262
  1 | 6988061175 4240342977 4879666694  765229167 2944249387 3907446986 3969929728 7515070672 5501009969  167812902 1059811438 4625947718 2399435530  906834056 4139300624 1759560379   67954828 7732387507 2166527898 1931057379 6342196008 8224676213 6416694064  219942377 3467792814 4605471832 3226725805 8428028163 3339306445 1087010340  237940095 6660263829  538391334 6739083432
  2 | 4296197259 1462789273 2706994860    7457392 1018268146 4311578588 8497628379  372203865 3256883019 7966089834  131361899 8062563657 6885872678 7554189791 3669464422 4915289828 4113198053  438973364 7146956744 3067246129 6796015839 1027030399 5096205221 4806498825 1591031078 8073771134 4885301872 3319820530 4088520731 5308834319 1218965762 6574462232 1810108439 7751611864
  3 | 3981876399 3153278064 4993232064 2337505896 5510003540 2995865263 1649708254  378503920 2089836983 4008342558 8526044725 8582820961 1299327196 7099672659 3718065559 8226950186 6074516897 7923139491 7780019874 6857817527 5649585577 3894849251 4682536053 2460421322 5123443253 7829719546 6455201033 7964777724 3237868779 1363083961 6391535414 5231991034 2956797524 5990196189
  4 | 2945194421 1304765876  971472235 7091475515 4984939292 1281196549 8431159364 8365261641  954423782 6873348186 6644852468 8150188692 5947454482 7560115701 7668413901 2287840302 1028000841 8353776440 2550543928  820378340 2517485596 1202513066 3284264230 5100174654 6042823220   46928649 1358756857 6554932141 7629028273 4232149111 8560716380 8474477354 7925063519 7303578521
  5 | 6158678107 8371178138 6725329356 5425726250 6743965617  352581845 2846298059 7770086635 8505528727 6422599430  172624337 6628909201 7581673299 7760894656 7356011908 6506066932 4286560738 4747641500 3196990454 3136998619 3488751492 4038931918 7310433297 4255018932 8221228320 5184508134 5402660858 1148348712 3722582601 6443748109 2881281319 5381438923  627315807 3326417087
  6 | 4458905536 2525624352 4358517313   29965354 6298399472 3492639260  577850399 7202174685 7478874457 4748193942 4243566491 8413488684 5579777064 1655880598 5641309207  353571119 7388297690 6681346297 1875192476  515750418 2841561122 1480246757 3148412095 4953725797 5616769307 1890595471 5401802549 8399050535 2915998059 3203238869 1962289552 6567291090 3862269738 7108626374
  7 | 5744365078 2379318682 3157847886 6209599747 7848974268  711975607 4805161847   49759616 3756860406 3033787152 6586153410 4912538448 1987031450 6229265892 6523547755 2013476533 5569011844 1591350359 1773073999 2150533707 3248106226 5519132973 6056989685 8587104066 3740292279 1822412912 8192122621 8357165664 3147265352 1780618016 5264283513 7740706907 7383214650 7105456491
  8 | 4139406287 5232447268  416588556 1742150944 6340089117 7135687109 2842524748 4051937924 5618432472 5987377154 1468437472 4370774882 1697034093  831219243 7050762094  169133794 7384340476 1692306197 1787481246 5094464485 1151341038 7323589706  191575486 8107190505 5191955920 5898526202 3130752691 3312389590 6466413837 5713915915 5569957376 6277179905 4629147893 5302773483
  9 | 5226035808  364628365 7625524329 7590805746 6486341502 2290623367 6768334924 4233627467 2985617647 4270418263 4090149767 4905882582 2819263664 7158531493 4127687193 5869361875 8157674695  134053310 5350405672   12948503 4101915155 1104483451 7343500649 1515225794 5720212760 5578648579 1326476790 1560617055 7971284707 4034776804 6172230796 3182804591  850140667 2859814890
 10 | 1905197745 2695031590 1085851706 2944005746  752748247 3927467035 7519855814  790865032 7553450325  246658665 3079997240 7115449925 5692261442 6985964213 7214872442 2110516873  229704056 6321281054 8567784169 4971771333 2336410136 6909969354 3275216035 7647652340 7202762227  347225145  289034177   29781097 2819059340 3392522318 2777812805 1950462819 4628589304 3051009538
 11 | 5898098004 3606872167 5492048374 5242092128 5808586556 4738462183 8116904560 1945949188  676325224 1946731889 6909201788 1699238269 8432912647  402062790 5093517473 6134891853 5122646090 4808985452 7010900953 3194505087 2027873150 8573222985 3600401264 1541817875 1880951469 1390450154 6479098947 8151877119  462780614 5707957353 4415981689 1599898087 4887695940 2953552850
 12 | 1222805469 7401782721 5247940916 5532935063 2765899049  501441973 5942576761 6327641783 4588357359 5535740864 2232139119  761068916 6942694463  259132767 4268604768 1603246998 5859436394 8302628508 6276676445 1677787476 7834396798 6562319029 6728035142 5004409113 6155946776 7238227357 3466592670 3024178503 5023306024 6338297385 2488178816 7730014645 1451470012 5535788336
 13 | 6515922448 1231005764  733179722 4387554987 1110379734 1435005133  422067720 6004133441 3990629074 5208198821 5776821975 4024553845 8170739646 1543360289 4540668634  459489270 5419397669 6089914043 1329872267 3159710541 3598186211  769590879 7611261688 6526997647 1732569519 6313118172 5422932925 3642298521 7517069094 4474165267  374939443   42265329 6426126801 3750722349
 14 |  188024883 5821631756 1726196859 8396755843  520849172 5578760206 3198630375 7327041949 6415220089 1425761901 2150764522 8418637882 7339288591 7749899512 2554373329 5177427332 4747978550 7227877369 6246726748 1546279155 2390144277 3795806285 4661808097 1645045399  993252987 7900476778 3501822006 4706823936 6338850517 5581211307 6040066181 6188738960 8285418635 5398733153
 15 | 5218581599 8297679110 4387883640 4443112087 1091468501 7365411200 7646996627 5089898105 4178333006  551597366 7203345109  814215312 3443262073  397224166  471176304 7274300524 3668887561 5023480565 6003403172 1992880098 1101526434 1988660237 8260227227 1264409203 2659444006 4641297342 3102351692 6719104050 1332429041 1300989033 1294819839 6916770285 2962612654 1614519295
 16 | 1911756231 2182806474 4710959130 4042761962  706032327 4740420759  920727295 6261916351 5973540206 3339431907 7032479233 3607151586 1710493851 7292210108 5464246926  162150609 2141775605 6237618781 6363508325 1135323829 1817896367 2461795045 4718546128 6967188404 3083501016 2317321628 2133623074 5350497910 5469979288 2758117174 7022738187 7127524869 5722885811 4925609295
 17 | 7048683524 8530609839 6323377740 1133007298 4123201212 6715607484    4265660 5501378565 2422627385 5453664112  924418246 3496368808 8546361742 4227853777 2542787778 5508996084 7061975520 5104198276 5859160192 2963636181 7666827711 2290579296 4582602683 1240413080 2635266195 2259972956   42133299 2970668161 5857229250  845655035 1569248124 2503974027 2857486181 2338004003
 18 | 8468384133 3679783057 1812503077 8259926930 3274177754 1318468417  201351594 7544829187 3884649193 1663401147 3080168230  438940808 4449847149 7547248540 6038847810 8064608344 6494322342 1573013283 3681906526 4522429056 1931406945  772388427 7871542238 8175558452 6932512869 7187963932 2395728580 8041319709 1963373778 3216639221 7713589419 4577151279 6076476170  743873653
 19 | 5810641143 8540632923 6512125231 7095904567 1206977336 7986424206 6344854092 7923748445 1617681633  404058403 1688302579 1004069767 1054871390 2735229098 5273718372 3839976660 5229248533 4685371747 2866709428 1825351315 3705243353 7027735143 4091161072 2933127724  436034719 2296215103   87086594 7803551092 1504057726 2166829273 5494570220 6510299228 8526139919 5220969147
 20 | 5264682482 4207006056  911401269 2738708841 1810721865  347741554 5471392706 6432396766 6203426656 1634779997 1631419509 6752900566 2304438326 6869036726 7783448559 6448383522  503953769 5687814464 4160534638 1372516435 3125698969 8145007302 7828959708  919325827 7881414357  211276507 5958818295 1693872234 3772944884 2845125581 8537107997 5357090867 7487828664 1678791936
 21 | 6840953977 7050997350 6374773078 1905284375 3333571913 5605878705 1194784931 2501305905 1346937332 1931424603 8273925926 4891909513  858604986 1656594634 6114427613 4090913547 2128328317 8532654339 8526392627 3563836812  717225512 4865501153 2068647339 4140600420 1421735399 5198812503 4167010790 3653221718 5780442356 5994322149 7556511985 5279916403 7850001999 8006917646
 22 | 2898264726 5374926082 5239787316 5494351801 2905352203 7455787701 8243651185 3080248407 4249470748 7878060162 7349242110  345296961 5261890332 3776013410 6748449705 4584341583 1365208477 5791719491 4789097250 5939892431 8588106825  375706674 1633037992 2621581176   87652862 7348223748 4862317573 4418894180  784799455 5813978941 4133836980 7835932827 2812573146 4471739214
 23 | 4770566400 2610944582 5300369190 6982346589 6991590645 4424500323 5049851812 3245747109 7984717639 5530634263 6601707189 2752606284 6587318550 8485490464 2674631285   45093380 6598117210 6245057140 1711247452 1134146709 3372956373  778695566 1083816853 2575578006 8229498381  672566324 7807790205 4554055035 7984336042 4151820949 2648943361 1742275984 4836445333 2483654900
 24 | 5708152588 8134576403  882621751 1429791805 4069530334  501696534 7364934803 1613252765 7667091763 4733176917 5499439851  938197571  356289693 8400958073 7312553749 7631664538 2840292195 3969305279 4661396638  438279934 4725552389 5887457922 5638969486 8124348617 8165869541  427798137 3917179194 3336560291 6219760676 4847915288 3394016910 3548427186 7573613158 5833388922
 25 | 5277074033 8173755515 2590009904 6481594636 2170403983 6347876826 8429258640 1315730849 5817179939 2243607721 3967015898 7132198968  645687345 7896460456 8171616251 4828577985 5799175594 7766825345 8091638121 1379297464 7262731834 6487240193 5027181182 8179783426 7763938810  202353273 6753625834 3320310931 4150125676  849326256  623402590 3337753776 4298642445  805039411
 26 | 8524628888 5833383002 4424631001 3912259448 1731598599 5139608940 5484295864  833252073 2087469331 2342534594 4424374363 4355912392 4357877685  461780310 8042378093 3170877378 1268967645 1874343531 8012602503 3937982933 3505106930 2884313841 7120237660 8151280812 3786312135 4039438470 3291345859  637006526 4692349227 7962058148  886245971 1042983038  774321020 1242326174
 27 | 6699358422 2997480696 2549656093 7397697354 4622504438  508458746 3053535026  418964062 6344832368 7396102617 7238382631 3593620629 5844490947 3630920447 4786130152  435284095 5854148045 5474090436 3335541700 3975591064 2208148297 2490157349 4760697056 8434481210 4048360717 1048000771 3711530223 7865216983 6356351916 5390318136 4423493022 2208599541 7230313245 6358107934
 28 |  770899678 7219651940 1331205079 6372356547 1607216352  986533507 8476647140 7129990483  755284234 4028324589 1980389828 6120699876  178063236 5647331500 4598403969 7983539671 6537681990 6027085639 4815869910   87961632 4140187578 6600196106 1323069947 3722536936 5263416657 7029206321 7684491701 3289463531 7787763462  175967262 8388020627 1187423734 4556974578 6043282023
 29 | 5427069432 1235679696 2552878434 6153429079 6337116815 4377893709 5066195569 2689150200 2561472993 5982423146 1152270014 6357333712 1401124209   60879493 2510543973 7598358755 4209321581 7625714573 1083831543 3544701039 7149559984 4986538845 2777215185 4788738450 6923972286 3062706453 3275466382 5443206967 6891621410 4521745871 4994655565 2138802921 3674984224 7313626070
 30 | 4709059745  452054342 5222512945 2641157461 7788481814  722257512 7635379505  959630625 1967741299 4098281795 8066595418 5961678353 5394601383 2885275225 8426826598 1632699608 5785192587 3735346252 7485678443 4039157351 2504030457 5511261496 7237829410 3986743141 7217124356 6191754055 2759005649 7417594263 6559032697 7065413162 5777708938 3626376233 6033367922 4210379776
 31 | 2055748306 3990309048 7710740678  444177302 3480313925 4842326779 4794257260 5825934932 1660907345 3880405112 7069636803  426167126 6104521695 1657583196  316600867 2596880567 5869819906 7588661765 4265613031  440873125 3769106043 6400958395 2641215497 1186022220 3790487607 5819213019 3646144819 2329033246 5736666397 8370841861  961039784 6105590316 4858529009 7628841210
 32 | 4840816923 2284095622 8573605737 6319941235 4766728198 1790975204 2036065917 2066612395 6020416805 4718971174 7578209701  418083820 3735739377 5205792302 7736534688 7239057704  100153908  542467769 2423893920 8344100556 8406995292 3278213696 5803847526 8363155196 6699676108 8346665383 3152443660 6470041461 3658270556 2334086425 5122083711 3557068865 7261587531 6706604678
 33 | 3327640405 2888735174 7938553679 4316264798 6278261812  688900518 6399547723 5775346237 6609370332 3762587821 3620856707  847358226 2045831574 5026778378 6283078021 4246953140 2359289045  257065354 4906296364 1242391817 6150966945 6300811941 1340815118 5481047812 8305245481 6385156736 8487430972 7832814321 1111264243 3934440177 4729732185 7329795321 5679315097 2105992604

No zero minor found at deviation level 2.
