============================================================
APM Result
============================================================
Matrix file       : kernel_33_13.txt
Matrix size       : 34 x 34
Prime (mod p)     : 8589934583
PM block size     : 2 (fixed)
Deviation level   : 2
Minor size tested : 4 x 4
------------------------------------------------------------
Matrix total time : 186.8589 ms  (0.186859 s)
Minors tested     : 8118528
Avg per minor     : 0.00002302 ms
------------------------------------------------------------
Zero Minors Found : 0
============================================================

Full matrix (34x34) mod 8589934583:
               0          1          2          3          4          5          6          7          8          9         10         11         12         13         14         15         16         17         18         19         20         21         22         23         24         25         26         27         28         29         30         31         32         33
      ---------- ---------- ---------- ---------- ---------- ---------- ---------- ---------- ---------- ---------- ---------- ---------- ---------- ---------- ---------- ---------- ---------- ---------- ---------- ---------- ---------- ---------- ---------- ---------- ---------- ---------- ---------- ---------- ---------- ---------- ---------- ---------- ---------- ----------
  0 | 6917279154 4536228433 5467554174 3797053242 6900473313  573607680 2449690514 5440068185 5199841192 5947880756 3578882770 7970640710 7513056190 5742471386 1829630736 1103936481 2224687203 2037826158 7291720938 2442563379 1330920430 3030802266 6042213260 7157753849 1432794328   57719248 4434477934 1545710857   54960680 7517937378 2465122219 6918984457 4222604950 6732527939
  1 | 8117170400 5919411735 8352364138 7077775361 1855264140 7167457811 5787161120 2066722514 4861115516 3079487338 2410194652 1439772563 7886014715  322620089 1474631656  677685794 8040702615 6096073640 8516075855 4232275723 1857163662 3504223478 5067466352 7619623358 5729294279 4858393495 3369159898 3440293190 2755199041 7962074685  614788232 5182385955 1457723045 7920970314
  2 | 3180875106 1327309061 7896778076 3246475321 6786145890 3347605331 1201075103 4253632711 2748290373  518112612 8224769010  523534779 2689339081  257207375  167226312 1425281158 6866600601 1622370210 2364087266 3878045234  253262970 2523742025 5630358611 4170854506 3750301067  446980743 4402094141 1146386828 8475242053  570102264 4881338855 7345273681 2055268831 6024528015
  3 | 7404156248 4635655785 4559682217 1801011545 2406490001 3505826766 4076266144 1855111752 1339408885 3325420622 4801193891  281172009  352949132 2750237478 5033591592 8576325546 5197560386 5935062982 5828166578 1080182699 4565690109 7437728371 1198625702 1370714019 5400674627 5560146839 1042411259 4126967485 7525361432 2693432404  307667750 2823945485 5650075728 2008197335
  4 | 3386063492 7976771637 5109439996 2399386619 5720478822 7392896233 6175249979 2026294834 1675060663 7955791875 5314091328 6758031171 5904596863 7848555566 5175243209 5374433177 7436736923 4780151535 6985848987  252730642 7941387026 4712894125 7913477718  857274901 4467932690 7251663009 7249285757  544320565 2844653698 4039927522 8304263554  621982321 1732042885 7469544582
  5 | 3780655249 8108931077 5718028712 4739940739 7400923977 8195172016 1479163931 6717991123 5083189900 8539897437 1855544545 3900222856 3243581332   50663702 5894035036 6471611791 1221316363 4740861907 7292053930  739075294  267137606 2449938396  402995318 2730984525 6137006101 5372758551 3277919020 3923903295 7935596958 4958428942 8463021167 3254909385 1056895810 4749777921
  6 | 3513486717 8100437482 3300822870 7912590675 5974854348 5246541845 3106474051 1595190012 2242814977 4234755304 2120614874 3118396126  838287765 2710273368 6465687182 7217609330 5784812394 2254288221 8437802359 2124207583 1753251610 4515190100 1478469829 1898914063 6753320247 5980456125  809955254 7772735973 2818639685 3833115977 4139571696  698291644 2085127292 6556023061
  7 | 5576142672 5919363090  867617995 6297488366 1705683266 4672264561 6156525282 3451941550  191586374 7120657450 2452708151 3901520602 8492715914  157862717 2616359619 7717861662  405411279 6848212380 1516248902 8133537431 2567658153 4633171984 3900638678 5911532362 2037722398 1079747830 7288817022 5800557051 1649573362 1575051723 2903082102 2596190119 1004462648 5693303508
  8 |  827752445 1464150702 4370977801  390860341 4931885998 6982459294  245524512 3465523819 7719554356 7736133131 1988762995  406727661 8587016882 4527841556 2011669789 2925195125  281547301  971269942 8557344074 4984145275 5538752184  691204750 7737272168 7480998012 7695955139 4583006847 4233366896 6755624204 5183036835 7481880588 7382432626  444130839 1852654243 6177878545
  9 | 5747582477 5516558980 4214906537 3732901102 2960452227 4399689007 6521049614 5257812696 1790968552 1690100116 3334177242 7237899697 6817793527 3455463185 3053892196 6309089809 1303947818 8179848590 3308399344 6600630868  675924814 2276057238 1180460293  720973243 8025620601 3131411274 3800000853 3723335790 2999245147 1350111924 4145120037 3504740894 2995605289 5511307275
 10 | 3627843114 2598257351 5397026178 3949429386 5462129272 6247283555 3856182535 7600030712 6750188560  638668619 4957697920 1609396171 7414221122 6239501773 8278811155 4406566939 7001136202 4973334628 1404995161 1306635075 5106232421 2943280939 6986197642 7340583245  757471507 5149626562 5126762334 3654429154 7316893717 7157352020 1398815294 3108370851 8108371201 7490093411
 11 | 7201631614 7689440989 6029373052 5832171299 1925421572 5544661383 5782350247 6722289957 4429473419 1824906744 6567741393 6532857284 7453432985 1049609986 8359302728 4230715054 6338529245 4734206937 5736037671 4955823914 2815792606 4036470973 1369966299 3683159894 2850924452 7331161952  750204082 7871654618 5230421762 2154835764 1718692468 4439041259 5163460490 5405970765
 12 | 3561664004 1803142643 1422836040 6009780409 1791805399 1027562110 8107367971 7553595514 7643888471 3281478821 2644518333 5694000965 2817053801 1407631090 3062295291 7046676794 1675759051 4208634263 6794644800 4085472215 4479441780 1768722559 6735691035  152405329 7278307425  157197799  888927285  298457180  337536536   93973928 1695685379 6675983823 5446597178 4366673299
 13 | 6170425131 3367029134 7922772627 1198024589 7260108528 2379699473 5003051206 7745259461 7006856026 7443215899 7518636737 2580119479 5839061353 1407686431 4039889496 2582564492 1896493503 4607205839  213891751 2481572536 5042173137 3388371003  699730475 3936344084 1545806503 5271623627 2186774282 1449385984 5286057399 6606014998 2421397232 5813082005 6158649923 1624161613
 14 | 2774800189 1130181855  348306823 5033157830 7807291160 2438532370 2431591540 7895292781 4447562349 1799993764 2757857008 5230101560 2041011384 2211439257 6802564558 2846377402 5196766043 6396994300 4355860082 3868072471 2905803317 7342042121 1298135259 6916322132 3891780741 5652593575 3784499179 6547320739 7070235651 5059012508 7715672897 7086705960 6888975135 2665732514
 15 | 7556212440 6370975602 4578659409 1998271987 5059956713 7535183077 3960605872 2544928313 8351222489 4983182870 8492666808 6432424899 2423734320 1044078801 2225674642 5808106201 8457709350 5896275704 7364094072 8172963021 4013843323 1490531964 1515652837 5988644367 1217243832 5677300572  606105294 2482498969 5478776817 4539686424 6310578678  122397367 3413479543 1848843666
 16 | 1108312451 1144286552 7818270409 2492607758 1866844434 3542571849 3504486926  652035951 7385428970 4046772489  163199280 5920050403 5367817100 3615816026 7283460926 1754711753 4126586094 5520796304 6114452930 2039413362 4077407836 7009790530    2138619 1012583436 7649203110 7937737443 1724428440 3142958139 2743657725  407025636 2414153184 1740960826 2754221537 6082912215
 17 | 8513005199  256895838 1409753402 5442527569 8188278086 1150490312 4787537068 6017461456 1392715809  951713689 8119350792 4181559231 5982553473 4841000540 4120751572 5474009401 4835428082 5672898304 5486845868 2400925852  515830975 6390919226  811157439 4706211887 6705915445 7430596856 3806808079 3978929935 6194448210 7091831814 1675840287 7427907044 2994757085  794985956
 18 | 7143418776  472160005 3268305680 4817653845 1791902516  287086596 1309005318  874931998 4681333391 5953801429 5981011964 2900847276 7657378840  789998875 3793365988 4439161713 5076880826 4587501616  814920500 8054038392 2139853477 7188792966 5767318117 3729393232 6197249050 3344614581 6558634361 6762341389 6648585785 6355005277 1459521551 6211229163 7110764310 2353801377
 19 | 6771534527 1344461338 8495170066 5380153379 6314874511 5198165131 8313434873 3384020443 7164792428 7061521181 3562828661 8499286073 5124230865 3265551802 1617452328 3537867739 7153549031 5813944048 5791615151 6010009971  631230385 5080963827 6661013543 6610188662 5287367431 2377267436 4025629269  853945664 8028307319 2739679654 4337460381 7496692343 2117611699 7524432079
 20 | 3497327317 5501967245 4333065086 2688404395 2729277270 1873103082 7639905402 6123592345 8036798962 4096487388 6474578994 3904012577 1507754588 1784035074 6234156691 6368680835 4931619715 2963477460 5917917412   71339868 5904106232 5458429466 3864451836 8494057187 3239086110 7576266037 4695357789   68618828 4528368671 7101826892  441158034 7442026729 5182938193 2591679337
 21 | 1466675564 4418525663  669730104 8373467688 4905993628 6579776982   92088249   73241154 4840926735 8430492831 6926605481 8249572438 6055789216 5508369950 8377322884  556207673 1533025132 8148294361 1218675432  430431395 5500281529  419094495 4639766920 3492583692  929902988 4648617545 7402566136 8027392118 8240454049 3514769781 5712366058  847077868 4851301778 2062555499
 22 | 7494850766 8436547442 2705229419  504081824 7471506117 2187085590 7792778251 5702904135 3935461982 4114064951 5562620276 1700111823  761890526 8080009560 2239074044 1642685085  435581222 4571954657  937946826 4191734702 4500642564  625086039 5225631859 2156430195 5701671523 5623444193 5440334953 3180817813 7231260962 3141090576 2236489410 4496556149 2109394875  101773888
 23 | 7805337455 3654481904 3404850665  295084327 5230867258 5805216694 2788754849 5544793841 8519293781 7860210606 3849143336 1183385628 7848246662  789838954 5324420326  579959797 2639229599 1306670560 1436604257 1734911743 3520562067 4171395510 6491936107 7956696275 4903300941 2214286288  634415180 3390338843 6243619384 2392179434 5237978199  426748543 1000334067 1243105432
 24 | 1327568307  948347597 5510850493 5589137310 4801432935 1619095724 5269961643 1187721743 1218864291 4120837761 1778563251 6215332344 5832459789 7550304156  261154754 7866716507 2527863482 1501919276 2631448965 2901864201  417110317 5805276461 3050685971 4644194907 7798100045 7970034056 3760361981  121425249 3302536291 5783584133 7998881743 1167635606 5714703271 4870812133
 25 | 5923209302 2769316064 4479402139 5251502416  993426497 5768588164 1241427392 3673456583 6385849479 1191349458 4102475972 3923410630 3891717801 1857309695 3823634056 7044112519 2314612834 2789165527 4830745492 2396975345 6226996624 4832785554 3126982615 5570127871  337129576 1352987386 5712135937 8345561084 2890107825 4169991872 2593676523 1350472082 7904065193 4312721084
 26 | 4559640512 1548928279  968549396 1588947728 2058652261 6708679362 7426137218 2505627635 3039123170 3542537609 1304330220 1751684540  580496249 1806107521 3591503408 6252348634 7672845693 3234275028 4186707996   92458101 2286897087 3483847526  898494528 4446885041 5537512384 3655930652 6859999764 7038767805  313879416 8518547510 4495352333 2815678637 2491397448 7661811672
 27 | 3591304283 1839585904 6413918209 3265570038 5300473368 2924255814 5333789265 5298122023 5959742085 7521671238 2443280108 7906461554 5844154666 6983461462 1377193145 4158448207 1264927984 8042155546 4518522936 4320738114 3415976359 7778458672 2972208309 4688401653 5148486328  618768511 3955019815 2663905778 1754770060 4242424927    5884092 6890621938 7352359630 1009371656
 28 | 1738214355 6183116288 1253734855 1927947149 4706709805 6532372671 8462367048 4407142439 3603421673 5357898150 6636953792  861754795 5155633226 8584230175 2894436094 7902392005 1301251171 4516463515  953582519  329756907 5056258637 7651788077 3218022993  654616877 5872276374 5554249120 2611269214  724479454 1685611433 3040935698 3200823064 7230181559 3473213317 8249215208
 29 | 5988453665 2552478480 4503753340 3603466833 6992236015 1243475453 1716840689 7225953585 2561421173 7816779706 4338007953 6465866679 8086282709 4447327883 5319192867 6438826770  264400963 4203004451  825912653  753493026 3444319289 7794383475 7785895749 7491537426  229266026 3094791034 2961376091 4594234706 3346651607 1941566820 7745305646 1052729104 4997533430 7346302494
 30 | 3239093017 4580205766 6056590197  391421158 8049694492  896884841  152956336 3714128374 6009532485 7523528747 4407123824 4445574670 1233860619 3648303062 7875253011 3210271417 3655226560 3042617450 4460006228 3808320200 8005248917 4604166708 4284781430 8022520653 5527081348 3121744172 5926844670 2061456193 6801204434 3991302650 7254625762 6088048340 2042146534 2521436525
 31 |  458817862 3009132340 7325982608  990562178 8395178943 6866555570 8227413860 8411846181 3530489590  829341040 1671837412 3369688446 8485406544 6687631083 3956115728 6449563729 4432605406 8311329396 8100286979 3853775662 5084705158 4229967332 4646522825 4407521189 8198301397 7680512972  249986760 4113734760 5175264830 1408252630 6230748067 5367697952 3955951925 5452466780
 32 | 5247122554 5140741199 4846630242  972891029 1941036781 7289664093 5531853975 8010322035 3786118105 1738229693 3744283376 7735989007 7778252804 3126885879 7200216005 5250742160 4637148512 3210472629 7218849693 1311702150 7869084431  445684436 6544041033 5359702002 3631612791  929968215 1256498764 1127525781 4400721374 1535493359 4241849736 8292012028 6016478010 1323458361
 33 |  873319565 1794971468  178972192 2574279203 4755389357  572623219 3497122808 4332279138 2698900457 4306296994 7076735009 7263613232 5906777503 1026776722 3416670756  781613025 2528929231 4689045470 1024784396 1608701439 5664273775 7513822077 7195292855 2482608797 6174813363  270864850  729588853 4470338525 3853751208 5726123344 4370224654 4345237184  132624652 6422986536

No zero minor found at deviation level 2.
