[[786119012973 375957779319 306418161785 475355999999 1041253643783 844716560076 63764915920 984665730729 520201305969 987330985294 779481540725 712317460601 881539917405 181267501155 917073029000 162823421188 703882803938 984383147794 710617542126 676689449452 753794387809 1083085831952 773126764862 569418273672 937308804826 389944958619 221693556088 456492666451 893225113492 1062502097414 290904711109 811808344523 747088831284 718795267277 89612422141 547690609221 1075479655548 735128290088 455900788479 438297868595 775864265402]
[814520721570 23630189483 448670255783 717936563119 710390106622 573651603023 791702904108 1057432483645 597273214556 545517688329 520023371631 54823153168 600518420476 365034948962 337250551293 940975120824 238290110346 1028115423021 174164748058 934715490609 342547591599 910656395387 557375506173 215551883831 330873915688 980108578230 514075973137 511720929161 46474088047 239283790112 898192356598 586300156539 771717143489 145411882442 569671446137 890543665922 871873774084 935708845044 216928843592 250171518151 919749152331]
[139510118653 754911705780 559900353128 793254187142 913190468651 506885966692 439596208128 258322094247 845560175245 339844743614 113349810188 44178928486 858994571379 14047026931 48223444279 896948162226 119830599943 644079378184 26208762982 311687722857 698447976734 387972829493 303408104071 394748298184 389355342415 910959862061 40260070340 1090184382480 130386852277 119159856812 182399270661 863341915920 999049814958 444008077583 923741350622 1038182950180 494765250573 716131956074 504687827503 1075568701039 727759948658]
[305831873891 184508487151 1034682934491 293025496906 22773297852 926631323078 472363338655 616174519316 855085738284 66807634024 112468417005 566088997275 28824759825 274988555335 863046261322 1053361372836 799087320 629589864630 1015199555529 173221545416 183469084654 602790540722 465327736848 424301726910 246468186841 51746591720 957092682401 241051867934 65108774554 757094716493 1039184781760 734584893686 659818295868 454826011078 876481913012 942920027438 413505780223 693037354064 93464088635 699845711426 1081680896470]
[456558314343 67592861741 7806053099 770183365564 877998770295 353073456638 965243587530 694829240856 1012242907906 1059468037340 961667506129 253988403109 737456028834 318162214567 324158882411 633142456442 920025307575 49755230470 344020331535 17771518041 314389371054 645649421708 494260208109 272156104905 1098932287253 67780357741 238669372850 213478072915 65031169851 726643188157 124137035488 956147010833 930277093214 883505035634 578367673510 646794818378 760082604488 139746098520 616985742632 675485054323 1071877508617]
[911381836262 607705072520 202790185228 301761826570 945473802051 14497453326 998364012023 231276427984 1068432783935 603689048996 146277489884 917237050986 584416378542 1033738202269 592998431735 913069440044 32940927787 982763252762 423767825412 631680429080 11622647919 132320186468 360961657324 965198845984 824075570427 839995967159 598742094722 301537733922 680113957058 779880628044 32548522542 484121527264 750259865632 124499999364 635113960294 611473913375 672644312302 865048375019 298639938326 157970563885 125095553937]
[797310139876 945747982125 317094250838 998242463741 58663046819 643769478223 40975498081 275009245945 346743463606 600319316172 841086518954 563952206081 973719989732 792724929015 281820271100 15529742809 1004345782327 1092743385510 870507155978 491108306813 856712492116 220890396379 39973475002 974001841444 395561321896 456338524224 612141706578 863256506430 829466924037 290311966188 871874422235 8398948273 15236884336 991812879831 125384427853 946884354292 1008710872234 1068152867909 55630791684 1056028220988 1039231478946]
[270831203359 19218764018 380421402861 569141221554 556111840972 680971666605 345141481732 120323429706 888979402785 520127883137 377565079005 365323606297 945715599273 859407027517 363895814119 799291948281 843473896581 500340554936 202418219395 390209040610 117744227274 766177865845 715697511260 704686274509 889981881689 88954116260 959687522529 506638385784 557658959269 202878882286 486934443946 575367408743 220212043941 194147417098 100192501320 682912411148 539688673352 869828938559 883953920973 338699025650 249999430261]
[251354226432 949334224807 645619937192 197035195548 969852024674 607451503949 106273391627 439829563892 1018925218130 881948793078 555577859189 89460807129 528652173545 476423325204 146528671818 670042802631 179182995721 339758541535 75882673091 800190824136 665914484526 383832940259 1079858577892 655130535475 1070157940069 40664056767 828799700277 300408079701 563808018987 98604508805 840215802013 19848609627 426433451093 441813950234 356342854963 752325884499 302850284656 461671327184 1071250505991 199021976516 964560243853]
[10525166681 632240222209 230393797044 815108793351 1013166282738 509943370714 454711165867 122538770595 624873432472 411471372880 930710555066 745764684345 638197524244 783323416809 61379695627 26238524577 119509365912 1044907365221 815730400018 891206347821 628699032566 365078776037 268560774395 1026107796763 904048139596 157745686816 32283517133 36408022394 90522717126 431881285356 929613177428 1047239960781 1013246004940 659719352286 522995569588 763822947359 97159496792 520971507243 570317699572 598062695338 165756769299]
[344826844243 972934164904 884212948010 1092558645373 689614467470 667111770082 972524093501 637173934349 496635452376 110189596220 656761774795 979898282044 390686889250 678262363413 1025171608865 149567452220 17231793752 1032285602540 774365197999 841942764736 424411351804 157445487512 188254310265 599018374796 97352367486 169611232244 886086850266 1094561069884 958261754062 904780375104 755065264708 749398016126 185685518173 384663396001 487000978210 259890415253 72683934015 797347161 874654337355 332308475582 677330380104]
[60219316639 861705304621 380986094174 204142842343 471945384647 1023966789848 638016145524 463709285103 649714053451 514414049088 288792786150 210281414617 6248546419 245304675511 64449055070 366616186815 1048277818285 695123172001 128642964230 306207306989 134621660837 936680502291 397811105845 1006485834584 405867719343 663330140659 625429249706 346058827516 1035641597239 263827174841 905413792544 609656516641 498102623823 846181514692 720796669069 43897535256 469196186312 801895488304 62165407548 661840372674 643146647357]
[160271911729 612650551782 930355969679 237581412458 185243570317 19172989734 406261148688 455806567843 498369175445 180667710197 631459566574 902161203007 237277104981 234396423547 1066015765311 563322180877 1031070427931 219551716255 786969363566 389453862719 695195373640 511907858334 355665691919 358718959837 102383377086 828421275321 874255137385 204510237233 1022209228258 1055251516545 1065928071674 260376823266 734228850771 756217993259 511599097044 866808635688 597993997248 17778335198 262375803087 22393931297 1046949656056]
[951306830230 230704947041 661625052727 638302013087 45716296117 416023031539 213948030032 291971222172 798460367139 13354057808 527838805947 708659479224 755744659851 22961068236 241944779552 574923750573 180998804924 613481039013 912484694447 899580334595 138941666329 607401607870 1059399799991 394588541088 229428344344 230836290653 626912209783 175149671246 549934064214 545249243903 564186345137 1008598941511 699326859739 535558769084 369320345360 65801080750 437573114217 190201117842 349806290140 500720228827 972948103686]
[674664967076 310040203963 1075580916608 144037027966 1022175738905 608304437155 638846051876 961036994644 215948639145 687412658634 545658218617 40718655731 640170084197 1023927725722 1043698223341 535793737904 134653258059 1057134822282 1091532912680 984135416674 600460230153 414764569183 182281452958 834208783602 882118418846 31599667503 792924329209 366742847195 370337048702 726767929398 914176694014 368397511358 1002306826150 11602968624 596924943102 322224695301 706859599451 404595735328 916108757514 515414596042 429698764181]
[375782246653 1017963348299 238128680504 889682162255 559012020407 756258714834 789193172950 494818899650 193705722067 230369481718 247594445674 86180533114 504646440795 747070171607 810993933760 1067753709451 462325364147 699461630769 30504836046 49573597079 997694385963 597148526955 580857100452 816867414234 978639738645 936454939416 490308639053 739179804834 710711240732 938292116285 70030270948 479382891871 733521667335 660503963835 50241866378 358657017050 992153845001 685243236127 565974367419 936160665442 747435548928]
[770103729791 24504700647 641068439273 903429737983 512775123258 1093927337241 111079368974 127287401638 450178911353 182030301332 515847983401 584799868212 602878258658 606234370407 248459859705 736872065439 994148134017 372154281158 817598816901 307720407348 310420694349 871883893360 779181115196 970064139276 94412582164 1017319021379 778902046230 781020496896 729261337111 814050596755 133031639471 394877195114 173739426326 175696194445 676435811003 990047127478 279871369615 8982191948 829394634966 150163719109 457644590624]
[189652719324 293323525105 308216306278 258831102448 289708524321 527180875579 212718665282 98693814299 293740364064 1076953147960 824406283205 1099067018207 87607205849 1018485093719 1081007020561 181634259660 375545764231 336847303122 1070693071223 424595600352 627275626061 235087197485 255029066947 1025898423917 712059380463 201040347224 413713566531 398772688860 123566563467 659647878419 787448970098 956810901690 603389324203 715459705898 947876374905 665793885002 1063245994133 629455193394 1022512469336 751160263075 279124621651]
[151673260920 700802947988 479565674392 534995220961 406775686953 1024385223482 717893419237 30330531636 261406709239 679222393891 178236229204 130456735175 1027121127450 626025905546 922332928835 1055946050908 802360308364 241185076219 358519076936 392252088435 623888144410 619029856094 188787490275 263000425775 473073727284 881294597480 19284093712 896304156442 753978749216 251385723365 364534627383 391803575838 445179051615 137846137488 417482780769 985270512327 534483562153 736618393220 1069178240161 474337232643 390932869547]
[491886741846 1099321046969 688012758412 320793032230 940136717556 816995868941 944339168898 674019290764 1016380344534 917041682566 1012835563489 140751047849 861154939755 240111046941 362265557145 513871919259 206290074012 299973469009 662150081720 43273825086 272270325362 903086580824 579515002656 518325366842 412645637296 75224839544 272029396865 83931606641 707413358317 734371793448 1039854551088 292475919731 163942708734 208699081935 48056953716 87421073602 817145812998 877087433650 99763484036 936545843109 1076238256965]
[615553917655 643477567497 340411541253 477490971723 189466902185 683768328581 972667234370 218570351832 1052844648424 140501501742 679760178791 789366333974 410495720479 1098207578497 749240333325 62590551844 554285554460 687437240455 252882437058 65983813783 713696838956 1014369913206 427900394318 751488910929 979110135436 968056402404 649012160929 977622888628 540717332931 524600155326 388993066669 1095644531762 592292426598 413851538391 967754172292 1099168346222 229912787763 478493069961 970144004821 11610077923 878584619602]
[532647290200 727599085893 277114726663 725456404544 823415901583 238524575242 1095695081579 551460063355 140454911462 164851204826 641343312382 890873289448 456595859906 103166707093 473192823690 525930287836 644347075030 545673432032 617647547465 764234481504 288455241192 31234207537 648630727025 66199326478 903987253918 361437452881 141594103272 199233482774 106247068063 118971243249 769166156229 786233916204 85216101411 30160554498 10625331954 324429140760 428523951879 1023777317484 1041659438629 127482390621 650648239319]
[942504821215 774054348318 283954891694 234234813629 570211757328 617941265068 483195569927 511015279532 618791203626 871380974919 875961431502 299092468511 923095424379 335247956427 674828720503 609967611711 150984868564 411989249450 807684590159 634546233285 44033621854 673879432338 1998170461 342893583130 267391771519 100705623401 408264043580 948233432776 960853847663 858769459650 634608679219 270887420402 847643786792 224039369853 194171433125 1071849747105 690941985608 414743770911 381474856471 292779052052 559164441720]
[582741173889 688056456731 81692012143 1054740554789 586907992398 944121336669 456095113658 758552500496 1088493271818 88745879684 1061406402645 33507165206 28978252194 295366415335 1047025932998 1056023258184 202674205600 999206560188 207987513719 389374337258 902369588142 754943764940 289909506951 665473750011 164128125613 1005973936204 5921051436 321730919390 1068097577109 343704892261 407227664387 1057454541575 710480008872 254821280524 431545651108 568721965080 360929464982 935384143832 507150692637 682250854685 458148239023]
[868714080273 259551522412 130271348140 367304715404 374884332530 16233531207 961775297084 151400123578 630649316545 528946089413 13505691064 56815045661 309110234029 602983484586 940741020571 722770709333 763026128712 642806043304 273009790530 511605337548 863211248484 389381789346 690893867684 888514750168 309968320477 266962648230 1079716984029 864378224549 682305927409 792093119980 866941635436 915060171387 273005418605 132482591502 606602084826 407003296273 507516500512 827972066777 221267622217 899343435256 669657686950]
[362050725101 789908785312 1016467537267 389162951071 560438533899 698581056932 389136337111 687556342048 386572909166 355114839681 659008504743 411045267403 136097452984 1033249064104 326048381002 345896135023 1053742649875 93197306864 21839231355 220442992068 1055929295960 108976366349 1090355089988 18023404720 54320205267 1059919410280 94225581582 78872849505 135408181063 918174294313 185802960828 173929419000 286691603699 782337920301 632568350363 125636259296 788419245925 1036498355278 105335033713 957295076992 492645904299]
[983766437319 764966615281 52742133325 517161144800 930225338597 739348020636 20306499440 378155257998 442238591273 981363596828 737134766600 651513456646 692319251478 555956239580 558218803371 260787025049 778633796263 403170677474 692786289934 624538502641 196753628806 321787412270 956973228594 953443666145 553860156141 120229513999 536923439566 906024609814 198691081956 699323591940 49410677517 1029669799851 581530532588 66883881172 288597825698 962232978409 85249636763 96620589882 792226537203 387223071296 580260897561]
[943598830896 27426845026 1005736237965 644754697681 866631907947 443093342224 590901833199 442364179901 364089372554 917416988253 429530809301 664236208704 631290984092 566078743746 56833026495 274371750761 94338802511 406880929047 710903887233 204345309412 1057931335701 857720579485 871906727932 496637997231 389823343059 755410909572 317389694731 861239891083 207954833103 820810733704 72046559858 978563867239 1011289441202 981271906266 437209165026 629037383230 644820609097 964030220269 404379180905 416880176073 95979111058]
[511538865683 1978020555 990118278201 392837826679 1080485207004 780875388491 127661819114 145422375865 295393874105 136760957181 710467143025 703637763668 302882437993 242422389723 436418731830 316819146804 421106314666 221535279160 266869471922 773034220934 826556645502 284196696600 111451372524 635855710589 422111752533 498552386377 824081536916 374159025203 936562141517 585162566337 227591911846 807581512421 1016247107951 894376953468 302248532713 306293655187 402652578334 657124690646 282100774959 296280758137 987785730320]
[396371073235 427578517182 638034339047 446235962473 500643522368 944529983640 366829343911 144876689359 161684929891 245758062332 356564198157 421624407006 329040090700 357564884856 48028474194 269240581643 936349336228 336995602356 418302464354 949897962321 661409340240 830184728335 389084484402 402591431756 598200474463 851598143799 983151180432 455029860108 1092775597375 838698667493 200689150981 1004744910824 771575223343 820030792165 578226745469 831539301264 742666385677 986454971991 316405279021 41187941271 688072888894]
[715025879101 609215929807 1037988765580 1082673588103 1010791559059 389144314393 503997227237 679774852703 29524860978 683043900473 741058400881 181437623397 562878257638 904288454237 371723321535 438332125253 676471760229 204536852476 77883088645 16940933497 423423690562 443855358119 118955887097 526940498201 502740005941 205651233848 427703816031 396921097340 1085515900974 627399629421 468516236723 969777076115 260809939414 420626975379 960746750972 915647918883 572458811141 238882516431 139218841402 463253098166 457680612476]
[954437864812 543041400758 364158590891 136955939671 841542907760 167622902661 858151406420 745818046882 1055792270241 797977068895 116566032822 424711787083 828742015869 298870252552 687899726099 157336294389 5651212698 91532500934 93908800732 546720579071 693835441606 379532150248 1016637980726 370005685577 385953347788 333197378729 241812979185 582365094233 342842246862 113621188242 367067835851 381710492494 780231716524 570426606649 502066447186 363160722310 527417969823 230179995557 507277549538 1049503949110 669352936791]
[1028334417323 796620213988 794652260998 371096606214 178008017543 1006715426700 739360267923 270604643043 752681677481 204509975457 419354671593 147806976881 444716710781 740122867722 469780064611 599382583029 194967319016 154327252269 68786594477 516809300845 512980418642 436919593743 962474989770 494671046320 1002736659360 898251586362 401885218787 685443148716 680424893264 97512456968 476038832446 809352547204 680294905777 1028965641052 284325123148 78037691510 966607368016 242201411343 837817297554 871227682289 715307897118]
[375862168996 105826140657 102489918677 172823768040 609292542140 96199476521 965801360345 726206850380 865823910609 948792400272 311956732536 366831819491 207055254600 290400063347 463993114303 18359485938 104498655930 833362799296 119355916618 202801099088 210790626040 474243176345 359306920388 774105042443 851355455918 180410724180 125105683158 357683153258 1067631138216 156016331758 949874667538 80401432670 279535518010 713249371272 766512387715 881164913369 802971605101 647547074593 994073111878 746206405787 506478255461]
[558293936725 571992171131 584032356189 63279150768 516590093216 877090732559 910204482163 842959794880 689925755087 801184097480 279277934754 32905638204 982929911929 547163115297 651099180307 302265207345 1051747542081 917907719139 700434757471 259302476778 663649834889 446205288568 696871978142 475637462460 376644143336 281415667574 1078792881142 775589636499 365385811721 471505794361 1049839828557 974868251290 980943025379 344999063858 726850630898 377183752643 523781516280 8401966055 1043097518036 847131393829 275691839194]
[18111098914 12055286508 751324094413 420267396672 648031958944 27960798433 262038134642 1034101449948 249383133930 649348745119 782607217073 754061241219 326642288981 583029640417 821482605797 70571201946 656769736459 242616267984 828185603804 304093026082 179879797129 264229987410 436855381956 675554695909 744755190954 355586720300 513872406124 259285027763 553282133381 172569374820 811389237467 325519926959 873541516535 633508587686 938769473312 435038404856 259160383834 300958684952 1022761966050 597110510864 27452340186]
[711901163536 898266575397 337502301584 23334849257 484226487514 741908029044 1011981032304 465600736051 365509286833 265895934548 756726289705 733726784266 236343180688 619750192068 615960033493 540022683263 27038583609 519410873886 912229127799 749524440543 863550419601 890588979000 596266113175 720688757725 1077514139846 158426542332 566294313403 17535994052 885341287970 543196560454 297552432420 901218854795 288594565807 174249170676 573831635345 660593209911 942997307857 366180267958 499866730171 538934723390 286842641445]
[336332458738 167437704545 968063395529 367857640752 191409674479 629833720781 218283082008 835230846785 141797067071 141564010763 985097496842 528256430289 369883070090 891887371998 170373137789 432459910106 36001485811 536996388418 923831488371 875068341761 650338834947 732447184759 894347203603 320973962131 545916585627 529711359402 9254496001 1011440259352 631335705913 754965843263 755371083912 559465074571 138872341980 946698447426 347070052538 597999267669 416625592334 786946337931 530819765399 158032017104 645469226784]
[809850675885 981265329544 790498663568 1040885318164 860247313642 450230249702 71898604964 330572185944 679920519712 513662567672 99127053011 129706729768 210270620853 826588760520 188254601387 123252775880 675980124316 339610882987 239581089216 996502455620 1085779123239 593836202648 809678917280 946353437433 370085082043 1013901292015 321273978762 333169939786 212457527786 801627454677 208348240299 400697440437 166511169502 450633154235 779606312952 802888434252 704291101411 967598118533 176136355774 828931816260 362035841131]
[293849071052 889433706661 588172783165 735851599372 943118623713 795414377860 828163048885 384522026484 489027480333 186328859037 28561873393 55692062959 101339997650 1083922699023 330179388832 147500334597 158458851988 1017228465072 353584985351 768745984469 187113229824 1053059654956 51127836648 884615974449 487997808050 110862473645 947623694950 663297794667 729267700394 407948897107 76076739041 620458821425 973657860260 738104626327 421256931331 935732965057 484576429729 504677030054 676062222631 464689567529 1009140888351]
[537464303001 1017482192819 387463538741 482404889458 1018330025718 318606037794 331319211026 187148331919 299426835958 188419048624 745598919365 646698242679 441151284398 1016748059506 763897268097 811064991301 502416011114 211097387698 202118227894 224879071932 376736039921 478588363358 87349187549 305780335730 439814797907 498223663491 1059620507855 880542962822 504910242671 678143992105 587559920952 192482551384 1029607622778 364791333068 465349878415 379713166699 836512490856 577824908604 701331181226 286270862323 27645621894]
]