============================================================
APM Result
============================================================
Matrix file       : kernel_32_30.txt
Matrix size       : 33 x 33
Prime (mod p)     : 4294884101
PM block size     : 2 (fixed)
Deviation level   : 2
Minor size tested : 4 x 4
------------------------------------------------------------
Timing
------------------------------------------------------------
Matrix total time : 399.1331 ms  (0.399133 s)
Minors tested     : 6919200
Avg per minor     : 0.00005768 ms
------------------------------------------------------------
Zero Minors Found : 0
============================================================

Full matrix (33x33) mod 4294884101:
                0           1           2           3           4           5           6           7           8           9          10          11          12          13          14          15          16          17          18          19          20          21          22          23          24          25          26          27          28          29          30          31          32
      ----------- ----------- ----------- ----------- ----------- ----------- ----------- ----------- ----------- ----------- ----------- ----------- ----------- ----------- ----------- ----------- ----------- ----------- ----------- ----------- ----------- ----------- ----------- ----------- ----------- ----------- ----------- ----------- ----------- ----------- ----------- ----------- -----------
  0 | -1279328367 -1291940594   668129908  1733396850  -195415960  -717976941  2113030478   688028928   854432584  1099110354   301240448 -1866558785 -1710159178    99753585 -1900179713   827692975   593052799  1347322988  1814248626 -1516484471    62433110  1737934237  1934778784  1908650034    82624256  1631350069   853689656  -559890120 -1961025337 -1127349090  -872545099 -1531461242   733115963
  1 |  -118440460 -2136440175 -1552831704  1720194430  1272935590  -993633537 -1614563769 -1629001765  1411660743  -860713591   463935048  1024553443  1251171764 -1147711356  -140852770   -45148370 -1208047922  1260542804  -891551317   251674230    24509738   666278775   949677116  1458400289  -841318116 -1651573316  1881896546  1254042117  -425847883 -1697587788  1921598191  -640446789   320152606
  2 | -2009006085 -1057834352   315492639  1861950185   -68135284  1804745784  1379222365    35636230  -525260394   296348846  1022202697 -1605182093 -1087529731  1146691605   766297620   975801194  -118838308   504193490   517190110  2128037375 -1232612210  1306681017 -1286993068 -1685611074   535676386 -1275705247 -1092384701   292530168   336451619  -690360749 -1801273105  1870311654 -1566121627
  3 |  1320195652 -1819972448 -1454419511 -1971455203  -753929065 -1000222758   268988155 -1543712927  1208072830  1058105264   751818347 -1632779437   511240013  -448519788  -225656071  -208936754   298754965  -248270011  -612997199  1416692878  1440967534 -1140432036   944720531  1002807661  1680148059 -1376886734 -1334925193  1282105817   326141410  1691063698  1427253385   715813818   715775886
  4 |   797990858  2145064799  2123784430  1578195863 -2099793199  1762140452  -168849426 -1155064990  1176176959  -272477860  1092695391  -957117756  -850671496   180473787  1436462662 -1687548259 -1160779370 -1528539060 -1101141875  -796827893   777541494   908381936  -900149456   513991573  1952521696 -1148864589 -1019275835 -1005126103  1612975757  1676005833 -1538791062   741639702  -153302906
  5 |   729023903 -1685913572   -16279256  -381821663  -553998795 -1569065646  -892560410   991171069    -7399531  -368725003   394470018   609955981   640981619 -2009770587  1350895859 -1523738952 -2028088826   892480761   418391963  1398910747 -1038112754  -275312411   644193380   671541802   650556920  -689702512  1354118829 -2141567242 -1528877813  1678342003  -509944651 -1588373116  -176590641
  6 | -1927400055   644198803   634481396   875006554   -45978617   871861119  1330876594  1022354488   819066579   175388534   188072127  -601896556 -1344325469  1400587293 -1865751697 -1150134247   469539233    50544745 -1859111993  1767073015 -2094775868    37901212  1176219935  1817952181 -1376467426  -320842834 -1324060206  1356477154  1911882167   193233867  1745717271  1439907317   495178212
  7 | -1894842838 -1268527313   755322106  1343363330  -297924301  -892958212  -430123414  1958741873   786918058 -1917169938  1760676852   273574595   265003856 -1606390399 -1914131238  1664429488  -366796497    96923507  -344953976   -73307072 -1682019219  -867546334 -1501165269 -1208468698   433325306  2051628773 -1576144098  1906397466 -1577912482 -1047229320   518400799 -1839930411   375013540
  8 |  1950868066   108688181  -965290854  -296624831  -606972416    32842199  -586704363  -246672053  -432044406   633857857   259177958  -328995584  1722086518 -2018585058 -1026641522   963067925  1485239011 -1458086967  1334797717 -1634935706 -1759029468   288662410  1428716312 -1358470920  -625792031  -628036888  1678662030  1225159474    11049946  -374832824 -2136225528   397667824   622628417
  9 |  -413137108   938604590  -624115402   424047827 -1409342233  1977481547  -721093192 -1068422210  -961785001 -1010693346  -948970517  -215370435 -2029088593  -242707770  1253707590 -1336289840  -725721208  -948575648   -66616941   138330801  1154125476  1400055565   899839293  -657531883  1324332441   872249880   716083705  -217535232  1202957987   322078069 -1200422170  1799747074  1904401256
 10 |   829768284   307342794  -599955459 -1834029540   426555697  -298667070  1346223475   209607305  -197400801 -1468684010  -204838111  -899762136 -2081778380   860776843 -2046227091   182475092  1719435526 -1699167189   949998637 -1767705403  1278458986  1059176523  1851599458  1780703280  1143792101   852576846  1706425021 -1134645677  1891314876  1624688980  -221630778  1820681689 -1184225344
 11 |   530521107 -1334115540 -1654699674 -1729932094  2098796074  1576213722  1029583085  -855853245  1368889240 -1060264154  -919033549  -828336168  -283916000   224874153 -1721702155   948990155   750964934   219830619 -1007639376 -1485170339  2131458221  -703079115  1804297808   344976938 -2121138015  1471344862 -2040676222  1167995737 -1671758325  -493547927 -1653283075  2140707336  -685415926
 12 |  -306394782   743424820 -1966315034  2110622769  -303263011   170317589 -1563937424 -2033367238 -1423451564  1855830109  -783542175 -1849114992   462941467   104665292 -1637079992 -1321638910   982520144  -924437227  1017609425  1412801956 -1479553425 -1382725431   987716201   475872819   550149817   307546645 -1387373977 -1968121460  -339472748  1255463653 -1049002945   431191930  1582257647
 13 | -1858117814 -1434011767  -430983238  1705853517 -1804654045 -2054737066   634577910  -827356392   700358954 -1322123249  -522580108  -128093062   837060215  1059524581  -729528166  -785222539  1746462923  1910444981 -2094160417   268817433  1017997307  -605830128   774712336 -2055521201 -1020461590 -2013481485  1273500830    26056261 -1076350795 -1019732039  -493318334  -426510772  -846419131
 14 |  -469622716 -2090078560 -1646267425 -1739561706  1057216334 -1731166736  2024002157  -929644777   934995304   262850665   185037618   -73938854 -1004271855 -1820263205 -1015248191   465581405    51680680   -27479250   450195630  -852766882 -1202718909  1837118072  1383947760    32316030  1310766225  -662936368  1874937551 -1502282612  1068233678  1727231375 -1543006070 -1076310533  -989473740
 15 |  1324160936  1044137134  1942434642   844445611  -683008235    96992675  1274505156  -528238642 -1068073436 -1819510284   500272315  -274977098  1547649751  -212177292   763786645 -1720151751 -1180951862  1622979803 -1229696443 -1386262694   623685859   -44479472  1960849642   928975679  1958060198   464853399  -869260435  1893142276  -393324856 -1816175373  -865316011  1146902731  -139802033
 16 |  1683236971  1681632035  -755559255 -1004254448 -1173358764   612642860  1889655539 -1658097864   823447457  1051004627   541681682   449681144  -230955747 -1984402110  -773986280 -1345952456 -2006136528  1808716806  1290018396  -657165542  1716774893   214279728  -528679896  1536143148  1185981023  -502177726  1498968336 -2120870703   870543522   703460380   193134726 -1972323615  -462387604
 17 |  2074836367  -373386013  -704095498  1517786880  -680664335  -924027351  -920811644  1018729697  1761834574  1612460898   216348001   141688920  -523880810 -1403440018  1537837761  -501026501  1684764251   522808771   897806950   176318826  1905317547  1423719793   876431333  1432697536  1123965220  -962718752   610430338  1387654738 -1675535522  -825351797  -266637210  -185702768  -885207978
 18 |  1339446648   503018247  -696979541   396528512 -1968128615  1486730519   648526466  1459002365  -235219681  1195460012   432895581   688533791  1507067867    51202956 -1463892076  1169865667  -206605842  -482717192  1940430836 -1753363644  1031721494 -1606729686   313144031   692616875   639965095 -1155956260  -716895719 -1533360258  -535794472   950973954  -712008285   187710438   309348458
 19 |  1354083676    -2293990  1958691398   321722024  1285417338  1033127913   633486024    23421055 -1441825405   542965200   348171778 -1064976140  -851973057   -32267601  1978252013  -430473756  1983670648 -1595698766  -924579983  -705977857 -1734842151   931278062 -1444765384  1750332725   989343762   -11359056 -1736484038  -138288661  1532527396  1440291846  1705471197    22268024   252182280
 20 |   139222944  1087846956 -1769901016 -1010736237  -922287490 -1666510145 -1429723992  -784584523 -1885643976  -498384625  2123631159 -2020627915 -1373283217   431513066 -1009727605   306927033 -1129552662 -1032841298  1765598404  1624054783 -1072121654  -561234887   438463838 -1514953958   162731598  1093141759  -195964081   552641388   911446793 -1286084284   672388999  -697116924 -1215197864
 21 |  -756887854   558661918  2031317672  1784910508  1166584165  1046616300  -209993955 -1052068156  1204947746 -1967923882 -1918774603  1938981027   388366829   285348420   429143223   863784530 -1561622756   622237221   373234599 -1105267734 -1883939763  2090792398  2110664646 -1992150581  -549317666  -803465368  1180320524   487206704  1947726513 -1459207834  1392961576  2138651334   246204807
 22 |  -870549314  -396063548  1577980854 -1097983414 -1202194861   -36323591 -1803841871  2047904033   633703402  1939280890   337591134  -959403059  -904347523  1267658256 -1485584773 -1493264007  1763616532  -266149827  -107683552  -144953653  1629055916  1175648905   294766381   439950071  1410782387 -1885782020  1738459181 -1778515867    11995871  1559637180   -72203240 -1051894215  1476300875
 23 |   235255841  -448430308 -2069152282 -1583824433 -1187845079 -1709011910 -1380443131 -1279134774  -563126914  -186172407    47396132  -243294508 -2071196790 -1374477842  1882184847 -1099415499  1093644756 -2077169839 -1674694869   498963510   -33691229 -1729628164  -533026934  1800818460  1091604079 -2139468687  -109231366 -1401776850 -1826148772 -2013367185  1350079055  -586290999  1601411162
 24 | -1053096065  -168724632 -2133757696 -1571480716  1790279550   820143259 -1459474944  -910954295   894368228   799321916  -106954593   957631245 -1736485551  1228575962 -1433834356  2013848108   597202616  -958633994  -486343021  1558389439  1987166501 -1868215352 -1056289439 -2145634037   403961912 -1004881187  1362914042  -835853849 -1632915041  1128489665  -389187002   487018722 -1746401791
 25 | -1165164862  -889454602  1443488784  -230415049  1786361585   302166801  -248747334    96173432   106826152  -184020796  1543017859 -1379081486    38019049 -1537713038   542570159 -1318626051   685707374 -1878390729 -1904284228 -2123002024  -247930083  -515036460   241475408   958266164   388737235 -1562515703   560757622  -132679960  1570034301 -2120643507   886008895 -1470507798   390776182
 26 |   -68270240   -48842985  1459456580 -1144188622 -1835087575 -1270798980  1994685175  1757537050   222287164 -1598938607 -1320390787  -992138545 -1972645486 -2000471626   -58322422   183635956  -618507541  -409825439 -1395359980 -1096047339  1718090222 -1417046843   286295593 -2058896393 -1598591015  1124972953  1879966275  1494796262  -827608108 -1664468078   -76905142  -222220681 -1401782363
 27 | -1833586170 -1407366708   784918751  -665055185  -979213413 -1583016581  1473525445  -630312169  1450441351 -2052109356  1345693948  -525876623  -152616572 -1699947777  2085352143  -985515997 -2129771112   515635328    90145654  -961271116 -1032770240  -669177711  -251748679  1940328586 -1142319089   961855191   -85521183 -1979013938   163705741  1804071536 -1308151846  -371087549 -1670176211
 28 | -1976942031   353343994   -15692784 -1406991231  -552839445  -775906416   841021822 -1387025204  -558287573 -1271674840  2108935701  -952288850   119000336 -1616095262   670809682  1873217032  -859055289   921946231  -960948158 -1717986875 -1876848837 -1077120930  1158444297  -353929910  -260742306 -1495034926  1851293454  1434178914   323948409  -244941237   -72390312  1721993873  -264479821
 29 |  -490885311  2027630151  -307280055  1062106041  1757840427  -801403313  -624968461  -497659240  -536439872   781308344  -211188451 -1930469022  -141310797  -279045637 -1608324158  2141191221  -288222664   585083806  -522774956   680856498  1725489112  1314046487  1974688291 -1545712523 -1253450702 -1953173606  -391177677  1268072963 -2143729989   385575424  -847418121  -328408983 -1827409203
 30 | -2018473850  1293521580  2090718028  1212248113 -1739356710  1241843928  -193829768   258139659   922736649 -1252217435 -1701295063  1134179316  1197250254 -1783320686   196753995  1181348847  -112753798  -805993405 -1315696979  -858306177    64026385   677363009  -412399213 -1992533497 -1789879633  -395341120  1023561109   446370590   249808495   999628536 -1166272488  -278217486  -153937248
 31 |  1628470563   355670425   245730419   497567052  1472841085   674953529  -799878764  1863182267 -1567447139 -1579316795  1511049542   653180501 -1690689245   669498598 -1777845004  2027184587  -843390523   -43428897 -1817790546  -716513257  -966067064  -959273587  -515913657  -573926070   781689305  1620843669   -55439929  1772978478 -1504105451 -1281061498 -1126630893   619542259 -1885179691
 32 |  2073207663  1199157068   753047117   762583300 -1946429915 -2032009493   380652961  1578122571   421448409  2007966615  2045788682   520471555 -1089936753   229754217   780673631    37602714  1739547609 -1870253155  -563350249  2037810046 -1963232384   841765634   515648090 -2096254934  -162875405  -644215957  1485647705  -284195989 -1733639035   873960194  -766257433  1388218599   945960532

No zero minor found at deviation level 2.
