============================================================
APM Result
============================================================
Matrix file       : kernel_32_40.txt
Matrix size       : 33 x 33
Prime (mod p)     : 4294884101
PM block size     : 2 (fixed)
Deviation level   : 2
Minor size tested : 4 x 4
------------------------------------------------------------
Timing
------------------------------------------------------------
Matrix total time : 404.8889 ms  (0.404889 s)
Minors tested     : 6919200
Avg per minor     : 0.00005852 ms
------------------------------------------------------------
Zero Minors Found : 0
============================================================

Full matrix (33x33) mod 4294884101:
                0           1           2           3           4           5           6           7           8           9          10          11          12          13          14          15          16          17          18          19          20          21          22          23          24          25          26          27          28          29          30          31          32
      ----------- ----------- ----------- ----------- ----------- ----------- ----------- ----------- ----------- ----------- ----------- ----------- ----------- ----------- ----------- ----------- ----------- ----------- ----------- ----------- ----------- ----------- ----------- ----------- ----------- ----------- ----------- ----------- ----------- ----------- ----------- ----------- -----------
  0 |  -132010913 -1837345784   588933382  -867191958  -120378016  2015260695  -133433142 -1989502878  -390744403  1634449272  1814181714  1436705312   674570205 -1088563127   -95254871   301675355  -379466248  1456709350   544522828  -198735008  -485700984   705279017 -1134853618 -1585667631 -1541263468  1197652442   153400947  1298925502 -2089996337  2125262220 -1698753904  1187656328 -1052549852
  1 | -1977642596  -403110592  -858916456   899144467 -1454188051  -940793888   984073080  1016995333   159718234  2137442284  -830327975 -1715263728  1739718468   345706100 -1752683666 -1431777681 -1213664511  -598170661  1964698058   384710188  2010917796 -1057397703   846564935    32805735  -937745836 -1795627008  1646604325   258042344   333000344  -823902598 -2076199089   208127145 -2000818809
  2 |  -560473347    87397093 -1773549669   808864128  -909045702 -1252653427 -1942993477 -1517142463 -1138658285  2010828773   -83312682  -654452361  -184702243 -1478296059  2096285334  1726565582   887762468  1821250583  -186415438  -924770231  -307619650 -1297512678   477276448  -380412665   723046906  1049450070 -1695821706 -1928764459 -1545412698  1469821229  -222622462 -1609120540  -906463204
  3 | -1849136681  -780504116  -130861707  -843353533 -1245778794   994761508 -1850570925   308681993 -1104694409  1835007590   543165647 -1604164696   -74019875 -2114168159   803266359 -1100029448  -521016106  -630888959   850120054   611814697   423979362 -1218483870    30232312  -839843471    18239189  1634003580  1671388505  1219790178 -1552049756  1682328852  -349806645 -1301933709 -1275985923
  4 |  2068920588  -506732178  2117996007   696529738  -505241316  1929476946  -242595452 -1404927732  -372994642  1987468949  -615178617   -93981694   751293420  -207021705 -1857693960 -1899900351   568705890 -2019095315 -1984874555 -2106785089  2135742944  -770962267   364965087  1270813557     9509705   390258599   -41230696   484114466  -232460493 -1029650107 -1047880885   443487912  1966819643
  5 |  1376759256  1884960795 -1532402856  1111129411    -6246617 -1948900681 -1485878068 -1729012869   845485778   603668644   933964565 -1342538082 -1283698012 -1051015460  -586391316  -517306573    24581137   408458674   444406336    57518040    47496665  1701498920 -1406533548  -770282031  -604060996 -1262813877  -743839709  2125853149 -1794306366 -1072571309   -42725195  -459232679  -494563718
  6 |  -259708539   -15148547   240522568   441099399  -978858376   688239724  -963397236  -961528323 -1354152329   350261737  2105652881  -515373229  -271066887 -1811884177  -707340975    33093241 -1335155553   531329610  -297006853  -406509393   257901328  1606272737    50388795   -16987473 -2100427712  1224841817   291535952  -120730884   -83863301     5297287  -390147402  -212761676  1335758811
  7 |  1169744176  -871382916   769403606  -978890264  1712656295 -1842293684  1825465300 -2060461299  1549637678  1299255625  1815839534  1818754515  -302575706  -484867806   -21726745  -769058566  -376769448  -646941400   627272688 -1142003182   347060150  1093662322 -1739316416  -213154442   774159170 -1002483167  -873773980 -2080082560  1610041416 -1020785123  1532138503  -650259544 -1997555689
  8 |  1221192817  -411474104   605094288 -1685031723  -929970831 -1040355844  -111691546 -2059869664  1373403225  1614412195   279010746    54628618 -1430867819   117118512 -1055705075  1506014582  1709742493 -1895631851  -505034277 -1349008606  1650083538 -2108395021  1803809391 -1808496611  -485548428 -1418416576  1278381090  -620708687  -556032453   701652590  -469463829  -110541610  1925598366
  9 |  1854331763  1637933163 -2024116731   318670938 -1657867027   229724636  -710498607   -96072647  -410588594  2132456599   365843678 -2007597534 -2042619743  1646742311  1857727331   598404198  1060144800  1172087144  1988924621  -953965811  -537608438 -1528549988  -277661073  1773125545  -619728665  1840705895   -79631815  1167006344   721817377 -1653890904   602700096 -1725928572   440856639
 10 |  2048798567 -2143085422   270426373 -2135998003    41126772  -270308583 -1807206089 -1009763710 -1990592212  1714135211 -1291436150 -1610695559  1494726210  -545368917  -206279339   311348521  1393910064 -1858512607  1823184042  -896045371  1721368555   461956556  -323166139  -400124910  -241703841  1505918284   822838873  -926231328  -277551836  1805997004   188141554 -1157292792  1011975640
 11 | -1556831807   521290269  1455708649  1267343211 -1332383133   524053035 -1080915966   900439566  -411967653  -763321237  1888704928  1093494454 -1266336367 -2129953521    24715700 -2062581381   560587206  -496578081  -852011148 -1546703882   620653853  1295063649  -659508461 -1789801682  -657992524  -328703574   693020249   264337243   425390874  1212306765   268754815 -1142624323  -112017289
 12 |  2094226204  1968327587 -1362858723   405320535   519410227   312698863 -1480427815   682036282  -596372425   563395129 -1257345374  1670509959   173725522   751120663   408854390  1690125303  -196264276  -925399013 -1141870922  1410517887  -435950557   426304774   240236104   627323210 -1791865066  1189231710 -1286192678   261328454   309253979 -1401523563   105307953  -780419641  1287378678
 13 |   645638043   912844649   177928240    88812980 -1629744865  -822715854  1563912538  1551464523 -1428551786    21893039 -1101246324   653700950  1171132928  -531309346 -1126817310  1850476465  -280464111  1051946194 -1973873884  1985362999   -12514586   323127171  1140668425  1067052756  -261549034   125598063 -1944675482   -49808438  1355343865  1051044265   735492036 -1750741189 -1340414519
 14 |  1837638592   -56328583  -676823034  -913941103  -295643536  -702108920 -2032888211   921974153 -1851467116  -809473507  -597286174 -1425500485 -1974173169  1647574410   405390094  -105691551 -2114403890   131375623   807356303 -1760330632 -1588454654  1551179977  -510392154 -1861406401  1498301762   296748575  -956686293 -1774969927 -1438759333   896690622 -1743103893 -1235636712  1443556937
 15 |  1358287362  -211234431  -923155166  1368818715   818929643 -1863376872   157731747  1885287189  -301754592   503378377 -1078916267 -1707134030 -1004163633 -1928761304 -1311354329 -2079550806  -206421424   195982734  -759667239  2087628820   741649803  1213084093   826581742 -1989910304   297937901 -2138018330   977483781  -647432790 -1688492431   669591784 -1822438978  -687469543  -928967044
 16 |  -325401950  1569183323   919101364  -298173279   446916884  -153736057  1146020069   446917227  1687096956 -1039707249   496250887  1288123416   716966208 -1656996798 -1902940966  1242216608 -1088933074 -1346673035   337805176  2098661293 -2099883104  2106251566  1106578175  1306519828 -1783634147   572151833  -717889596 -1513790619  -575238905 -1487944306  1558428198  -992054221  -592292707
 17 |  1618735987  1932347402   -89203338  -965742191 -2126378476 -1644460860  1661743420  -600531909   427483172   491985932 -1343867487 -1599864099   470715321  -620703117    13275935 -2004601633  -209791498   771275035  1862663148 -1954587983   679249077  -856223348 -1203951637  1888312677 -1363954147   291872505   798090675  2072925267 -1239425503   863070388  1280954699  2039014159 -1628921748
 18 |   666913258  -485402985   708534871  -355320687  -714716074  -803484175 -1942183022  1200504670   970088195  1267597144   960781743 -1738411676 -2100937956 -1943595683  1626000395  1415526478 -1881710530 -1397678989   789433068  -596903914  1911575269 -1273824928  1197167495 -1893277885 -1604886571 -1768001739  1318694552  1302198261 -1628632705  1935040987 -1015215198  1428413966   -28244299
 19 |   220090215  1048180018  -324086207  1017239913   842085105  1114928525  -750403409  1102173881  -976005346 -1887664735  -938321901 -1606104582  -863624209  1813720775   691764737 -1091307772  -368439504   609265146 -1102442802  -426729006 -1105794794 -2092486305  1357910555   372326579  -459686305 -1965838148  -588253695  1390609713    86296491  -494550421 -1050008497   416333313 -1888244775
 20 |      973804  -582196362  1862004944  -977442301 -1033766834   752095272 -1269932667   144037550 -1656831617  1670160154   258201725  1916239775 -1133151127  -599693280  -783355690 -1725063350   -71088641  1681140733  1822559496 -1597398371  2049492825 -1963020090  1827838554   860425730   -70620129   -29893214  1227219776 -1814465225   602401397  -205153531 -1812827555  1492789814  -834276689
 21 |  -635570347  1728367799  1287828541  1192993224  -657783054   548828861  1128579413  -358424107   347459546  -457188195 -1613542182  1631107627  1905579670   977071499    85287314   503454422 -1352464281   747155193  1964100266  2065662028  1902698038 -1024096055  -711537977  -648624940  -321850690  -616585828  1303216061 -1507411174  -687071921  -610516915 -1375675586  -236468383   903658672
 22 |   911155407  -498577770  -376576725  1958585534  -963144819  -229253664 -1448629496 -1999728225    85013870   481945458  2000370950   821142351  -798590934  1258595388   -88336661  1608948962  -808402206  -532199643  -302602213  1526676192   765567011  1995221421  1501956043  1740035980  -660760398 -1905060333  1947390498  2111440581 -1547933544   220143308  -952397208  1779983914   773579041
 23 |   829295075 -1106626956  1328803536   426190509 -1395131558 -1602825120   648991775  1174530057   643306683  1155366756  1772590300   165458173  1189684460 -1795242076    72535913  1575196829  -540671187 -2106269470  -738007604 -1183066463   137595268  1740766338  1661733014   505220045   -42979109    81081249  -705708777 -1039055675  -963965584  1947587737   943069684  1805196779 -1971379715
 24 |  1407975849  1224242641  1072338399  1606644589  1850374866 -2078274028 -2114148045 -1851041866  1534244940 -1540094745 -1224486687 -2123367332 -1176262899  -759461437  1469839233  1339370519 -1199553882 -1625056690 -1032495056   916682727 -2086409170  -796187495  -247761832   627177055   932633385 -1933325259  -653926858  1381471021   -75024254 -1121466468  -938355330   193673828 -1256887378
 25 | -1994179354   321805263  2049093154 -2087492174  1439530102  -215918368   721180876  -608007698 -1474923317 -1071211765   -11764953   166970926 -1784298599  1329352467  1894799137  1273846672 -1313159633 -1140683404 -1873401494  1291873679  1879041809 -1038416545    32425851   578100579  2048894963  1874124333    -1265628  1758057750 -1306163455  -459088697  1522721857  1686757292  1288559908
 26 | -1416173405  -974711186  1321526049   883325467  1535441533  1517594471 -1486838911 -1197351623  1470725730  1325332169   -95853225  1400770434   129235069    40103651 -1135339804  2020904009  1274515143 -1985460228 -1934468381 -1102834508 -1134231087  1717391574 -1500951909 -1279126744  1296458988  -242635203  -749186714  1009611281  1535669123 -1533324870  1442306947  -911128460  2024536709
 27 | -1739251899  -558246418  -565319925  -451838377  -982267126  1114405149  -479112027   612879236 -1214645909   580973187 -1623598893  -799994340 -1855814387 -1851892612   109937591 -1202944829   459302480   282898906  2110925289   -63712072 -1477743401    93935552  -568714285  -162107555 -1140638103  1073858956  1393027054  2045173234  1537410393   365238177  1748513951  -896106363   541338617
 28 |   787318291 -1137824903 -1471938434  1869653438 -1670396465  -895212601 -1155765213  1519775996  1144061576 -1631051964 -1649607166  1375537173   257195836 -1405186130 -2086698021 -1374911691   610399238 -1587699709   154092113  -315082146   874121796  -977292997  1362641437  1790542708   637943841  1935868947 -1665673692 -1530927519  -680909742   884350770  -550933458  -289800882  1789163282
 29 |   628063079   222951049  1070835608 -1595819092    10268327  2137949499   934610921   396196664  -910407264 -1794093597 -1121326561   802076905   614071810   593097535  1290501803  1913006084   647155251  -813675293  -996157768   583467493   464331624  -970358953 -1758082525 -2131607151  1433153793   -10042203  -585667208   362176972   395967632  -663985424  -142758114 -2053033979 -1642121157
 30 | -1895642834  1761236476 -1399141205  1839309269  1656064627  1685547398  -312463429 -1328031057   745661870   239779166   491043656 -1493922104  2013693690  -325923156  -518115471  -384866977 -1682919003    65425075   318416321 -1800301541   820991916  1771974301  1619495168 -1694958970  1861854109  2146211233   346153847  -358674059  2110028230 -1634336752   321186176  -515326704   369771933
 31 |  1622727194 -1050059708  -691416875   -50787447  -540841668  1373148531    23325249  1860214503  1390399598  -562843214  1038582384  -963192213  1712172889  -530695316  1508887757  -888268427  -948880471  -818737595 -1323196421  2081491369 -1716506195   111296900 -1046114592  1222457225  1705841845  1426507673  1601383803 -1274127878  -991407798   208246870 -2101236290  -151749269 -1046424145
 32 |  1206768989  -834822743 -1288074886  1551176300  -872510437 -1728066795  -217436007 -1729695200 -1491969454   173812195  -437789953  1789877417  1438318308  1788199236  -560415639  2108535281 -2042144062   539074305   526051535   -56993227  1123364897   826927468   524508370  -623440410  -983962250  1101872498  -837543353 -1000665185 -1739898931  1608237130 -1141471525 -2113437959 -1353781303

No zero minor found at deviation level 2.
