============================================================
APM Result
============================================================
Matrix file       : kernel_32_21.txt
Matrix size       : 33 x 33
Prime (mod p)     : 4294884101
PM block size     : 2 (fixed)
Deviation level   : 2
Minor size tested : 4 x 4
------------------------------------------------------------
Timing
------------------------------------------------------------
Matrix total time : 403.7290 ms  (0.403729 s)
Minors tested     : 6919200
Avg per minor     : 0.00005835 ms
------------------------------------------------------------
Zero Minors Found : 0
============================================================

Full matrix (33x33) mod 4294884101:
                0           1           2           3           4           5           6           7           8           9          10          11          12          13          14          15          16          17          18          19          20          21          22          23          24          25          26          27          28          29          30          31          32
      ----------- ----------- ----------- ----------- ----------- ----------- ----------- ----------- ----------- ----------- ----------- ----------- ----------- ----------- ----------- ----------- ----------- ----------- ----------- ----------- ----------- ----------- ----------- ----------- ----------- ----------- ----------- ----------- ----------- ----------- ----------- ----------- -----------
  0 |  -564386553   202801148  -186720043  1315717213  2058483709 -1166626215  1248807756   984059950   491760564  2038302473   594225387 -1665297857    45046529   316894858  -612652887  1077155567  1497306971  1587533675  1703590594    90526001  1966706128   802865171 -1675266434 -1319257903  1734033088  1391114728  1818933308   584385308   951013695  1653897759  2045511689  -159495255  1415187451
  1 | -2027618794  1604588636   233148421  1272170846  1458275752  1600522362 -1037374930  -298059693 -1816006052  -210821281  -931453923  -873916186   938882307  2063830205   794648243  1148985114   238984115 -2056460569   968272646  1331650449  1301618882 -1432634692  1086985378  1679578633  -104997891 -1678636554  -685005817   429462369  -460230403  1914732176  -563546199  1318838777 -1699142438
  2 |  -432716275 -1897576307  -841315765  1664740627  -697841845   866277661  1528940819   836647889  1295376515  1649074236   797812310 -1224881109  -379373966  -572991824  2038620571  -279366557  -986233213  -780547403  1883711163  -922616103  2128354280  -785805445   764126883   558105377   609079922  1215972604   677339236  -336928817  1230820464  1279790645 -1319685611  -362500691 -1565182502
  3 |   906789732 -1007995156   -66544472  1818195103 -1010006697  -853617614   936589391  -962320372  1546146610   531309495  1887691367  1932587412    85588415   206531695  1423592036 -1165591854  -422271107  2000973084  1022008896   391735543  -838286481  -627371918   -80031282  -272579415 -1917717436 -1323739295 -1569622826   267711522   759909582 -1455953329  -600838123 -1019843964  1360845178
  4 |   -58153989  -645936944  1661694486  -497071475   711335654  2131093530  -917383493 -1971155932   183244606  1840376532  1739115939 -1809404852   439336066  1614102282 -1967971924   -92482933  1465784233  -708040657  -954426292 -1426629900  1488716921  1226813580  1410801566   293650253  -899668775  1545702327   351436637 -1656300290   463949265  2065389696 -1640973020  1301617920  1897408492
  5 |  1405692054   367653695   -24753425 -1119007818  1118395109  1153422364 -1343322539   694093798   750462592  1499488579   678599957  -366291897  -586068614  -127535658 -1036983805   949673481  1892425421  1749385721   539996469   232864520   950157172 -1514526190  -818322822   791327033 -1893537790  1098562022   -91185495   641975290  -262125382   660504538  1218392156 -1449150790  1868380338
  6 |   502850508   484453885  1494173872    85793961   389041536  -270158435 -1858870204 -1781331203   120727768  1612000782   612043782   944735877  -775844114 -1703722162   982237952  -429017219   407258372  1866008854  1875353989 -1461375825 -1516444565    13254903  1469994389 -1574006241 -1445227510 -1176601390    -6240403   565254548  -224905625  1272027875 -2110881848  -279902791  2134817310
  7 | -1325039323 -1127070958   120400473 -1190439499  -994894060 -1681274135  1027510085   795392760  -817861793 -1876440237   249750558  -649217841  -991209794  2066199264  1982792568 -1348861017   511456615  -268629230    90359726  1748073031  -101259858  -647415051 -1488468828    50044130   578257049 -1121017982   994623617 -1898917184  1829137453  1893868785 -1361509910  -594016826   652630025
  8 |  1046681119  1087887279  -850295364  1273417346  1005013445  1900687905 -1599221943 -1627927426  1263002072   438796311   967997835  -270334853  1276814831  1160093589  1889014089 -1269177661   860506071  1459042885 -1848225740  1796927984 -1309728253 -1361045836   688250119  1253358106  1289217433   524393005 -2133164450  -141308510   114368083 -1070940230  -616586884  2057405324   714058923
  9 |  -459132968   531769597  1672352968 -1984984234  -385412458 -1541687650    59081248  1995390395   693413821   382863705  1217365842  1908320492  1013364451   193428622  -172814948 -1491974131 -2052631049  1952669338  -217356626  1666866724 -1046256932 -1608922388   316007686 -1002855938  2018257354  2012170971 -1244368614  -748565019 -1405975664 -1063662003  -625513113   710095198   976965708
 10 |  1146110339  1216683891 -1580343173   339142614  2080266737 -1996843931  1750904237   163706100  1269498726 -1470502378  1007951343  1516618029  1881288088 -1987481384   211723921  1165756095 -1897005599     6759850  1167830509   162668253  2082600155   655018271  1734506288 -1165187705 -2069314386  1722559247 -1948718149  -880707817  1100211604   959296772 -1474833912  -837181502  1025968807
 11 | -1915531182  -590751754   210912240 -1276017875    57612665   242940510  1927953957   949185588 -1658191909 -1213003069  -398589652  -326827553  -751424666 -1119023006  1385702601  1899262699   719155262   926147408 -1574054937  1524165509 -1457992078   865882970  1370749154  1029114014  1077053911   986812369  -744068835 -2082625216  2135627018  1521586424  2137920798   129194071 -1037818896
 12 |  1084897104  -984746022   -73291324   298028180  -559054852   612443083   976314810   391561046 -1238894002 -1691403076   677399473 -1203242852 -2124005667 -1025130138  1979327501 -1719229043  1311104526  -586006442  1699240911 -1846450357  1527091137   646466829  -114641254  1683092770  1289011131   477545174   725011839   -99736636 -1910754914  1130012865  -454878024 -1816926745 -1622280353
 13 |  1840272080  1379464912   291877405  -720182998  -952077040   207737924  -107202966  1427014573  1005736040    88795534  1906636676  2132227087 -1461286230 -1515761197 -1911167130  1239198342 -1937255381   405871051  1819413664  -925547169   -52411354   448252885  -591276168  1564105561  -174584077   692870399  1232041113   632288252   565720672   327757771   413405939 -1778764648  -490446688
 14 |  2050687787   711616809     1442468 -1380218523 -1144480311  1284078169 -1444031019 -1020660419 -1744570257   736297040   919842518 -1549945510 -1944089773  -482800803  -429549096  1339266913  1316781712  1803044997  1660878009  1059977013 -1699023387  -641145996 -2054339981  -496211940  -689507738 -1580599941  -553663244  -882173645  -567913498  -967708436  1603279449 -1577131354   562846511
 15 |  1836578437 -1107308768   432512375 -2142969005  -454250159  2014435290 -1509203577   675982609 -1604836949  1875376825  -999235727   754199496 -1107412402  -599688431 -2122260472  -964733494  1548312080 -1319895630  1179763884 -1328247459   290851516 -1359306895  -637443134 -1359279382  1187419407 -1224629869 -1726576869  1295476338   326271417   552517241  1455215548 -1565992836 -1082982579
 16 |  -820216882  -367702951 -1648251602  1883712770 -1243052857   210156342 -1126427745   709726257 -2084813548   840993344 -1226979181 -1965685340 -2011475844   215585836 -1654275464  -361703392  -237517600 -1493467771  2058714143     6257914  1909313125  1975446781   143823263 -1897527920  1955284410  -780065093  -981402307  1462002700  -333299071 -1410399998   -91977417  1134242318  1363729347
 17 | -1625462584 -1114964471  1032580693  1743941327    24948570   334209954 -1797122653  -857913514    48327713   731048413  1798475371  1351189181 -1878539658  1114497721  -811081783 -1258170343  -894747597 -1982012346 -1656381070  1145870869  1675334190 -1763087462 -2101901688  -335026968 -2039390833    46377032  1570715371  1808794364   566641680  1503500069   566231202  -924021155 -1402777137
 18 | -1343401685  -978426501  1506392333   791769744    72807373   280497992   289533406 -1288128924   533108439   796775397  -988530687  1942022461   783418966  1544171929  1180730920  -777142493  1693495864  -578162632 -1334230993  -891171305  1167606842 -1979829340 -1248138334 -2103615474    19527676   328884884 -1979773856  -911263970  2016253412   455241254  -695218545 -2045644829  1598760214
 19 |  -319476294   529118873  1834908827 -1252385360   932423111 -1579962712 -1431184654  -303587718   755501931 -1203121307   688691407   468414916  1115289662  -667811998  -271138007  -302293188   321870113   423612998   379205914   767454809  1366928681  -833969722   698134964   855590853  -300947289   705324746  2114154756   221067446   275988775  -840946238   508294288  -736069799  1846010092
 20 |   211863261  -211844033   409871982 -1795795470 -1440948555 -1134719656  2110858918   440504772   734833260  1025617043  -497023818  1503602218  -700359525  1576982220   732274091 -1679284292   526021449   141344065  1022428206   716834627  -129824569  1676798503 -2002753839 -1727795807  -750251241  1403644612  1470937769 -2061939281 -1883340294    93826655  1505967104  1995573617   739421211
 21 | -1181680438   772788125 -1369564740  1099271565    51744923 -1944774463 -1399575951 -1710472650   161445749  1313555842  -387193044  1681937840   -12811351  -375376863  1101251843  1017503372  -103651506   245531886  -262442979   288503508   792871680   619713960  -564931498  -349742941  -848262246  1000804343  1837513555 -2031186986  -772718259   992293876  -838142424 -1044289517  -105347492
 22 | -1675862723   372433983 -2005275379  -217450251  1332164210  1397644675   155642330  1772975881 -1214368132   -54463685 -1603656890  -329580739  1770850221  -729171470  1814989014  -700016874   371469299 -1160969046  1937059075  -365261107  -513127745 -1223136258  1421150797   773859927  -154343048  1717862970 -1054621734  -340254557 -1952875658  1587078150  -667207343 -1517026628  1989102472
 23 | -1991301681  1284633664 -1721533712 -1657876098   802912318  1870954220  1905998866   662254378   756138970  -711124130 -2022079853  1303595463 -1837287200  1313448714   473417707   -62418194  1425255240  -572635266  -577190513  1845978364  1245587334 -1838631376 -1300605330  -357282823   836235688   601177694  1780084421   672746496  1310707814 -1001994060  1441222560 -1908645677   109315454
 24 |  1582249086   547394423  -953419929   581804536  -534270029   323580138  -690781570  2114737895  -787772406   276219591  1308155236  -381325255  -836680199  1661461004    53512865  1785367840   743837681  -657141767  -221109757  2062652890 -1696172600 -2038956437  1305145395   684026399 -2076592316   617408658  1157846576 -1437783113 -1313130463   329398092   650892890 -1740144756   206406719
 25 |  1182098990  -513471638  1154562965  -965222243  -242729905 -1140398828  1433382031  2000954761 -1879727269 -2065325735  1219424618  -951953869  -486512230 -1336809788 -1240067262 -1669121812  -643441897   142966318 -1583654747   820568445  1644994849  1649209665 -1209218946   -44424420   302733888  1840548074 -1420146897  1137211682   345930297 -1357249948  -121355294  1644320388  -622060689
 26 |  1218905180    77250851  1127671461   665840735   745819966    44521946  1623431492  -279594928 -1072391044  1199416464 -1694537033  -442559504  1484953459  2144997419  1033065369   836568047 -1158029738 -1302812674  1857422915   321425345 -1953375785  -649120728  -397090410    77249053 -1414018395   557186587   715318553 -1515304193  1286980266  -225028979   898925513    24833488 -1599286827
 27 |   220173580   473339344 -1112640684   223586486 -1926648071  1012705995   134283723  1811517315  1780398583   187258203  1931086671  -322014997  1330278968  1360366895   188243744  1985474367  1168335252  -275674247  1311387462   302314947  -441303342 -2044897759  1971684182  1972796010 -1281399262 -1486307280  2007488053  1582247330   455748353 -1081460989   460959898 -1309607076   440859122
 28 | -1561537049   -20270482  2010985950 -1743990448   333463267    76366514 -1591756023  1407487513    27646586 -1072187082  1058585347 -1282171261  1199774495  1210517055 -1553536382 -1088647765   921497211   556149417 -1010425400  -916034177  1561898971  -990568226 -1207523524  -749246581  -252666007  1825530661  1098338410   805312692   558566852  -577627524   370525300 -1615710909   826512504
 29 |    20624526 -2036332605 -1017280983 -1791838872   703762609   102647676  1855277520  2014433012  1226048703  1391425956  1485695438    56318948    65700177  2087972013  -747560712  2141645319  1615153144   986039207  1509534718 -1440604253  1155954417 -1052406754   228602813  1174379918  1203361144  2136944171   847362815   350822395  1021353041  1987127269 -1891669572 -2044016789   384372853
 30 | -1087552067   142979236 -1344893292  -417398578  -878096629  2026986819  -185969083   181729554 -1131722183 -1862651829 -1433010737  1630262048  1402189903 -1482225471 -1668257005  -768097989  1429999835 -1147463172  1973102823  1946635965  -963893030 -1876638997 -1621392460  -163393014 -1494848400  1080419366 -1553559555   909617465  1352698845 -1234610994 -1128337333  1388602059 -2016812898
 31 | -1869704846 -1703454268  1974663533 -1164031272  -699079336   184019982  -583326853    25958343  -886228671   787872370  -931977438   152471248   379172926   534956896  2121072627  1167202915   503620004     6831617  -688560698  -322629506  1367752437  -918127414   195786485  1349698427  1253732504   -59993357 -1407346899  1383892376 -1440054879   654241409 -1023825800  -896619802 -1471928604
 32 |  2113796020  1901950932   163746823 -1818010083 -1199648682 -1739390684 -1966024980  -513117899   922220398  2003114372 -1713989227   506862845  -797188248  1522017583 -1940430417   633066671  -633045662  -842928779  1999895148    81654842  1262194079   -32454312    95682238   196135636  1122378515    11014063  -891626651  1203677150  -508197138 -1238838287   -61700465   292406526  -778785043

No zero minor found at deviation level 2.
