============================================================
APM Result
============================================================
Matrix file       : kernel_38_12.txt
Matrix size       : 39 x 39
Prime (mod p)     : 274877906837
PM block size     : 2 (fixed)
Deviation level   : 6
Minor size tested : 8 x 8
------------------------------------------------------------
Matrix total time : 11816718.3350 ms  (11816.718335 s)
Minors tested     : 321378140160
Avg per minor     : 0.00003677 ms
------------------------------------------------------------
Zero Minors Found : 1
============================================================

Full matrix (39x39) mod 274877906837:
                 0            1            2            3            4            5            6            7            8            9           10           11           12           13           14           15           16           17           18           19           20           21           22           23           24           25           26           27           28           29           30           31           32           33           34           35           36           37           38
      ------------ ------------ ------------ ------------ ------------ ------------ ------------ ------------ ------------ ------------ ------------ ------------ ------------ ------------ ------------ ------------ ------------ ------------ ------------ ------------ ------------ ------------ ------------ ------------ ------------ ------------ ------------ ------------ ------------ ------------ ------------ ------------ ------------ ------------ ------------ ------------ ------------ ------------ ------------
  0 | 107067275795  48977026853 110529644371 263403227855 173648110704 226295463501 122349449647 168109968846  94678337369 145316644830 151134392632  18903828374 207842782401  98168862170 129553198898 250906007607 260801903525 114824841975 145151762522   1722699263 259932943701 215922139332   7781420163 134619157342 199094458002 113829331457 216869778934 191742710636 135251981851 265993720527 262031456179 200213810354 180307930854 196914199024  36529878101  93467278536  39184949097 273840596432  10539938855
  1 | 268326668283  11571308626  69892576186 213018351614 240189921698 146607161637 122406361695  32672128534 222771155952 129862941079 273799110367 198551010507 130782096854 182584076395 201731246451 107812713538 181006474356 118213964112 147772565972  42275065122 111527276909   9976131911 272488349049 251097390064  58076162467 205723181958 244368770900 182399050421 220789384831 211636480539 105938335646 167755944812 113377066150 126521720202 143069429967  45914638451 185506488994 123441950113  14537212582
  2 | 157726490604  14483387468  45955535407  89745771956 274258400318  72656034437 199593437614 117750364220  11049278815 132384620852 161336938733 136854636999 105901883372 102443214996 158960898001 220599826875 151296888762 273687896869 148273625204 265218479798 266742018088 250806275290 186395595241  85639387650 178284864023 224520807856 126347689933 262128780991 124117336843 116730583331 179711447039 256507538825   9232952691  91692618394 234132731020  17926872260  42033902190 252604087656 259761578224
  3 | 235845619531 130754321606  37825849941 185132571796 205127839421 184191199044  97885523354 214373739315  12498985393 161725309554 274408465977 122040111074 116856670345 274152419571   5424818160  24729822055 109457102385 245557468221 244084471985 193312648810  92388817325  51365844219 207186986799 251684523695 259079630583 172654975566  87343326517 207985684955 165965135920  63538705548  73043255776 259713223870  31653991744  22964994552 121830993344 161830154542  53417969679 260055673030  81141730088
  4 |  23328307158  29744434595 236508486357 189638996791  61782144039 215114007420 165635099370 130993171574 169271360593 273800793793  65559993466  63905151897  76100627679  55995267636 202107608186 160137913597  69330087696  19048870353 108058174390 272169368312  97261854629 219289070483  74204816416 255218595154 178077264179 121360556297  28493016088 267797598428 135351394188 153261755108  73398472950  98191836086 181029363623  35340060798  36460298279 111502387849  88388922659 178286742775 200782459353
  5 | 186500772695  94317910934 235612856216 151674680196  64775346300 141325017746  24919697946  36366982541  19073237554  17912266408 171977464223 115048489739  76565108749  74768781639  84088296278  96671774894 263726195519  31758395171 267386749591 207328913654  43252694290  63981477222 245595225240 211358933692  27997495725  77032505530  61765218615 114107120366   1286616603 270839057235 232083291783 158655592577  99333152649  13853768896 117630539754 212166610305 274522885653  81357551965   6390787590
  6 |  85712658384 214457722394 242125914465  56431226808  62695285182   4768217262  26230233701  11418801176 214225062747  87818062442  65262961061  92455167100  22186370110 184101957395 117498130773 171432466448 230778626964 269894166948 165606911357  74133601649  94825520303  35003652575    870247663 109990372595  11794079375  68725070268 145466441220 154520147299 231834970288 174057800558  97131568531 180082441309 190454861579 199088951092  53044111866 239869525506  83852356485  57160142334 272292498362
  7 | 170245928345  85608539790 231384891849 208036458079 218594604891  14451504999 270446051213 225755126008  37769433796 241412779623 168496877468  56600657347  82721590374 205897936493 199706380480  56043399400 133195920150 223747517669  62701927086  33449536298 228142893213  44408580058  93965910554 106930195914  19228196343 198776432536  19596628184 233909559142  16021187230 273505601531 201323894710  83793941729 164453891562 258584275336  60502487507  65204211178  69970356906 101793505119  73035326362
  8 | 108512724076 261967804197 194677018879  96020870926 106621360640  47640493447 272510380300 266420857920   1126715291 266297341181  20326536146  76797280661 239963210500  21945520514  74514858064  80464430234 153840154380  74715266262 270988217272 263698509557 169469190373 175270454364    717462760 197699121219  36525333924 171398384924 172124202016 183831764405 207620623495 210763754830  14029518615  56139215889 256397195815 178733999882 110953854302  54411454110 271192853893 229795864353 243413769676
  9 | 233694151697  87350552624 144079582470 125599665199  59068543654 245989996179  92966076464  71169280045  15559300329 227329908490 166106578222 147461544747 271210030469 140017812041  28786325638 245418723760  98792297364  84446308095 270994845033 201575508118  94610798480 113338081377 220077377183 211874146758 141799589560 118531017759 168903491903  92287273965 217698538843  38156634765 269143001575 169016001855 257052920590  15960853782 197804749548 210771068286 242333340285 189874216360  23300766408
 10 | 111850070044 269090180470 235552863728  92063165982 207636546426 235075076061 180954806190 198723195769  97371667731 186373579820  23360572474 263317550258 263154583964  15638904263 219565747412 214472032516 155718732201  42986116720 185001690077  13882447078  12393946809 177032890995   2358072399 106087490247  90721505669 124742720018 235239843051  26881043013 224494742458 249457806365 227186959982 268130403117 199034314871 195195898714  46860593271   8442156555  42836822552 101743675197 189778098223
 11 | 147815482124 253428339688  77773974674 267078069120 229184668745  51128513820  33488138986 130435313476  64739644802  76531787743   1565623202  31369970502 101368501566 123228904854 161939559515 230518813540 214426881334  89711382406 217168383517 135451906390 124023665394 181605094269  76272984699 273920117535 192784989753 262059739099 211439166863 141019261883  24404821494 144217965491 162328626330  92542558848  78878753227  76621387455 255884449326 160930758437 242568890802 130902864708  76947798421
 12 |  38148448471  35851062738 269454523932 182930688425   9795094914 170648188694  44197063537  49198912562 225799191625 246251689866  99300865531  11145370423 132832248533 173830302961 162108856842 129253128943  53071311665 217651950746 264442445097 271584212767 218387034229  87733190182 147754364234  75704536506 146853493378  64167907691   3897680545 183558109516 105199780253 141926980306  53716645646 145192084800 229552292935  43167124421 172646958643 206629875557  10359707356  55462805569   3090304353
 13 |  40227517767 123849217051  49200200101 262716345132 199560417683   6223304148 104694524754 225026371350   5790799045 263569555685  16596826174  45125541884   1813262741 186511422221 204949953767  97989838019  35832967190 146753203810 255017754404   7528771045 247574396654 204934678569   9924893589 110409504983  41952719994 169092249417  52147731532 200187794507 224648374406  68422559893 175152506266  74947305506 177922579305 131702917472 212281631828 115239307248  84431073277 135463559708  27294269643
 14 | 148281451874 148998131584 215242043042 109296166875 184031227894 158175091948 145967022715  46864650960 263784687659 113295187605 151425000051 107736593813  69582888762 134105137722 226614197273 152229267168  98865041720 273019755957 174868785222  68527474696   6254160472 107078819203  26333838021  61642134930  34560518297 243633878679 169234066167 143645415292  87342621183 229761232045 209252218922 213715730455  24224702607 201270248717 208430257326 196927802545    673017756 255661540556 116643952216
 15 | 204583347932  50158802726  15342275518 263707879196  73359359519 130654083434 229863733361 221326026271  63624616235  27326623967  26242498780  61064624359   5706015845 198888531148 126095844282  51660631969 207289379250 176857333905 243081742922 239148751802 245802360765  96133225293  84210378201  23653736990 259708518340 253461923942  25765027978 242352704574 225204911460 211163550769  65577519180 215892515393  45044708917 127903236951 101519370071 133182853078 160057613208 221876842375 244455334836
 16 | 136044178340 143435092879 179110546076  69268737570  38331729674 233329096773  32243864983 185320472423  88892250478 158172697248 250710107749  88103629632  53081759304 106957892331 149422287845 270124888612  50749210538 159451610412 123198531639  58460839223 227771210771 243065101210 220251411758 180132461395 189819863660 128050860070 256607919220 194914460955  54420528513 259271928144 257899878528  92948444756 158659268418  53389761797  73266741974 270100827470 257073824586 202438592973 193603265100
 17 | 221684118389 260688497984  32322616894 245403600421 124515801772 242719908873  84009088314 195226342899  80056417949 138204717318  68756776519  73319016723 257008506822  66871325578  53305003510  43097547475 139177149501  13126227664 216535453709  86903818357  48178965350  82820917739 253461457402 261831123816  18462306096 249644584641  37798708203  29082557640  27190106003  63033174975 126040324677 269418175348 103990647469   9183118989 233236368506 263997710507 188961848660  96035900421  86245959818
 18 |  90080331174  70132579155 105034539723   5730479831 131386114582  49676363146  21957200286 203569999775 115956163929  79518483303 252394904455   4099198798 274369071554 253648521642 226836913337   5469740588 180482895359 257056464087   2512310099  22207068111  46487849966  80538637332 256038061004  30180933380 236348884248 233940751318 245928810000 163463058002 110977580148 176477335795 236782166614 250399415371  31875179079  68026863210  33847009200 218047691249 123030003779 186226393764 174581247085
 19 | 268167564378  41455636392  87343965938  58031230530  29040530375   3137148982 215278907354 124940305147 220869150625 132011806760  56902028566 239551130958  79914206723  81854061948 235434361884 103482106457 122757440322 160020643206  37066524267 198175545036 228819698965  79930718427 201140069401  93210345315  28420009969 236569570646  51406169386  75393401924  59540367505 197863861559  28106770663 151905879569   7193973241 246749924228 105087042371 129269197470 160825722793  59068666355   9782226480
 20 |   8973578427 128845543259 140953978532  74369087145 153608269705 209217951211  19811870017 156309849741 130889076570 132282440938 102364344701 202889327121  56913562974 239419981434 181637019331  43189394996 196419007786  29771540703 197205049868   6638396634 251425556635 119124788067  59381288520  74196133676 261788719435  68568544844  23944513030  76532612238  96737179908  78751431446 125071985902 192312622938 146128145424 137079499805  38194249393 158607016976 157250415710  53640636452 264243512975
 21 |  58517042507 124592413341  81383787759  64035511415 106466979557 191671728522 205840540374 222684421416 119393729881 213402024384 125903131536 158091444734 111921391921  14493670096 266466987117 250763555259 227902634382 148370726712    630829590   8587498867  93285072186 140071149208 111167412491 223264830572  40773007946 192514185085 155015293927 124882320965  18605199364  77489774808 113462171514 179657443469 170549883736   1936000731  65196268769 265394802635  62113030410 237755898065 132677679414
 22 |  42457964636  21907769267 124162282808  78400947778  95081628843 178170125617 107054841642 235931407759 131328771468  59744069999 239380947391  67644956036 113374278720 266387756282 189362384503 219441907732 220374290980  26192631098  96744618481  55245295888 133517653704 265207023298 119434460476 169276166664 179206026772  56264569261  81352492984  82023821565 155696423614   6456250616 169644542604 164505078053 123379720996   9583980050 147270445715 100045640263 274276529989 181384099765 269581043662
 23 | 196222908675 111138369388 263819319923 196373905163  67017772791 194999679927  88975667040 135741663257 236523038074 136955287326 177092503530 242293740614  80473283250 274000735863 201527293578  63562714250 104876549699  61399423817 272315633375 149078456929 224430637808  97530656445 180780199662  93344168664 129576288903  91376449656 231404888846 218122272979 170811675757 178669879139 272594958137 127494295275  57908869900  88266411680 247437338065 264986767252 212674501736  17748356847 249092264897
 24 | 182152556827 118130663014 201514752148  55437116837  76031420330  27653299786  36260475219 156294910749 111914998701 105271164843 159617706058 188390091969 251121470875   7810282458  22146270720 181984589089  42851733661 105504526685 224368387872 141123376245  10977787684  43681575365 143459545951  12613686288 233761308270  79255408211 188882147885 272778420397  68511380450  81853774957 145856768524 107765202748  66137866222 204742751800 268646556539  65545730447  67608880962  29613140306 170276050372
 25 | 220997643782 186952383331  84038752804 194848285587 223607508938 261144598567  47638945316 274220675819 222951386471  67464855577 233155501064 133741572231 254003019207 100493164905  25176542915   6265545345  78036581408 211932389414 169122914702 201802086065  77365469611   5303681819  72587670272 110195648874 150818468454  38891982821  27853920068 256024773248 234659605486 157461040685 231467654408 203549117599 247907786784 106652415436 189917507177 145361491173 225154063441  28158090944 217283508956
 26 |  66351616505 202766811760 244484315997  91860805656  54619705694  73252931735 209485546497 260510051604 240940018593  24380288184  25717594888 143737932721  47826602496 121595925919  13848542375 122507879448 102322487342 236408025372  94711134313  31257780198 208525885087 263155613258  88859843649 250593125501 158786521681 209036142742 198900471706 193839439414  73600597559  71849354819 114968903092 188430629288 220198521045 228865511630  53888186646 157063073013 177070506535  75977074519 254830204447
 27 |  64629962057 151626316315  21175356626 184473843338  14775009832 166607975450 116071008177 159198448611 258673912728 111925335107 145488885689 233182909496  80055783800  54472324003 151756454528 184955440647   6460738541  13260859476 219917072633  15723522393  45620814795 208840538354 225134503847 175785852768 140552347609  63364561152 220209635250 172865527830 197828533636  76966232508  44899196582 168895523446 264295512725 182886349776  40508563800 251484472651 121157310242 167309898115  43357290457
 28 | 130527889814 138338488502 249383954278 154509505141  29198271445 208561419500 195137964884 225683205493 204616380561 199257353486 193887152191 131557152689 162901866913 100763216364  27369032521  89630622507 129546914299  60463414517  73939197055  14026516033  98306154871 253087174052  18449254484 192492623069 225972593751  61518278530 172533550710  18639846892  70467924794  96170815184  97994403067 225858121862   6861964955 171956784314 101026371210  70890818461 235980895516  52095525939 126811263011
 29 | 250147143544 155576846334 104421903074 214970515749  34502470254 204228730057  62603723326  74346783906  94427847762  95290005441  43965905500  54475030838  27744112406 229974979057 189404145949  56798254200 202738968111  31173295627 159518658469 168352121229 239190655192  66008532765  76756791516  95390671300 114193789339  64809847283 108691628255 121990781324 258311153807 254657403729 207404895229 128380221812 167899192879 175633241276  33643279306 134760652743 129592987236 165943102818  58083853372
 30 | 235972440806 118694626835 202734260529 242488836444   9699175184  73284024429 204468209814 266948964006 261554727389 155332909207  54663794901 162133984387 226718251474 232476523602 250216546283  34402534473 127381608201  51793710945  79016863932 253689627437  78901186300 140851913351 167199508135  48579482907 158547042571  33967580965  18696763953 239346406441 175968105079 253196034672  83431883824 225379411268 245889875016 211132457754 101726698774 211876459652 144707630434  44175456338  31663029957
 31 | 251955099802 148291852024 181380407131    132610633  57159759850 149996245650 249841420093 163555236118 193428448448 212628732946  49375143800 195639851357 247276504509  40344587149 127561932983 102378120621 164457281551  98023828483 164946538365 265428770541   7475092712 149420599152  57703732121 126646729438  39194245676 239299226378 140071220422 126705152455  51931303002  88230690304  46559108443 271486133287  88568384861 132846986140 108502049095 241940147279 131206142026  28229473959  67984984879
 32 | 264644113764 146269928708  21291017148  21206965967  15218439701 177267730769 266024618517  37346578941 163219503310 173907127082  55055918023  59548351163   8067614022 222984161432 207868392379 133981319923 205099902674   9138671916 140210084073 205767808368 254845953525 238153158231  66890810846  14497471733  20851354101  93759925219  52653855693 215202173869  33890987729  19972774311  31453679606 162939646956 171731446302 202356335428  51618136690 140702944584 142465854542 251869797623 177122216386
 33 | 106638142028 182876262180 254864374247  79914005824 112133152594  93713474840 115368184266  87321614947 155821929313 227645700128 256653026061 198103351844 234043176611 202401701789 204576290034   4605224274 230490967108 215730582619 241233687215  31154727831 243332297420 146678522729  35957061657 259392322276  50155864506  22321021521 256973607345 103355379178 173950460429 240073005095   6826214251 107431727294  82935527809  59435591590 271186370196 154918607937 213266338604 175879461679 136135259738
 34 | 163334404671 228028578996 182900418673 124154304732  34622584606 138663146810 124156775898  47555746565 111415636539 255236174352  44113734805 249353186611  82109202528 183223849111 228538996367  78661446439 197751727456 143814910081 137577031321  27671321512 159620599858 274737148351 222127910187 195630729584  48382167038 157153620192 175360586267  62960383139 146992219895  63387591049 260515660801 208435778210 270940768649  31504307222 273756704481 247996523667  36512743478 126477847578 238385500433
 35 | 159279337685  24931611845  29698576598  71844870594  32845795862 118943451499 228028129254 131793984732  48611054409  20841814948   3783444580 150564785264  61574057571 188063993380 183626057587 260313860705 119248427736  60691459244 124500180128 152110706145  87774206117 130930500450 202825973051  50593062371 197406307205  47875117450 127357784988  41811265534 194658174736 206170062618 148526319698 155698379902  11693960784 243785257082 246885056974  47717898953 257733806827 157446466278 110995183312
 36 |  49479256861  17965384223 165788926475 203509139134 110636736190  61739812525 113189683447  45812792830  53648313568  96520283880  87081483620 229891624893 234292698698  60821565070  47514867218  90973981503 224847873380 108475170724  99487273058 179152136645 104408008652 129458094549 125805492063 202659881467  78327438831  36072838511 226313159825 130951309613  84205113309  38912814836 190861491696 228129369560 265438567838  14665553816 241070064771 113942973153 271245459005 139447389801  28975811771
 37 |  84085190650 163362120375  85859842793 169578945351  26787673366  53844110548  17065065532 227914424302 146039840703  31908941073 142171735245 140380174474 203961901064 125498721049 177852358704  75481978669 106946233390  62634059921 138323609808  91228090892   9567503178 106716807259  31605039275 130942258849  70278142341 215065938783   9949478611  48241357430 125792032904  53364126285   8240967254  79075697523 242822761568  64900717987  98607426494 157413298899  70301390623  73299055375  96132619548
 38 |  38003620059 240459975234 229160661718 210490663724 150051343423  75793817033 104824058405 202146387091 182131696731 253937872640  93073466007 233346189887  61682943774   1681264394 132105679986 196898707513  26715545736 153917334219 162411958337  79936277687 237122604501 197536905690  82857017850 134188569210 127244659922  43616437255 252364905760 215577983757 201493629211  90710923808 232021199181 141505558329 130331809327  80199842973 110786142346 161450709510 172417956032 132340688434 197605441807

--- Zero Minor #1 ---
  Minor size (k)   : 8
  Deviation        : 6
  Principal block s: 0  (indices {0, 1})
  Row indices [8]  : 0 1 13 14 15 17 22 37
  Col indices [8]  : 0 1 2 5 23 27 32 38
  Time found       : 11816671.6570 ms
  Minors tested    : 321378140160

  Principal 2x2 block (s=0, rows/cols {0,1}):
    [ 107067275795   48977026853 ]
    [ 268326668283   11571308626 ]

  Extracted 8x8 submatrix  (det mod p = 0):
                   0*            1*            2             5            23            27            32            38 
        ------------- ------------- ------------- ------------- ------------- ------------- ------------- -------------
    0* |[107067275795][ 48977026853] 110529644371  226295463501  134619157342  191742710636  180307930854   10539938855 
    1* |[268326668283][ 11571308626]  69892576186  146607161637  251097390064  182399050421  113377066150   14537212582 
   13  |  40227517767  123849217051   49200200101    6223304148  110409504983  200187794507  177922579305   27294269643 
   14  | 148281451874  148998131584  215242043042  158175091948   61642134930  143645415292   24224702607  116643952216 
   15  | 204583347932   50158802726   15342275518  130654083434   23653736990  242352704574   45044708917  244455334836 
   17  | 221684118389  260688497984   32322616894  242719908873  261831123816   29082557640  103990647469   86245959818 
   22  |  42457964636   21907769267  124162282808  178170125617  169276166664   82023821565  123379720996  269581043662 
   37  |  84085190650  163362120375   85859842793   53844110548  130942258849   48241357430  242822761568   96132619548 

