============================================================
APM Result
============================================================
Matrix file       : kernel_33_72.txt
Matrix size       : 34 x 34
Prime (mod p)     : 8589934583
PM block size     : 2 (fixed)
Deviation level   : 3
Minor size tested : 5 x 5
------------------------------------------------------------
Matrix total time : 22676.6709 ms  (22.676671 s)
Minors tested     : 811852800
Avg per minor     : 0.00002793 ms
------------------------------------------------------------
Zero Minors Found : 0
============================================================

Full matrix (34x34) mod 8589934583:
               0          1          2          3          4          5          6          7          8          9         10         11         12         13         14         15         16         17         18         19         20         21         22         23         24         25         26         27         28         29         30         31         32         33
      ---------- ---------- ---------- ---------- ---------- ---------- ---------- ---------- ---------- ---------- ---------- ---------- ---------- ---------- ---------- ---------- ---------- ---------- ---------- ---------- ---------- ---------- ---------- ---------- ---------- ---------- ---------- ---------- ---------- ---------- ---------- ---------- ---------- ----------
  0 | 7241439550  667903579 1319569409 4704595593 3585374738  518676975 7231132136 6837592879 2571176184 5481221019 8019879790 2708096820 4738272303 4137832307 5048352009  151193489 2207098736 5188693045  125628459 1209918083 3198339072 3523073436 7685886832 3435846165 7199202066 3410404287 6601239164 3719781934 2639689992 5746797329 6864805219 3528176130 6810582396 6949505326
  1 | 8414248816 2643008225  240900459  160352191 2259529708  189823159 6064145402 7206132430 8132195554   62674563 2520028052 2884138436 8402370357  143212451 4032695574 6976944385 8285826826 5128586556 7362786398 7797279909 7503948710 3895649982 1279413530 2648127873 2450623311 6211838133 2583008233 8484302628 3403327800 7191099837 7673674292 4308752467 4286127863 2820454521
  2 | 8189434461 6860241731 5473990146 5880080243 6440930443 4994710134 7732478868 1922221104 8211387610  885380111 5171827419 1655706120 3888718891 6401345731  138608401 6988183859 5600106466 2780450285 7790696797 7866157451 5039739653 2799333754 4610235631 7534883094 6527080791 7838742261 6882979400 3114974264 4176303327  350942646 8102604703 4506700702 2347282889  943457951
  3 | 3050011714 5921237033 8015267445  773157312 7233004606 6696974974 1663634175 2741673899 1146598948  903149855 4998288081 8422416890 3043871578 7531310870 5283470792 1487490792 6298623641 4988674312 8115115053  883266673  144175493 3060012928 8227611776 7615077985 7297819961 4449521812 2635985651 7356113541 6995886037 3813917165 3059786638 5464907822 3939983891 7343089399
  4 | 6011007925 6188926456 6438010169 5620391844 5498098497 6206272207 8099920472 3839292636 6940795073 4051495518  885123641 7391134399 6259970335 1180144619 1447941506 6710081242 4020989557 5706644712 5506602342 6973993611 1108733926 8339453197 8087676801 7556185319 2192618400 8580208278 2154531580 2539842340 2118665091 3267124775 8528563508 3228512905 6241885957 1001803976
  5 | 2142901964 1999629130 2765384854 6277952706 7590112782 3108529919 6611748606 8439937898 4182177298 8495330082  864261710 2335308128 6201246514 4928849268 8042631772 4217874198 6216938303 2010968192 4573842877 2205659023  407824342 3118097998 7335865744 1066740397  325591074 3944496608 2485164675 5672499674 4559273608 7411212422 5794559168 3841237108 3792348618 5233395017
  6 | 5271823399 6755773586 3167362057 5278897754 6696119682  698630098 5941162583 4847159583    1763971 5721373574 3770416602 2664339754 3670413109 5487094199 7479064531 8038453711 2103074128  893559184 6184993865  328759624 8021584501 1770734092   80664435 2143124598 7433112368 6004439632  561805748  315934692 4337442654 2987711147  196435526 3332310468 1761657515 1013088670
  7 | 2147588172 5325819923 6406103605 6712502806 3637153245 4196236944 6170108052 8284874479 5208231224 2134030492 2021374732 6344839901 1047487754 8159597706 1533201006 3909062100 2453410480 7155478418    5272845 8359597281 6525870409 6930581731 3188469908 7701070189 4808790987  558594758 3536986341 2606973290 6555525395 7896543098 3846597970 3120799764 4552927766 1790766104
  8 | 1379407736 3359047482 2676386431 5140252384   58948679 1644106013 3790270310 4293015977 1247925091 4650464028 3877675889 8581700531 7966653387 4321831671 2352563376  905514381 6033353463 4164157571 3737538292 4766516161 6674998889 2576219347 5465447265 8107585055 2188907745   12560043 3699858959  311560597 6023905776 8455784759 7945409970 6770489860 2946145309 8361772289
  9 |  200303191 5500581924 4534504779 2619398415 2434999468 2409507321 5927500880 6482853451 3681423165 2257384588 3261271373 2211384554 5301732368 3869979839 2294214408  856022564 2152257899 7906961082 4047296396 6216292264  711274850 6571650094 8369694087 7609201855 7257885968 6873258034 2597664476 5172598988 6668694229 7252160526   28830478 7150175144 5640912921 7567422840
 10 | 8534395546 7798314739  705923948 4619627894 3283379617 4641786415  314774210  321237692  192427891 1849130931 2862576645 2178089006 7874582221 6619322189 5808191268 8253179373 7153118281 2926574207 7090216481 3848914440 1913026627 2144977111 5202532936 2538988365 1768439867 6621698179 6685609731 7896787545 5722709278 2419199278  376059739  340004635 8266388661 8098687363
 11 | 7831020997 4963275094 7472386761 1961639609 6680163798 3731272736 6002780819 4429167463 3956125523 4009128344 5189463007 6999872633 3496095669 8391622931 6506555209  831291763  685315962 2998484259 2493785312 1707244048 7849924672 2082389113 4659646549 5666541621 5819745960 7272142008 6679662310 7803569697 5305506249 5669214994 7378002924 4800907756 2921293613 3637898592
 12 | 4841805402 5541852695 7455623029 2067629528 3885449188 1393409861 3177732656 1334173980 2077667661 8341340528 2508054073 4851049164    7244259 8454068750 3433296140 1697868213 3178335595 7186238527 5536408204 7987995659 5462000764 3598296246 5538202384 4004983165  777963221 1191176431 7632127050 1486395515 2770712521 4007327737 2689166321 2744022903 2056175692 6663065994
 13 | 4682525316 8302417387 6415157421 4785148393 1867580032 7561330665 1909008850 2936905528 5716056490 1803821220 7238179743 7537257284 8158243752 5337233131 3489157037 1305754011 8459768871 3801963543  899049394 3048156324 5320276364 2528517531 3038855097 1187392216 8291484054 5433963508 5556660572 1786401803 6508351631 8267680521 2587081811 5852293997 6299485278 1777882485
 14 |  413813751 1386034223 8453383641 2904174975 3347657752 1188579544 2793674096 7190236307 4915400122 1997686320 5067862238 7985971162 4139874771  261826799 1863747586 3488542536 6579720342 2183129721 1493668350 1061419576 3149587764 2978963597 5776620668  305939565 2701307385 7951728419 2154263408 5802012922 8333863458  607059443 6173547430 8436976327   41950501  679361532
 15 | 4238404932 3823635993 5421543396 1322518169 6591919629 5304986004 6439384325 4075272329  369498044  244633036 7877953202 8162981521  717207884 5938473255 5559234271 3051148147 3268594584 4490790502 4613652471  840789701 7816404485 3937131028 2911510431  161110989 1350653982 1724465625 1696495395 2192720776 7146988508   35306801 5141931945 8361241318 8444018585  238065540
 16 | 3818112705 3644487295 2364654781 7099379967 2771966267 7470277390 3819546387 5009208314 5626529399 7389310039 2780517787 1273528668 8540884832 4257828358 2994865645 7953236049 7202839976 6451426071 2208482844 2880522860 5176328241 4434021873 2766433063 8013025082  552828395 8495887319 3791384182 7892079598 5804437254 5717509303 2912083550 4026798757 1312056807 1826595203
 17 | 7241092362   50909770 8235515578 5592786095 6681291873  383919796  213849686 5892446664 2013565837 2496458329  422282511  242709741 7698105336 7886221076 7460229695 4801688813 6266647680 2178621613 6101596602  623521518 3126493544 3172093263 1393978383 5985412901 3945399768 6883607365  261196362 1844261782  411487378 7497615772 4421616283 3634074146 6300385398 7567455691
 18 | 3958939180 5985348593 4224280763 7730945599 8307247368 8163021584 1498734182 5035224551 1191463623 5989896667 6060850338 6268279122 1440556019 6943603594 3061391359 3591400010 6136714997 7407632188 6436356756 7048646372 4169411753 3147950942 8088534064 7617719847 3092947366 6212778668  887937471 1125746869 3268187947 2421617471 2517421813 7279905704 3138791444 1664370111
 19 |  633346169 6782439352 7983053754 1570788991 3082537696 8525213012 1867075172 6624456749  839112380 4883553319 3316152888 1064068968  568096080 4378205941 4218839585 1236908639  723338672 2931624065 1437248068 3928076358 2454955188 2003557349 5831976666  630330371  882917436 3142510705 7663483787 4584502298  393330144 5461675586 1488133592 2697670373 7607864604 7030773992
 20 | 2716863867 7715142247 4746475960 8514770149 8057591128 7387318430 5631199624 7902538043   86746931 6655836305 1730524483 1065350742 3719620284 3449025937  243947899 7240771817  162084048 5794404303 5710613822 3745341176 2174785525 3812168163 4163039524 8022600380 5464956020 7069098838 2507484798 5384094080 2176786951 3331928735 4273661625  740748237 2079223626 4122743163
 21 | 4474735927 5700612305 2586970296 5922717112 8165242478  609108547 5737295373 7352390993 5381424318 7410475241 8013409814 3072841647 3205423112 3669651008 6249133723 7268957423 6459164131 4756904945 7134281221 8310991358 1327450785 8040940462 1340137313 3354629855 5053589601 5979160389 4350361872 5451272149 6175194562 4118314496 2227509258 6202404876 3434889221 4862100134
 22 | 5661981660 2284889116 3590913095 4622397364 3983746069 4468662262 3428434425 3051446245 7009086422 2933736160  902753522 4413577301 3335194841 4136693204 2569356415 1044585743 4713329709 4601106533 8274925100 3070341134 3357157349 3458757850 6339179531  170866819 8013408234 1305137413 7547262075  265659738 2577629373 2944498095 2048999874 3595954403 1530315537 2463445508
 23 | 2160554062 1017718789  723087428 4049553231 7744256423 2435882451 6329765717  735485866 2769173053 5762090368 5759523395 1975869471 1093186735 1158598602 6833179892 4620860689 1479748608 1897119786 7512946869 1854447102 3765226433 8330766354 3143679270 2233933473 1310025257 3234620308  247930155  142600833 2846484371 5630200315 7885638555  413096844   44128991 1279616130
 24 | 2351100289 6648623839 4926593266 7471791404 1964552844 4820848015 2101356273 5436259198 3582399255   13637354 7118607594  624312034 6646979408 2229838500 2994118787 1874694366 3579114493 8157251035  144986162  581038054 8348435315 8038353406  821572158 6210754827 7916068324 5272344847 3488971380 5573922733 3955207421 2701493708 3843298717 5423752922  264574872  929149007
 25 | 4258046776 2611375767 1481780204 3637932602 8222829813 2204380996 6718461126 6394094293 2121277373 4605477766 3033894116 4829498316  387748580 4764087435 4804233738 8276715614 1394804991 3024346812 2921035230 1686035870 6495420610 8540520749 2383546500 5362166369 7002388229  649495154 1889896118 7389869231 6185950669 5065962902 4401410349 5970393781 3776165726  426372439
 26 | 4923373119 1458423819 6371444264 3985917452  596253740 3996916935 2426680567 7208344121 1150118831 6959257483 5780796430 5953241728 1460829827 7184549551 2716934868 3357745169  214113487 6434894557 8302692753  459876821 7478468295 4655631051 7954861583 7532210676 5112844527 3505855812 2176159344 6222969307 1738105258 3736692100 5496596385 4903064893 1908750639 3535639466
 27 | 1229409031 6618357361  129575282 2606817690 2426079452 3018412855 5684529543 6624760482 3464420181 2848679088 1339745150 8388353793 1345302880 4755645655 1821097620 2425022618   16235080 4152456857 7066603800 7986034076 5917738386 3071839375 3665588524 4774156057 6604831125 2121532029 7580784722 2671566518 7314446744 1042546998 7914045774  654490324 7477428811 3622538620
 28 | 4315279436 4869555614 8178132180 5848567026 6856501236 2456523785 7716136040 3450931127 7851067007 6475905836 2956749420 3160548793  396631435  888896514 7458428424 7799114038 2159373145 3082145194 7689294353 2946108017 5296602923 7513468663 6685562288 4212755988 6684504223 5151936098 2073954660 5751685416 1878189051 7874078021 1381424976 3030726072 3616187025 6099409275
 29 | 4283447663 2478351011 6378569663 7552955696 3104773986 4486253354 1646550100 6893451211 4802300865 4494233262 6603385098 7969495921 4260162689 5194648673 4983194329 5625416640 8506723356 4545901745 6128457597 7336313338   41077331  727657700 4815062865 7147979915 7413025906 7467802903 1808756096 2212459046 2693591964 2366142333  833367318  730743830 2599660289 4174394098
 30 | 6787232904  314493396 2724175621 5780838551 1249889746 4961185767 8025772455 7880258271  491395701  240598618  755820910  857342657 5050050995 8447920815 1403528879 3522170071 6729857147 6259703202 7079032137 3210318589 1698347719 4801914957 1470112870  829826523 2051429678 6786195860 3987818519  190208511  701837621 7936414959  466448162  608542594 6051228071 4179928433
 31 |  188733183 1650603666 3550510280 2866045414 1767290205 4109836662 6007330109 4554829280 2721696144 6356873949 3194213047 5253477279 6076413995 6376199569 8471906000 3692441727 5505312771 1403117076 7745330104 7415110116  857884454 5156455986 2160189573 2943388731 6375555644 2291948215 1977154427 7445873419 4450591834 7672920767 4304074915 7741556461 6985022474 8361755753
 32 | 1536597898 3661674536 4923474021 5291592379 7835343387 6050248138 4263836346 5461620148 1073706157 4179299336 1286319757 3286018871  131436744  580803449 4497485794 7087354571 8326395708 1105837099 6479153916 4176420854 4756643722 5817956092 1873103895  265746662 7992928234 2946625502 5350323465 5769544517 1756502634 5723507830 6773975869 5501376972 1279758211  892405754
 33 | 5926179696  926914275 2671155043 1992272856 4751337982 2051386524 5294812341 2646050308 1896698103 7221834600  100337411 6727139089 2668331462 4426372801 6828269285 8248468765 8407043293  209897863  780623803 2875359737 2224591515 2305842927 1046562782 6031860146 5824657416 5723499388 7264328424 3535739412 2556555167 7645463171 7926419152 5033212044 4215177051 7329763360

No zero minor found at deviation level 3.
