============================================================
APM Result
============================================================
Matrix file       : kernel_33_79.txt
Matrix size       : 34 x 34
Prime (mod p)     : 8589934583
PM block size     : 2 (fixed)
Deviation level   : 3
Minor size tested : 5 x 5
------------------------------------------------------------
Matrix total time : 22684.2688 ms  (22.684269 s)
Minors tested     : 811852800
Avg per minor     : 0.00002794 ms
------------------------------------------------------------
Zero Minors Found : 0
============================================================

Full matrix (34x34) mod 8589934583:
               0          1          2          3          4          5          6          7          8          9         10         11         12         13         14         15         16         17         18         19         20         21         22         23         24         25         26         27         28         29         30         31         32         33
      ---------- ---------- ---------- ---------- ---------- ---------- ---------- ---------- ---------- ---------- ---------- ---------- ---------- ---------- ---------- ---------- ---------- ---------- ---------- ---------- ---------- ---------- ---------- ---------- ---------- ---------- ---------- ---------- ---------- ---------- ---------- ---------- ---------- ----------
  0 |  471008537 4957210412  680236809 5408790893 5569404944 5004321485 6482856852 3699794523 4005280611  892611940 5584177490 2650796269 3477798840 8317219866 2210039540 7192992710 1853679103 5943744043  253177927 1289816439 5829605779  811020319 1552319962 8555955697 3394809534 4128395634 3921288026 7010975086 4720111532 8057229806 1750799311  507405794 5259361422 4212503327
  1 | 3693990926 4804976013 5195119826 6219204892 3119885993 7572932873  406155820 2559296968 6202694270 3684236932 8392461665 4238435176 5296452584  560769041  350411504 1221182887 5917299137 5001448831 8057322586 1403184575 3204164829 6595666226 1082552884 3948184883 8333387023  383697705 2096978310 2924337906 2757335222  395197658 8139868382 1614303014 6336752825 3876146779
  2 | 5987643568 6881304510 5733234572 5303800371 4592003270 1066533374 6668253487 7724490804 3721771024  776665390 2553601112 6098124247  614944091 5622591143 3600367852 6176129194 2160158615  261649906 6221310953 3352859201 6110027475  921287241  374265758  736929566 8440767584 4414660477 7007292448 7424299453  877133436 6395716090 4044290203 4078856953 1174702363 3574333899
  3 | 5220319619 1566305940 2579505245 7549468060 8074514988 7268365334  753967118 3737921659 3333269184 3139403577  254001372 1207107745 6816797048  689810846 7122239039 5585860410 4200207172 1593518549 8102149657 6654141508 7195227319 3551661379  503179282  596082774 6776156829 6902241305 6282309999 4401315505 4956654814  421387713 5822991081 1880522515 4632959078 3524653976
  4 | 5239692713 1851423109  272388727 6455706441 6305656990  914370219 2324238961 7783119542 1936591997 5229306191 8157983324 2789759428 4586060523 4942817247  945653899 7904055307 5254388660 5262703685 7559780873  984403144 3895256631 6642600825  309845741  109887000 2753645446 7361884609 5105836656 1167025575 4990984657 7501624274 5398095014 2984889767 2992692282 7912203476
  5 | 5370995586 3733470216 1706481419 6397851450 6569513780 2023458859 4144800343 7268384398 8580618567 4562989850 4652386281 5138962399 2191716542 8063730323 2271403539 6472527215 5134021867 7270281008 5187828344 3028989571  383109115 2744012987 1136318169  575014650 4692044272 6221608442 7807270065 7099039078 1834228798 6882042947 4235993663 4092640935 7019700518 8081407118
  6 | 1735242393 3515896100 2551955047 4933656372 5604374474 2933252693 2142275935 1449753083 2540056767 7308403195 1325319428 1150817332 6572080085 6374319692 5027320243 1835974869 6688808715 3389296310 4421425560 3434893432 1283777709 2206891449 6284089782 1601008543 7419239038 5353841945 4266962680 7315387185 4704711251 1456360042 4276463073 3642850408 5045026496 4158168296
  7 | 7433732762 4480921331 7214556104 2792858059 7255741008  892658856 2507390319 1104529912 6788956282 3318465872 1359812665 2718787326 5451750735 8460221212 6991297739 3482395777 1942970475 6919979053 7552164654 8577466091 4539452710 1408129086  715186349 4074032725 3019973702   94387248 3841798448 6411075951 1767045605   80054662 3097976762  738295288 6194094585 3249001568
  8 | 1602361510 5316651584 8157252617   27219751 7928395785 1058082517 7939915429 1297313849 4515740257 6117815304 8100043021 4600443488 4110323443  776476279 7060062678 1044455038  418416083 2211695640 4105008711 8495415347 1204848857 4359854875 4646770285 6700394908 1491569547 7706230483 5000341100 7149650359 8188374445 2793108373 5278472456 6806502680 1645300179 1143688633
  9 |  359848848 8327348808 2791345626 2632904178 5807601649 3748232742 3877713266 2154552162 3137247556 2731657603 6068240996   78227517 2645098455 4610819828 3438004337 5358569841 6628356627 4336704397 8345438158  954672625 1514273036 3271714979 6645854177 5143194013 6105304100 1958673009 7111818330 3555242009 5753250887  860264309 3709687273 7282164115 4124114143 8498503868
 10 | 1312664280 4697121462 3773753220 6702033619 8321513884 3533827621 1418517736 3468422284  174751238 1208511660 1833967655 2253095375  924972810 2327044295 1292229857 3796804840 3124383204 7483685067  201025048 3341791209 4682178491 3618073658 5892212168 8451556592 3900632869  218421992 7874555029 4373691393 3559087982  416181860 4605407808 1873002656 8490856281 5969703986
 11 | 8583171536   91410623 6657717688 6073152981 3815358333 1147468277 3667030414 5112000398 8150398910  460215643 1731584612 8273190149 5069325323 5554664175 4409574131  729027442 2131297639 4322593953 5057908692 1861043315 4649812747  975781772 6556926908 3867758191 5039909354 7896742614 3697969129 5557902299 7437805639  910724540 6480114789  600206618 2870624524  719046032
 12 | 8539402125 7063358096 1746608718 8001494413 2610308342 5870243786 4975996138 1777379096 6495783006  833961108 7683780000 3656824951 2072382047 4700484620 8142370285 3680242819 5425721869 2356533907 1842857086 6645203583 3785622852 3102321014 3752436562 6702052051 8238485734 6255971001 7819178831 6696521396  508333356 3100271504 7321416239 7604865854 5682574897 1291923228
 13 | 5678644764 5310614009 6528173421 4794662401 5380193821 4183455294 7117423339  196112386 7929604474 6933766675 7885858219 7279107328 8415401919 5282339410 5399900287 3390458917 4506187127 8440065986 2453837104 1840552025 2628933548 1313501203 4159452253 7907038354 5543436982  653844080 1276747545 1972387318 3357049445 8045126525  641278940 2825908857 1595580636 6654561963
 14 | 4305794149 4369004402 6787022155 3403385884 4291684147 7474851086 3140037423 4252351653 3910685145 1131497902 7814363030 8057724934 7014043224 5093691255 3314824967 3487920656 7783842904 8253624099  517152462 2780627835 3460023670 3242888859 2723184020 6074340737 8147460848 5538075525 1060543493 3824714797 7630385474 7679710854 6296844318  440225477 8357492863 1816968700
 15 | 8483564993 6151476061 1705314919 8318552343 4698749471 4641101840 3246364585 3368373908 3872161224 3891326410 5573652068 6020185696 1053042662 1167555926  201317740 6326980932 2375529408 5132486901 7058344557 4651177537   68813545 2434327963 7713504722 1517467784 8167552345 2741647095 8111480500 3397747096 5667708650 5037116885 3339969846 6020562630 1638455131 1788540159
 16 | 7354995851 8271684785 4504340147 3341525525 8066871180    7398267 2013616871 8475484044 2670193349 1669979489  791609826 7505454466 7548546684 5885978333  599959416 1674921793 7327348296 5798215511 4419548812 6206549391 8324202714 4740615677 5075446867 7601898907  792783326 5015209703 2869357453 3189558881 6153373945 4982184325 7716218515 5597838526 6467037045 4843305024
 17 | 1037299690 5555659350 1337587263 2915155845 7914850510  650309529   75642746 3464183104 1524616261  922924468 4624775176 1367013554 7513299785 7152992391 2873443267 8404246115  161542655 4295125326 1391524730 4320707452 3888458825 2112179493 5692754671 7142925268 7224804705 4976801201 3551447541  484849073 7714136529  560424790 3723314898 2899855001 5147891884  709309909
 18 | 6104961372 2114369656 4427587712 3955062205 2614487043 5765806113 4678627621 2674647115 8392627551 5872148256 3067672865 5826931524 8539099575 4381826308 6507960095 4256057484 6178191481 7828102727 8370209635 6561450711 5126490951 1564153163 1836154242 5429266709 1523490248 1590932946 5999267105 2448525345 7926976900 5570970837 2694564177 4643424177 2977076574 1098255812
 19 | 5493078372 6616973774 4977505498  851182233 2815013302 4312810390 7658482446 4280169740  806955059 8468681875 5320435797 3290102998 7486299855 6377654074  957228249 8401640661 1581183786 7544270148 8538160809  188522449 6929604035 2641407941 7511658378 4182701078 6638452478  727693297 4014888982 6682598824 3593388772 3778369922 7420874969 1781526229 3036804147 1470469750
 20 | 3787716835 3239584996 4573368611 3046463800 2513330304 5550073819 6140461756 3383394767 6291909454 4270591672 2105717341 1672928454 1661672973 7779962468 2366872126 7489772236 7946576745 7178333053 5264486037  624817221 7791640749 6720624646  883265098 7144561454 6016351261 8128679582 2944738214 4885471488 6667724401  686731382 3041431442 3208246269  456446723 8011108868
 21 |  891369102 6489878659 5470451096 4246865905 7517229257 2339844060 2697979585 7578370095 7969539123 7606187273 1324642589  436045349 3947072937 8181962090 2462473419 1079146451  960017488 4331672623 7086219952 2640977896 5339043683 1109257125 7276713427 4713674848 5690160079 5655314012 5238939983 8381428321 7512671968 8520003809  489152262 3949718956  630224514 3648568721
 22 | 4027287773 6756015680 6535405684 3048858546 4773695999 7548889727 3070961310  210768082 6875899323 1539361883 7310080924 4360229621 6017693805 2011237272  235949453  193020794 3427321413 5091075913 6557353562 5734177963  268405721 3841601915 7936790465 6517719248 3341164318  497008578 4837423168 8582388404 2274413112 6392713013   64008764 1106732869 6164367261 1315342576
 23 | 6796498465 3888570612 5827334152 4851043442  931116048 5907145306 3791488326 1510186182 4235081320 6646095904 3003682287 1865829110 4117840065 5743103526 7413251010 6231017122 1995743991  514188679 5317450253 7953583481 8084534872 1684059383 6081227221  842184692 2678214005 3724097856 4137468225 8483294727 6963228966 3777986921 3796252459 4869294217 6773477406   89865427
 24 | 6229377075 4179869705 8132694853 1747034719 1642526306 4364299252  643673623 3750720478 3308945311 5923789754 6105619040  382488733 3197136285 3717898094 7806851090 1723603848 2609104045 1651923962 7986838346 6115808356 1563848073  913172543 3681626622 3091615290 3427091232 6758369571 2974225742 3561460440 4451527955 4080039172 6884922506   91256761 1646011026 3596126217
 25 |  115136535 5415914931 2805904113 3103927633 4553055512  685322866 1122498049 4296666885 1350975759 5776058237 7062550372   75607124  524487277 4107781153 3802302756 5555911002 3179310883 6278136452 5110957841 2100634899 5573004000 5395234628 2198108115 4518383233 3667790212 3275966527  297544617  437509350  273320407 1769126876 5545743491  535106506 5329154675 1416366711
 26 | 8157143097 2109528651 3985293716 1255820930 1404938933 3888794689 3808810900 7264207252 4909027734 2794469523 8435653533 6818487900 3640708767 5720886119 6833877838 5403105155 1649464708 8100568146    7584791 6843031583 2515582243 5135483213  572374810 4396402912 5106468133 7359392026 6134972577 4666925906 8393374471  607037298 7667191070  661477199 5193534232 4475174906
 27 | 2975276724 1584821507 4671166509 1575011592 7791933683 8262793090 5305635020 8488723061  680418926 4749926640 1461748649 1319456878 4754703062 1417580399 3219378774 5833204806 7447752260 5761620574 3891850499 2563972507 6230544605 5496313249 8138539417 8509830294  278637165 7017069651 1475441757 5415583012 7036445258 3318379849 1901018267 4169971044 2037416246 2703268235
 28 | 8263260711  785188157 2726789329 2099885004 3452453584 2252301539 7167428470 5451313819 5818816763 1077094154  163682642 7529758481  801751996  646997581 4626676435 7558610626 1387218226 6222751076 3410941706  706170004  252419713 7594806908 7902266103 2591713336  592397095 2263409876 4593054533 4624130114 2555052434 4886128691 5605414196  338965077  723079571 5644316283
 29 | 5937746418 3936793369 3185573787 1721168170 8233589306 7016124099 7268461813 1971885572 4049375348 1491849386 7397421457 2773431579 7066175328  644669786 2021920144  600158942 1180650296 2025677558 7013142353 7621949449  853935572 2874196253  376037596 4508786797 6708254899 4376918034 4019022173 8543269532 3571796389 1964557174 3386078668 8035610126  332772098 3321576245
 30 | 2813189941 5265796533 5556902986 2866048619 4325367598 8547084243  959936060 8485961196 8464801290 6968737116 7834813535 5682483803 3692186604 6372466301 2481601974 5427201603 4139794668 7672006321 7062162852 8375356344   10257494 6952492889  405399929 3581536377 4506005143 1923326040 4444075282 5146273469 4619076914 5106161086 1545354372 4989608542 5782860737 4294889328
 31 | 7444879596 5447074657  715249759 1876769306  560364891  490092103  729465287 4181820352 3052431321 3175438951 2255631277 5881777704 3417269378 7986744006 4073533980 3569106693 4996971491 7871435609 8478502257 4740746287 6288439435 5987855340 1088982991  887709764 4590010573 1306608782 1735446576 3439894510 5177051766 5931815949 1824383323 5365464116 4251813020   87074773
 32 |  126499863 8102523973 6875564334 1063841032 8570455889 7308362507 5531345049 5175542313  885789896 8283937817 7188039209 1155076362  566061502 5062954628 7693960334 4584715249 3585822978 4189036911 3644761552 7018047965 1752966359  208351504 7494770121 5425704965 2195825883 3813547193 8072272515 2123407151 4352991623 5398517550 5801103511 1739067131 4858862600  754539545
 33 | 6635943437 7328521309 4185198630 4007096538 5891084077 7902629853 1600038307 2225562364 2512149530  669689198 1257067429 6963691506 3717415010 6561519616 6944431836 1324749805 6087016285 1721687225 7395282755 1010763524  289402828 6659554694 2264900798 7882060997  669851406 2054917736 3391714501 2455149570 3712261034 2525911706 7977214116 1428775633 5694281684 6675529062

No zero minor found at deviation level 3.
