============================================================
APM Result
============================================================
Matrix file       : kernel_33_4.txt
Matrix size       : 34 x 34
Prime (mod p)     : 8589934583
PM block size     : 2 (fixed)
Deviation level   : 3
Minor size tested : 5 x 5
------------------------------------------------------------
Matrix total time : 22667.2480 ms  (22.667248 s)
Minors tested     : 811852800
Avg per minor     : 0.00002792 ms
------------------------------------------------------------
Zero Minors Found : 0
============================================================

Full matrix (34x34) mod 8589934583:
               0          1          2          3          4          5          6          7          8          9         10         11         12         13         14         15         16         17         18         19         20         21         22         23         24         25         26         27         28         29         30         31         32         33
      ---------- ---------- ---------- ---------- ---------- ---------- ---------- ---------- ---------- ---------- ---------- ---------- ---------- ---------- ---------- ---------- ---------- ---------- ---------- ---------- ---------- ---------- ---------- ---------- ---------- ---------- ---------- ---------- ---------- ---------- ---------- ---------- ---------- ----------
  0 | 3134287877  724777820 8108761147 2178776775 5219197168 2916519664 3027844352 3855935772  546087289 4495413829 8101035452  843859925 4424739658 4032254897 7607071103 5704925405 7354561543 4794989207  471923334 2204690347 7167384018 7912737080 6825099286 7636495699 3149397635 2714725231 2745087021 5797139364 8078779689 5467416645 7071139937 2180686605 3915163768 4346931279
  1 |  232187758 5105273728 8204648860 3935853167 4197247511 1281892920 5231696012 1420836577  829216255 6240229944  390279192 2767976643  267785467  741746444 4473837273 3667147228 1943980946 6510209407 3154608718 5014169540 8401267848 1509334259  565130136 6113417268 6721145436 1775457846 3452880103 6019323815 7783423934 8396448312 3628023254 7240533708 5888716898 2430233718
  2 |  247428623 6761580661 5256090345 1085552636 4349784248 4516239830 7765993473 8588981153 1469000237 8312800408  803931003 7590408732 1532680933 4919770138 4511013073 7641260282 2429019801 3797171529 6019571267 4792749010 7298849135 2796653714 4210289525 4056236457 4671000278  798183540 4791799656 3893220456 2677461389 3095980655 7817567952 4926883811 4256859775 3649567401
  3 | 1735687414 7097964963 8589695534  282827709 7568371900 7350824613 7521917904 5021674316 8326141750 7916890935 8243118630 4552476867 7622102438 5775119530 3713280720 1442573213 3947019536  511589166 7679088343 7921710194 1277804472 6004359896    8912601 5609231446 8306445652 1261844033  146118539 2511770626 8485675493 5009520891 2223123580 1994163774  605047100 5056319118
  4 | 1983754858 3423991778 3316249378 7073225389 1165339983 4487588157 3271456206 2202881829 7606781040 6233939643 1654234100 3247358750 4653995241 7878632994 8509777973 2410265076 1766121159 6670834561 7673933739  537413305 6838643969 7270250950 3798887789 6755149794 5702459587 4207208142 8211535199 5076291264  903581919 3865454896 7586147884 2714413490 3169669359 4989566972
  5 | 8404690426  826142939  465857160 6934438911 4830098097 3275342875 6785552866 2563863937 6515771081  748219715 1920719882 3641071490 1001364521 5926267739 4211334224 7482463246 5992091261 1808788410 7270500136 7541775829 3404343819 1112428999 3796897001 5977954623 3076744364 7843182792 7274661282 2204678467 1486444684 7914712868 4289039402 1663024165 2313982884 3343914424
  6 | 2287703142 8582553916 4898954947 5019899685  759425541 2399085727 4012665004 4143865824 5349541622 4709776755 3595305429 2833980260 8283335503 1879530725 6141876367 3778329153 5029297895 4537794637 8276448300 1571795931 1559779847 1735724442 5655167519 1687430768 5120872318 8124555012 7169962748  615270112 4924305625 8557589656 4980036847  684377541 1211006601 8256478517
  7 | 2567850747  745715277 7948334158 2000098791 6638810461 7207969851  308667846 2196314888 1416412295  186839775 2805448538  910093710 7388627381 8130896398 3160470173  192747501  902983088 4592554304 3458967963 8010042636 1645985989 8501841435  812995599 1960269885 8208161783 5816098142 4926369353 3327776359 7620264967 5260136776 4499776383 6889149853 8001962543 2816666562
  8 | 4504091791 2784481015  940147928  357380240 7317493069 6409933125 2070942058 7274216324 4912740735     828711 3147606565 5736035135 3256274801 7837612571 7859078449 4480018402 5873947232 6975743688 4350372156 8557038277 8436342816 1681368261  162610224 1867432337 3459180600 2164790598 1937208830  550800918  164644158 6080379385 6862760573 6030437927 5195251019 3959563759
  9 | 7983717479 7354507209 6450417108 7477776666 5787905053 7320756319 3366364022 7032541058 3146779568 3153833481 2000939205 7278013161 3131164390 5835703575 4884616350  944498392 7100325820 1942644712 7099177775 3132293128 6133680429 1888350956 5086003615 4832650655 4558027478 1670244846   88834739  192800414 2917741461 3280922003 1464398918 5194986858 5557006014 4797028202
 10 | 3008250311 5776627516 2598320781 7003507689 3398824642 5687355899 2660049665  448332789 6384013434 7843881860 4462947587 2463312125 4677759953 3198140035 3206982935 7286202945 2809243000 3934874812 3516383925 6139998819 2068774098  309463300  231838382 7386698152 5604307577 6679420167 4834798639  396117263 4887965188 2399656645 4080908090 8219132216  947208013 6535193073
 11 | 6942570160 3692124502  160078611 7435236143  261236621 7502174937 6306579935 3876656612 4733803893 7519210059 2710066266 3947783250 1501927310 2332201887 5256451689 4949888667  612367816 4822058636 5831658883 6156145862 8233313579 5746288430 6576295456 2622066846 2213018000 8028041718 4764325496 1536670904 3034873651 3361696905 2549535793 5878662063  506256411 6568252209
 12 | 8568676254 6036874195 4100066933 7306811085 7137621752 5159806516 6917816868 7412144715 5727305678 8055390677 5797434236 6136208463 3124778173 5503771791  866270731 7448530422 7593605230 1403019793 2347795898 3188591296 4380574733  878756844  766234946 2082173889 3078718731 2020004097 5048415362 4046038644  140300988 2505139046 5549242093 4732008788 5241838468 2163859846
 13 | 6771729231 3477562663 3174571029 3315546885  480213870 8447482736 8342050519 4803540161 6965377805 1344066903 5870928924 1616553058 1654200795 1194071580 1456322016 3667152469 2453094342 3198971036 1794250702  316201516 1369233468 3499265547 6965747634 1644132365 1293531694 4520108969 7001490493 3126702934 3067508822   46372823 7351497675 4989884880 2258892706  134841831
 14 | 4659283045 3029656037 2144677318 7267971657 2289659315 2673405114 3359999237 3063300004 7656824915 6826735595 8090082789 3308079865 2753671579 3616334659 6896670242 1196209117 5189817330 5726847949 2791108353 6985439702  181043090 2560056451  355071105 4050158678 7650949905 7544052081 2433344893 2694172810 4486151824 2683256624  522940886 3452396322 4219982261 7598975784
 15 | 6419722981 7149805395 8283701039 6727998187 8153765557 7643313266 3152786490 1671792582  881358793 5064015429 6228473918 8188151138 7033309619 3699515016 3664462578 4734691193  930223427 5778333176 2304356636 1214655501 5905047898 2170781701 7177348456 1907900857 2243004529 2294145390 5753307815 6860055581 1711839726 1222929228 7254769901 4848896158 2982116312 1058786826
 16 |  953220182 5630418941 4628807987 5563268295 7336018669 7405033991  180686144 4167286327 1137415210 1947125033 3734962430  434216814 4775175651 5461730960 4932474522 5438435885 2835518663 4784806860 1814758643 8521810698 8479811192 2147558464 6468853533  671555377  986685741 2504593911 1138675269 7208471861 6944197978 3089849855 1510415596 3568523185 5394618757 8079503442
 17 | 7558742023  636052513 2604354060   86081782  783845788 4299537521 7166605064 2649923184 7751231445 4734913812 2048410356 3987064708 4183209110 2246884087 3656566775 7260328470 7916613850 7081523568 3225021283 2596150630 1561289978 7892676326 7384348781 7041850240  300610617 3589013564 1961959155 8238231874 5121476146 6751258108 5906184570  442769244 4189124900 8426856423
 18 |  336285792 2011545045 5343791399 2310124366 1811205765 1499588931 4511043617 3865719517   53658636 6650537280 7340634575 3176884799 6359990889 4591340346 7929117689 3975854277 4325153052 2976372042 8474438567 3996107141 7242460639 2894207144  896970040 2833561834 6633297078 4927445866 5800963672 8086006831  219565646 3281006065 8333049910 7226153387 4226809456 5613945331
 19 | 7326486080 4974661074 1462614795 7315692706 6178020475 8583777247 2534578948 5885720619 1396152415 3073999880 7053167473 5867308351 6715002133 3702621720 8288049580 2658322577 3558839803  747237255 1924661801 8305574603 5663333238  534322723 3452776194 5546348909 4419389854 7966887953 4888922739 1451209132 7234192203 2641016877 8178903101   73943554 8067565568 2536840138
 20 | 4386594315 2553460555 3520363666 2040076036 5494733013 3372930841 8472829358 4760254271 3418356100 4103358440  850218470 1621270101 2817756906 1229300491  311638636 6010613835 1226219398 2828521411 1200393741 5533491439 2020348560 7406242999 5741022847 8366698127 3069012216 3108332022 5652051984 7089539994 4509467089  138278081 4914994787 5394804231 2406078789 5731672556
 21 | 3314587853 2615730831 1416129294 8237042007 1336206688 5509934306 8220219194 4074314773 1581943404 3018532293 7780534561 2015213147  328284686  989067353  912335160 7875882511 4878574930 7393316608 2645314145 8062163351 1244057826 5253188832 4235484216   35735987  360723580 2534122059 5684139948 3631842248 6728105904 3644518232 3506148265 7119820842 6875566106  412999653
 22 |  662058833 6064392792  173479465 6092899059 1217704044 6609132293 3142789476 1603407366 2661201551 6098361882 5022931688 5598426847 2726231120 4459139327 6205802335 7039886044 7032313944 1579882495  375034047 4206989641 1120493986 6050772899 2762112514 1931600250 1874133262 2832433224 6287902532 6478319538 7149006497 8352522326 4732159584  331735567 5669748564 3429710448
 23 | 3462164446 5920075786 6322407745 8539623118 1613456378 4376797632 2078169074 3194173881 5300131913 5805246414 1481666258 8147054505 4269585222 3662559531 5577576446 4768374272 2005717771 8105147251 3366454275 5815484953 6134703563 6440008624 4279271565 3675850889 3624074242 4764825522 8540030189 8486638894 5240992003 2411478409 1398324343 2618197788 3937467067 7521078871
 24 | 1937136245 5980784214 3343780698 4160512918 2578251172  800390253 2208962715 4080790997 8092599825 1066944104 5835071919 7709697246 8506154912 6470299756 4391859971 7962942871 3502758838 6872619748 5678121964 3754481171 4756039670 4915443325 7570913427 8156699082  938430707 1394435673 4771321552 2896758768 3081954520  676474833 3048263232 1729596144 6583822456  139001131
 25 | 5239313619 7286812494 4279441345 7638813753  152268798 2678883666 5921888796   56250425 4041355372 3249767608 6557780337  569969409 6919296408 2879780784 6402389573  564233753 7010698333 6471894865 7747815341 7576196618 3246165172 3866933992 4062773101 7848616946 1321332075   63395951 6461084741 3102862411 5255077538 2815529824 7034551493 6648860414 5447740512  930342973
 26 | 5924376734 7363429625 5261384770 7110960808 4499851822 7041333650 4278552691 6696310364 8522612231 2950838751 6662845662 3618171559 6976484338  402662057 3888360784 7726305479 6527780135 3794779640  290625336 8326888047 5631898333 7450472071 7156898228  945998499 5872406030 5138331373 4076879967 7583382990 7907045488 3132771668 6374846608 5045393365 1146711961 2278363977
 27 | 4509937420  460558318  413026875 6127327082 7353590095 2343381887 6955920210 5244588393 1719918600 7444631680 2450726908 5139421512 6450105665 6454499205 3279888894 4090728857 7025815504  976765866 7698386465 5772359006 2868154559 2461934300  985955555 5406858119 8112035427  329463358 5504961367 4037495559 7181681215  356356284  358919348 8013127899 4489480074 1232486819
 28 |  235906607  238116781 2853443728 8107139898 1016367708 6292307071 5443742474 1836214247 2099925866 3141893127 6181208838 5234716039 5527597405 2905397819 3366636084 1472297513 1367288471 4472135759 4366511902 1820591581 7261402650 8221954212  210431707 7992771794 3614795539 6311009366 7940907936 5508625258 8078947644 7007574110 2715575768 8110229315 7829451647 5107962617
 29 | 7580895834 6337762166 7714988301 1161882185 2223124757 7222947303 5797553289 2551375174 2171461040 8497114273 1875185547 4787779039 3492804992 6948134595  151454097 3646923592 7164531098 4968514163 6063199645 4436951777 4456245801 7126035049 2478885657 6192291547 2884973004 5924082888 5644343636 7766433678 6460842643 2662478080 3790901051 3128060096  902957004 8217150842
 30 | 3123963898 7497205717  672743258 2572912289  121759924   10098271 1023841015 1873635833 8093746791    4944862 7673798830 8075040580 4350693781 2319829888 7803744225 4313987668 6388566758 1698778883 5063509266 6171660279 5659474082 7486883834 8433671304 2668506951 5928140681 4123749267 2708210955 8033978570 4432012091 8424963091 2174832642 3433422786 6653418616  144360577
 31 | 2000293463 3376451639 7691573400 3956435703 1124411253 2481774487 3981944891  111049147 4909522973 1780319197 8093735747 1503532957 1248237315 7498019143 5050277427 4371386724 5441550384 1582089357 4147447228 5950034856 5340127273  165396226 8057815579 6114547684   92709243 4188217391 8068345259 6021125574 6640703165 1815547261 7116827383 5674327844 6279207896 3712586830
 32 |  498387051 1784722465 6407393412 8375613310 2294601448 1144587588 7670239037 3994700832 4258735236 4928002479 5421369670 3376584583 4664044409 6203071492 3705397407   28925326 4288278153 1383524749 4050412184 1416192263 2741429635 3742821632 1119942302  220505852 5306293796 1615705269 2059908899 5686248736 5244621230 2964525217 3877713281 4025790355 1370891953 1022246369
 33 |   42570876 7713715001 7856559085 5722954106 4696101456 2240388634 5678540488 5513882197 6667468340 7703440909 1836278025 3214765083  704232751 3516925340 5855838274 2692152228 5336019653 8285430405 2367486296 8142987680  333099512   11994062 1333806854  131313320 4020129269 6407794993 5629601422  306744476 4733275479 5873877755 7201234441 5250167109 6983814283 4134217627

No zero minor found at deviation level 3.
