============================================================
APM Result
============================================================
Matrix file       : kernel_27_36.txt
Matrix size       : 28 x 28
Prime (mod p)     : 134218103
PM block size     : 2 (fixed)
Deviation level   : 2
Minor size tested : 4 x 4
------------------------------------------------------------
Timing
------------------------------------------------------------
Matrix total time : 140.8831 ms  (0.140883 s)
Minors tested     : 2851875
Avg per minor     : 0.00004940 ms
------------------------------------------------------------
Zero Minors Found : 0
============================================================

Full matrix (28x28) mod 134218103:
              0         1         2         3         4         5         6         7         8         9        10        11        12        13        14        15        16        17        18        19        20        21        22        23        24        25        26        27
      --------- --------- --------- --------- --------- --------- --------- --------- --------- --------- --------- --------- --------- --------- --------- --------- --------- --------- --------- --------- --------- --------- --------- --------- --------- --------- --------- ---------
  0 | 100240866  75790492 107751460   8629940  68248626  37955220 102237473  10624956   8656057  79177615  36630473   5754554  73701170 113458586  24794211  99870727  14144852 126761702  39866677 129146613 105109730  32437760  97491874  13478140   4399433   4546688  38619566  99215887
  1 | 123595025  88892796  79909576  38735073 107794530  59234155  15781747  49982675 125227232  17656535  87970866  67434354  80608435  30403835  44556849  79790869  20255057 110523982  81635706   9053668   8612167  78952497  75263645  36434323  79449937  69944145  81637579 132298537
  2 |  10938981 113824021  58069208  48074093  20114834  73025688  85705965  69556186  79495769  83621252  94650323 116012018  67190467  11972538  82019163  68927065 103533580  30239147 112547338 106221503  44262144  97910211  65641697  74814624 116638024  20599031 130808467 113196881
  3 |  49459796  51533862 126029433 120401992  88203211  60216754  91353937 109355103  94580792  43545842  39236923  17602682  57541903  18331627  20025430  59363237 106181728  72635030 107281048 129411593 128088016  38941300 112650193  56549241  72396651  24062159  32242946  23990492
  4 | 113061517  63128026  19841268 105143960  28773863  19489189  87014479  53614762  60845735  34424098   7091391  29015728  13806897 110541228  16447475   3989676  79493198  82804546  69039817  52738783 123338141  46753949 103805445  60390521  72388093 101636047  53669091 111080273
  5 | 108167662  61390965  66424703  84332564 133101221 122118553  42976039  29873166  86364618 103508722  17078636  30222496  72817121  93243236  16023081  18499303  23398985  44120424  26534281  70331467   1511621  69190049  56795731  98336751  10134694  60407842  57979599  76823872
  6 |  54928383  37849095 104978159  63673251  17735576  83094114  15916033  48669883  95606926 133500166 127228946  47275577  84702305   7385240  11799834  96905309    825025 107199129 111531775 120709470  67564302 126275547  71385938 115303074 120730859  28692095 121416610 132054256
  7 |  26407131 114808208  93840418 121915682 117322079  83419658  48006554  27133200   9079896  25908360  48606856  24465880 120334743 125165806  45301810   6555663  66967305  94452186 127277427  48930080  57837299   3264488  22503027  22428490  65488935  32257975  97323856 107498697
  8 |   6116070 124087068 100858647 123849838  14993876  29239147   3213093   2969391  73939716 126920967 120869123  75319950  18933957  62679535  51810226  39868457  24443545 119136646 113611951 103603684 109741882  48140306 121320395  54986516  68987702  48424797  29484692  73748817
  9 |  64118309  57689296  27562446 126723236  34309566  63046399 127084239 103853139  69643475  95029110  38066753  38625932  85371388  40544266  25516716  95110914  76835434  32622326  17698453  29848381  72997206  39155573  78717690 107870140   3420830    992088  47133721  47113357
 10 |  66688747  46707098 103972429   7435235  18107712  95803468 130037306 100420685 117464437  73294330 127992520  83795360 119637304  95380977  54277988  19458941   3639459 110224620  46137618  50377468 128627175 113628600 133268184  31104079 100959467   3391171  31241752  68819507
 11 |  83975763  94278780 110699135  45204589  90737550 100467931  96181016  98323497 112273898  87766027  24065933  73930800  82735469  66985709  27089513  69252336  19909545  82581391  49273364   1210714  32900065  19348918  21536124  78302316  12343494  54661415  61835736 118288306
 12 |  18288946 130124843  68386917  13233283 103764657 120134306  84223674 117660632  74218971 129334177  40382250   2654315  39568032   1776765  70085825  33901452  81897259  84677810 128153135  42079277  46155116 123645964  21223204 126493002  51874615 105451669  80598893  82943543
 13 |  92749859 111561952  87965969  29932188 119895231  50685534 123115099  97650392  84895295 129224879 124004666  41371741 100842084  23127758   3953788  74535122  80458989  75564525  80148836   3010413 111898559   6214289  63224153  89668739  34353819   3023754  99752804  32704466
 14 |  95373749  16132195  70390799  54376819  94576120  62315941  70467344  27342002  52089177  85227073  16295816  55023032  28883068 110442071 101042505 112887329  40823381 116317557  99934303 130303757  61810045  71439026  48156272  44270174  61342575  94036097  62284055 103373749
 15 |  62190935  39861137 101848937 125748603  16495917  31388351  41054190 131945458  41736962  70127833 101663346 121242945 108152177  34960024  33825972  69298864  77044485  78377525 122026635 116184842 113901788  22138138  14623298 127774702  60259169  63318844  33894982  65526763
 16 |  73581824  96996622 101607267  67922259  12670039  46751141  57689466  34064215  44249113  56667426  46840336  52098676  51918033  52243205 116643061  49677189  77505656  12191091   5237868  28707552  71578491 120445391  55091099  92561842 122307372  64265219  23389142 109660511
 17 |  21968757  44632974  63785020  14489393  28707871 120702233  64012688 119172218  43846760  52037382 109624557 119455943  48575493  49181570  58136087  18918670  93579051  68068980  72266279  42881359 102995199  37474857  42819055 130427841  68647354  45962192  48830510   9006666
 18 |  80380257  69580590  51930414  84755042  97538338  98713803 121429287 129083797 124378700  55501763  87197102  79980943  63849098  47270015  26196375  99888704  93004316  78825321  33677573  10116756 129455076  67013047  53829200  76361565  19712225  96401065  92429320 109240094
 19 |  15745175 106936817 101892628  14517717   8058309 107355448  41883909   6184467  24877421 104251272 112087958  62270436  68235825  34152038  96443144 121291381  40205976 129023113  15575047  23341472  60319263  70460943  62168403  20034409  93641209  44803282  11625801 109212036
 20 | 109550304  75922404 101331266  86103171  19393982  18946437  49655925  91187444   4291185  61727286  46189804 124209497   1701054  19721545  93805077 100085176 130936818 103566713   3261816  75059931  48751327 108976336  68715902    602185   3116005 112810476 126989071  22456155
 21 |  57500011 110985599 124365926   8774025  67950716   6405899  22710907  86468313  74618918 110401359  23478198  12333852 125232566 105002711  25721793  64866411  35286169   2754000 131325559  23208695 112253162  72270718   8436177  16649048  30867015  39069766  20347515  22218963
 22 |  27425366 131890268  69981159   7429150  99748946  63341787 107395588   6233688  44135511  37837964  14185133  13068396 117225147  49061113  44493283  49971276 109346128  93459016 115466368  62037972  78248298 108992760   4358400 123459673 118575831  30320328 133369917 105187772
 23 |  58051809 113381246   2057369 123907763  89965662  49738104  26662451  97483929  48516993 133567644  55922947  64144673  22826209  12611821  12545230  32593212  17149397  33329055  17691975  36310219 127351112  51073003  96331845 126455439  96207058 129285965  40513583  82050763
 24 | 112160793 125350540 128097394  30172116 133598262 129516388  63280012  73580750  95975357  51454149   9479113  23347771  15359023 103970984  37130159  38643270  29893114  49460402 132603439  57776731  66337277 109739441  77142651  92582020  30214851  26448852  79923140  75050320
 25 | 101954137 127359575  39002753 108707190  67137055  66278646  43488738  62809233   3833274   4817599  16466385  29925330  98994927  31644526  43884070  73900845 125286372  62453310  25789851 125425355  88745437  65651810  64590170  69446006 123560431  24934857 128802252  41632134
 26 | 101295092  33206763  19976645  87722956  50229373  83635736  14050366 106827450  62282740 127326795  17719064 124672804 126340024  32648020  18857093  36600367  60607240  36227665  63421475  41708831 132917664  63933301 111625362  96300714  14074021 119571323  83597350 115397788
 27 |  18733154 107103840  77804612 119891781  15620103  66975190  37766210  33343252 134075582  36378733  97959426  42050386 113689087  68472342 133565737  58696600 129117847   9987737 106582411 118752207  59708431  67268155  47421754  98886939 112566395  77190126  18143701  26087792

No zero minor found at deviation level 2.
