============================================================
APM Result
============================================================
Matrix file       : kernel_27_74.txt
Matrix size       : 28 x 28
Prime (mod p)     : 134218103
PM block size     : 2 (fixed)
Deviation level   : 2
Minor size tested : 4 x 4
------------------------------------------------------------
Timing
------------------------------------------------------------
Matrix total time : 142.5750 ms  (0.142575 s)
Minors tested     : 2851875
Avg per minor     : 0.00004999 ms
------------------------------------------------------------
Zero Minors Found : 0
============================================================

Full matrix (28x28) mod 134218103:
              0         1         2         3         4         5         6         7         8         9        10        11        12        13        14        15        16        17        18        19        20        21        22        23        24        25        26        27
      --------- --------- --------- --------- --------- --------- --------- --------- --------- --------- --------- --------- --------- --------- --------- --------- --------- --------- --------- --------- --------- --------- --------- --------- --------- --------- --------- ---------
  0 |  91141075   7210928  34067030  93669783  76870238  45708918 133074401  68355234   4377211 105065440  67429725   8525751  45818041  70415437  66526959 120987137 120233227  66957362 113304474  33346930  81974617  58975420 120725000   9270194  25896415 118575731   2129273  79910471
  1 |  31563933  69005599  80595984 104319500  65278529  90013225  63549551  57360627  78085083  14889038   5530888  99863578  83005870 109640293   8134694 121078449 121625691  57021824  77069813  21112098  39195628 116051198  98725659  96244927 131010768  62762912  36372291 124565786
  2 |  50276514  32926297  50774448  78101756 133652476  93350758 115763851 100190720  57149994 106428481 110976659  37704507  78096168  21634854  66753789  18274563 116520833  76099087   6069692 104151649  49674625  81855796  63729070  91185038 123972548   7223511 127176245  76005302
  3 | 122870905 112953254  52943846  10704638  65494200  35755724  33368550  58629986  22948450 110429535   5222567 122217130  78227586   3404308  31983074 129825341  60948218 116281793  50129204  31370263 101860433  95293698 103957992  89711009  94964203  54727595 100344819  84801853
  4 |  27057385 110914263  53285107  93746931  71519170  30141309  56645375  99896852  49794998  56398042 108337993 102138507  78057329  70292516 104131182  99456000  83876259  77148742  10706831  73330151 122811160  86485990  27762266  99411845 122408273  68148829 133851627 108196556
  5 |  82888224 124493926  87061059  30770667  86017108 110417267  59827609    883389  59748494  56770334 129240590  16371453   2427397  34300626 107916748  31082236  85188067  89211629  79617268  76335653  14947174 103819896  46222100  15837758 114725889 106332154   9752572  10943377
  6 |  42081358  11533041 126267797 132840323  21066877  52905059 118988985  51435347  57296075  80604646 107192572  94382034 108398408   9179829  83027137   8266559  14953689  12268720  35644901  14667947  37558896  17416675 108365024 124548235  70970090  17501450 120160452  19633601
  7 |  82341623  79744049  78322192 122130093  61291329 100806579  34655447  19144740  42631881  47246061  81145370  16755678  21581777  74940430 131885813  90415976 112295073  91279322  42591978 127411755  58036772  53176154 116805885  20540200  12025567 102142299  16335332 103497030
  8 |  46495146  19508462  74650984 132616071  15834083  30090942 100038998  27846951  29526015  43000282 104637567  11603574  34242661  22960748 130869760 107943754 133142608  73599388   2118582   4158744 128887442  29349951   7327740  18427019 129002679  71591548   5548883  31578404
  9 |  12832284  81116852  33977427   7567332  95619078 106403535   7466582  43589555   4209437  89733819  51633828  25874854 112091540  59091415 115516125 104734613  50744505  64071025  22400582  16442818  14536152 107994484  66311965  13489773  39507751  48150117  26795505  25751753
 10 |  15632548  68260710  27929742   9108362  65627766  12848606  21486323 125597283  79187958   1804640  87948383 106510077  56656063  51945154 128739266   9739812  71317659  28148934  28518886  13319267  76824169  31568133  17712412  43350563  41201528  36090476  13685312  46144342
 11 | 116191388  86846475 101022502 124133211  25562957 102748690 115121891   4285059 119337017   1665748  95598081  15290324  17310885  19303897   8457664  69120344 116987423    595316  37486782 111419646 106309310  31739434  59464317  20009753  33713917 108179716 133250398  18889940
 12 |  63964386  77782131 120969077  89535258 131847572  98558267  52179050 107797001  97357421  62312500 114127186  64098515  10179324  56643996  77922074 127566015 113074402 114030067  24862410  85799834   7376643  92913443  93772706 111631564  43382502  31779889  48029793  28824222
 13 | 108179082  53634464  67383862   9327256  78356864  38847806 121263519  39570670  13512393  10293533 103490748  73863269 110154531  23238888 127881502  53416091  99868246   8874210  87320749  27511318  84807610  58203224  76051429  69021482   3855215  60805001 116823691 102557985
 14 |  40054861   3634104  14769690 119106225  10245538  28390083  26959351  66731350  24076280  13367161 124172771  90239223 129198924  85991177  75149945  63488660  78313059 101311257 123870637  80016978   3181784  76947866  93118917 113521079  22274917  31518436  69069907 125610896
 15 | 114517353  21544477  89875644  79625585 127826463  54748130 133716075  84735453  61181968  80943478 116736378  51409301 108736635  39192812  58622700  79447280 118112772  32442225  47880372  54167102 133521244  75080727  60436767  44209976  73790003  38931592  11729770   7351726
 16 |  72929698  65559643  66192884  81875113  61317713  77657590 127590416  88594548  67835033  44602924  25456865 109907923  53398950  58644464  71016659  76962639  12739098  30686555 118188167  70092903  51867773 117392737  71088266  33766689 130715374  53131139  72762375 103926745
 17 |  81713451  22223248  51875993  94967612  97746250  39341405  47609463  52070840  19510259  93259806 109853236  70269923  10243120  65242699  63063896  27979426    886963  26820246 103874755  24641314  44752584  71875675  44607332  81678095  14462915   1510877  15201115  27526220
 18 |  16990008  55018614    688850 122674391 131495318  51472115  65645701 119551671  40238273 116715589  50379684 108859272  55343929  21509025  75195732   3666533  73744028 115359435 126899636 106182809  72784762  91416624  35284292 128065621  55712577 132076141  12202890  10458071
 19 |  28253148    689258  74203270  11570709  46120779  81748217  18491302  45162204   6811574  42274555  45708994  14042612  78369685 121500727  78946710 112772872 123222100 117338282  64434302  57568585  87429510 128133017  73742551  81472458   6372375  63872506  69631415 100070525
 20 | 104390148  32001228  97035216  35560734  17320057  75640820  60577568 116456002  22699718  63062147  84178429  60660499  76248500  98538464  24264574  83162172  23077003 111520363 118828678  57159608  85299190  60957664   6800100 125482706  13264802   9528224  57873053  14339666
 21 | 116286778 122911371 127226202 114655410  12909336 101744739 118624859  12233760 127590261  77033647 109377614 103640438  30154694  81244984  82775539  27695712  26043499   5059613  50999213  99961057  15872813 124059197 126451246 107241816  96147406  87590800    292016  93774041
 22 |  77970913  27903226  25146032 115134031  77886154  83710469  48801985    833054 107873086  16429415 128423303  45787626  13342015  25534425  93360830 129043910  75332003  33866959 126996534  99862156  31048627  67051349  80518853  76185939  82506724 110271386  92836998  98846436
 23 |  70559840  84718909 108023003  38517618  15219875  11975168  88297631  44189318  44570184 129573747  28995478  99968206   3290451  73657941  45453417 130028742  65205929  73686974   6118916  47845901  37278606  54852831  21506303 130324384  93098671   5660759 112650026 122318167
 24 | 128287692  45195269  43649988  32745754  84469671 111093138  79364830  46233173   8623302  86407188  92185483 106221045 112505187 115475930  13887229 102098969 124663436 102687177  98671220 123177574 116438278  63492676  45923470 119090851  26218227  61759710  63124232  37592712
 25 |  55447603  38145790  42445127  78863090  50227249 125804917  53814140  68639627  76256343 125057672  36606360   4490709  47794568  16514144  87823633   9578348  52555831  46607787  22725967  52238258  14878604  31982216  44895124  14735851  77368655  11764119 109871935  61119801
 26 |  61632697  60016310 114748532 127988034 119458081  33255011  22798125  94574149  27562513 108929714   4243526  46870150  41149701  65553929   5875468  30231140  72188777  68489153 126622549  64577868  86428466 102766368   1420572  26684078  52736231  67107275  27979691 130012055
 27 |  50337197 117531265   4455017  72524064  47711326   4324025  69620381  87819354  68062188  63602101  53824157  51706636  30660395  56917704  68753908 126959822   5132847 104399109  95795134  15483930  67144799  23093813  37478778  50714087 116089457   4234981 107724097  50995310

No zero minor found at deviation level 2.
