============================================================
APM Result
============================================================
Matrix file       : kernel_27_64.txt
Matrix size       : 28 x 28
Prime (mod p)     : 134218103
PM block size     : 2 (fixed)
Deviation level   : 2
Minor size tested : 4 x 4
------------------------------------------------------------
Timing
------------------------------------------------------------
Matrix total time : 141.8589 ms  (0.141859 s)
Minors tested     : 2851875
Avg per minor     : 0.00004974 ms
------------------------------------------------------------
Zero Minors Found : 0
============================================================

Full matrix (28x28) mod 134218103:
              0         1         2         3         4         5         6         7         8         9        10        11        12        13        14        15        16        17        18        19        20        21        22        23        24        25        26        27
      --------- --------- --------- --------- --------- --------- --------- --------- --------- --------- --------- --------- --------- --------- --------- --------- --------- --------- --------- --------- --------- --------- --------- --------- --------- --------- --------- ---------
  0 |  83068192  66402226  66521207  47466192  27875172  57592996  28392906  80969757  63483397   3640732  45044446  47332848  27322281 103932235 114675902   3581980  28344195  82225144 112679085 117793210 108809254   8902657  97405006  51962451  90802483  31484648  59870021  97669748
  1 |  45642645  88899118 127556201  90991318 125645383  60516006  50344807   7793512  25723323  26462045  85448033  16405252   1951638  34526200 116403903 105084564  30638172 122801667  67181821  24910509  45310266 113810642 133908889  26518118 117879569 122549741  58620032  87215680
  2 |  94040947  56579127  68227421  22231530 119149637  13532223 106730204 114386842  73957169  28490652  65918084  24674987  80857116  77951703 100192189  60639079  50417061 133724585 113319412  76193244  55932737  66352622  97398239  78634626 116394981  33155139    265490  44744964
  3 |  16394268 127196703  15619971  44218300 122668200  29665021  79032143  13009004  87327336 133360959  15777226  67314929  13430470  32912460  25651037   8217482   2356327  97626624  19201173  82284054  75773346 107092172  16598676  32215973  36655361  10288458 116109131  71905598
  4 | 109829918  36436005 129552585 106939277  39326634  62310278 118233730  12493060  63450494 131844622 114987351  73091191  42662564  31010466  88507785  44720685 125635790  34950336  18621931 105741039  92073545  77304989  23087059  10389425 127910770 103435666  14447015  28044765
  5 |   8765237  18767664 103811001  91625137   8794578 118592917 108155922  82716499  44408891  30214274  27097516   8523888  59681035  34390155 108903387  26554809  52980217  98230158 106642752  80984600  90536066  69705146 103285207  99794155  69874075 111035679   4090963   2864592
  6 |  18229978  89429925  21435573  93907061  91750075  60841054 117582524   7466341 107828658    645771   1457881   6980265  50111509  96324293 108891011  63300105   1294904  20580697 110219971 129459471   7163291 130031678  63860254  82969994  18663792  24124618   7576854   5577808
  7 |  45243316   4915832 110478058 131610172  43847809    381013 131882018  31171709  75298013  64916382  31200677   4241568  84761436 101281242   3254996 108674403  52333051  79690479  10456750  11051564  91541897 123903880  77274178   5742915  59385591 115124362  51775995  19335907
  8 |  35463505  91421717   9211867   8599606  79306762  73690324  77024108 116701485  80675482  30440398 102480485  99406937 117256579  67169940 121481048 115346370  32976285  49788883 123356920   3000113 106114807 117766296  82428756  24331520  82710432 126125784  57720689  74559804
  9 |  75444385  32053315  47172882  30884994 109022966  96681927  72299426  55111669  79444791  39937514  58024772  95906606 125373829  80526668  56162010 129975186  52613724  51790193  89393778  96008240   2202853  87232446  55602001  75817109  60889823   4419422  67801012  14390558
 10 | 108885236  22011831  26690404  40897159  10831304 102683957 107463336  39184961  75631976  52827726  39697724 101282214  25447335  35265532  95465836  81951705  94302293 130563128   7667007  55101134  25338162  54941114  51357551  23731956  82355013  38524811  27909018  51190733
 11 |  94994367  47073631   7197661 108085379 107844130  73737196  41724363  97455290  10159549 124438063 110812767 130061160 107185224 123540381 101167861  48075450   2555132  37178890  69234848  57124131 106758740  94574367  62117338    556847 101486146 121182710  90698088  58761972
 12 |  18488077  30695367 123637238  27345850    271155  63103488  69341228   4586504 131827158  60849358 129522514  19242002  45561886  93997285  36989219  17160450  31505655  49247674   5442623   5325658 126111480 122390305  48306905  75385135   4573394 129996282  14170537  98299282
 13 |  32374622   6019682 125750415 126478207  70038258 130893153  51064411  28133330  35224551  49698356 124270307  33632836  36242051   7033356  29670915  54501072  15495953  37610931  15022189 126035438  80483284 102897606  17858808    269915  42065048   9266169  12503479 103734527
 14 |  27181634 127413477  54573546  49769491  69660667  27819367 110732574  54314354  72848943  17244850   6439647  81462289  91704170  40558765  39993059 126449003  60696857 113902680  75320303  86972588  28882407  27080073   8740211    656058  58529469   7040290  18271473 132824995
 15 | 123551286  79031464 116672412 108055932  13624797  29516823   3791746  88421381  72287087 123188739  82027514  33326212  32370143 117039604  45565826  24430128 128748741  86841403  78096439  94597113  66416335   3009655  62586131 101473898 110312540  23925378  21301828  80851065
 16 |  45689114  52524921  82737258  10648029  55875063  96789478  14552211 127524521  43033193  59771477  19493107  26827418  23748328  95455795 122040493  76235288   1852642 128306780  25293383  78636887 118314851  47533241 130381673 118765884    857280  54972886  60729263  36110010
 17 |  44013145 121700345  91625408 116669476  90632232  98151365  60579677  47844974 101772630  37414648  42008747 124706761   7561926 133824422  85139876  92036855  80516289 130081923 107445985  99807085 113861528 129248208  98419774   2240993  11125826  50239828   7855473  13023585
 18 | 106353298 114343645 133535061  29464518  66835845  63969444 109478457 104023903 107261038 100730930  33775137 130224149  33072620  46833101  22135062  80393402  77209322  58451598 125189538  56375070  96235007   7231283 113295268  80528662 102674715  61539611  13283655  53946283
 19 |  38700235  12833617  13778211  52572105 123948925  70275603 121777085  91532898  64221518  68640457   6434474  92827930  71470288   8435609 124625375  12354115  58435841  83203785  72689146  61115022  13472431 123940281  43966473  21632441 109249777  34527564  92381607  11974433
 20 | 119293224   7348113  48756159 130773053  80728291 131810794 126645373  64011929 104473143  11860175  57508357  31866836  51456958  25203335  22414255  85031775  50715361  33743502   6355099   5451422  95243347 102064334  18081589  36412019  29812986  68534191   1321099  97877260
 21 |  50444929  71280540 116290548  80268369  26230359  65201200  52570235  71451857 123206375  35076398    928836  14454603  91590201   6309101 100436464  57750027   8468919 103375347  58969440  35037150  70993436  20506936 116344202 131650545  57405159 119589089  34049548 116489661
 22 |   7656306 101800981 111654801  72733357  57215537 100664890  71397195  75260665 125415269   2438402  29555640  13725133 103167183 133423565 117933453  25996903 111985451   1353140  92124117  29526313 109852456 127929272   9796702   5667830  40716031  56160046  32925295  76474997
 23 |  32758488  89595470 116989933 133230815   3233103 128900763  64263478 122399457  39703367  22929710   8831762 124549328  59494504  74294107    549619  94710196   1127603  36194004  45810132  23890347 125550984  13970384 105329740 108117426 117902803  15913530  84540945  97223583
 24 |   4761662 113003224  21293729  60710788  11870547 132379851 105188273  96797335 121209048 123025918  11349390  85265281  28014214  60116367 121974546  77542242  60156947  20122443  24162554  73107777 130056993  77561244  49361935  84852124  52417106 108467253  83369283 105166465
 25 | 115577628  70244442  27332425  90330016  54137010  48664950  49986807 115469463  37740240  58732811  49122828   4547599 111247095  51623868  37602302  25327850 130612314  75965860  13195522  86638399  77253444 123693376  54154859  88008584 102547093  18053616  36964153  81156970
 26 | 117670832  57525804  19105942  90164763   4630513  51869817  97965025   3709586 103501717  96367826 113443743  12530616  90886341  76853246  74563864 102211754  14752353  72428925  34288189 115186043 102794994 101262830 132022507  39169768 123172473  98439885  79565351  10707773
 27 |  68159175 126671322  77297470  43908944    239929 122882258  30777681 104906620  73848119  77818189  62555633  94669851   4965347 110689366 103138209  40788062 108900986 127075056  45057258 114470572  60452379 128246280  49437831  96968617  78594280  95245304 100027793 119368502

No zero minor found at deviation level 2.
