[[12015251 35470228 22220535 8631409 44595645 51180 8743672 39078816 40101719 33810554 36449144 37084312 8779207 9341599 9212451]
[4761428 1580872 29492900 5357828 17028313 10523640 22688835 21509991 34861619 10351877 44100185 13605893 41676071 1063918 16145232]
[6863682 26875146 43303667 14932747 36779851 6501370 11666577 10572418 5147490 6912958 2293920 22507327 15632875 14367211 39626402]
[16877009 22651417 5044860 19120346 10037515 4762410 40475970 29775847 29257000 34191615 14684004 36256101 25171502 20763052 11357688]
[6434518 6945069 36515429 14558424 9946540 3930377 12933545 9607940 17232900 30898583 43747057 25929669 12950111 41148579 3458409]
[19007304 8974133 14241945 12830432 39163347 42166893 26537877 28962190 1209937 20105904 8547000 16394271 39677120 538746 41345401]
[59781 19857283 35445690 30772767 18995908 43883169 42838022 38984759 10304850 22376264 42427839 38736441 2353357 23274124 7831660]
[36824232 23596515 41741396 42053853 32719195 43837019 24014805 26027385 39307741 8473592 26593746 17550602 22037536 36236677 44058630]
[5842248 6890283 5847754 16766774 9224475 37595149 43779097 37592943 33023333 24882567 30525555 20945148 31752701 7865485 9118307]
[30151006 17498570 30126678 25968154 43678945 18434039 30741222 24674943 25659865 12670086 16371515 32059692 40497576 2311199 36642701]
[8757360 3227225 37992066 24626213 9880438 40739702 97094 11694112 18568881 4717438 35982204 27594506 6776593 23384089 20571754]
[19719878 16963849 14035999 43874847 687218 7208041 10051079 14778188 28253601 17901318 27528278 42991170 35119804 3638539 2167490]
[3252808 9761171 15791731 2221001 12614448 42997377 43886858 9452423 39292896 13575792 38958291 4640429 8798897 26957860 39808247]
[19174650 5277328 9799121 19202000 7296346 12240355 24696660 7744603 22998101 12650270 36101451 13739447 7269213 21746281 17098890]
[17492159 21841893 9249186 20316141 20116550 29195787 7843047 23991327 31001624 26850180 42379158 42742289 28162493 30091804 39841676]
]