[[14115921 14327590 42846770 18139564 11036131 19481022 33834270 27337577 23647487 11928590 34450057 36587970 16407097 32417792 1321309]
[8986341 10362891 1258016 35668368 2873380 20581639 4506334 24263785 26208022 26614018 22389631 22201503 44352932 11309666 13555619]
[41733315 41787769 5023221 31019332 3471828 39655150 25639490 42122268 19675560 34956208 3414150 6128134 15313061 26451992 3500513]
[41014067 33884122 15407831 32471891 38634928 19290416 13288711 39209462 35171389 41464921 34582121 34183182 4865657 37931036 28869845]
[4644327 17977041 42928208 39440068 31155413 17850500 14211444 38474253 38373015 43573300 38547388 16554411 16617008 41108154 41155595]
[38088967 8238305 3350069 41445705 41342610 30834660 11681215 18869603 2572735 13063557 29460134 7259886 17171470 43911085 36833065]
[11570327 25486374 21649969 5016461 41397193 6931910 35297887 28654036 26410392 35877765 14995465 3559138 39057300 10397591 40016641]
[38984526 8040872 19213388 35191054 19288004 9842419 38084795 2777616 7853546 39634355 25788228 22752029 17210786 3462351 36365724]
[34258866 5228699 43126558 35631307 8279966 10367775 21724453 14156602 20583846 24181072 3855811 43460810 2811846 5399449 20012969]
[38600699 9131914 2399106 38494046 32835056 15513751 37850712 37635063 44667396 41829063 41279892 37470257 39426997 26276888 35979272]
[41706879 9427584 2581227 6738976 34499072 278703 28264074 3214959 5721704 14020932 34325995 35062909 6788980 36379747 2591722]
[6371650 1341703 32490094 40069019 4921485 25242179 5630684 38015154 4144913 32452644 25377827 26605346 44517558 14775841 36987723]
[31307589 32691080 25178445 2654881 29166034 38665605 7526037 12125731 8209492 24848589 39393816 43928847 43129970 7078470 30784510]
[20064023 5365413 44802704 38824365 24530885 27215148 44229779 17109523 33207896 18276688 19038640 8815740 9404209 37703457 24761573]
[9206614 8184461 25417410 22824997 34307411 28086859 26912876 16717350 37895889 26573998 28857063 35417482 28381129 4634264 893493]
]