[[37924374 12837774 29655677 43675735 42071106 30954805 34819175 24858618 20110240 27793940 31030937 2006656 24275827 12861537 18517756]
[19613337 36487648 21551377 10856586 23600783 30958619 13045949 18579204 42233736 19662717 44369279 40295968 15048356 24479911 23454138]
[3717770 9028075 29173536 9575472 14002916 17707969 41500178 2829753 11935378 19595965 16294154 15667881 23644435 405835 14997386]
[30352713 23132927 22888129 1480779 32156075 31927555 39057909 26319245 22915593 26061649 36759541 3892441 36217026 17465106 43357789]
[10426939 29886394 43327476 18848069 33994383 8402007 43489922 33461902 21445309 9458299 35763406 31743327 19514930 9096773 17398372]
[9846181 1915938 29045415 34240754 31407248 19455655 23451851 40016503 39493 2485909 3408919 38806098 44564314 12157131 40630665]
[13121734 11687353 18698442 7832015 42281476 5112507 41420071 16208646 26793342 5400911 44455914 6523607 38128740 25460861 44123161]
[6036656 35651848 41747834 13818040 43785361 9887134 300416 33280107 27661936 16166317 14472272 25896617 14156905 31578950 12606379]
[36490281 27964846 34205486 25967809 22834055 27445916 22381856 30233351 28323112 32812640 27390716 34379132 25820218 9287848 22873621]
[26414388 746832 18858735 13732084 7140069 894587 28331754 2016487 14829837 5142054 18427169 9441195 22924748 17430306 8230526]
[19359951 22898583 9700275 29551826 20623286 3283383 13201898 7936223 3971372 14327337 36610567 23086781 20557837 41946179 31556511]
[20047799 39824942 14964292 30809923 21591641 25372506 18911044 17098687 562023 19675478 16001968 39988697 15873639 25103543 28041179]
[12345309 17472236 38957761 8648945 22794362 9857293 3076382 30199421 22258389 19443217 30095541 938542 10150090 4563652 36721920]
[33769871 10044476 15568300 18205140 32996735 38726725 14410820 6540828 33136003 33460568 20842989 8606087 5836488 3507910 30536981]
[2367233 19050564 38887762 25700528 8441441 12506790 11407535 34019760 3257074 10811062 30894619 9261601 6941647 32398749 31249511]
]