[[14594510 29313811 13553375 33861803 44540931 24495611 15289811 21774005 15385683 36896277 23740885 3442213 40585119 33406524 33173891]
[20838511 14626896 20282139 9819358 26492600 23328102 28273237 4960972 26991186 26696868 14654395 35822571 13789569 9642299 12881437]
[24074651 6358583 36635343 41506765 23701073 29125344 18581745 17584712 31393879 10277871 39306127 9737469 37482709 31925735 34153412]
[34668776 26617838 11087981 12402478 30011064 11379310 9657970 33876982 16996635 29625528 29196534 22705134 6066336 6384782 8665969]
[11633696 35941823 37034454 7295213 25445238 2494364 43503196 20706048 44512965 33347125 37421594 32427256 27514971 6748114 34897477]
[28779371 30093553 30831746 8748683 31494781 13740006 13618797 34708471 23453754 40912521 39214618 33475201 25072316 34615160 13302770]
[37246980 27067823 17183936 1664110 16930740 23311168 37458909 28218989 12246403 4864158 4508307 12068268 30893197 30613835 28504855]
[14318223 29964015 9874551 9363632 4776173 21567583 21293055 33308641 4857098 25140766 40246776 42325607 11336458 21047755 22246048]
[19876190 9198969 26021117 20536099 18344320 27284045 3012468 6503000 10949895 28316244 40009100 1840998 17008036 23478572 32432292]
[25777044 24315459 35950414 13563764 23761071 36859061 5526089 12982842 7588419 22770719 19890283 4533717 28650935 2455865 20438915]
[6419049 14944800 21507026 41390034 42613581 36247113 2771129 7475408 17563504 35371587 7344240 22947244 25655192 33307315 20914016]
[43442719 35891148 15476731 16299554 26510557 44813219 27878054 44175077 33619623 44193122 30841320 3260837 12035453 36636951 30394601]
[37608342 164721 13230432 15220564 3663135 22435012 14009496 41722365 34757340 12380259 34622850 19395864 44215370 41340105 7083651]
[36745158 35149657 9986238 9584654 32394012 8444972 36337251 25759490 33880263 38981628 29128561 14455418 32149961 10376214 34519745]
[35409210 15419979 41882592 39342554 1656628 37744044 25117653 11645014 3546459 38260379 15365826 22458154 44345570 14952220 3059563]
]