[[41169827 19844228 44496754 37205974 38106874 9047863 30184866 22406625 11084363 32504583 44668948 34641075 25445887 23179667 5005485]
[16783752 38937733 37773499 32169861 18838073 23070029 3048844 9692100 39551285 34937366 2502301 329786 1478064 23076180 17940760]
[21395324 44503891 15760503 39732190 32724499 14542767 32720149 8629339 6522821 41674497 8057471 22101341 36538101 37354930 41018618]
[29794003 29839366 20779782 1001394 19177339 27146635 12648236 3815699 31228428 9778180 15341742 30458192 31211983 26448471 6385999]
[29909751 3523593 40799539 18992932 22389681 4710225 32020919 23665136 17254418 10480788 37772147 12664929 30987182 40402045 21069316]
[11694894 20449282 41212536 17540251 30728521 8390177 44125761 13490486 4964162 7717209 30953894 15439599 5699527 16547827 33560264]
[25788130 14866438 18856896 27434125 13156575 43514936 22934318 6465385 22291068 33806552 25291601 18979023 4887885 22384996 31251132]
[10774848 18189045 18430237 33989976 35706669 34118821 2538978 44151657 7665495 41469568 29653875 27866138 24585006 23082893 31806127]
[34352711 26797075 37995129 37804355 1713617 15833637 10334857 43516761 33945529 7788709 32643574 21791160 34588824 16401491 6011924]
[44100315 21255412 40426299 10438611 33008852 42600457 5820751 20385415 33212557 37255951 22262032 5657253 8502359 14694786 6746756]
[36856493 5596022 1172806 17091635 2327832 34800264 37457509 1871668 8593739 27563453 32607413 34075404 36972849 1758270 40312594]
[28337368 12185778 42569032 29493455 27641194 3796799 5704896 16845866 16370507 19117030 4751191 683177 27034243 1117625 2025251]
[35565713 9822319 30754282 27313566 14240643 17044197 25579774 35295789 1976734 2362837 10372137 24542569 33771836 37354046 37973725]
[16509366 26943139 32972283 41349114 41973574 43086003 13218774 14982900 44847949 44469312 30966382 43147814 3305230 35584526 36300369]
[25437440 34504553 956408 2632451 24420440 16888138 20786694 19790136 6013067 32503798 34602480 19200512 10001044 18125579 32487486]
]