[[39407034 11053970 28337046 20104502 22198469 35379139 28916590 44433514 34332771 9664035 43175618 27072420 18856248 28744474 23548981]
[11477859 7973884 25467212 26846761 10516842 22800042 37190898 25539172 7541022 22665290 40553926 30871458 5195281 8329809 23828031]
[671032 12729517 16069077 9065233 36905217 36170939 34758170 29605062 9281903 42817725 10989144 26348771 10121725 27435526 1313412]
[27199248 5962418 1789446 28264051 21058028 14807230 14831530 37211221 32332591 6085153 37040534 10054281 21422790 32998187 6638408]
[13771580 6680854 43237495 30812353 33642215 35790305 40909560 44826557 27592418 37655597 35112053 42724798 41311446 20662006 15912845]
[16566785 12326702 34872495 24440402 33841768 30179372 32476998 3372065 31765054 17141847 39709473 2918516 22574292 42838622 4301905]
[16708234 6188337 28117749 23112760 19984481 2680386 27445780 17299448 20875472 21020986 25197773 14138891 42787064 17917394 31498186]
[40679050 9477974 29268922 37654852 24482385 44313281 10713047 29607297 7956361 33683446 13434382 23739697 43010283 19629820 16725515]
[41676458 27892787 37234305 26739949 13042223 35899602 1455226 43487624 18755114 20376749 24936683 26349052 3871840 29871851 28658652]
[4273813 31211774 31461447 16629824 8698934 44805386 41226170 37724644 29994388 23278574 25572635 29267260 8166658 615783 19237954]
[10178566 19106673 12225998 1690398 40660343 44636473 25403353 34311763 2644657 34307260 34566768 43986620 37166309 8192878 28393872]
[21293544 33909111 30985485 23512305 3884310 36414311 33823350 18424734 22168629 12815710 30087653 33378318 16546017 21638873 20494984]
[2800196 5102960 803009 16004820 34847540 6909498 36074969 41193201 35496688 35818660 20912084 16597432 44136293 16656485 2241263]
[33885343 34465999 32115250 12963275 31757126 8547432 28441130 14814631 37822695 29311570 3645953 6384079 1598862 36098981 29767979]
[9583398 44549737 27502972 16024053 20100967 23313340 35462289 7344837 15062341 27545278 36276862 28453318 34319468 6834110 15827137]
]