[[26510203 2999684 20871246 19656515 41104778 9782669 7524035 41860063 14438399 13287593 44243301 20960812 35090321 41941695 27315706]
[38141200 7383979 21726929 3363492 28807852 20058393 14431755 801898 29391461 3311199 26806174 2578973 40759185 25527341 44236778]
[404436 1449664 7918106 12572428 42301430 27696688 27433104 31879588 32683607 31709950 28025711 22510977 1770444 21931253 3926183]
[31195533 30586629 35812170 9678107 25677498 29812213 3210179 6306340 25106339 33420577 26478218 27782354 31853920 14650576 4816175]
[44248750 6064256 42748978 5046767 22684039 24397694 44049621 6296981 44626250 24315067 15732622 39445089 14470312 37824404 18758432]
[22999072 7501532 33324338 21130087 39460799 43917591 26933330 43489185 25080019 21358717 8262883 28771345 28206130 35452306 20827552]
[42864021 32361633 35913195 22815631 34144043 17608936 34538029 25331607 30558589 17741261 5015042 5844550 22637193 256199 26112688]
[26730704 5226483 42220818 15297614 27785804 9398297 21038253 36608291 14430278 42422911 11794001 5715574 1153748 5949735 23220297]
[3815563 12634602 32586605 40474845 17572521 17003928 29692869 11554717 5993708 22406346 42754856 32437256 24645855 18796521 38520157]
[14768435 37449409 22120477 12326938 34029590 42152147 44714146 14966707 39671204 19894449 43111934 8962617 29320962 14621562 31625065]
[40572150 2811297 23949951 4140712 23644903 38575762 33942847 3729925 8263323 6465914 4103430 16580552 3476941 35707578 9351130]
[33867789 9381556 13911472 15301268 26825097 1321121 1401679 41515500 18484350 23016792 12733599 9116633 43533295 7984581 24665790]
[36009339 8737905 38030180 34970813 27498778 31424215 953726 13833414 44514011 23723843 37641415 42323849 23995331 14423671 20101189]
[26734672 30040995 11665659 40771465 43950759 19399705 29045378 23313444 23010014 35079427 44050205 36610334 17071485 7495574 39799575]
[20838681 2446241 24869614 37869182 43552385 33743387 35533249 32674906 8283595 15857365 41935027 34640768 35330870 17324783 4257213]
]