[[21722279 10281807 2671897 28582800 44697254 8468420 9597258 11787015 40247205 28895100 15395773 8240168 33032345 14715656 17260340]
[1815158 27036010 17623482 9622226 10988002 5171884 6778241 41229062 37782447 2729935 25787021 9725347 22247305 17023341 37046993]
[14137021 42465531 21147590 30093795 35020444 21983731 37707445 15355323 31825153 22443415 27270450 26139834 5510532 9758002 42105409]
[36352071 29823413 32338247 43127082 37985704 32287349 10556160 2536382 30843978 13635387 15350527 21547032 23744277 31572567 23358544]
[21181744 24936866 21457715 672113 20556598 10004225 41892513 34738720 31463661 43760324 1953908 36342670 38946885 31633363 1830197]
[2632242 39127376 9161612 23622873 11595000 28455540 11848010 7241032 4022855 27691572 17445976 37162579 4509667 32128274 31425020]
[34677608 24664801 39804247 36289801 22092514 16319097 37153503 11225573 29963968 32127240 12845867 18786734 13820373 14817949 27436004]
[1185764 37215271 9980160 28134052 36083287 4592123 373613 26618476 2707994 7620347 27338158 30142453 42870889 34151544 32860288]
[9275993 26510864 23486174 8841390 11105347 34185568 6552156 17680936 25299621 44739982 42829358 18437283 35566515 7776664 41507289]
[25932549 4625077 27555485 30358180 24087540 9329174 32249489 42513068 30334706 10421607 42995107 16388815 25231832 23214220 21796833]
[40304157 42848504 15685131 4965228 25658428 1260283 40399983 24044236 7724875 43238155 26261143 1837247 23372951 10923496 29951830]
[1820527 15197012 9207062 22464060 4445869 11529050 9824531 39880242 39796116 5491221 24382205 29536805 25260278 34685396 11121432]
[44292004 38234050 3428286 40253732 39563839 9080657 23375250 40197524 36274443 26027240 17502442 39094987 11591022 43386933 5266155]
[2616310 25073086 14742907 18447557 8484142 44348521 2166927 20473759 44325957 23934804 25345692 11071104 4665479 28607669 37874338]
[34770341 23452294 39137761 24463319 40121390 23499067 22082 30912285 37919221 41284296 5027379 21798753 1449023 34310060 26002061]
]