[[41305918 34112006 7762007 6033731 281755 25194242 36602282 36064480 14791390 43350444 37661892 7856504 7586908 38168706 21051607]
[43573716 27702478 14810723 23435975 22614792 8307592 15817769 26020249 24034985 23099982 31249999 15611988 35090311 12484768 43633981]
[16750503 254572 35707979 44093553 20751286 24483440 36121876 17562690 1084070 8320678 33363595 27845174 43531401 39389849 26121615]
[5240072 2242885 39396420 8981040 21593185 44144805 40985411 23997847 1577005 4800533 8841615 13981637 1734527 8322675 12202899]
[31128581 798502 23962660 35432901 5533364 27071188 12805229 15076049 20262865 15633327 37695389 20268819 20585591 37965528 21213662]
[40452598 2808788 39416429 9791696 20584596 24233974 29397308 6142672 44756175 44718814 40589530 25179080 23127082 3993738 26026954]
[16185088 28184289 22402896 20127189 31422021 30877903 40068481 4941692 5156740 32539188 7334067 40294266 23827718 31905733 22526299]
[5814915 14163073 38125889 13419884 41426954 22510901 17797921 25681744 5241934 8679655 17597775 27128346 44744648 30154337 32118369]
[560580 19805903 21031090 36759355 9795282 15754314 13401990 24739488 11965630 32960527 40078263 24353136 28564612 8113643 31408938]
[43846356 17412727 13010743 4508401 23220442 4988722 42987782 12263085 5281582 29225672 27591028 28269907 42284629 41382736 41256019]
[24908442 32839719 16763391 21031044 3502283 27716954 19507578 5129819 12622870 17719745 35801063 10423298 14198798 37032217 42905392]
[39466276 38789862 13628405 35984566 24245339 32081500 25409277 28012576 11638407 17642821 4003368 43018 7509478 41466862 15508725]
[21967217 30801660 35885050 35651474 6372596 10681781 3549670 4134964 37775966 43367722 26254357 30428259 28275510 40805368 18868972]
[34007716 14680540 30196019 37898905 41534986 30973974 37660397 18696310 32608192 19001591 37569955 44868022 14984181 19213602 454399]
[36704554 23486825 1168733 7027138 9099065 11584703 31077632 1766288 1823153 38799048 25507364 32172786 21422552 44330078 8137075]
]