[[24785601 5807679 38003799 25213442 39907139 13378276 13218570 3630572 39003793 9381787 41447177 41417782 27790079 42889604 7837661]
[44228617 21851818 39499560 23226424 34198767 29102851 40605501 43156772 27958655 23574637 19317979 39344490 39788108 30342674 1234916]
[14478555 13366650 7496361 10868919 33832107 18622261 16813207 6555711 35471170 1304915 6247066 21460462 21225191 30936026 16930037]
[4200435 43148040 14016412 30056023 17264512 39643467 28978563 13726001 18226347 19662479 35467894 35845359 29576716 18389013 33063605]
[35703692 18799270 21047514 13782817 40429830 2386865 12654350 3263475 15932162 1546956 10260550 13332406 1496609 2307819 9410885]
[3577412 44178491 25010682 14890846 35873527 40092676 8559206 24495711 1411884 19307754 6845931 25320003 32365181 44446444 38911707]
[28608519 30016450 16285856 31477204 10191245 14457509 39958528 39872942 28153650 36282529 16812013 41527059 27002053 8611917 41344355]
[22745831 33894656 10357096 12965217 36898661 23324593 34442765 5092688 11828378 13502102 23157817 31721924 13742665 30896885 22856016]
[9599964 23922724 21504063 44162641 25357957 33876968 21428869 35981736 7867856 30047835 43754262 25853111 23379459 26369912 32072055]
[35589350 22033628 10484661 10031779 24269460 19640245 1689974 3920529 43488070 5323881 32017038 11596765 7355240 37241318 32155042]
[5919702 39721411 27631916 24249932 31906298 25327805 16988636 2321081 34664195 12609717 3842171 12772638 8019908 44467262 9634641]
[23061853 10440754 3782428 15399716 13297383 29935084 13779009 7805709 7960886 40375582 16568232 44357283 33298111 44275374 9782465]
[20703669 19748365 7899763 1376730 38004393 34898531 4614223 42464663 6634160 33477974 19465864 38518298 34290153 2620942 25822490]
[13540623 34916213 18642564 34765653 27320874 33587600 2641930 6143010 3292611 38914931 14325592 35369038 32641912 14293039 39709433]
[11100713 37477692 20628721 27159073 41536552 44883038 32328500 6466872 27720048 21616906 34588006 11382847 24898149 28451259 2835109]
]