[[12663703 33960804 3161630 38310228 28039396 3112064 30381191 39897155 32064806 27927960 39144442 12167310 39925497 25231739 34213813]
[9645167 35464536 15640087 44593672 25814507 20417063 40917215 797356 387875 40570459 8349959 24969741 28296101 43412614 5338006]
[11959222 29229731 19272832 43874498 42829304 65235 5397226 15202801 31280215 39026089 26183803 19811325 17081788 4369617 12941584]
[36990486 26386222 16344300 3640549 38158919 10864550 26131289 14783972 26719970 36295815 32590294 40487729 23415421 24240656 14186744]
[14809018 9421478 22740209 33841665 8775309 25041478 40953969 32065898 16576759 39338651 42664723 21742518 30178461 20042055 25461692]
[39546570 8645302 5028707 31160551 7502971 1590226 5201329 34146296 20979980 36676838 2578609 39855928 19411147 28163926 3364628]
[6173854 4666232 40865689 42322137 33393501 32884356 32231178 18230177 25813562 34145976 36634265 10946675 33823307 10976916 6944254]
[19801323 40288411 26798536 5772959 3236993 17788633 36984469 15980542 35334309 40170627 8537031 42684967 10029606 15682279 17575042]
[27891128 18143520 22431556 2519741 29128191 7719486 33180245 16618460 28684754 1898578 13230375 33373305 28778304 36282469 3802464]
[24839335 19321492 21981252 37656506 43727403 32853501 40303325 7888540 29616915 39344663 6150532 9697685 29971929 25876453 22213368]
[5522552 42848645 43752578 8067325 33214889 6108683 3344021 8490127 30030706 8867023 44185254 25503354 19355309 18235470 34947626]
[26746356 9373908 37425105 25565176 10700344 32913936 30569647 33586330 23402525 18800253 28544403 17780372 40934164 19814390 4150236]
[19991741 26749003 8095939 7331786 11506961 11583905 11373705 44072266 44139851 5718686 8250598 10397459 43691904 44259382 42532962]
[2098314 41384039 20563542 13462227 16827840 4175684 8671942 14578843 5145014 18001958 3933292 38533699 19837576 35092919 6621301]
[24386550 17459785 7455479 34141253 31304007 34331201 9576525 19835255 36708161 8446799 38046657 17679517 37714765 20707415 38327841]
]