[[20507304 25688780 6322805 26130561 9519690 29180266 7383765 35726697 37450563 28928377 22354057 10335264 12294137 6089625 27319986]
[20600093 24679306 25327546 16762413 24410491 6536156 38252096 2403065 42719407 14339441 42178038 16459415 4959845 15535846 6433703]
[3764323 22388266 39880831 20200746 44539808 23589679 2036132 14195549 11937805 11696944 1787144 25711304 37060924 24710083 29832103]
[6410004 43474064 24864760 30210956 42584143 8789267 21994781 6073228 3501636 18931326 11419369 15039031 15050757 40007417 18838222]
[14793468 6822390 25231124 7545067 4878103 18250133 21029141 28107290 1933239 43600103 28922257 730953 8218902 11874592 14630706]
[44539569 28902302 32223389 5109590 20037897 4701609 39884991 36922071 30406181 25396611 2029044 16927188 6170212 8759199 18134817]
[33976350 44078651 24718714 24799291 394543 36601888 3452427 6606469 3612837 6334335 12837370 43852960 34436506 43908715 31010632]
[18726576 31874162 18975309 4984361 29074189 17806221 44668107 28389599 9579024 9650974 24749892 37052292 43670790 17736782 41072492]
[2806629 24261313 9469037 12899252 15077412 37384282 31664806 32166313 18248997 31054809 35039456 33349886 39384468 4837711 8251747]
[16357899 41494252 24856779 37291743 35135107 12001680 34550425 33685572 15025458 17683286 2011520 4254420 18142028 41527793 15225467]
[20640478 10469181 34776995 11958473 15814557 11825388 31674758 25283463 21371825 32556670 36132975 1528091 39166599 11938788 11236089]
[1264427 9358172 37687750 38871841 3374514 35758249 567063 671666 35697925 23882449 4848438 9210172 24293753 44748457 5616517]
[10905943 14969404 6729055 25909825 40469513 29036016 14314629 19254105 24121100 7805076 36783601 11924971 42379466 7746863 41729744]
[22473033 19622445 29350810 31533653 34556583 6634684 11898637 20638441 42621232 6917561 6688123 22304177 43157751 3198198 21587772]
[26311130 40635291 19058618 26425297 10745106 31396675 18519856 37242021 34030321 2030401 12218736 42464522 3431201 21550103 42820527]
]