[[10957298 38867431 3869249 27768574 28629616 38198144 12397910 43926524 8700900 28702039 10608959 39978394 13107456 402778 18429745]
[27509688 25641056 11578935 878598 28092589 19765029 22553405 25267572 2270084 32055650 35031095 4323378 37954722 29816399 16982437]
[28245954 23567067 5683443 23006818 25697994 28470648 32547311 23026289 31605705 23450091 15016360 41347569 3697948 3280059 13155831]
[25251750 7706919 8869744 23578065 9289349 41478361 28805664 13032193 42164531 38365917 19801273 37779330 12335590 7561860 27264353]
[37716584 38579163 11641933 19578352 21310897 1486818 34912457 31985560 16378799 20123324 29038711 6993948 34292091 8797347 21341026]
[9671972 4948555 37303572 19752546 36322713 9046312 34316529 39435523 24356002 41880980 37785566 24147308 31531718 8673821 102120]
[24795873 7304124 29377780 16922606 10085193 24514234 41486602 16811119 27426812 42224395 20615730 21873954 43814370 600452 37353632]
[13537655 7158113 34030289 17152631 16536262 20776470 2912673 39158302 21877656 39636548 22383984 42513190 37145239 34462822 18325048]
[3129363 37569655 1190717 36409053 39300447 19650294 14062686 10089100 21890048 27827949 5280107 30245359 37841133 16595069 19925416]
[37810451 26356209 15093985 4128310 21999879 35061171 19499111 19929150 19817049 10849003 37105247 21083922 18784121 21922787 39962011]
[43777234 33342610 44109704 31591468 28879621 34396133 35202821 39399755 25456056 24576381 7469954 28174042 21289548 22969430 42079043]
[25826995 8151969 37668667 10686428 18828324 18900884 8728138 35223614 28535587 9653710 37890840 7411337 24881771 21368165 30678857]
[18125124 34303657 5359978 17657246 21510861 1443064 14719992 42058631 18359041 43940174 34278356 13912934 17598556 22556394 17426662]
[26351015 9442011 5560451 7783504 18608197 6437886 27569973 25271408 14209616 34713056 38389054 12724979 40431639 27116283 43729493]
[27954741 37979316 39342634 29179235 19836074 40228500 5620390 26600531 28100400 43957682 16974060 23446722 9464765 39557508 30480797]
]