============================================================
APM Result
============================================================
Matrix file       : kernel_29_21.txt
Matrix size       : 30 x 30
Prime (mod p)     : 536856223
PM block size     : 2 (fixed)
Deviation level   : 3
Minor size tested : 5 x 5
------------------------------------------------------------
Timing
------------------------------------------------------------
Matrix total time : 12553.8481 ms  (12.553848 s)
Minors tested     : 150250464
Avg per minor     : 0.00008355 ms
------------------------------------------------------------
Zero Minors Found : 1
============================================================

Full matrix (30x30) mod 536856223:
              0         1         2         3         4         5         6         7         8         9        10        11        12        13        14        15        16        17        18        19        20        21        22        23        24        25        26        27        28        29
      --------- --------- --------- --------- --------- --------- --------- --------- --------- --------- --------- --------- --------- --------- --------- --------- --------- --------- --------- --------- --------- --------- --------- --------- --------- --------- --------- --------- --------- ---------
  0 | 121709215  14392394  89540419 329737031 401280379 488335996 419895959 281390312 306281610 384177441 182554688  36685315 104866397 392448008 395719962  69511316 407375760 104297242 449646239 502170670 105379202 474519748 395795036 342461293 223492294 426029027 521475243 400422706 520927005 483882769
  1 |  81791198 384991755 312597612 428294086 270882886 317948009 113108475 303719366 273264819  98463103 461093152  62710692  83960762 450979290 406899869 106407799 308978396 355610577 370396513 444026313 262142342 148860318 146384430 107033860 265626825  45195186 330831483 159232780 135741658 133030989
  2 | 195470339 268037774 291177235 162838775 244696484 228319949 103034571 509882532  79196998  20286559 446956150 190365564 122465874 220391681 214989697 239740331 499261099 212679387 158676552 129003650 214226324 282838010 308259374 118505577 104266074  96004437 493649617  70379798 221307459 407605384
  3 | 127811551 143199326  94596483 506320323 475294211 319653904 236181434 217353162 350340310 504925562 266664855 453282104 390676544 528993559 113935145 383759972 352008303 362548016 278149150  12437967 328500032  49049020 374813320 485487788 365181591 444149456 456121850 291433431 359748076  28359313
  4 | 176507993 536106411  19107420 343867395  17202174 321359915  10696968 501943478 118146020 515353279 187367945 300037390 476507018 292034982 523453370 178977894  28717785 361857384  25862189 254040978 530376199 340563939 172057144  82485526 243891313   6821112 109769321 379115984 171114999 326616386
  5 | 169156455  31621015 466010434 472681530 241027268 511105963  80785495 528596744 101527329     79345 359558509 203611216  91931870 321357094  77239922 502554726 145784973 328198536  53772726 336106439 470346376 523664058 207870806 536723135 169302544 505961605 163681858 195612164 127433301 349263828
  6 |  88201279 145690172 201546805 471988408  28289748 339595625 281771117 302831044  82053348 163411714 257403029 158965243 295983295 313975449 519685213 372258710 117246312 151599223 103188145 325349681  87852657  90161726 287758724 166751844 424852910 118510888 347915389 388348930 302869664 361304699
  7 |  99514913  48693240 504967821 128956023 493985282 332257573 246722362 188869662 285546852 305267409 180910836 340466932 438042737  30262676 475046187   9754081 110205095  88436791  82380759 112409251 341328602 469721673 381640456 204540507 252090045 229064845 263619888 262729722 189074654  19660601
  8 | 170013649 230670844 335125289 230676201 488479238  60033182 146158015  72721147 391220264  38705407  19075857 357562944 208314074 182126244  77382945 138098908 301800007  87125938 266744074 469397921 510549874 385848232 263530301 371319154 407756122  18924372 422802540 430138854 444894933 431209341
  9 | 498490277 107786271 128267459 281037922   8860731 144455122 482671020 420538479 147496750 255600428 524023284 502993651    518894 141893341  81560394  70625442 240885594 504959583 340507624 214191870 453017078 293020150 460134227  78212751 493194498 402531940  35760955 126056886 303779252 206540636
 10 | 536675550 226346320 339864819 220007120 430850663  17197972  98525847 244890777 367468618 253809547   6744034 522220288 216137538 374687908 210556747  54934255 440015701 350443692 239246445 140699919  97769680 304772992 326290524 408369852 382217820 276973984 407866118 292082184 392468152 143457432
 11 | 272689682 256430269 200417050 329120563 153837316 304592954 442532010 507616057 402073666 399679019 353563181 115570229 220794236 212008067 484291228 530699851 208437621  67381538 180368856 250870803  19760628 306334889 295868702  63850881 277191973 411597755 125338978 265632630 308733901 430220523
 12 |  72323365 423195003  76865677  74980111 467026585 160134830 392326368 396369722 131259441  52870646 181192779 100195463 269245848 498910741 415510835 372628446   4971316  61648848  64535821  98683596 284618586 477013059 522218593 207876136 178330072  24591807 141160711 310281224  28445398  76464914
 13 | 196162121 503671536 458897925 485853559  13351386 215013908 277308479 276209463 486862650 495426613 495933658 228191142 294423878 415552653 243114736 434048417 443702073 307824138 100788127 102150172 307261909 217713129 173585017 509931934  74719539 311722420 131403614  90856830  82007474 308095273
 14 | 529795512 222934927 364625006 423294083 354224978  23886597 476816493 307853052 392107772 117918436 306499248  92158025 492135058 422240932 535818808 233393368 443207215  98051450  93002264 515154365 432920666 402512243 402435688 278153316  80989851 148598040 356736487   1508640 523615897 149831117
 15 | 133351585  18859104 237289931 174176273  83881529 282432231 405888764 269305116 222359761 363110923 244062430 444199813  73082763 220282494  45298921   2625764 494701794 484618403 241165369 327570246 335215388 512782617 405661005 457008345 535787291 499017178 439094144  29215561 155093993 241694515
 16 | 207035912 189196967 130725091 447370628 517075241  46472173 390076719 349793565 164850657 482093075 444315431 158123678 300159803 190312188 386976634 300993289 326113111 464281045 256002109 304212856 286530464 245270921  93462712 295689658 334194625 514604134 445494880 129025447 189561063 393755778
 17 | 500615388 416333504 214181633 114163158 117298791 212887795 225725695  90538355 441096596 374203299 488687757  41091468 327223475 375262146 175405299 201107234 181830664 168561497 474548345   8848876 198634380 123841911  29390623  34751790 171387291 389390621 500142056  13233093 385845686  63449451
 18 | 173682530 344299661 522025847 156073514 340690347 330885355 223908575 145907582 308405929 358434316 280722621 459457783  41718650 420334996 293006691 261625856 111833477 118643438 234554137  90404863 336019725 134490287 311120467 320162626 529808641 488006548 436184081 463729049  79937435 325744666
 19 | 274216529 418944352 296481295 229276522 508422234  18030517 280184268 418621679 283374039  55853161 103566448 124966495 230102482 423335737  96410854 125887833  28338588 195475836  98649339 476743273 164658982  87475793 273874366  30983596 366930243   2187938 342434464 369937399 449349056  30244985
 20 | 184228852 285728829 128855263 211076274  55452379 466247181 338054099   7089714 320071687 431550450 213675322  46596836 148775894 255181485 314668683 108420803 111218974  79217452 226471366 195799857  45116275  43364072 244984357  44205073 235740089 409264537 335996019 213390948 145826985 189240455
 21 | 401631730 453944194  85399343 181247943 297599908 123261941 214166394 447518198 341215181  78332915 445186539 109075447 151743552 106565510 229351582   5425392 477297049 516623585 356319849 220116158 298314905 268662758  81469844 430878220 207789879 174439251 247827244 227317034 487086671 420171343
 22 | 456325337  16756751 251630528 222042655  46468106  64670169 309704086 507958003 472456664 105987537 384235806  36959095 489681702   9302006  83795240  19315432 253269233  26187860 287102877  74840435 405557657 420339683 469272864 349050710 495886709  41388654 404095714 503528206 459656952 267020274
 23 | 474565864 267850874 165375060 172717606 314202982  53089755 201851952 343915088 224538190  86870917 491022968 296514251 102759975 213172528 491833053 502350024  78992589 369310247 461341649 200346220 469983147 488978899 253082456 476717850 278717242 403493465 251706151 149640904 343284035  98818574
 24 | 125700313 351186624 315507824 501889115  23371447 353020063 514253537 103369520 244292125 100901239  55117837  43975839 423107464 229410748  95474284  24896459 220223998  30394578 514441569 392009348 265493866 395180300 431851064 386897881 249877323 416336379  97558040 171082833  95587732 316943602
 25 | 457345087 319180158  63060715 246050436 331855235 197629877 289290626  47231840 191737076 468796200 107533012 132176655 183409926 345148474 518854699 470865964 443553600 155985020 369384867 495167137 105201563 521785523 411265699 283447659 252958875 510332368 245558463 222512516 149052540 154070909
 26 | 201530321 184036817  46102403  85055055  53503246 218728564 341870482 279791144 255343357 177718896 282106280 478486748 151557972 333605643  94775084 237653728 335731062 331678683  87678509 217912672 338041386 216260502 289422821  34585374 140862824 455890463 300085115  69529027 457356822 471969811
 27 | 450418326   9548258 496419337 106974614 523195070 201593864 209811630 372152789 419522171 139755892 502333067 510954777 355568254 403177651  15079090 329253805 491751290  51659441 382027753 510519447 416603734 360039038 101534168 105708479 281813854 388311044 286326348  71793100 467205423 360153776
 28 | 204528277 345015992  85411480  50147431 428825842 240815084 433189694 262485321 282029193 420894735 525695405 426480935 480054578 364122210 414314407 331803738 206212830  59549290 110907898     84701 180584580 226624420 345269497  78911764 238940366 477225283  87461834  74778498 279262388 447932489
 29 | 443131528 304267308 470584094 127844546  44748588  41772981  52914572 453671928 332122312 240067929 240047373 264080023 463834961 294489924 388877502 234996711 249180747 523886693 441784991 354000870 513824121 523482038 153376815  47032354  83299475 165277246 137046821 359786535 386451226 412178912

--- Zero Minor #1 ---
  Minor size (k)   : 5
  Deviation        : 3
  Principal block s: 13  (indices {13, 14})
  Row indices [5]  : 13 14 16 19 28
  Col indices [5]  : 11 13 14 22 27
  Time found       : 12553.8450 ms  (since matrix start)
  Minors tested    : 150250464  (tested before finding this zero)

  Principal 2x2 block (s=13, rows/cols {13,14}):
    [ 415552653  243114736 ]
    [ 422240932  535818808 ]

  Extracted 5x5 submatrix  (det mod p = 0):
               11         13*        14*        22         27 
        ---------- ---------- ---------- ---------- ----------
   13* | 228191142 [415552653][243114736] 173585017   90856830 
   14* |  92158025 [422240932][535818808] 402435688    1508640 
   16  | 158123678  190312188  386976634   93462712  129025447 
   19  | 124966495  423335737   96410854  273874366  369937399 
   28  | 426480935  364122210  414314407  345269497   74778498 

