============================================================
APM Result
============================================================
Matrix file       : kernel_26_24.txt
Matrix size       : 27 x 27
Prime (mod p)     : 44914307
PM block size     : 2 (fixed)
Deviation level   : 2
Minor size tested : 4 x 4
------------------------------------------------------------
Timing
------------------------------------------------------------
Matrix total time : 120.6660 ms  (0.120666 s)
Minors tested     : 2340000
Avg per minor     : 0.00005157 ms
------------------------------------------------------------
Zero Minors Found : 0
============================================================

Full matrix (27x27) mod 44914307:
             0        1        2        3        4        5        6        7        8        9       10       11       12       13       14       15       16       17       18       19       20       21       22       23       24       25       26
      -------- -------- -------- -------- -------- -------- -------- -------- -------- -------- -------- -------- -------- -------- -------- -------- -------- -------- -------- -------- -------- -------- -------- -------- -------- -------- --------
  0 | 42238066 43920741 16455258  6276151 33488940 14266463 10627000 37702977 18598282  4843843 14597544 38101355 17445950 37627356 15978570 20007469 20952344 12640307 41950798  9599420 35291268 31151743  1550412 13563239 43326857  4416225  9121519
  1 | 26132192  5022250 44823244 10576012  1222300 44175282 12577219 33349359  8997680 18508186 11152319 15651716 14785651 19705722  2051561   225850 42031436  1283349 43454667 11777705  5962384 23230611 28961228 15715816 33221844 43086545 31465931
  2 | 12071513  2194469 32773349  1005854 14138629 23861441 21741266 23397156 15111416 34211952  2580006  7044515 14577556 44248484  9240747 44600046 35649157  4785477  3714342 29426779  9937145 31226664  9334786  1323763 40183789 15039590 42362423
  3 | 13552704 17009976 26167647 41574832  9542803 33344259 27495339 23174709 36454931 19585066 41363001 42112257 37508105 12858730 29136675  3716431 29736272 22389380 10525122  7047650 13468831 20109694 30359904 35125808 39807006 14172211 24288612
  4 |  7659164 43271727 11977284  3051223 31901259 17751180 43131495 19203091  6667490  5654696 41569289 15681501 16319091 38504588 34893307 11230422  2546072 19255173  3142111 29003498  6652471 39338271 10239373 17146710 31291831 33506692 12259838
  5 | 21126362  3830204  3471828  3754678 44463909  6079803 26742576 15270354 15854951   916628 20952671 25630445 27552498 14882680   504442  6218087 29608195  2110018 18304891 37607808  9190243 13217131  8755093 22304008 31714199  8569825   793313
  6 | 12568724  5547300 38011130 16958167 29563265 22232452 19169812 23354693 38907144  9105949 17498208 26266831 19142149 19111843 18993953 19114011 31400819 39777971 13708171 24247587 13500856 42998274 41701969 22133033 24519024 19770465 25580546
  7 | 36421211 33993302 35262061 37450975 11278912  2105755 11762515 30909355 14645469 35857162  8574493   948029  6800268 30670174  9109404 20285437 23174399 26933210  6274888 35574983 26116649 37653147 24107854 44729345 13301273 18487702  6267054
  8 | 25591413 32166036  5117438  5847524 22373060 17853360 29963998 25361808  6221789 30438821 43382797 43335499 28295465  8006882 40871274 42366934 13167479 41505544  1649256 35010777 39941994 24415571 17151485 11526659 43875230  3830460 19348068
  9 | 43445429 27036125 30338229 22399198 29923553 39693987 26385810 34599342 44443411  5682052 41617764 43508189 34796395 23921352 12542362 20432015 43578725  7329800 19305284 30904469  5608587 39884887 29678639 34617669  3845541 41855096 30787175
 10 | 26095358 20933749  7820415 16984231 24494609 34362450 37111849 35584899 26455783 31685048 11403519  6287940 18479239 10368606 42053545 11441956 14960730 23076971 21499165 38928681  4781989  6423144  3734131  4037801  8263403  2544737 36674928
 11 |  4147817  4410684  7893375  8651780 28196249 35380723 30207695 36622210 40314451  8337245 40020479 12947944 21577908 34475150 41980929 33870752  5956507 12026276 35787949 11148137 39013238 14745448 41872272 39376867 28960275 17731925 25630010
 12 | 16053729 30202588  7124078 23450376 15093117  8635919 40692264 30931712 38268242  3986311  5450542 28266092 29707347 17874451 30815304 17262839 20430492 17683148  5429416 35511016  8369422  3065868 18467867 34244974 22245295  8701424 41452683
 13 | 21540722 41774154 33731304 20030974 41770995 25946571  7492763  2788572 27280343 29053128 37381808 28273592 21379936 11967790 24479000 13890605 30907465 11956413 32923653 39584453 41661990  6392169 31048084  2547854 14200147  6413386 28270038
 14 | 25674365  4996747 30305060 15072965 17233850 20119971 37091964 24422965  5111046   551075 23523312 25021225 33415410 41474471 26853190 18577502  5490828 18716282 35816301 33347136 15468931 19541280 28288121  7911062 43906910 11718930 28417969
 15 | 18629002 44420620 28163305 35985239 16457290 16092425 26209277 14738025 30463231 18201275 27217645 17823999 44170833 35434856 10167515  9840160 27658898 16130555 13046004 35281133 13698924 12943200 11721795 27151768 22104212 27903617 22701360
 16 | 29155716 42402500 12865277  8348979  9137739 21952398 10431051 35424885 15877678 15132696 33718631 36363431 10401640 21915279 13723151 29079976 36265176   998878  4020221   813752 17191727 43503394  2829401  6907676 32356585 19295850 37930047
 17 | 38587675 15539928 12999122 42325007 33919879 11430847 29143374 31155473 15165201 27240149 26329864  6124944 28518825 27433147 25094174 16108342 26247718 10399841 24877720 16853744 30801459 25149806 37741369  5565262 22886844 35993074 14427381
 18 | 16629286 38498880 13274739 24929954 35343607 35041295 21640717 37848353 37105571  3406433 14815054 34397419 19520238  9922579 11824404  2694613  2390763 37272089 40581428 19868764  9086230 44262124 21745800 19429726 43371495 37285643  7702271
 19 |  7380171 12305338 28700140 33095805 12815444 36861281 21167070 44141162 21228370 21886415  4958988  1288181  8616344 13161010 13878936 24052599 43585516 38352987 42670411 43719493 21020864  7733330  5316398 24051641 30619013 43646835 27298538
 20 | 27667979 20723813 13195363 21020715 19400883 24942837 37778630 21124502 32626610  9251010 22752766 19464818 35874204 15584864 19808842  5456154 39478885 12263522 16202955  6211636 38067015 25532225 32502333 27262394  7447732   256162 42996984
 21 |  3318204 21831052 21700050 40990310 39026125 17339873 28434997 29088164  4228750 35699556 35139520 19783241  7535449 29584365 41082247 43504646 31478458 41205164 22194241  5086888 30809624  6762902 20095602 43706730 37803804 12589492 40583744
 22 | 26408651 22458897 39899803  2550235  5445988  4992070 41802078 24477796  1033872 17454568 36821833 13578119 39368762 44085622 13649095 15665290  9763524 43399861 21782051 20453429 18523828 40140930 18473283 19028682 13643166 28387049 18310575
 23 | 23991759 31597895  3212503 34786377 37255807 27566974 13648520  7152790 30033987 19092536 17992490 42493397 18160756 30153240 14647336 41288681  8881994 33137289 28789474 15058240 10164618 35081489  4067543 24704586 42989171 12581778 11074100
 24 | 32107610 15800562 21451162 34849342  1374819 34471758 25936694 28315807   561022 12984467 31495081  2589106 25532339  4871728  7337505 41642153 10483872 34910597  6718414  9484614 31910147  7574554  6547346 14309838 38926033 43216290  7474716
 25 | 37617134 27122641 29003132 32149836 41652093 18791831 31466280 14632483 34464941 22909200 35274920 34635336 35875984 13157188 31701091  3150703 41884468  8712621 32756082 39749179 28110280  8287834 26408908 10570551 17605066 31535288  5732827
 26 | 16263279 22582081 12281181 33794001 15567565 44373591  8149139  4026594 23045484 31600847  6917135 26148539 38249978 32224184 23306553 20844624 10906916 31947265 44498602 33360742 43727185  2730184 26688855 17347734  5856651 31989382 38544239

No zero minor found at deviation level 2.
