============================================================
APM Result
============================================================
Matrix file       : kernel_26_36.txt
Matrix size       : 27 x 27
Prime (mod p)     : 44914307
PM block size     : 2 (fixed)
Deviation level   : 2
Minor size tested : 4 x 4
------------------------------------------------------------
Timing
------------------------------------------------------------
Matrix total time : 120.1931 ms  (0.120193 s)
Minors tested     : 2340000
Avg per minor     : 0.00005136 ms
------------------------------------------------------------
Zero Minors Found : 0
============================================================

Full matrix (27x27) mod 44914307:
             0        1        2        3        4        5        6        7        8        9       10       11       12       13       14       15       16       17       18       19       20       21       22       23       24       25       26
      -------- -------- -------- -------- -------- -------- -------- -------- -------- -------- -------- -------- -------- -------- -------- -------- -------- -------- -------- -------- -------- -------- -------- -------- -------- -------- --------
  0 | 27863033 22249065 19623277 19185780  9236876  6346524 38217702 44180652 41820910 11547375 39375259 12092922 13041699 10423484 18387411 14357708 42205453 39862269 43761535 11642651  9717068 15146310 44206585 30684806 14360002 31068728  8198558
  1 | 22866749 31182364 40994625 40457807 17797100 31321531 21268183 30659171 28277689 23776492   850582 20874312  4813165 24137669 43748961 26221248 19272184  5630946  8279836 17405545 37092051 38981851 29521214 26097783 37261813 37699173 24318385
  2 | 10616881 30108540 18830375 17001881 20719632 44618153 34612386 38668761 40857777 44460462 26710360  8853389  6497848 30721756 35381658 30500561 31184280 10041610 39089197 10177692 43847344 15392557  5119147 15974794 33809810  6807188 12715881
  3 | 18814369  3402403  7872617 15608325  7336058 38930223 11066283  7906955 32364099 40544028  5476051 37693612 33694846 22660681 15569267 29156177 43065882  4632544 28154363 41706800 17673003  2258604   451817  2578785 16236647 34397012 19186055
  4 | 21847888 20332039 38653408 26245527  2627390 41280749 33714207 13213592 27375746 24620285 16644918 25496439 38178657 28058649 34393423 31399904 27906931 28610518 37080831 41503363 27264486  3122900 15846932 23542190 14587473 26425859 42791339
  5 | 39531632 31246891   787987 30654140 40111376 34489913  5621999 22771474 41532960 28931717 20888773 20506586 22384646 16632338 12754040 37285631  1566694  2007154 28746088 18927219 36257759 26560923 42738589  3868471  5024290 30610393   424532
  6 | 22834774 35339418  8604774 16257230 16234436 22118602 15942530 35812188 20782797  8676647 22351642 29062598  1578867 38460062 14829188 10945034 10722283 20920229  5163163 26855165 11657593 44914013 11570519 31006583 19553767 15756097   116478
  7 | 16791213 37556948 39396713  2271060 35702319 12155859 35863204 14052711 23560429  5070838  8466142 23148718 32692104 42626696  6749930 19320955 13048955  3496162 23121250  4610302 30230260 34806872  6159991 26812507 25106523 15316255 30202108
  8 | 44036525 30909475  9316446 42340486   533789 39428676 11179738 16646522 10705117 39888787  9293989  3318569 42326497 25795805 27308194  6287118 27753453  6006897 27519950 26460608 23677918 15525727  6073078 37032173 31560643  3131358 34296782
  9 | 10310992 34912012 29506810  3386761 21657849 28395750  1807736 39375336 23474215 35242330 39458477 36614938 30668981  2705472 19650907 39911235  7208339  5631278 32457130 44324485 32998723 11964170 21118925 24230387 37722776 20964234 42766496
 10 | 22129748 30882980 28248689 23113335  5576174 39733529 33328936 24870135 11451085 42293290 31821160  2097133 14806173 27272811  3293345 32020193 33338431 42806437 32856286 37103361 34038941  6483337 15861601 21670677  1257622 25600910 38132261
 11 | 43000982 28120129 28270747 30334781  3224304 31382266 26254970 32096471 22024522 33726016 29821280 29751506  8603326 15079134 18563296 20295800 34996188 24052258 13683520 44686402 26463610 44061540 27879598 34517287 31020066 10957902 23915218
 12 | 30673703 20915082  7089741  1808804 10632504    93390 29906326 30487147 33114076 39838794  3783172 39222999 27717064 44579843  3401438 15184089 42899095 19064942 21948704 12931506  1707381  7489499 43349305 33390040 30954705 18798725 40693423
 13 | 38589645  2518138 24485862  7187278 17313585 25126436 27587215 10485061 10291770 30706247 22773786 17007991 16509639 29631236 12608722 29663358 29931989  9766496  7338859 20110229 15198866 13385145 18742704 24930942 42191980   356161 36256749
 14 | 21930253  1049009 13677950  6706980  6185804 35024625 15190988  8425294 29867821 32097652 34856529   353146 30101806 31971791  1140453  9798143 25217647 17155635 42890571 21169088  4918117 42055250 14857735 44484935 35991410 16821527 33701696
 15 | 32571185 36562845 15699706 36827153 14189404 38648484  5160454 33408629 12015234  4645113 43670067 37720419 30837326 18647018 29545220 17993639  1507986 34432993 28784133 36992512 14108332 39851959 34909306 20543871  8518005 37335085 27538204
 16 | 29718163 19933273 39579301 39223752  5582871 32540653 16509369  2978234 27840022 30051404 15157284 31215296  1490143   396974 21536409 20815153 37935279 28560750 44404133 28615803 34696395 20970638  6363690 22011535 11948734 44299481  4583974
 17 | 30403688 20329628 29401849 23015763 18831976 40245277 11005474 18882058   720821 33919293 10519474 37025436  8577293  6791667 14810126 16907719 11916205  7333863 25219030 24899743 44034394 35645946 15500569  3199867 28084008 30310973 43206882
 18 |  1293098 36507022 12097781 25557181 36830117 19231454 27179400 38425728 44122701  6199443  2684364 22252521 18520053  6404740  8993137 13622782 18722630  1153276 10542308 29151758 16626236  8702365 35592068 35047259  5006313 37005332 35855022
 19 | 38075255  4937958 41574285 12970733  5441869 21215540 43887742 16461827 16195459 29019462 40774159 37974654 36608891 24535163   921434 13461753  1689001 34135479 13813068 33645395 14696977 27736488  8040008 37378004 31667745 27985439 12215593
 20 |  3652044 27021689  8105332  3867120 15817194 38210234  1962576 11556012 18299921 33249076  9579829  9644887 10325896 14584732 31876483  2290517 20828192  2450321 23524628  3371373  9196909 31117814 27360409  3154345  8155860 37121198  3501263
 21 | 20059929 13047640  4082536  9570449 22175624 44335061 30200601  4858639 23274774 43690095 41982219 44591699 25894536 37076439 11803583 41567675 24848913 28227269 42617883 39750074  8603524  1311628 25907540 43978442 42134961 29816257 15250559
 22 | 35352812  6555294  8466680  3347521 36950061 41312431 22697306  6406687 32616615 31139090 10457484  6346850 33841696 37485324  8684286 21783554 30251731 30205737 30094329 10689814  4704684 33351290 38797613 22396745  9104280 17286953 38414030
 23 | 42187671 17205614 18150937  9495405  9634940  3515736 34001285 28683040 18798105  9870211 11837446 30907938 41527062 39084452 16051724 31127731 12552116  7728828 21588236 41284683 24593408   490948 19189329  9949906 35165495 34937179 40329282
 24 | 28532261 16751313 26445324 19421970 19493752 36964302  5808754 18755454  9902962 19724929 14219903 40594120 20141006   996787 33769107   580361 27694347 41070687 42672473  3517643 26444596 35126364 42419057 36861969  9203653 17788696 34184515
 25 | 27836057  8303362 24062526 20825126 27826111 40397788 37922356 38743085 28924682 38189088 12826229 34155059 30518566 21537035 44899227  9200654 29743305 15224332 17966728 41819158 20838297 20377836 27060193 38852397 39964015 10349617 27180480
 26 | 21306526 27939173  8441417  2786847 26071346 32471896 35499187  9217150 16385135 26256795  5704562 19848162 38308126  5529295 31408404 28569458 40542239 20656321 12717174 15738065 25435017 35181997 44159432 23216356  8522473 15551480 44185643

No zero minor found at deviation level 2.
