============================================================
APM Result
============================================================
Matrix file       : kernel_26_35.txt
Matrix size       : 27 x 27
Prime (mod p)     : 44914307
PM block size     : 2 (fixed)
Deviation level   : 2
Minor size tested : 4 x 4
------------------------------------------------------------
Timing
------------------------------------------------------------
Matrix total time : 118.8049 ms  (0.118805 s)
Minors tested     : 2340000
Avg per minor     : 0.00005077 ms
------------------------------------------------------------
Zero Minors Found : 0
============================================================

Full matrix (27x27) mod 44914307:
             0        1        2        3        4        5        6        7        8        9       10       11       12       13       14       15       16       17       18       19       20       21       22       23       24       25       26
      -------- -------- -------- -------- -------- -------- -------- -------- -------- -------- -------- -------- -------- -------- -------- -------- -------- -------- -------- -------- -------- -------- -------- -------- -------- -------- --------
  0 | 18740647 41540078 22163276 39592586 26276461 42817810 31948195 33664385 19158813 30794914 31560457 28960010 22927074 37154502 29798622 10114262 40427551 22551775  8221120 37899099  4164838 23439899 43885668 23534498 15632697 37085313 13573003
  1 | 13411242  8748950 31346722 19704878 10785009 38962303 11088171 20914778 33861464  2321240 38881686 18337543   250516 12397771 30397227  7653232 41332228 43966518 29344914 23410371  6705497 20243654  4840270  4514544 27796118 34414069 36961105
  2 |  3451574 12235428 35328343 21011832  4531524 12511468  8613485 19289228 11140575 17275056 28887950 13627097 12636384 44786304 14511870 37385811  3281136 13034086 38088023 41047510 37351045 20728496 26940206 11231090 40149551 26961559 32213488
  3 |  9684212 40558233 35945098 36501726 33594745 33193784   884290  3601244 41498294 13404730 28586614 11170888  6212443 21955334 30016233 30189393  8581368  4817078 28611688 35998029 19971560 24910918 31322891 43710471 13563671 40217331  8280665
  4 |  8710954 14438728  9159158 30995754   485367 10535798 23611260 22243680   777285 27899476 38435931 21996182 19698543 19921860  7819472 34407945  8422533 15750538 16338091  7143174  9707747 38326876 20950827 37151273  6393395 17511184 22751830
  5 | 37653605  5299366 12437653  9559141  1829122 31049089  7898286 41416723 15548266 11529355 11199489 28357983 38066986   328014 43231983 37385549 38607176 32228834 29107503 14432427 33063960 39562549  7891588 26105936 12268590  8207574 11386983
  6 | 16453376  5702451 44576207 44730524 16496256  7801977 39320207 26669050 18426242 31605496 29015041 40426571 24200824 24527586 36050374 24869062  1878983  5954437 22149302 18443566 25380322 27465158 40986724 32408977  8669664 12128953 36623651
  7 | 26328595 41213477 10536184 15324135 23702015 35065106  2194285 15107576 15297318 27444848  1022081 32903643 23181397  3439033 43500381 18763371 19725914 28503484 36024487    50871 20278854 10723149 27211520 27329269 22478812 31349141 33458833
  8 | 25905739 13969231 44388532  8314283  1199660  1267023  7456513 11529623 13897398 27845292 38539238 33198459 42381434 35513894 41983816 14365512 34365575 14153831 38590777 21067580 26634606  8242116  6100224 34997036 16331749 14618543 42690098
  9 | 28503105 38744888 29641284 26982344  1573406 15764217 23860264 40012456 29218435 27194456 38800554 19376984  7871976  6196477 24926108  3037123 43414810 27448773 44132950 27038799 26086470 15684667 20226169 35680852 16548279  9755396 26803842
 10 | 19512771 39797617  3844037 14694866 37506789  1059735 29836064  4371196 12692463  7932310 35686886  3354124 29899163 12180624 33508986 17373718 23912497 21945060 28331534 23461229 14213725 17286809   743776 15172585 41901729 26611406 18725817
 11 | 16495986 41192771 37709132 41193984 23958417  2927670  2791344 20269854 33340600 14694666 11316838  1583631 10558021 23832592 19675384  7610940 43916540 23084290 41568798  9883407 16085018 38133849  4155304 34010313 12031900 21871726  5600409
 12 | 40800032 33229242 26161160  1678755 44328639 18737715 31588017 15787391 18049319 25008225  8692856   863999 23012764 37460812 27301881 37986281  6192956 42901538 18140403  3804328 31455906 31369693 38589190 33736027  1443367  6516808 42978448
 13 |  7616574 12728645 27184038 17039334 44563280 27721234 12394036  5465043  9934522 44719102 44062919 22193209 16337650  4703885 41603639 40583859 26268628 38616647  1400984 41569091  5788759 17535518 39710439 39780140 41712910 17132927 41161870
 14 |  8255901 43462319  8799835 33247509  8946845 24678872 40992157 11724885 30488260  4997030 20940004  3610253 40539874 11143151 16108263  9204540 25110901 19549023 13522337  7560937 18468535 32590010 40217394 26676225 31585997 41524093 20540148
 15 | 29812385 34404955 21772820  8172036 14317653  8147235  5345366 15406411  4874015 15495414  6931640 30714617 30272476 24514363 11879073 37285788 24110109 41233866 22982633 25641151 37038960 32485639 25879394 26248616 33431417 14151979 41598769
 16 | 38568215  3737600 28725690 28383495 32210375  4201530 15079124 10074051 11786799 27573659  9123800 39729084 40051242 28636537 26870991 10569464 44733526  9803913  2485918 20078419 27426492  9333805 15450210 43965868 31427393  4403002 16341160
 17 |  1888834 18960128 29171030 32860419 21495894 28283540 28588822  5772000 30399688  9926092 23487976   612574 10434673 25726693 25654732 14236648 44046065 16380663 22021276 32292493 26706012 10181124 24692320 32020473  6601693  7202509 38061027
 18 | 29870457  6406848 10348021 43954502 10278071  5887846 18449370 18916392 10423559 43059683 32630319 14168490 14002786  2262385 13094245 44600649 35659258 10576405 14372732  3212550 21015970 37528790  4004938 13881761 40278644 28658990 25843254
 19 | 38014445  9549869 28462537 19403158 10706774 23267435 25213552 30124979  8781898  6339418 28776351 37703808 13729191 32212627 21719109 44864833 14591139 29892721 25243477 18909047 33508744 22207247 17869952 13615712 30055165   849155  5304035
 20 | 20514735 11586743  7893150 44433608 36016095 20641935 25791673 28635183 35559589 33216036  7796793 17733824 38239253  4302636  6683719 19804331 42963787  6077434 18776334 18421818 37278873  1773126  3030056 40248278  6384982  6955996 30912668
 21 | 34814349 11770725 10573724 44499253 31987917 41593726 43150944 10774914 11330127 40847572  1279174 16995339 36394933 13976919 43151468 13765137 32142978 10091354 32666207 29494604 40272269 20328461 14056801  5932910  9038577  6896197  1969303
 22 | 41698310 12689612  2419758 31339433 17062884 40394422  8974944  1241256 38943180  5865255 38552562 26700110 31346023 18799843  4232304 15020893 28722267 23579064  7430913  2403642  7972469 39171817 14553129  7263308 16017282  1210637 13999517
 23 | 27869468 32302014 27568420 40889579 12964704   211686 39109340 40848525 14605977 22180866  3965861 36551166 18676181  5041602 17763251 37381022 19609166 22181224  3761251 16493745 34499550 35178335   450096 25943684 41353960 15583589 22590862
 24 |  5382718 16231380 38000961   986446 15609741 35263072 44399758 25348870  9946173 25685569 39105592 22648806 14544201 22257112 40817011 35046815 28566507 17944947 29770499 35077940  2621648 30690164 29073422 25514780 20549313 13656946 27298069
 25 | 19883936  3125124 19241223  7858143  7351099 21023877 15318662 31937464 29904251 25602636 32859202 20872091  6029251 37792959 31602765 42408750 11865304 23984742 35185600 24728856 38017857  5364510 44799779  2536232 44151794 15109409 11939948
 26 | 44096661 21508581 15869898 24973611 37782614 20571181 23567608 12377676  4502841 36825611 40215892 23407568 16470978 15498141 19325188 43375603 14055673 24617344 44337074 34090291 39328099 37965943  7783744 18907990 28015090 13438621 19210600

No zero minor found at deviation level 2.
