[[62739866233 24367807895 18076160582 76063039142 134695429287 84634688751 122318003344 41155372014 18101507583 31637784694 108250814760 105665948982 19231434813 24388436613 86590707337 84164046943 79899767041 52350379623 89496743908 25594090592 6605331143 127574429554 79629953536 4405741922 50275459514 106515489755 112947216922 116774531448 103469709179 131186561951 6930759133 43351256396 20723394972 31393526919 68652070951 32953942940 20382879132 64544623315]
[62733115995 78228413124 102292052091 46109608961 132809100050 135515182413 32057757345 21042493880 94620664115 114300614912 46411312986 3245542790 61959122987 80274270382 27344346538 135332861574 95327873470 21736266139 106898538711 29987549242 31629652700 120977349381 13905850588 106905137611 33572081165 73994756586 42815412822 40286032187 74340873928 57138409573 47943956032 39707665316 87140657064 119057901175 22599981872 59260323460 40862198703 31239280777]
[117918521305 3585431419 132603199473 10541672107 59886360414 128584977103 43337135053 134225112273 102522235292 50894812820 84971344936 134119671643 60030088259 128639936341 26255755334 108062936432 19584374663 8446740670 63652825468 77068829987 105495798273 21218726128 39984366852 50649371352 103461587158 119983618932 129476683799 11263937790 38656227903 39996224856 78207994931 36524191386 57358812535 94347185022 94724698535 49364601696 43308836346 45422620164]
[21989082752 2344958137 28345015914 70078618672 59467953396 104052314104 4917076799 63758215657 28703135775 42415660093 66022635173 93588607142 10480212098 136261435781 103297169816 57469178717 41369560802 94194417844 58174439232 35516863890 40514987169 49243251744 50654630536 15625006295 17555864907 60267886824 49515652937 7962689590 107252691090 132301406004 59350429656 60910115859 1243672533 46639303072 39126164343 122122552481 110550006161 57202240434]
[124125725118 28233643404 52859591998 72450212506 86999332982 111904503667 18718061197 24279896641 40479767309 83647667519 46657162342 136803302470 88489295355 116683890160 66213405632 116131902027 102432969983 5175104210 10127083761 26307585514 71420748647 124528859401 77221640747 26194056480 116182404978 99527728379 104622068502 107443404369 8585194877 114836214981 805341427 22255223993 97195648158 130948115956 105293805158 76513719454 55462929196 99396546259]
[60157398655 90275146019 86135669559 67918410664 32974912950 88350467667 93273101360 33820687684 75109085954 132464241608 488681402 128223749072 129009530943 123713402800 79647058766 27896305204 90423972900 14154801125 94351157469 109064400520 110067641640 21095520780 28583507212 27804420929 106768513280 66898231603 4604601140 16562524194 83443639090 42692444622 72724973636 116384918832 95446786475 111147521914 25133486889 40568161392 122931981371 71722977094]
[54218451286 44843197910 31250410079 77653186190 80314543847 93323563816 12184193312 31073433876 68300070482 76353123053 121407157206 8870149134 48472964283 84049135003 5446370284 50936088771 136850842141 66024159139 50587483183 19542603737 41604295710 89166222332 124436575508 85813160547 63111626306 101576068594 45087596151 137081724082 37046446146 13594900080 21515644045 41403399826 72220178255 26118677005 33429419663 75014081809 23128736793 72350149383]
[80462903822 6467060214 11877846728 102641662435 6250228038 49102273851 8156095237 122294949854 136713543951 95044288348 101118697989 49124231467 39034413813 57074305091 23443830953 62327541370 70976306185 2207857091 7730307413 127686848587 60888263359 109556351827 33637870162 120981897209 35344951372 107576598949 111036014856 104083334578 94096488674 73598579410 9756981845 64968734652 135418665211 52947423209 91571051148 84221719043 85574491000 7458656448]
[44586058007 52533804661 7584773219 49305938504 72476855284 101252508051 114494412765 66924023326 7648643815 131368734325 108609179257 126202992066 89957749428 4566143271 89491947468 131293142463 52872128001 81047169136 54061193537 5523479361 103781800963 30744927945 92888859249 95095852867 19131426123 6439431494 132292545169 44026026775 119484608659 37680951502 18648617281 122661161500 71039094805 18305466367 79028937213 54106453524 109507462871 109690493892]
[81302704041 1364579839 92633719923 345089209 93212682120 57692025971 79956455689 62212600603 73552024063 15176942792 123121315273 17335849623 107579346033 120417057225 12854998995 35841312500 23034919976 22126244189 116019707114 30622495846 58713141554 106723930867 98975902158 94682150493 58778881306 109155083192 123867726805 44999748928 96235416732 17267948637 29704623115 101686107132 33551307681 12753662809 101260397295 65313449130 42938284845 110930183310]
[71365220634 112365837173 48815013413 113049734670 91906681650 50533563349 104058525565 86459307628 34005080452 18609820867 127178689508 30201750798 65674256596 5881919097 5603431124 71077909653 63281846352 74000733279 92461840727 96829404742 1415999475 68678880289 5928419868 4445474350 96650261561 59837367159 55421882684 134034180779 12086541058 96193748650 74979481880 84266858378 61032785272 107983239999 77442927405 58126808314 71239836871 21848727998]
[4885952030 80728112409 33170599566 42110824984 83097117360 79109908867 42667561044 30283687248 41732034416 34180799218 32919793092 123505880941 104487731111 96055960549 4664584239 33746939245 34978326115 104830327585 53547798106 80536031367 74357005424 41985284620 30058540909 89504758116 79037130849 57383110604 11519030256 42996803239 104920020019 74580220445 27633628379 9223595398 58870522318 105854668056 51319397223 108801702339 99775376725 113484742083]
[25722141422 68695497456 110664316032 7003267302 53902031763 12358327645 111936984940 38315319530 89620921251 21326430150 111213103748 24812134774 59388679172 62221921450 56766870765 25667064914 35401536593 113535261202 78181690091 19022430083 30300390737 117743217703 7026501188 133669101563 104791340840 5722387737 131238885242 113085424496 33253716305 27239724200 68034986248 6524294054 95102781270 63537337833 120597577571 36573254530 79161129426 27798925170]
[113710390595 106329397287 14673554512 102578389272 93935376147 91106859788 83838785089 55568615122 61141549474 25745188900 112486007039 17708420011 76862144755 14218032246 56044707055 38760763521 59347792236 123541735657 125590845774 68854128797 37004323444 21839671929 84624994614 21044802927 75002591235 116881908205 96031173434 3101824706 121009550742 9846094113 57048934784 13484390247 41222442199 63045766933 77707778291 80689585777 95847218249 63106906736]
[53742484761 8647777636 40999081575 14921847058 117257439378 90558958042 62827281083 44438513121 18393114099 107284462968 78703778082 46703292527 40503434301 57358881856 76901632567 6626230414 6038040573 104925716103 51420126118 14967037007 27484299431 60332098942 89541645341 18976685141 45193678585 61524155696 7455299824 92271940296 3545990634 112518140511 37272373582 70381433695 60150589795 87589678242 134564842324 113516375938 22521572546 10433742367]
[110836505101 78038168181 56174631307 85204675801 36011138691 85223949131 54685191417 104909081520 21436561366 72627359661 62939148341 94290528391 85020965682 69762231287 105080387343 48884115008 34552329274 102183761106 127116592227 34307926716 24058489291 53244654731 109348015298 39783264397 4377661806 80286776020 93444985548 64947663000 51982631032 18071829247 122067484482 122478943745 96693304671 104822355498 2915306701 104495480095 121886005882 115276084983]
[124704267039 120317726526 131887356473 63062254713 33241206015 3535032898 2498663017 17465254237 5336427973 24437069566 74469146261 52346063493 101084398289 62463163155 61501675242 85770660632 127947726558 35011063156 38436064831 57472773933 117176847717 57984430201 58997587448 199157926 4183134873 125850508500 59910460977 7253363804 90125182508 78077837877 96773601319 118224348515 115812518902 7416632609 49546685232 17694750944 7478123929 118898738322]
[103941145463 56933259888 99130136908 64480760813 64823793684 20483578385 26896808454 96912567093 135603619475 42916476169 35447956848 91423117863 120017259197 87724319427 6452638987 89429054769 109155749205 23634799739 46858736805 109370448834 133118106962 66588817526 79744231354 89669525530 45748206879 23110337060 121713789585 124400677495 64704976386 99347955 115550546717 11065699043 75163930642 55125028515 41464200294 38159946406 123272530535 122013385264]
[21969106248 99931753722 135599744654 120069209578 36757747639 35286818954 26320594938 68622518793 66821906710 22759345165 2580149164 16684474875 97381538917 51903335272 49810444595 47456562337 90794257443 129159778535 470943359 4666842452 133844549209 39462983119 68556044326 73244776219 116931495695 68728291112 105353049692 20467222712 27178950563 124956654634 52934821176 133944652027 13647696545 125605628287 9386040940 53064032692 77579333337 102782795353]
[115997524666 72033273447 30882814921 112963675596 88976359084 131133374896 64855308494 116887872517 51910143656 9177334065 14226023840 4431074298 15707837792 96214503500 48274103369 64053044791 104260962413 62703882789 16757057731 86690460778 55103613498 75905524114 52820985655 56822479907 20356296561 100917978482 101923962342 25442532228 6222701451 62881614224 51268263647 29562661021 70173798935 129062053859 136107372077 84369174050 91227183854 40288130775]
[46984808992 66133089279 58569008955 129721990051 134058704691 78143054089 54035977985 46091638709 24343299664 111837605688 71607042920 78791475613 5104055479 85067289412 105260224823 26335926108 133368145171 33904682578 18703834748 5239707148 28701552031 20298482919 125742647501 127770821928 34317426341 67406394174 129210029496 86376780113 49556021447 87275353442 21663951526 26806146737 77185946672 107352958564 13139518045 134266704743 79439552520 71632969762]
[23495439867 88400268746 22275562547 103205477546 43921308006 93222492191 6715706287 128330556711 38773285053 131142947203 105690175155 42425109807 92498005045 86186719897 3480416703 85480476982 16992145310 45470512494 36186814901 106954948881 75743087800 28307636041 33506251165 50438108718 90271940996 86748412135 66741481517 10898763635 123753159062 82091176882 75744971686 98795990727 70396469259 87482122538 54190842089 14594923274 2278482080 69851279899]
[20068656603 90758307024 59499067548 110654838094 76916812816 119581978371 32904494697 76556761155 40656312529 101186634705 53586665542 71898104286 123449300793 115990135560 75989791812 106977380703 37467620549 8695988129 90984812360 69071858238 24008186083 129460495007 126738438424 128755018584 35670243002 38363319564 130482775607 38357972799 114961957204 119751038724 120103538411 25889529779 64944579104 72157222976 122269342889 131761453333 42797584838 17215568735]
[14194260125 35793828912 78097404986 59255859364 48337779692 87708017784 39142615634 85758298249 58629708452 46605288090 19071240783 40072675251 134166844239 18251878147 133861722362 46415728988 104431869350 100741281460 43323861034 66997319571 8144039553 55282089592 19703260677 5335699460 24009692736 66892560814 127502007774 132595022529 74497396684 15337319234 8784421177 14720171359 71373590522 32709913045 93384616249 20001708790 98801518323 48227193148]
[46401149926 39554789672 82576983940 99566585035 42149860360 55095293732 24205493444 27970841233 134793585072 6158660267 29601307142 125696110941 2325578426 125187099863 108297459536 20887738738 62732575271 123811621908 75874020081 87867523027 105623323274 9113934105 96031045514 119257520794 128801161197 131378687975 12908970606 69111530900 27389916112 114540478131 69494108960 46977286604 126028664624 90937655307 63501760711 16428225776 20657966646 101272530699]
[6853047576 69278775136 22600339242 29984812771 93210080987 73987404230 95066438679 11034892203 49122579307 93708472950 54894127335 1377917554 103318755366 126954919520 31713880434 28322263639 20840021005 18590037154 11185369413 58839931431 107292696095 40985758300 114476453531 93760301494 70647907420 102042834346 103989911739 97179909428 130604122418 50376001633 64513558385 22397930334 106940242441 130914261135 79836022290 71733107385 21354616719 15621523628]
[2563846828 77569331645 3346488900 70435977357 107238596612 14669907969 80739697607 37491132446 85377444919 100967643928 3634288046 48873326454 114942181200 133018109030 64463408044 49469104316 110434549549 12957242158 77571328112 13848353549 101377437784 128208270843 112221158746 71719109612 78187592632 124846006522 91502885433 129216248454 85862290347 35315166000 94187388145 130849163015 111235516078 88575078708 52438807863 24608983357 45369358585 45338781824]
[105588849719 111779973272 33775607385 85047787289 4841074172 79126279015 64836937815 65830739146 112307859138 45777691330 118520772194 82194898001 125596443201 3379210648 99109666396 20298798956 112349445093 25654129183 66538815297 254856751 76326458011 119376924406 125499431162 93036665112 17339671525 64125224637 83109196215 85655374426 89313270343 94717077074 118804599157 18830360996 46954462694 13880102639 132986299409 9668280861 111960469074 88510061805]
[127582894914 8832172951 90113122497 63321872 17432223694 128416285800 106875287516 111932862635 730722413 79284812929 1823733193 41924078467 87674632399 26718710779 116626656436 5596384094 68868263643 123269525209 48523463740 118553297366 17232492202 2393929903 97481039273 2671628365 99888075997 77640401246 91080456470 100946648785 26116100856 108506060146 125458185522 49798697411 106422757662 90980075377 35361474965 68224386953 240150792 56118859142]
[76614964705 47597472687 43334781227 45589146172 33882696341 41111808210 134031541570 127028993408 80615003370 130337694080 49263708424 128980021772 17151740049 74850196312 131121309026 17050771848 41926139966 49647237855 47381280379 76051553200 84075100793 132922196059 26070633825 29796315544 64624190405 38735391819 25421611916 7152164086 64188136190 131085247736 87559238146 49417854525 117350326226 103920235618 78484430065 136880919768 30464013104 25979470333]
[126912414673 3385498291 102098320840 39695333763 91597870718 79570269200 77446020029 49182908182 4665028695 80234460418 6952883154 68801383790 94102423037 37781224086 30850180297 71326692065 72542255429 84733064719 94096002800 48640257013 32209298681 25004160008 35926934147 44761718585 48664481489 64453710434 1682161661 110798823169 11652470434 39499042543 23561252963 125527723970 37193882940 58193404637 21008990268 30197301875 24873281405 65753968363]
[86140090782 84147348926 74345812039 67428847757 84638105813 119431403322 69720469063 29341368348 131270179448 57933756484 97344257518 135595778814 77337737297 66517684218 85180118678 129576346898 31163940930 110694585462 49566357265 118005476839 112935313400 130783003951 6105018955 81763718554 113574512880 34325070881 57185642432 78095295897 33284561819 50966861107 63605884494 2433598621 133816306463 107339636948 80858896631 40994149025 78481225694 40290882005]
[24007711781 87019115422 10400576031 123722342498 61328225221 22783602972 99354247072 132989535111 66195737439 58748647893 68024098302 127903062302 80078108736 42029084014 59925193132 128174072511 4739527772 57877716274 103688769729 87969457267 136374249905 21938331577 115302260848 12427917383 80550011579 120669471845 17813096548 123921868831 46978384774 24864864675 76411747374 83072673921 116440120830 22208428672 31110321667 124754389695 7654064919 57183068946]
[135824020709 55389218070 61578739245 106907166372 33838565998 100154203213 31090354379 70840659645 52252918315 133051963109 133667847755 61022377170 28852891604 59297695722 66560778418 91827983704 31365720350 11628184720 84649652088 52441327545 28664269669 106337048442 119674693095 68841296936 85366490225 38366083059 88663059090 13636052068 44559494396 72210063283 115412795000 113278497987 1765094010 46911036088 132385136776 66038661157 73858670700 65314552099]
[48369557037 69535435247 95952798394 134579975214 68140651507 85312582552 109761226330 129479377499 104978516883 47608597723 65108390765 16635999527 47850521761 66863196116 280139482 120473659923 114566072225 30477697478 111035665851 90910947670 85945031275 33465836179 55911291207 132828093909 40393613620 33693204030 99635496494 56392810384 101485661325 130304633876 95598282332 52061362576 36791949578 123745957180 128499766437 45647495853 99920271940 131059629179]
[109269960123 53122592103 64956209087 58555734169 125589086919 95003997122 17711686610 106272966848 131581332221 104602766530 87153573665 128262291314 42507907544 23336334979 2486682070 121253746866 24108993158 82850414053 116329071124 46846976258 119855907512 71946298595 28834061727 63050134903 135207761589 64176712939 67739665758 88442426289 128075406470 121384467533 86571397977 77291070074 82172377301 42177289221 131174886953 30522484152 4069766286 121777888103]
[75986621170 135415705778 20729478510 69164773425 77329601234 26196924271 29170189647 72420607365 123064351270 7161674311 116215715160 78301739746 123290342487 74764530643 19132009211 13102780912 125537460310 27234486411 85915733293 133110662292 51548163447 66938406563 59523888557 99989736503 99826273552 130877088350 16153271168 96216273007 36099930220 7746765738 103913449488 5549054642 1857514557 131734384151 61688804456 53716079184 101690873067 9225454786]
[36603488276 1568850676 53433460372 109492292986 126935174739 1326738755 67723034662 20270287808 62046596659 95097622622 49412222078 28529723325 69893374942 27739237952 73269085135 29901999214 123210714884 25907950749 66732768627 65529697147 114480063865 51774350664 126552290725 118822676963 100051334282 53895975980 129449040266 82812687367 7958718033 53107827767 106278062582 86363544734 23537603864 88656219600 91667674552 97043308719 2626964196 134109404366]
]