[[41506242490 88171163838 106992321234 66093542639 101060496716 114854233990 47348576847 94662480740 37345162321 61675879613 64042991707 49661837922 137222988519 115009360156 7314701391 17386557569 102822373112 110923741709 122839543485 79851941758 79373062527 75855562483 102289879635 62339308917 111500156145 107348398902 16362118155 40972704716 35491190581 111678888297 94205531862 40905550460 75525602356 56493451199 134881428348 11812792967 7619389744 19098650122]
[62574346694 24737718478 25524385181 34230232516 58440901709 108145625333 137062202804 134173114460 110289352401 122405110417 101549086039 135896335762 8713219337 106233135279 29727419311 7147690626 126840336566 88551878788 112835903072 88949188889 113606539489 10243273027 30214209228 41245931602 55140169308 7987032000 104431317539 125580585816 69923055950 40852897523 124085579241 3132224162 58680303793 128292069729 11232304508 18586349837 120637437292 48642187172]
[10615062121 30231371487 63064257628 85936768835 82890705102 109446955377 86679388791 78905989298 33898898956 99090184870 67327457691 123007476990 104524571150 88523930021 108800373784 45927913677 105035568852 108426633608 74672482191 22199601012 134929450308 71519679289 96695781739 41080726796 21906616108 110823987048 108130733719 103365838351 77299748999 50828096532 44693635176 114846597605 51531554770 129957688128 69880776167 43611602316 98160315077 60708856561]
[112433150561 8048497927 84348818702 53179833833 92239445810 44525009138 9148286413 77572436091 62318513547 66901180402 65955151725 134790792233 38830236314 60127871300 14245088102 14407264979 55648256268 101514019729 116331382059 78153218809 72282072317 116205624889 96785076674 50288033103 64551433099 27364862441 73157424049 104726448337 89846835260 115601678739 128141159143 123250793473 78494686926 92253918070 2782909816 51609809616 53467004061 21680404486]
[136450995941 932671963 135624353144 127690237014 43849831766 84893411744 114566564022 2098173720 4833118754 118231798279 94541836988 82583875391 54422472233 127471078820 65176851554 137194044789 82255127306 105423054919 89278695607 136707070604 20147199147 61451316599 26952814494 32385859276 84106677503 79792789438 34288268580 70188531283 73292683566 85342738759 104488179423 66904551626 101161049497 112445591463 10916299341 100604224598 1097968342 73067993680]
[123242912738 49636715809 51075553755 65788451921 121774105466 113846916350 243738004 87049781979 125028034905 43295995662 123823243865 104084014492 112352369369 10315660533 75017293079 39415928513 62815311170 65590831897 128676462166 5536385379 57523060328 67165949308 131984856884 30303620746 86793686342 133296405400 42902184605 68381878047 76901178667 8423152082 8054841325 94853228969 13465973548 122354023743 5442157496 5669576964 71786137468 49330718010]
[20177248024 130373841359 45218544254 110638551334 104735935728 435809005 53235076843 115657755231 35646020208 68129983537 97096914292 10994936413 893185082 77666788713 126300308107 100930382623 26000025775 134261571125 114874270001 135309591394 8583403643 20298987802 114037464530 56481060725 91339738374 112428138762 99021861391 67029422010 35150594785 31772563216 30833171558 22564106511 21973996331 66317317914 64029831822 122098225174 7977151412 58719094789]
[26290381372 126201806086 115608777587 105436231984 57698432480 132427942518 62664151444 58791443397 63243636147 51164928777 14765841153 56034803976 116215558262 90734419923 130625557145 40122689379 45406537801 95697981358 3066486418 30594990922 110755493118 9064901972 53855591469 1259506629 97387706822 21874040148 7301186336 42774882115 31318245240 87609462772 574739240 15398472317 13912092774 36260709028 95777536004 56759926462 119750056022 58187987078]
[11081223311 84198025785 100294544626 82500017331 34068460163 81622696651 68437743289 14270260580 1785872927 25524635631 28671858680 61894567783 1538984677 11761239854 35454687051 49926594123 83417158803 125518472457 36924632739 120835517524 90235917778 37852901975 10652425716 41796503479 116291737206 13849616881 73412051248 65860409780 29467996670 19111484982 19622517524 6399830172 130834636403 77107354444 127924999229 115408366499 46032930377 91918313529]
[27058884744 68711109964 3035484694 98935958708 105244648536 96058357813 20713339999 3752910743 24258196166 97908893889 134544830574 129217432880 8917327800 55543488228 22977045275 83774671841 69484828922 5387457036 104612135677 132906337185 88549810019 38088624938 88717792906 93361920913 2584113824 56039794609 76256440183 26615307854 123938877547 31750870349 62704978093 120673867453 105814311815 59983206626 36008448366 71411465478 4935845586 45675496933]
[113767632715 93350358742 64033599876 33348353237 84642948408 71077660633 24944411792 99050298842 131393551664 46268121095 90134806324 70480481135 32610112634 129221983637 69471350068 72365152493 115094841773 88663160025 85291136558 84942164123 70848312080 117031487379 108154138329 132183220868 79952843617 20954082759 135505496445 46794768089 17110653273 4173692281 124739235658 12582438395 40198425561 122360927600 64817936466 58449551257 62130035005 74825739576]
[126923683896 121370730072 71824438803 58927920721 90583737678 10663548337 21559519455 68916669623 14543073510 96808217143 105703506535 21660902559 96845401186 60375146223 54060763486 82381567948 86222265610 116099948073 108822999497 128001926610 24159284047 103052988583 94837166531 78903761725 83880749248 75753855066 85530387360 19108592090 45866327808 8698181020 29181507818 135048733450 98354454640 32845743812 62400521925 54403709975 93564380954 81993755927]
[10270341312 33068974402 123429597834 115657423570 120703478125 92795438747 136610036200 23923404113 84743701392 8831776410 4190037991 76115918191 108636626377 115909139349 91166017867 101692857884 130001532970 3615762540 99314301016 78609928947 58944088851 113355472756 40653083802 53228756008 54919202415 128333573264 46165819947 117097375388 65686644409 24298130063 104159178884 4981862464 5412458488 123981581003 21472769375 47177546157 64573660016 132975334418]
[59722445166 129811584369 7657672849 106308457834 74373675819 58866755721 129851815295 42717744063 92206583156 77241477562 121027664987 36726296746 38436422288 56264874749 57260210762 59483970093 128615143891 104640337254 98947751352 109408120239 135839457479 10513778522 137040167068 9167244646 42886860111 78323769290 79192142740 15521651633 46572591889 126415134336 8353223830 95026398064 36016549961 119037444957 60459530928 117589323091 12415794078 29620123087]
[17731462030 48642235509 71579496324 90415754131 15905689201 74100605640 90431496497 24549976002 30546952603 88934174535 113902837530 53949085695 90518336022 89221524494 65481135488 12502213277 131435743235 66383940289 37584058862 131828220307 118587517673 126267287324 42041089757 93801454080 109768934914 40675934032 100836809517 83559823525 49378457841 121060341277 98456102252 72756181439 117121183732 748875845 106123116799 2103741038 133178221922 130261710319]
[33675241052 53286295873 87742635372 137265385551 22593160755 80552483842 124128576524 111383177187 59517574 59530764168 81875504884 91543453713 115513753317 78579954906 115096055869 7734677335 96236061414 56146096379 32181632831 7100969493 103713969720 33474805229 27790883127 130446535472 76603424378 105054317521 31075674039 10237520708 24179777588 124497551247 73001879197 24071416673 43699822666 64311757594 74309436176 130259982657 130530464308 89429072420]
[41526115987 36529192929 29427693942 107120738807 114468114720 118040928225 80481594022 107739272077 4667182177 10940130983 92837802261 65485642192 105561839983 5283304564 71947832827 122713631618 105167760608 131698071190 14235732976 137210255657 82161935523 72955374364 36466292599 31742387896 125099516164 99962113069 19307200674 71765405967 42972673637 56398727636 44972261847 134427060381 122408142868 120912717274 51238421866 94057800774 36896028553 97503918543]
[94645492987 118090216312 105242501364 14184780566 31676828335 17062804291 6120804865 73548221132 115488339639 88167804441 41947783148 14197452722 126200762251 58491170589 134398627516 130672566653 70134630304 41937690675 45332464717 11360163069 39372187192 1337599539 77492633977 32590275882 87843513672 125047273412 130635762891 8951550388 69199158361 35219449721 132474568921 60762357284 25978594516 115915478698 126339310888 3211169374 46124557522 129828598120]
[7481367561 65254344952 52592950677 57477135631 26282966743 18188348734 112049260971 78236595704 126212243306 65073755338 16725264305 72612997704 36905787263 26139830538 21212276971 65187167913 19237514792 135480669011 117384399823 102964419457 33987742075 116361038020 19784630550 17566212229 63759564420 75573567256 30913204542 112331562102 110097771981 48471209051 14287853285 117574282154 43985991702 17333381382 64433573103 80237463825 129946664515 70627819112]
[33220345737 39816412475 82997505308 111438013918 82043226390 30107801276 16695991059 64016016641 123242697738 57959765022 49978563127 129889734013 4279363340 120763948858 41010399601 57426444983 125297640119 107363872036 34216521526 16749743423 53588303383 75279186219 60870214661 100325322679 44419789864 116142670162 122546159407 95670570498 95432265400 46422501592 23975322305 100257180445 4915753585 85669209841 94416269587 47867329801 106782601977 133108794518]
[3916844772 86901334916 76517850931 17799154330 128483759421 30800488963 135485511042 133854592666 14255118747 6308904418 64935960888 136035694446 59110641181 126804141081 92475473300 41174403434 23751805470 3699077285 65075365100 76774551205 1262911130 64518599600 112188057063 5699580173 26451788241 28523647350 13944049530 52005625516 29330495264 56772727725 101194018900 18827974009 137338738397 79050855380 66112219351 97592087922 39895007584 40701661963]
[61659804063 12362636986 124540832151 66317767835 46337376903 74128467341 120803023401 135875846335 51380296898 113004714005 120985582201 42093249632 54654109161 77437069043 117593161559 166169755 12258259904 98273703399 88797183452 12888165632 100415115723 131932948210 13175173206 77990100036 114823348731 8146324807 15440051560 25004780927 50362977234 124535579773 41337008832 38927440063 37631801985 1320855780 82127550325 67305230798 127123506038 128528923420]
[112758076365 121401274388 36239796535 78958678013 126367350857 49643996870 31030374676 31744735340 127133482499 102977378657 77911055431 86309603188 42608294225 107043156121 44454613032 111515826628 126529217615 107961858974 67551715649 111672217593 51013664432 72332217348 8968489584 22292817347 2873287911 19796824741 89380483966 111764862937 128563211936 85381112184 131104015321 96074453928 48879605650 66649853313 11311343306 68240793359 32877530289 38054152148]
[103134449997 56849379189 4241121762 44896696263 61341013699 127122797695 43291294713 37257384019 87104987209 21181671575 121490270879 89989789610 133777851438 135569359643 117547404284 51992886525 69361294267 75590753991 89350450705 114577853341 58308754376 93866251723 43586714834 49750763397 101889511502 56073484897 127325716470 71610880269 88941453229 49442335719 136048716828 7648354901 17468554195 24939548304 109679691149 3036476919 66285060068 109943334486]
[100472952604 30692861796 32709612657 113940613996 39915322643 121735037435 101337660064 118435534505 89307618657 28437455355 135733376864 124665315 121230887137 25236842725 118388417747 55762155376 89690437686 64516484046 59638681501 54846230161 75347659491 84894785612 35926971956 59590652123 82925432042 18384254415 6429002352 54154342883 9329330263 127448863540 125721435771 111731372157 105532772338 30715647283 13478622430 95880499138 33724035958 104905754421]
[109133086806 7039050842 61847902667 130469684735 56900437134 44668883716 25761144394 11604860874 136130664896 8272372106 54017841496 107711428926 31670560619 84996008111 4562471957 16134143825 107095305547 6428623021 88884484630 93170487622 60372058896 134742087097 83104934122 131702065497 125515846791 31493116501 124057092191 91076877571 126661771964 72876846553 50256035102 82396208460 15279037256 118469536649 34541655144 125489717691 19834314220 136842111844]
[17143692380 75474620266 62819289545 132457894044 47776625727 30774420764 116904727601 43819383078 65925656935 96341998422 101530444331 3461014391 78184545970 2979499385 100337078606 19533226906 133331981893 103311610263 31227847632 123545768770 77313629567 11505841674 25720429436 32740850013 98849407925 87620900971 61060211386 43206018850 133545718844 56428752432 25554354670 104457266087 39886826662 112276024004 29983676104 120640938595 101648507988 84357046266]
[54188023429 124782651365 40378616807 1341750880 101858076800 26732696101 92826846110 88075932409 55335189915 13630753500 83972015811 56067997564 104696795906 80721967949 131082790308 14051849907 84293513998 46286643355 32862649162 58332710229 59419698516 76691295527 8112451208 3117454365 23281265139 90093266003 67232628628 112750227847 60903657887 51862058384 10892260414 114775252006 37776890807 89854299784 38925932712 39818359868 98360026936 57043180376]
[134353341787 10785707096 48128253461 67656636050 70491429419 68257747406 4661100386 8358296176 128791070373 81254222199 87658028203 77424158000 33361069917 54450077396 41693966887 130256886406 66576682128 97026822170 67632303783 55322434540 108275134950 10300041173 44973350510 116669597400 121704915819 137177870099 74370050325 66345247687 9733625457 8298587334 57363361801 57041525642 129757444946 85007977188 76563704640 33596246032 119965866603 136276037017]
[89704583297 20321811486 135691077144 57776637361 23467204140 9173143705 98508542566 3155728011 6582440528 102741901101 110843050007 35125235347 99267922019 76182035238 103889572057 69404057239 89779671802 55795506413 9310439019 76418665665 25298139495 8923324533 92492916102 85888410574 30227606002 117938803678 120438588383 85438739857 116183796324 70512666625 90654756959 26357083364 13955926954 53271266946 127485154284 28228917337 78547201560 110176468163]
[125748097115 101641828104 108904944801 46119258779 2315651031 48634711838 45327337894 47563306564 108670260588 73363273381 130743837673 124827110135 85108214868 131147690458 120618296251 15656344545 80178486474 115860052396 94907318756 63779549586 55342124694 42589269079 38806570968 89227838002 4874094455 50976817464 76276689292 101940040226 782144619 122256673247 110362692671 102826652293 7161266990 121172095244 114631417173 110034200921 7979195622 137145264937]
[101989448844 90933326802 23013157773 7299928073 122808795341 13289309128 85851437080 131071088928 117537990012 9468507982 135423477622 125455678569 72084441451 97830309892 48099944740 101964589281 131042220068 129175924385 29362074618 27950629442 83565501340 28725495119 88346192302 117830719473 59466358344 130462357389 126415206690 117334245409 22152195939 46254591464 25523922850 92398401305 114030688442 117584058019 64068096701 136878555977 62863949629 106569936429]
[101226058636 57005124421 73197754060 7802046086 78682610485 42253445743 125483590722 67046818260 74463713343 79538751028 14365425043 415409402 37479486407 100341523316 92542169415 7635845776 63258036158 126357436271 95148629727 67066706358 16542136633 87386046840 89770902292 135897560770 58564117929 38176429831 124192940755 121093536558 126400199770 24678855986 2295326859 80133295217 130523246724 87804724479 91356715067 103435364859 134128119987 65825648962]
[38190577626 1762001571 66097865139 10682548081 12295419414 35717179680 112018169023 124569363472 114681043982 714363922 69126533047 134971180161 74770518645 48923029125 41367642802 114937268674 51147852207 116724261028 104577190253 11092643347 118631537350 27101392908 72443614334 97231245909 90763117522 63621055941 68899049692 4200409591 47566460151 23917697252 83663980633 91075078729 19540132981 101742694384 59523699382 61211748838 19839386329 33189949899]
[116727988966 120111453875 118948084560 23326729930 100469534033 100919603951 50225694019 41331553706 35970443978 31769270823 37155581825 16698708707 21429297984 110011752474 123213386048 119123590323 1532186628 118427127911 136186057638 23608240149 101632550871 107635890447 3127994490 132937778750 105559952545 85061136596 32855548867 17436097973 17919182435 111286561201 1416798185 56583897912 15057204790 110326996872 95634246402 1959217265 60076083528 85012052140]
[72919366497 68616190769 2594095764 41026383810 20451531971 123396543446 77476931409 65038126948 3853331379 38057429425 133624499246 77197496957 57338517397 114767435818 37265684100 42727046694 61846316115 5416630279 98317240210 18815243391 125260496425 103229540006 115507753776 42805250936 76420192317 57444875420 125807547062 79613175903 110695055564 30446070137 124277194628 133068422652 135268705775 7551616748 136197179438 103076105039 136595349547 45366556229]
[19991748009 49475041356 100287150067 119221754175 34795882069 85433542537 57271986771 113918203195 5256689679 87346328005 47901443977 67243476223 11748441330 66476017944 87684367594 110623433609 100191498754 79811656896 33748797917 44944107267 8708213960 21817814065 29044068069 40525743340 41021719423 69831242738 132406413313 87418657191 42036545628 24998812629 116308972302 32708605406 37604221168 114568215732 25985140029 132084542104 83523141668 50252105036]
[121435131508 16615955011 25920725753 120427286908 36019377986 11571016064 18434491030 114480028054 50716346243 111049697390 133425664273 27067070882 27666579319 20745740301 99771344832 23209857966 137407310655 20809379062 5134100533 102287538808 62633603505 65476058852 111938499952 28661238358 90181564124 40462872873 59397788998 56563056146 18995189453 128182164884 5524014753 102746081613 6489150419 99862778743 135751868977 120485021571 135326426145 63230318235]
]