[[14976111951 15700010120 53578376483 57742096405 51406185547 29659743092 37827567312 27564872579 52980259651 11418600092 11476948683 39970348885 35632087026 53209609802 54403425023 66358967305 13212929314 2770863680 22665755372 13391615300 59415234007 65618561397 59034640181 22472271486 42057357705 194142883 7604881346 39769124191 22574579578 23434903633 42286542680 1425431781 11706183880 30947191138 3104501638 438280177 60928024049]
[56797675621 46189939787 28399510437 45547779204 54082873975 5146912581 47615980122 54957118417 5513843156 41459834322 46026289938 23902902095 13644185558 60990964657 15289186028 20422375195 65119565867 12373359575 24751363068 51007884244 61026810195 19207339577 53807543403 56555243092 50361989553 14489576731 23681732099 29019725751 18731546438 52362341706 33805921292 63051413140 67616846405 37196016433 14439748386 12839479194 39555765174]
[44425783419 11231774670 20813520356 64328242830 46639375994 36940610734 227151387 17273920132 54675886148 5716958705 60712392059 64193897971 33395293146 24009757971 8042869569 29435541664 31169001149 21100439677 18102321144 59051041061 12170042617 33986457564 34484862024 13862504441 30692696952 21385779668 2104446086 5468092368 64674812550 44728943837 10169159334 61145386871 45604448415 4228624359 18395784450 67182365680 15978657516]
[16382572353 18947680633 23868630654 36587976958 12107774304 20006239265 64865588002 34480442099 2990371077 6256003116 35380815192 3925647709 24198180464 65160504039 28758617175 9553359497 49218569278 13792376045 41956077917 47892284100 52139653340 57050752812 35768465586 28237664734 26187756540 66701128035 50919640507 56284635363 4850219452 26056214131 2204795604 24283438036 19773385119 32125976444 827550114 5168077464 37941335007]
[33545462436 57449201854 26470692654 33784600949 31464258817 21365366213 14636939749 29862471042 12873992721 20474564729 64639261475 39004281876 39401429136 26554945963 39465434020 57426127487 20069162365 8920895088 67073895074 17642083174 39842963728 37662465033 21389254863 48665164997 46158571145 55254651639 24077478760 15403117806 11796266325 1878550410 16107327539 56110353620 12490589931 36939620445 66200337489 26790489853 53526520706]
[1970611523 55015960759 43105476269 14800940672 46654990743 20003878001 399661277 7581675395 14836980134 61731600850 13357074047 43883667878 50808937409 41018664347 65700500573 34434695051 19726589687 19810883872 67436266680 50118214685 50950965308 8148294355 29925496698 68627467460 19715694443 13814142276 57331164658 15368408238 43381164764 13182370742 41099131398 49342360250 6425041386 48158778120 60153629516 2209109303 44804678302]
[35414656307 29385263035 36020338408 15859086624 2252844095 6141247617 63886220343 28138581453 22258288002 64057537716 3689374091 43846371750 38753645844 58051919075 9645046733 8634307952 25186874797 4354832922 33792721581 23508525432 219863195 22730431028 79344402 51168732055 41074025725 59851574920 25193271086 57235503804 55083467241 6235280571 68483915742 58711060063 27011010923 56896628588 67821332899 52820696226 34437525017]
[51939114788 30192662958 47563643393 26890449949 46703694472 4687144513 65304227739 58088668256 14011782702 59282013563 46754960686 64814545634 66836013942 67334069813 16948921150 40988633636 34923774439 35101809005 35451165800 22237886932 30477106551 68357038859 38080200462 33470312180 54190230728 63131638637 21301934753 16878164156 17617858202 39163791421 1534443633 66973019820 7359575874 26840637416 66690124534 6286266155 43246022025]
[61689313548 9059678802 50007405721 66338405843 43813513891 41037216132 37108387628 51180650077 40549298683 10137590730 59976416117 63269412747 23504996685 63620860216 35160975611 64462061039 21080199656 17421669045 6469548624 8094202126 34425277026 62284302172 39969002118 50424966736 9697783897 66268468076 58537672566 54980153609 19671303330 42058494386 871710449 29712323599 32247024441 9997886101 18943612254 38951677442 4071319909]
[27883291325 55008152705 5562005945 2110359183 40578234364 42572833669 14068981961 27274490676 64260983485 27523204776 30865646471 30105744538 4778793553 43414429740 11276849330 18195648531 54501045375 44953984905 62401962687 30998443654 29318361901 32115593333 13075639289 6707625695 23215176497 30493226402 59528311873 62333891486 4064403622 6352882308 37665536898 66663497493 39278620436 15895334211 59746979623 15161247703 13942542740]
[26097809426 10592900357 19313809998 5613929641 39160497985 41609581774 62970430442 25415010904 57638237604 53985994715 25870914589 56117689115 47988210742 64060901003 2790575543 24252351629 30239727153 26949957179 21823555082 55689884357 36405062481 37341991793 3278773434 20226245479 5928026433 35717402058 45229076881 22401254443 28688247945 45914355361 23912779901 19865821744 35044216899 5333667653 60784550460 38762407962 31862029932]
[20262405724 2434201325 53360147810 12448287217 60212151782 14998074755 12433653963 55173566423 5124160510 23222171162 58048999948 53022081620 28455079507 7284702016 53288658690 20514263479 62383750117 46845492297 6833366109 58082019075 65498984696 34563836634 30728504719 2134952163 61850486399 14442008396 27946912777 28771036949 18570580814 11624493275 6349371647 13461622039 60329810237 7263759375 45927012735 8518777464 45794015380]
[51477076449 4506094867 4165496116 25305937425 42805196881 47163920798 10127453785 41394806091 45218327847 8792593431 33440363110 62882721637 59728386745 14629363848 25496465846 55824759137 22224274171 22231129216 10173814233 42449816554 25096366956 8785615844 47786993386 48927751000 32107596116 19118530763 50405992066 30138347692 35611655226 19146455725 34945287958 56803878009 5772691449 56690793673 37911332003 17822278317 27242186392]
[20461572276 46174171721 65970712585 47352902740 20964759483 49593083571 58586799220 1055853222 21579970887 20064657905 60724379487 30403477144 32919777564 25287857259 11539282130 66361717750 19515425019 67891853444 29364562000 29291530602 5624398324 4196273158 63769239980 31161581447 16241995716 39443821884 40198327003 3001262349 25937631844 61554878931 9492088058 8391673561 20837076691 60610397921 47687834074 29581856586 59464455796]
[7563351203 17799314938 49856076069 44542412234 5506895254 32960256818 53841541353 14161484211 10674754683 51634404853 42815400938 4453884775 16169384624 50048765560 43660550477 16415045434 12587827287 9804337732 10656507349 65595399486 51279136424 48048762761 19289978886 24071787044 66346952064 45248075926 62694613795 5948918495 8522133402 54680159532 5857224192 40634362157 3178030522 33114789180 63204250074 40990951248 13654130262]
[22359010848 59361731677 31447295128 23188762112 19144842222 36042372084 28341230587 59998683377 67282666008 14248929745 21968172809 296322371 26821945240 61280460655 5287313812 2147372566 21812572732 29166969516 11416668578 55823546233 24060038352 8463663098 41774109750 19244292326 27240774909 63908398180 64028274473 55231746137 45421975113 19855306888 65293721515 28423444997 13843635771 27158827135 38692124642 37157923574 4050783863]
[8261570508 16577038436 19744528577 4240410201 12307295818 54966333787 45619991964 54225163698 33416760807 24814470003 15193133380 31648317047 40326101788 54027473582 51766334765 24871297689 53730273533 55711371431 6245297082 55440083225 65754700013 49220081378 19537433870 66257725922 38819683172 30088672057 9337808812 45268314561 64162826628 7371127743 48497141245 31181850911 55658237332 32094384031 51115609020 33893868589 66751360353]
[48312925920 8280419479 48167562383 9441332592 43167146954 15358705863 2928478277 65426173947 56664202097 23630609627 44724638126 34535605453 10153141241 36600011182 68603595181 23467331141 3421709722 61359192336 67933196379 20925928455 36787400257 66007962263 6287294937 44959199686 36348510244 46396685926 9181680104 19170229548 11042193359 62063469828 63906294763 39354438138 16326219961 4678599039 8919154946 21627527659 18195773162]
[46483953887 16371921210 8232737142 366163782 58198260161 52903444939 18896530141 67193934727 28932860670 56612336565 44112004234 40767360476 45646016481 16427554452 16243533348 9545517319 11752065933 33887216629 6679395717 49406725097 22355114776 19277721954 53286616568 51831985787 26771705958 10839968634 54271652877 7396639579 30527246059 27906107097 710124740 35753159129 14101915788 34159072557 36578506696 30019585651 29717408454]
[53540075477 30408488397 57060703615 805377397 43682318167 41944253970 56218280010 15201060920 41673796620 44780855941 11481225476 50590196472 66043241635 59916760551 41205854694 19876793575 14271589963 48614841645 21798871305 21192537400 1495785246 24871120087 35217611267 1406223239 62903496769 26167419276 60129117820 17474337154 56428749891 31718744553 4678580755 37567721655 1773207233 35767495349 32476257865 2644094838 34051195260]
[35628594110 68593347357 55617075444 3988460229 41149526678 24521442187 13928980858 18127816606 43066098367 31061723057 65942285642 54321261293 60742589615 10854398321 42970831870 39485666743 8577418460 39053943775 14123142327 31617718940 44084139829 67631030373 58015057273 3232898859 13168628833 23354966194 62482998396 28789508953 59223797938 34839125339 15439738557 10335438515 6876389056 33464961679 28389510581 56784095061 54601431341]
[12736903088 7243926520 54342650906 63030489389 47108943834 40200868733 55050432620 60113091215 12180695805 57976252420 42347218646 10022136715 23539824142 9707925682 20561554402 3601820933 35805757622 8580344509 2865794294 23159860525 52792453329 49327954329 19320745924 61731771868 45819695974 9644088583 59991824472 30167489821 64899508089 47089002225 47528525574 21645207338 64301318568 46723212165 27429085228 10701212561 67341988033]
[65166019229 67625163757 51887101024 25238745675 25075814989 41747615800 594042148 38116000813 43637725954 59507555389 57213761732 46917364228 10328940294 26267170996 46577215080 53431196764 28439072199 14083803325 36652639150 65194949659 4456829960 39307749791 26426005591 66140887138 25684492868 59304372049 49902870190 39607854741 33012770336 51630349885 13784128734 5489264431 41405331827 16385214727 12635147317 33005486116 1904014348]
[22184798865 43459571093 7967164346 43345376049 52642082648 2759777430 16511925363 13302182690 17393560044 23260007577 53449777550 58915427534 65159008091 15085982730 67718083502 25735804322 55893810645 20729791613 60319947361 54284849470 64142409499 14097857950 1883113546 19551160071 49498537447 68401448952 2295751445 43842595594 37997277132 24929065050 32902360847 57865378038 50719965198 2813639794 29113814407 30911718528 28371022598]
[22469490048 14408755002 55866033708 51604030418 29284789589 13697370457 36247555754 16671868338 54101122353 47175066898 61980504625 20562837367 54919796030 43447425053 52924321257 41303589214 11251950531 29707225327 15912124228 40788250203 11149393017 8005711651 38861556986 21295302040 60632319835 12349041248 55662841748 9922345847 50857356547 58952769829 50332983891 26268601773 62432580964 41051482649 58542766309 33054408053 62269622874]
[15028332859 49389294539 62575545299 30462716759 10286493665 11978071014 32168116806 9190301597 23806775633 32734847275 61834402332 39966904414 2948771165 32415550408 8477517797 63661718140 37561202479 27582830105 36064424055 4881099318 19642445935 11674627700 9273314952 16092348245 8959175331 9003788817 57311329781 22250049339 1342611812 65459041903 49350862508 3649268333 18698445907 30565124916 23857498724 26753404603 13447434498]
[25436401036 14168618697 13554037467 52073072086 31447508685 29058133221 48628794092 12168645605 48989125020 6654573017 7060302726 5853806171 35066730112 57300473585 22760772040 28641178416 21930191936 60864650692 23862296280 7996196338 8265300056 51690007888 43276179434 23844162771 26747238508 53733333710 21565668753 35881388037 23936290489 3815762499 5294480301 53089835101 15130884812 21081520669 30460843388 55642224846 48442258016]
[38930362937 14558791332 2956097325 59602542574 62063092184 37979133523 20445068098 29446260889 19026523045 42725075397 30693590947 16542202429 19371483306 43549989710 34487972772 8280253832 66936409421 12914347054 51496323077 46777315528 65871251677 29609929044 37108816426 46120120405 42269941932 30830770661 25798092145 34023300843 28731099722 52966650220 5712967460 46702176605 14722017010 14292077235 10903873583 41764229744 52735895040]
[53322591815 35039493993 14659412359 62869976453 21760647510 25608872299 15803274143 48607589373 55450944618 49401525961 12028097715 19785239945 27935213482 4967599840 13606569864 51245687880 51013706996 25904538924 49235039619 53456391854 60870216393 21314227661 57606679905 14658859334 15198356544 17955182125 66994320709 13819406060 30860330507 36889532903 34650049194 35181668249 45601534119 12219796759 13443317699 24535463765 23569874723]
[3429916980 38232603400 65994259054 28384781210 28200825465 974835177 55279597548 33086127386 12550526274 10622003126 11544626378 64128105200 5213042163 25596001272 30084227979 25278518076 28614907699 52126633119 18236208153 40880685591 28487237175 1050666580 6732588318 12006725032 47008990729 15580447523 53202076739 43488146363 16232396408 39872570542 51289796008 2123580726 56756495644 64958315992 63826818944 52032285216 49217393035]
[29259668817 54357781331 39017492119 36590276150 48008687660 47085367062 55373235302 20539059614 68585401083 3794416137 23764331662 64714423017 19871195233 10261188938 66835550271 11745493596 31192297382 65071595675 44156003641 59688541286 25580464438 36437585985 42926958457 56542804103 26908960019 59587851431 3693643445 41522349214 31619621024 27520060202 64844373558 44148168803 31026223852 8959803966 21007136020 8437623474 54751037969]
[63248394679 45564747865 38147404375 572093779 36143535141 598930786 21029188429 14457662851 6814847229 57248049775 34995374548 23122621245 14351983875 2095462438 12346177686 38172812523 60878551653 61162211865 6772553850 49662944029 37194131894 60002782856 34128113758 1736093549 24440053294 68465981413 27396726028 38500243921 63504837929 67690971959 14236947572 2677299487 41990478755 41413530740 64077647871 20077971006 42414270604]
[40867654366 14721128489 62235956517 10581828385 52627010473 63643647945 19356287999 11349160501 21636194792 27269551689 59540870935 47798702901 1866791499 17689028838 7741840745 1058755812 1857571931 39274111824 53544844038 45221887409 61965581454 24206795599 55908438831 49487698978 22559965817 68468851861 34513493331 22935485078 5157133327 22270072693 59645275766 42669688423 7959517755 68280480440 24748729201 16259498629 1420791424]
[38024441259 19199732200 21939292681 46902421584 64512062518 28507180881 54728141982 19003604372 15283178126 59958033147 14577945863 37219298492 45502239739 40563051205 22382947903 50195552545 63244379670 18850266431 24031643571 41706982729 18697119504 65302130425 6707188489 55508021432 52664650638 21630090937 19042376988 53063829467 38978620112 58335831361 27047369673 42317878832 9896407039 15463042108 35043574990 44970439748 29855136515]
[27657534313 21063420770 194593197 51513917413 16340660961 35973887001 19723711810 56834112361 61016083156 19366173695 3164266822 33166625171 64231917019 41783045168 52904008106 44638964141 29381214811 43463237237 42980666815 51124407942 9097255397 62001267658 10990828416 39071438483 16942261838 41737892381 47272628580 36881516392 34882813351 12594461425 18655880700 59771839955 40952922881 39551642733 3254292765 8178115568 40841046968]
[65001440526 23440011069 16679135663 7139765526 25733235273 2654717994 19642891711 48212159321 43690125301 63241812516 9253429038 59336041544 22116022187 2675045564 28409505291 64808559539 56388626462 23816009560 6801528122 38481149879 30195495518 8557788401 52635277668 32042455410 6105364089 11831814644 26252775864 43890087898 17711268895 4132887867 44745981919 15841034770 7977229232 62310279002 52709679388 66254500613 25125798452]
[65127980721 49871276924 6111164259 36487095313 68288704384 62388528463 8834594913 42524805791 60175654548 18960938266 53149491625 19346381925 665754323 30403413297 17348399234 54894416227 59760862465 9408021567 21294652476 57988258300 42363893381 8304038256 59287647266 11963680158 61615726692 14035418891 27267149938 68459766044 60789055714 49368909595 10728472592 65747858020 62834395644 2896413687 31541906852 18984555470 41225955008]
]