============================================================
APM Result
============================================================
Matrix file       : kernel_34_80.txt
Matrix size       : 35 x 35
Prime (mod p)     : 17179869143
PM block size     : 2 (fixed)
Deviation level   : 2
Minor size tested : 4 x 4
------------------------------------------------------------
Matrix total time : 194.0439 ms  (0.194044 s)
Minors tested     : 9478656
Avg per minor     : 0.00002047 ms
------------------------------------------------------------
Zero Minors Found : 0
============================================================

Full matrix (35x35) mod 17179869143:
                0           1           2           3           4           5           6           7           8           9          10          11          12          13          14          15          16          17          18          19          20          21          22          23          24          25          26          27          28          29          30          31          32          33          34
      ----------- ----------- ----------- ----------- ----------- ----------- ----------- ----------- ----------- ----------- ----------- ----------- ----------- ----------- ----------- ----------- ----------- ----------- ----------- ----------- ----------- ----------- ----------- ----------- ----------- ----------- ----------- ----------- ----------- ----------- ----------- ----------- ----------- ----------- -----------
  0 |  7356670892 10313002140 12784435544 14162791337 11033850935 14144160621  6774540872 16443448749 16177325774  2065664457 13724551597 12386143493   334240840  3464985037  4915621558 12852340432 14783028746  5673250140 10078863606  1003437113   281076658 12224880041   498011831  5316519687 12709246172  5431472794 10615782674  1562810548  7914356564 14920517866  8984745097 15056871777  2334612344  5000971046  8043866112
  1 |  6164485376 14925151268 11782217191 10797472082  5192359808  7610488479  5859094166  3103672721 13018692632 16765142931 15290921198 10737632404  5763209094 12909715018  3746773122  4843677164 11440344050  2288524290  2624926006 13658065327 16393100223  3882741228 13509395064  7531526390  2838990703  3969281713  3831873336  5125727151 14863720009 16313312518 13426973987 14734628302  4572849288  2259813467 16277202987
  2 | 13248987239  5049265893  4999566637  1363990007 15674413000 17096712003  5719470807 12632761640   103005721 15931733597  3801103485 14984618990  7115432339  3044119221  9029649961 16592436156 11514630581  1068247075 11457454281 12915640577 10704885957 11091488432 16633148218 10130794538  3904812817 15955170355  8890310431   584138955 15545912046  5195251104 14131319107  8575036077 13754924883  9978334312 10377138820
  3 |  7160309665  8379103156 13193583405 13263306428  6959651140  7897095888 14748647732  9934999824 14548760905 11682027525  1750067332 16163974587 17050434910  5763103074 14822963446 13754359512  9172562743 10771941855  2583094595 14525037940  1994824178 12869310171 13485237792  1920156329  9483190977 15055858816  9636936015  2240308999 16888865840 10586941590  9731427708  2848596061  8052625072 13589221920    62592224
  4 |  8353750926 14745404594  3325298004  7685006908 16105572505   141597698 10106294718  3428448880  8522916222 14097839165 15011157151  5721357614  3718107791  3325069565  6089753752 13379847860  6041022633 13663924670 11837841824 16285173913 11728490943  8450029007  9199092367  2109776318 13462894358 10018134002 12462417462  9471482352  2107006494 16168524462 14245724108  3809597256 16673929694 12814622630  8144868859
  5 |  3039800989  6622901075  3370950036  7089161787 16977094289 15885288514 10085630815  7874804565 10608942596  4993844294 13090457159 15296093518 16058270414  3094045909  9992233065  9252700952  9480828842  5252190379 14205849148 16178086791 13841053988  1433703692   314080349   129457380  9670080289   126560761  1154225240  8925317941  7929424894  7389805116 16138851537  7755476816 13589169545  9363169483 13586929149
  6 |  6715723246  7746769703  4447001729  7228924552  7064212592  2680293217  3653450519  4372796444  5764503728 11765976907  2390292763  6024611600  3528385457  8679486023  1626865641  3004848784    51741005 13592546161 14165684293 14763383378  7341047903  8561602656  8186426587  7112047841  4394158108 14957078526  9307879555 16902059472 12523840427  7531268668  8983834134 11131251947  3482606674  7236173115  2955809163
  7 | 14571573168 14386970687  9976689724 15340576521 15354531662  3357959886  9773663969  9045900559   713199814 10967429076 14331467083 15055455339  8792926505 17179687080 14991947838  2678866765  3185590796 11337846229  7293090468 16765849984 16941835146  1680610091 10491550831 13660500674  3931246992  6077416155 11544042704 10205033305  5719914406 16153117343 11989303682  9641542379  6991485551 10799086726 16862866394
  8 |  1859301453 10989972576  9557952927  9130455846 12375178137  1697743907 11001149913  2926646820 12812090638  3101715375  8396784880 15052077277  9419569109  8363010079   789578293 12660833581  9772958533  2267582450  2026133937  8643935185  7885084176 10522877237 10605528638 14475090147  7071905908  4578740263  2723824107  2839982031  7786026289 13617531377  9001454085  4238313855  4331887550  9428393183  7656774848
  9 |  5569057920  1571999725  4714463936 10826812809 14384692130  7228474875 12755014141  6000990045  9404935826 12422286649 17124796207 15611958487  4020117768  9960466547 17057793055  2492867831  1516068036 12477508650 16178060298 13595988453  7087820960  6629935823  6463830095  6441083484 10538473177 15498954662  5072629575  6257328065 12226300019 11614859127 12205666279 12686458716  6797464486  1436468727 13381648860
 10 | 14604067263  6418740828  4825508104  8358587470  2474550186  3495544113 11546616754 12486079397 11450012723  4058929286 12222338634 11577875460 17148044938 13535062726 10446366866 15079558449 11112905828 16479144693 15845166377  8622997687 13034025977  9778223679  4315661355  5998286033 14505379721 15382425503  1393262257 11412571488  3784413193 12217410173  4078580794  1031988512 12648652252  5467170895 14029252202
 11 |  6503813464  8373302835  1634750474 16689023612  9958978205  4594835084   775261900  3156770468  3031040456 16329850425 13324135738  3352958230  9749886355 14596093857  1666491084  3252664357 14874672703  8325170841  4738719626  5773356109 14975484512 14093004336 15472675662  6268694985   804973667  5914110153 16012662866 10412497742 15348425314 16030017508 14493451751  1524920252  6012442306 16182760453  6644382269
 12 |  1899222273  6938343860  4597747011 16531882617  6079992234 12545860739  3535548632  6940769004   110953970  1838536129 11923476637  7492108016 14044752662 14807828284  8804877849   259945735 15654336164  6987586049 12465884740  8401667324   234881384  5427064658   128323720 15509109347 10637847369 12656765310 16752577918 15560018299  9775399641  4204839649 15673526570 10521312701 14453205128 13929401522 12871452072
 13 | 16828947144  6159959545  7774343176  9105533621  8877016642  4695369387 13942623205  5346778324  4531682960 12904632483  3520934256    53928625 15350322684 10686836470 13744175720  3563901553  1968146951 13456886569  2030680210 14882358952  1058765387  4875302517   468293424 11343854504  6798127341  8193236745  7437564540 16429059005  2759876782  8278007963 16137594425 10071974582  1590073323 14149390188 11027861945
 14 |  7793009563  9889306005 16244248387   622749591  5203531902  8646259701  9013625126  3183128992 16906283067  8733001118  9719659643   352952708 10848760161  9147646894 10586561330 10060502377 12524684276  6611751114  5364534271 15275101898  1362383240 13623633266  4231872286 13626230226  6860538751  9822611260 16795431197 13938937108  9089298998 17055013705 10525011665   959435988  6374115391 12716181449   162318611
 15 | 16435720870 16235823793  8154506274  8775958503 14254150371  3138621984  3668618528  6770010630  1388392687 15210871384 16042909609  8133449522 16265524975 12173164492  6396685729  9812500499  3191883005   662596458 15950950613 12877550034 14268766942  6265794557   626683216  5325307036   729973935  1441780578   697910378  3855058595 10888960666  8549613684 11292429713  7612791486  6271110928 10242361097  4395090968
 16 |  7699813953  8170992587  8154348782  4107577127  5861361465  3724155251  7788769779 16187698750 15089325688 13664745012  7051597950  8661641458 15653051923 12156098011 12727912124 15525005880  3071264104 13584791293  8262734099  8985004095 15931332807  2732178202  9019778230  2358625784   182622222 14865093533  1470430489  3005524215  4075482420 14248929356  9626180030  9864326155 12911648329  5555694423  6151714861
 17 |  9642237798   680156030  8782528022 10011398499  6388454627  8304943273 14238010617 14202421239   543035026  8502733739 10897682788 10911352409 14217791040  4585810732   256754458  5005410598  1276473654 11170700649   997712545 10127218381 10126746556 12504004382 15156849750 10143841185  3590912424 12245271888  3850416319 13615954877  2323627734 13653818576 16221193853  1909495924   787607960 15245784123  6518566686
 18 | 10620413919  6928919489  7740351804  2361462129  2404095070  6497637915  6350393528  6054755120  4432756407  3148473573 16636851279  5125892039 12181904370   458730350  2953311899  5361778716   574154982   190496052  4418753732  5562627939 12840688944 17092931908 15331419205 11752878376  4993042331  4898851015  3524008950 10309655975   889814382  7540803345   184390805 11236890045  7336143622  3537884287 15043998736
 19 | 14542458461  9597783083  5209005454 10621661208 13870694787 15123620221 16197266119  6311635704 10812865600 10710231690 15323187315  3547496441 10885686680 15308049438  3508562066  7398032732  7536349142 11113180071  9911184554  1977603268  4165870632 13377061092  6974409182 16137858960 14694847065  7021556057  5972500333  7064052548 10086416772 10503162710 11249694512  7870938052  5065284275 17156078574 16327710641
 20 | 10484520298  6414594441 16988656841 12692414862  8063674655 16366261504  4682189164 11210301486 10785628918  3609213152  8211550698  6320411017 13835467622  6539685502  1822151044 14186606354 15753969285  8923761946  2191348808 15290338134  5774320647  8807833096 12552554789 15796454518 10599450121 10320824916 16787549043  7075494353  6757579635  8450100579   619913983  3091453731 15799354929  8395566391  9423776709
 21 | 13201263378 16147105694  4992139722 10268534755  7329157594  9837815684 14964567762  9589905308  6218582130 12657974755  5169224891  9924479395   924130259 16020791830 10352332394 15743636063 13913828792  2851003746  4775807020  7820490195  5092311322  6502398607  3843740075  9278217143 11291992331  3927167509  9686711980 15807689456 11970483695 10475481732  6297606590 13744569927  3000806944  9894731327  2734581817
 22 |  7425065908  7558818346 15628539097   108937613  2292250247 14452091236 15698659956 11287299464  6285770976  1132972125 12712015774 12441910508 11047742775  8459659555  4366588662  8877519334 11017944576   683096556  1855085152  7597048234 11314001649  5263136720 15182019839  9012119253 10037766948 15698840668  9920206919 17179361857  9537909676  6079138707 12703033200  1173173401  8027948715  9314149321  4490356378
 23 | 12956635536 11909463642 11954879453  3815923675  5385446961  7594496804 17076156844   515748520  1227464294  1154822707  6938068652  2619848958 15346490915  4962032796 12033775193  8473604577   400451237 15326394182  5982520241 15664246049 16565402946 12187952625 13416412550 11558608849 14734960791  5095989242  2529438459 11647192827  6228205945  9261032333  6885660838 11787832996 13530170835 13004358855 14707613374
 24 |  1937591201 13543177197 14802187645 15460398040 17033610992  6245620268  2858234936  3970365738  1045137331 17018677764 12476494987  3483214750  4224455688  6097057259  1583747966  7844940218  2841438646  9757243990  4335005544 14441453487  7296220447  4813130644  2519918658  7395414697  9794940249  4264436793 12573313477   466222808 12228485517  8333218060 13140325927  2194276107  1953395302  1074053511  3652051539
 25 |  3582243090  9569194416  3699229131  3501883011 11763939235  9523850319  2221571176  2525687647  7614936119 10615927464 13601166012  7380750580 15989246438 10723236898 10563810594  7123049478   898070652 12137216137 10552994051 13879099711  1791226770  2177731322  3533718535   411658694  2484273410  4859761400  7779865384  4902317631  9448822702 12695582802  2104297544  3236234969 16155436285   883124641 10722959624
 26 | 11832356352  3716112841  3077841577 13029012696  8507422979  6025152219  7377368340  4981877685 10619791451 12938426957 10157519810  5621771953 16083114171  2104948389 11422466376 16735635501  6899208023  1224796005  5165258237  4641209084 14034580380 11890150801    30356539  7162201614  1772388001  6868235540  2181227853 11900720638  8874307965  9302208699 16734041798  3465392507 12444060256 11331933776 10204840372
 27 | 13645830614 11516732414 10442814234  5087627222 10760229566  1101442862  4303454308 14990586439   724639829 15068123452 14863960690   618036381 11302858166 12473744733 15698173274 12340296280  1834129965  6897455427 12290127595 16256954825 12717803218 15695478488  6512382047  1786454325 14919139888 12094531898 14554435921  7611076195 16614078229 14769654741  7955409828 14821916086 12016633679 16837190382  5118805538
 28 |  6082886527  7267740362  2127673320  9090111103  5323387469  6309263316 10447518898  2000968932  1830633164   368163784 12755053272  7365243453  4389421589  5965427055  7541620769  8345672390  8352942927  3532519773  8601680954   928734951 16485866781 16580825954  4190590505 15029261273  5397057121   939053418 15456002971  9173949378  3227637895 10500174883  1325274906  9714635335 11865052085 16719126891   340302831
 29 | 10175696866  4590815420  1731990834 10661266495  4381237292  3546004643  7208272574  8167309782  1920102434  6162818735  6089112418 16007987410  5770029172  7272335006  8253874348  8869752440  9284735687   368285281 16870648762 15441854091  5063102783 12005394877  4221761648 16361583292   348559548 15350710116  6061774106 11091556233 15582821719 11832428673  5208220061  7744528395 10499735201 11136192677 11911144812
 30 |  8694914913  4911008846 14643001590  8538011543  5670938425 16401157716 11083595555  9112862181 16905532394  1224960190 15944805836 11896490358 15001171392  7570162269  6256854480  2498594036  9660767526  8281871845  5861698305  4225590999  3439059298  5015887730  9554138636 13745926492 16651285906  3478028896 11244431332  7060311337 12513009901  9258541565  3760601820 14098225160 14258450602  8535953861 17041015586
 31 |  9952061871 13338407045   158999364  9379090522   438296145   448354093 16958140303 11774350013  5519064981 11531622424 12981205199  7273212577 13977765753  2375212781 14021494542 10530865934  4691001608 16489941648 13109883310 11172521524  2694622131 17094817451 14769492925  6636048839  8658750067  6431966809  9723210767 15339953290  8570161024 14043092503  5273486896 14743854226   599889889 10843862149  1495997056
 32 |  2204305977 13885082168 11855408731 13806566501 10609679838  6458146084 11687992896    21828027  8898307083 13579216538  2443291526  7089082119  7030191025 11640571191  8944028990  6319514229  7678669620  6651369856  6829040945 15097737669 12123523256 14777243606  2868339460  3180014262 12775800446  6447262203 15134096571 17088382086  9442650436  4972282946 13702913050 15068587209 15210122497 11102484492 14813722527
 33 |  8400590552  4275408766 11430283686  9700723579  3255395030 12643163562 16263015842  2678881856 16210152809 13387274014  5113408911  8379005070  7267317555 16018393720  7423957189  6640493313 10615820656  6113296305  1414706922 12656877256 10332013887  3418796038  7407100002 13149020826  2407770182  3776908133  1453031108 10793719921  4759306618   346349237 16137854731  1407825182  4350927130  2844718269  1289034621
 34 |   755895253  8545508742  5479227917 14320647101  2087085621   413604211 12392370485 15079280052   973171277  5162821088 14693858684 10438659378 13035674223  4422703267  9864836432 10008550730  8543199720 16473817179 17178158135 15858455513 11664066188 16756163545 11988761802  8053420275  1901933627  3322824831 15814050862  6096909855 11706080481   738370794  9680580895 11144376552   227343156 14907871818  2990040045

No zero minor found at deviation level 2.
