============================================================
APM Result
============================================================
Matrix file       : kernel_34_34.txt
Matrix size       : 35 x 35
Prime (mod p)     : 17179869143
PM block size     : 2 (fixed)
Deviation level   : 2
Minor size tested : 4 x 4
------------------------------------------------------------
Matrix total time : 194.9531 ms  (0.194953 s)
Minors tested     : 9478656
Avg per minor     : 0.00002057 ms
------------------------------------------------------------
Zero Minors Found : 0
============================================================

Full matrix (35x35) mod 17179869143:
                0           1           2           3           4           5           6           7           8           9          10          11          12          13          14          15          16          17          18          19          20          21          22          23          24          25          26          27          28          29          30          31          32          33          34
      ----------- ----------- ----------- ----------- ----------- ----------- ----------- ----------- ----------- ----------- ----------- ----------- ----------- ----------- ----------- ----------- ----------- ----------- ----------- ----------- ----------- ----------- ----------- ----------- ----------- ----------- ----------- ----------- ----------- ----------- ----------- ----------- ----------- ----------- -----------
  0 |  4772061880 12297409417  2623476440 12710797548  8734761580 11832781508  4758351319 12956224697  9314605112  5145992769 12929285396  3753712165  6371694271 15379810301 14581285497   907676200  5476234522 15810556745  5388764509 16101366746  8861260748 10164754648   920926573  1144710948  4627378829 17179169716 11621895547 14704995120   671218949 14088788112 12599770306 14349607590 16553029179 10540838936 10557308319
  1 |  4185312495  1253609310  5563478316 11685363693 16603628177  8150641712  8133599945  7276679140 10604218842  7102171276 12106777259 15998321884  8301007086 13992529152  5865307242 14023872266  9659481774 15938085480 14976646956  8609175234   574267315 11679949080   731554813 11511064689  8743876517 14160335183 11267037921  2777383618 13086281013  9651647341  9523655476  9071552648 11014337523 12515209075 10190183496
  2 |  1218050170  7015519785 10040235010 16535909773  3825873803  3842706087  5626234028  5054055800  3534299616 16210826382  8184531494 10625465389  5122987630   224901766  5492416718  4036236284 11543131884  6437411713 16091162362 11682089340 16740679798  4673670076  9413611006 16466699205  6778551271 17099912300 13974168261  1698744136  8769469979  7966641452 15727022349  3683782667 12027927597  2106326228 15071971167
  3 |  4294396392  7171050436   103783194  7841963762   462147362  6244103320 12738273716  3652669645  5594639034 11669369555  9993537905  3843230089  6989715215 14522718427 13450104483 13609061245  8548510464 16312273231  2475199936  3543612394 15474955575 11293005130  3534558281 14827010600 12429338067  2017431526  8632467405  7827625976 10382097845  3555285132 13654668588  1753837679 11522549284  8393713974  4781531199
  4 | 12044150677 11990712996  5647586763 17085446439 14622330134 16673234193 13839931754 14327443288 11464632749 16745926066 13225341469  9937108675 10355501561  7328360477  5762673888  2473807000 11318081266  2431466110  4883993411 16870153690 14833701262  5001346908  3489843989  1201716544 11111555692   231912131 10047449288 14024063873  3705348818 11609637406  9808345379  5167065893  9176655367  2235390180 13097452527
  5 | 12646631005 10245460409 13834978937 16469124467  2480142017  3288360128  5341308226  9103954443 11585220548  6358615424  5248437417  7646750472 15773031063 10733173085  5295323733  8308037503  7224339869 11838507616   904468129  4765888719 12476136283  5607179703 10832332893  4870190287 12138762699  6889214864 15576129801  2460130590 10200962223  5540354186  2220554181  1395205084  5242182883  4308123378   352177227
  6 |  6791438751  7104079663 10518250162  2796571771  5506298411  7098136028  6154611314 16646044938   745019270  5494572835  6963344040  6800571014  4466367208 12025682774  8929200958 16497098274 13968967542 14229892275 11738386431 12870725855 13049883456 16800193694 14351600677 14364965002 15516463526  3871368147  9817568064  6626805427  3427669966 13609708881  8751236704 14600217346  3439232884 15783153431   878374088
  7 | 12073186865   378846630  1018219762   804426037 12245859427  1074580727  5657150172 13262151511 16848438535  6933675292 16610958378  7035793517   332776816 12938777992  5408273133  6334803398 16063522374 15474093494  3262459127 13384150743  2034961647 12405120871  5213891882  4228149145  6630223820  1495291601 10295254024  7089517060  6711394464  2492594964 12472736513  9831669191  6328433307 13736389968  7641848507
  8 | 16079748291 10733291455 11453509912  9874187870  9299942909 15969901619 14684232761  8776288204 10591115490  7837688117 11654029422  9689536196  6251476612 16219888539 10768917455 15862623380 17070684202 15097550662 10482445428  7618995549 16762528190 12447724430  4061030796  8538549261  4526108618  9405958931 15601873294  7844327568 14882200144  4952425741  1830911045 15732605999  2108939510 16115631728 12510783714
  9 | 16001078099  1417824893  5818021238 11747449497 14134746802  1317955644 14372142041  1140706443  5259509826 13016789533 15134310399 16060983170  9271275209 17125527230  8960117177  5488691570  1565538996  2049770078  4948407157  5854261641 12403666512  8369451861 15184311692 14092177184  5754422454  8319645982 16315236334 13568859093  2727816885  7056892498 11069674734 13753256725  7977861881  5532802392  9605016284
 10 |  8987459302  4691027589  2688245466  9080838916 15024221995 13275533666 16308726124 14912414959 15627905021  9692825326  4678821405  4438963040  9540713202 12359540760 11958433710 11870909478 12540477198  9650759015 16049574637 10296548220  9158887869  1835233961 16279857106  4537480460  2333910298  2794024521 10388004427  3222511492  4060859860   990853242 12769301107  1497799015 13483092649  9357910868  1935434953
 11 | 11786159070  4679639657 16855482181 12984195817  9675231583 16118241715 17167862087 15795402289    58008350 11323036627 14205410081  3888712849  6970670650    13001504  7608249989 15889521425  8524687303 16430183259  4463180128 14350658071  9487446516  1850109015  9459450944  4689258711  3814338635  4190215112 12795240295  2670884316  4054709841  6316552271  3811883614  8754999984 15885499266  9528502398 15761453922
 12 |  2242526442 15553463820 16255144461 12303037678 13972299216  4814143504 10808887411 11483954016  4206893818 10174768495 15389846546 12903659313  6678668781 12303071374 10963505563 12087815719  2656309741  2453826897 14304552619  5040606678 13069590911  2139439945  6240552028 11674105085  2319423821  7982092253  5202970181 10601129525   921120355  9345558742  6909992008  1192864821  8408742073 13491267478  6765337341
 13 | 15951371513 14635543804 11856949967 15253212086 15879283186 13964229718  7148373146   938588925   585004853  8703046122 10094576517  1215360579  7201158756  3433638061  4241459801  1866280976 10439688212 12028491766 16002376504 14748627696 12328191399 13884214588  8092957680  7852184304 11689074682 13135751978  3591173117 13917520366  9248570575  4598161230 12984702792  6592518092 12360120625 12044611851 11395737978
 14 |  9980847293  1463679280  8147229480   724974179 12625581253  6882411109 12692164601 10011329110   261181753  8016612618 16314816441  5123629005  6730915904 14592763714  6925923744  7250649594  5085987138  2995442147  8042753132 16000794161 14415626604 16601427137 16438383312  2848419715 11797198274 16940273189  1963692505  3407547847  6210053214  1427287004 17162744700  5965654058  7653796787 14221605708   627952620
 15 |  6606281256 13788390911 13072629108  9577305496  6841893990 15153933001  6136241512  1068560015  3190835417  8944669860 13095195140  7256347896  9919321816 14538733866   818794751  1959436826 13507048907  8644511284  3351587289  7095894320 13058501327 14560827034 11245621436  3798560804 15789958879 15092240698  8120010173 16147215618 10542668521  1204398150  8380880897   276817558  8249843556  8155499698  1997363822
 16 | 13918066495 12941706682  6518873637 10148600678  6170841330 13704946340 12645679062  3005501796  5220910241 14360134220 10231916241 12962553208  5889389609 12453568723 10560643087  4332399437  1179419872   575492930   191768690  9599692301  4612445378 14866250644  2573656080  4828918354  4827689241  4063055687 16101263138 15876828890  8134762631  7194331934  8354532396  7030713432 14275252043 11010967676  4461024738
 17 |  2418833219  9270374250 13680826467  4433943637 13796416169 12663915602 14652820863 10906785013  9360022598 12021189126  5332726658  2950651629  6201062851  8449397608 16182890449  1017023012   325041211  2827200277 16257031682  3401258272  2654892274 11083643269 15444323402  6352343970 14823422754  8471437265  3893857081 14418334268  8983709208   714541985  1948888673  2001688036  9888408156 11413701890 11035607042
 18 | 11532895208 11008284796   440434528  3721234056  4956453660  9353488895  6141458311  2136677190   199124721  1029910306   685260812  7457615581  4898852597 12025761174 12209036980  6178915690  9342092214  9474317703  3620897913  5895932201  8390669284 10819952568  5906065486 13867268223 16258267134  9029336825  7072211721  6877480121 13941362556  8262076501  9651190430 11642265588  4039180919  4229927565  5658310693
 19 | 17013437839 13993115714 13757979327 14624019023  8672004846 16032091278 14027041633 15521547709 13771903966   893052497  2331579784  2296728502 12999044398 16798258274  7909755190  8912859637 11113514959  6960514108 13072204277  4140373760  2670723563  3849173125 12188381052 13083169414 14621370906 16211797722 11935510107  4894413099 13875212924 16281902622  9109092425 15938057331  8767762166 10122531375  6175401616
 20 | 13653452618 11868197239  8557944066 15178948063   968594149  4410323436  4394163491 12860119190  3121221706  9907498140  8461962849  4401560772  8759805048  1788916591  7446037091  8993345720 10714399172  1136276825 15804971655  3737871834 16522022977  1540244343 10572172874 15200052001  6637254473  7980567055  4504903195 13972363736  5661377651 15193379231  3907426514 11488917426 16197423362 13012814071  5863559938
 21 | 15581283891   464208275  9670423219  7400602266  7952746813 15157203717  7078721168  4128135560  1563625620 11299321802 10791157029 14841703510  6237499605 12418366031 11041152776  1993911461 11636120208 12659813478  2845897021  2266258288   127408012 11921001159 15218466133  8065241815 11501182686  3677375229 14224949842  9898270366  4014222696  2109438951  4217170374 11328910742  8785840963  7390227082 17027709026
 22 |  9887069871  9438021963  2298410784 16483874948 14731596240 12043453561  1351297175  3730357919  9470883730  8049866580 10523041318 11586803167  4775223961  6798678403 15487502210  8722184746 14865663919  7482205321  9006984728  4496718631  1096899567   162809166 16187947567  9895386160  6303340891  8223470889 10475929505 12399921509  7168589178 16167766034 10672299977 12561345083  5077774730 13048387615     8217851
 23 |  7632272493  9557045356  3800466060  8602143373 10401442550 16870252375 10565543420 13110301079  6344928131  8670994767   474125619  6130335850 16442338000  9350319097 14894156574  7072261191  4004563029 15895541180  2234359177 11712534486  2086502230 10671405139  8162468010  6327613884 10053031564 12957796120  2898605780  9004716478 12990113039  7918316805 11452878443  7381130583  5274666589 11809489541  2439653141
 24 |  8397153316  3744414648  8822648243  2448794977 11353686838  1891591551  1166839853 16560850466 11151776746  2325808669  7970968465  8334869507  9000596496  2333321196 12495857130 15392884218 12880446856 11489487987  3013674998 15515224769   161673131  6794104641 15513493923 16472822369 16789942738 10680090282  7753932241  8196733374 16041067303  7400137118  9391887832 13566894165  6159068360  9439995413  6452632956
 25 |  1528459771  5496403319  3620478482   190413302  1367905731  9053770646 15245558521 10509582051  9791050991  8948996139  1038103670 10183273760  2149350199 15961179656 15239560282 10958494747 14606241788  6445629320  8765936032  3187371005 17119204265  7651575119   709293659 13240777705  6235809243 11460954019 12853309781   916641460  8884624498  3722852359 11064310621  8037604205  3836704601  3624507304 11608329309
 26 |  2630321467  6256156895 12055053386  6255336630  5294979627 15286604290  6918651092   208061040  9087625487 12919455623  2775915010 14523177730 12598834320   419314704   333903155  8609469067  4867608265  2840051694  1820740092  4443349998 13498987591  3253847048  1027179161  6177820867  7140447360 12331693416 14149706489 11705133158  7817992056  5052410782  4421504155 11228599997  9143261016  3241024878  8195429461
 27 |  3357551219  2334534330 13074892483  1022131307   920075677  6782349532 15052623728  8979128876  8964645454 11144724457 12044283636 10440639788  1937881514 16571903894 10705727790  9987709859 16053795972  1412874064  5746650214  9746425744  4953970637  7769058741 13269177505 15355004920   363219631 13957738344 15267818220  3466197175  2822441148 15739355171 15162638488  1082261765 12870179901 10071581418 15356988490
 28 |  7965900054 16946900328  8860782770  1179025222  8215381841  5615643688 11251139785 11838167451 16455441730  5829670432   767969181  1675516709  8848072204 10945994557  3051301993 15685573660  8991697580  6021729364 10912980773 10992009818  9353678090 13153814857  2061257718  3951878053  5203262619 11198331821  2932691765  6915414502  3873244319    12659386 16526304024 10542787209 10248179401  2875045378  7054379721
 29 | 10242679638 13963294269    34955937 13119348839   999980176 12801349012  4153966087 16370574340  3393912890 16134511497  1241340111   956034809  3623851085 13473963553  3170732724 12267418686  2943652278 15008674795  5057917804 16802476105  4855349745 11325071471 14360861121  7628711497  2575477497  3961105253  5641292766 14824124291 10693065070 14541956734 16702272539   182264018  5207780004  1060462675  1194391207
 30 |  7582190551 12117888997 16735868354 13806833327 12440038439 10957074752   287624219 10525634623 11464703316  2432100589   284293347  8564577999 10862290864 15245370826 16248787846 15293638507 13636937509  1696613332  1002149230 11598854876 11742465082  4939115173   299519134  8346819980 11595233637 16680998099  1653547757  2719090730   607170811  3617186089 15120767133  4663033434 15146235756 16376935940  2688224373
 31 |  2761509392 15913985381  4509909377  3485658276  7092019502 14657471210  9617377026  4921543119  6374973968  2291330073 16597301410 13545738353 12511802507 10749221767  4763629537 13489769709 11041616478 13480976091  2097200115  2927757711 14923256233  7779217264 14375581351 14687719909 11947523084 13778244633  9716393394  8084819698  6046752227 12247791134 13427800611 16444428570 14605280872 16600544823 10314787186
 32 |  9972221769  9381013532 16158586931 15929214261  3709227155 15824776856  3326465196  5626890983 14356013984  4297052100  4568876958  1777651526 17164228676 15759265879  3770003143 16928521463  6016411651  5178026338  9087922387 16425789703 11705171815   392320646 16203557248  3035856738  1993727780  7838546915 13637725974  3149825967   388558726  5251367301  4263220728 15928121396 15993792881 16415397145  2008190873
 33 |  2896361265 10498655062  8944356526    80853390 10331542412  7359242546  3524329956  2017767466 13653281199  6593293376 10399640698 12769167405  2172221070 10591786029  8637376555  9722753895  7717843440  9679722131 15751540117 14055324059  5930201550 14286729336 15132227547  4703897567  1729080944  3845826932  2708689427 16837612760 15235725956  6733941142 15567895515 11433271676  3640048523 13654808913  2192055858
 34 | 16644757850  4473386431  9228172330 16289132822  6580566929 15232225448    20150437  9248202290 10092623287  5053860537  1201101228 11116186624 10935037079 13668120240  3520470836 12998248083  4932494057  5381762902 10954239635  1549763112  1764736996 12774364284 14735442302 12590787482 13495459263  7582883176  7674769691  7945093209 11234382343  1728442975 16816487723 13933049915 16293591358  6825155968 16893794191

No zero minor found at deviation level 2.
