============================================================
APM Result
============================================================
Matrix file       : kernel_36_75.txt
Matrix size       : 37 x 37
Prime (mod p)     : 68719476503
PM block size     : 2 (fixed)
Deviation level   : 5
Minor size tested : 7 x 7
------------------------------------------------------------
Matrix total time : 21261.1428 ms  (21.261143 s)
Minors tested     : 2659385344
Avg per minor     : 0.00000799 ms
------------------------------------------------------------
Zero Minors Found : 1
============================================================

Full matrix (37x37) mod 68719476503:
                0           1           2           3           4           5           6           7           8           9          10          11          12          13          14          15          16          17          18          19          20          21          22          23          24          25          26          27          28          29          30          31          32          33          34          35          36
      ----------- ----------- ----------- ----------- ----------- ----------- ----------- ----------- ----------- ----------- ----------- ----------- ----------- ----------- ----------- ----------- ----------- ----------- ----------- ----------- ----------- ----------- ----------- ----------- ----------- ----------- ----------- ----------- ----------- ----------- ----------- ----------- ----------- ----------- ----------- ----------- -----------
  0 | 41762172121 61090867593 23015411837 19376082684 34821476579 57908735234 42205572307 37783034194 60448834041 49811801804 15852752386 45423432935 16852438798 12771178893  6326575574 16670946896 13697146770 20518283620 64191971304 40691796007 49532871344  9689354768 23656231490 55576998710 68066935197 44004481890 65027155154 27415895371 40514751876 39797011588 14757328080 38879422139 63311122916 65517119020 68307512732  9921931407 25909932187
  1 | 55243367078 50431568968 16343692524 12092154030 48803987209 21267624188 57607060611 38349743891 45068626398 39026714465 68667553184 57991655563 15176419881 37159755375 60206663590 47188467627 40579085381 53116074809 20809576635 16696435789 17182522724 59640500010 47173347340 55427945714 59371887278 36186321269 44586326351 31773032351 31011468599 39389588114 30572178629 36573884502 46634615414 39782009508 47133032081   822686406 26426086183
  2 | 38150564206 41051917111  8776740907 14405054653 17838011202 14464923273 43160832573 31664995288 30186195445 14751297692 39954457004   120448919 23144692912 11258333388 34687996225 28437699606  2233709920 36381456597  4182409660 27310788516 12026105391 43428094519 15026498424 14080106945 61452111684 11035628665 52360109028 58183475529 53795496395 32651060250 46769515237 25899013632 47206378138 47057300573  1513249535  2949129961 49046426925
  3 | 63321386507 27720945856 59325075864  2652638606 55955180012 23095531206 12914869586 53287806712  6187029697 64345137164  8468339158 14552794019 61366223700 52158390507 65009638570 51083740277 64221573451 12123376353 16010231141 20684894466 60669259755 67388540998 29025234040 43818069043 42313991571 61143286090 56345730516 66424349073 14907289229 54394793700 45031108246  6517649411 14119897925 15353493248 58285503705 14517317492 66288894044
  4 | 47420817869  6537475895 39933991490 15727281522 57671206362 53425477150   348445587 31821964272 46731794251  2576251879 33956289959  3605373289 58259041496 41423669054  7752212864 33682463184 40236364934 45003001364  5148285195 31246081341  6095605303  4325047121 26905336228 21651547176 36463892217 22874959009  2963921327 33705193050  8542613239 60806458236 11015305067  8732338066  8747742267 12151804695 58938864490 22540422638 63700272775
  5 | 62852664723 31428265356 12204325410 19001201235 16748076113 33445371615 62240787046 18118768746 33024967785 40450339025 39883462222 44415923470 42698300796  8285605086 36757750128 12245678447 40084291854 19896936745 33827309986  7467567289 38985126873 26318830895 56008955999 50970056645  1672136012 51473315904 18690236341  3260997180  8832518239 13557731437 15875209103 28975343828 46510585457 64269992444  9846603053 24736845342 40791274658
  6 | 59665587748 31058743320 52545733252 67753001952 11971477832 13355843477  2338858749 45176675261 45592703872   714184324 30192758568 15402500472 14126076443 40029560194 31138312107 65619187344 20361147950 35550038203 66018783928  3864629430 35984081022 28921708208 49941154566 30567456053 53369446788 66901327469 51878130278 50525706587 32697662546 58812336881 18365386795 60779525164 18307396498 41673613227 50660850855 37839039272 24778618081
  7 | 33903618365 42364184747 65745174738 13148161889 16136507055 62026345842 23678218762 36638864704 32859838268  2855334318 13332137936 61371525682 26302110342 16215547833 28864787837 25787825019 66952161846  2521258710 57422839374 38596546136 46244487915 60493495364 31406079657  7136760484 25128275827 23878873200 31821051481 59193812799 31311270875 63315646222 47723659279 50763403930 52088207256 17634870690  4751868129 60518686359 45372540548
  8 | 17443266162 30338246433 47922698641 16058274854 45518801401 63246437635 13140470083 54275382505 53110069633 51748214610 10094263904 60093767874 24461466563 12307718277  9761397920  3469391452 39384459339 49012046322 43161973510 58174637685 63526656316 35603613010 52038851079 17858702087 45469045150 36529190461 28718204487 68577929479  6799221932 54399749281 12366967308 27374752834 48398944775 62429429169 51188252809 63955938276  4476474004
  9 | 41240556094 64890877806 48771814138 25803069591 17491606307 55067282113 56253285559   989815419 24726277706 14854843749 17557469755 62615081992 39321139549 62040782102 58861402387 43297202035 61185776145 37940978357 37104698851 42799815124 44002521641 16959324171  1461674148 29632498992 42019805504  3883323797  1119375105  5097121841 38966461316 21312833226 11702314200 45473637079 38825992637 10087808786 27238206825  4284275011 42347024506
 10 | 60285006992 55137014912  6729974961 63215770672 50844864486 35124061355  7033291110 29613348538 45130031392 46406022855  6478878661 57374038911 40175448368 58584025974 10086916308  1592696401 51197567381 13517994289 63029402132 40652899847 27129847181 37049916271  2659998185 52089272386 43325980305 52688983485 46528417138  8025878519 13262187895 14294675274 33117673375 13356687916 58868609411 36920774257 52084464534  4835330206 22623932334
 11 | 51543347993 33061935898 55127442469 33002247201 10898246016 10540574785 62602126753 36605523065 65037132670 31048902299 55199610794 37827432671 67532539695 28962109452 49862077022 53348560869 42564633623 47775497607 41418407685 63465143596 38866879290 55738078837 19089023070 57310233044 66126327591 12928395605 34912194369 13915923256 50618429786  8278849032 11443435089 18760877764  9809281124  4108117161 53207027638 60858509768 33943910820
 12 | 64315169330 32492701373  8162981453 68101361273 43615092659 64613312689 18565408023 66124410836  3220909857 25030919880 63299667563  9262300105 22393804858 21544190313 29564519384 45429710783 44617554354 18022568821 52071478968 42760717592 64199837180 62524512920  4736045154 42741860016 23232214714 37710079164 63914930976 51526248493 66622399935 10366561275 52696620543 67891472508 31111111062 22730632827  3340402952  4342699779 26991959748
 13 | 68078261850 26303196912 62286708322 15986260050 56174214389 53123823051 50638295198 14618154516 23131634320 27599703470 11006925139 27429338937 56787624685 31358198349 12325895843 44561825464 24102155755 43200498383 29725827899 11488623433  1811860034 19122908260 12377657265 23751136191 51016714846 13448460475 32174688004 40608064023  9707610249 60618823299  5031622674 20971422891 11407219018 19669725399 24445416403 15378033741 46265590651
 14 | 15916677856 35969309212  4942118014 54445907262 64090037949 52747992269 43542086669 20063662459 59811825553 33222033168  2730426041 55367477109 53512649186 48299145353 64625916951 57856097394 47668770241 17387276388 19036623769 48300750807 38330435501 58136200307 23687880668  8148537898 38538210375 21551418176  1432964140   447799839 12047444739 66329076585 23103689271 45898591685 46530794501 10859402531 65828606658 46728688113 41056447176
 15 | 18689960161 62478344386 64113573814 19796587673 51221912470 63938591008  6606630270 32278456593 57886755209 52351601184  7524463115 54905557404  7539012758 62109519881 34705888163 29329794757 57141763161 18098903263 63654433676  2585859494 48280023083 45493050803 39103347867  6209235640 55526888098 14013684187 24854652781 54193319961 42441198046 20757958737 46270980095  2825216922 23988803037  2159747231 10003214462   504985343 25350301923
 16 | 32183617249 35781792536 56477962234 57136306582 12063871100 28350223396 24829596908  9822841015 67524719743 57977137972 23944042164 58084206034 48054366275 44485046220  6268330794 22823689600 24880990754  7544154734 51924465226 18789791047 22157617544 27081253216  8458240982 27128999625 61811843625  6680701899 15567062160 51509669199 14575170619 55252045037 46281026461  2612436870 55521382587 54514866341 42806739678 15658485172 14980839411
 17 | 45716640410 24177097546  2223504079 36441975980 21435982648 33644848117   671131104 24098537699 45767164274 22310706528 66668457023 62806994411 45125839394  6446512207 48475042631 47802898079 22305653579 31957533211  2490214137 42035375756 64857480477 57704849739 54692504062 52475250742 20440943496 47720471369 53124283088 46004851103 58896069406 46388763902 59940392877 53484720769  4607863588  5177177011 37694010345  2746747581 59726137645
 18 | 12327124393 27272096123 44865249259 32136344173 10184663931 24060270749 34167862275 56137545094 23523806878 66132477232   947993899 43289322171 13171631842 47772849569 16336160780 36659472955 52708174762 61604275154 56370442654 51017304296 54826915421 25600836648  4182641482 34070611772 51506778222 22809514787 42710211868 45854484585 28397017399 61221403207 48594879442 46287653762 11145325113 28310734513 47145076223 19790329266 42253094214
 19 | 42254423815  8944859097 19442995580 36133870338 41718631135 23349820538 62137806616 56995846263 48066487018  9499581777 59393889312 27792053859 30756348952 29894926072 42256405688 29314443367 34894206075 53699323495 13667115161 63705918209 39935414001 25046770595 56681275245 11426179529 27617169625 35863520538 56922820173 29364869836 29288156046 49210981277 61423476753 25071195989 17468152491  6416676768 66425307627  4136665027 30681609431
 20 | 31798519793 20029045725 55335133589 62876632934 14870851260 38505402162 61053226265  3017919854 12851781396 55341296689 30034409368 61533788755 56959764295 59207271003 62291796527 39055732398 39620469859 27610191931 15125466443 64181948499 60661566105 45802641158 23436795969   898634573 63762856902 56936998607 26403759068 62836764772 15335439524 28252266894 48423243294 14911634982 65019050338 65828218014 37502353331  7528905597  2449712928
 21 |   947085382  2776756875 64640474968 56920378285  3145506758 51764601778 54236504808  6041300964 46528821321  5297928035  5141838149 61404462131 16350381201 25100477062 62463389929 57899829779 38357887633 60398680620 45121748642 59250744625 19510716768 41376690337 53506468508 37762194189 41100816623 44322571357 12037712278 48834668341 44439095361 57589149647 16690884016 50485502470 50124772223 43562808947 35480304575 41675312664   764011314
 22 | 28518205195 60934343867 46108383023 66173966201 16319178018  4240495415 23820385665  8758581510 68638269863 20872224721 44872281347 22998531645 53631550872 22858490491 43745371392 50710307197 34736288962 59137262291 56227698388 46316772654 52447533628 27199105751 15595902240 38678628143 43056449572 30055547231 52439372683 21756444920 48352523370 52649294675 59543478151 38236670505 20862236116 18553523763  6147413430 59768715282 62701453500
 23 | 57251303249 35359258556 65274589776 47810569653  8828643671 50510068840  3921697568  9868896191 59361142957 19397637297 32770044884  5430186861 17587254052 21179510349 30151860049 44067412597 44440685782 41061549036 10663146456  8356175926  5508534924 54635335591 62559643435 27993018109 22555271396 44979166400 13429638980 28079969976 46463060454  6873772445 42082600513 41910698235 56258753349 28892205553 37685118350 36691379727 22453280931
 24 | 50158229397 41250864997 68178578944 44786208587 48894880341 38579729680 11505342676 15379015195 59285875845 35739406428 33911413858 16700989842 50915598928 34567389800 57640730090 50540914552 44339484201 17843528022 19728143894  7926298016 44436940095 25085932321 11169691843 28685194834 40058373841 26854054134 20499628108 61251555200 20512040941 19957965196 58901870497  3226816412 31296011279 14061062106 58660079666 12726184522 64806590909
 25 | 31009228637  7016425222  3245947342 61195932281 60643826960 14841429521 23479202054 13939848193 66552920581 44995389116  2094332340 11564690146 19772941832  2645120401 24273839064  9738410232 56905254496 27008077533 34499404846 31722169516 48403944415   742303227 67944752261 13534898500 60744879749  6189156794 49781310568  2402426826 37604750041 25434829917  9294981669 34318733125 60495701948 43381230127 66320425236 68577198322 36686947070
 26 |  7070911441 41141051264 28196675246 11942315472 61898912565 65087981662 46593947282 30839065894 36164942039 20963146845  4755058103 51796938264 63318187045 29589006411 47753650166 32632614294 59787476877   352160676 47480452665 67224015333  5678563683 40063869579 19881587351  1988936301 50741675943 55814957977  5004378134 57866622331 36693696908 44720350089 41500820322 46225758935 65736091146  6895525958 53665485117  2102962978 17318014302
 27 |  5059071700  6096396098 47356016221 60508834505 61287189651 10012569245 25460553046    16779793 65502589828 35446518114 35464054816  1262089141 43988901862 23027440632 32432240901  6581144896 43296010399 30410420264 18954769068 57520621570 52889893977 30002713688 24516053314 49678659782  4669955658 56856749127 56351157147   609624388 44120166538 64108101684 62037136928 46158104640 28070835451  7652808493 60096089096 58040683511 25830787931
 28 | 55324306020  7701673487 31707863867 56702401517 49071379444  9068396933 17100570219 39511239006 40197157953 47785245401 12774310251 43029771920 17940065670 19394326545 66235952543 38603671457 49560174048 25583658330 30725730585 27321319929 58339565840 34796865386 33151255819 56473099898  4063454276 43853402012  6372188293 17325953121 61603749860  3341022199 45790284358 21238257272 56729360264 33899838059 56795329532 57421160569 52414456403
 29 | 39019464817 36289911285 19849976334 64637413275 54821941835 61652585432 37831623299 51801063740 44165673022 61735369057 33165965506 63675772870 39307456564 64082619109 68244659378 18562688922 66034453445 51290168904 19953406457 27203102938 13610455388 35435891725 10116854121 51343085116 32146152295  8556666607 26878509561 29335158763 47343569143 45385737803 65386617122  2472004034 28762562664 42025921369  4710730131 20816798202 56927787627
 30 | 47236976992 55579661514 59813194004  4197911551 65841839251 53382417343 54460010427  4413409296 25693068335 32735272703 52348879731 19335597478 12799613219 65685651585  8361027265 31899551630 34067588420 25051891968  6736351087 42290587885 41053082690 64293678360 20134858726 68361023516 15736249991 43641636878 45770934982 12627789585 40914233653 62292244680 51363198633 56269409698 37472727238  7811940123 21770704827 68283327492 37323822959
 31 | 36665578472 21401645319 68298244817 32044311478 42873784681  5931053923  3348509821 26024777647 32197483064 30638591591 39904651413 53986764012 65168540035 58366641470 56118821279  5702424977 37314894474 35515297252  3897538494  9574624059 39077570420 49399327215 43242109177 49535266475 39266999580 60428629007 38107748809 32474492287 22120649602 68134003950 46551260745 10805973698 40784774529 23408879453 22035315634 67931794288 24626894767
 32 | 51424516292 59163449630 47328112060  5755027260 15397324266  3467364648 58341329973 17605160677 43234037039 22925900475 12292329929 34027999994 11584433576 13677275550  2561659784 28692377360 41697064544 12753851035 41226762961 46255432893 55649596401 58288254237 50161736659 34718508853 39633701506 35705544254 32415108437 34356374741   916385113 25547650879 64404423715 15871462022 29368021829 12990924709 27858852544 24826918615  8677203931
 33 | 67989249409 12830258103 58755880948 23586553599 45524686200 13478651568 34879642345 30504277974 21759447439 29021138595 41944156128 12783874004 57441001172 13681624234 47734457707 43391584048 33816303471  1957654960 59050125776 45047971013 26438343566 28101573615 60400880307 67564932095 39543950216 15812651054 27119263285 50252386922 17102832556 24441897325 50322197155 15642414044 68317470005 48424951930 33075796573 38207153405 30150278776
 34 | 48697948811 55811461086 68634980881 22828081868 60022410329 30350531371  5427620734 31591262258 25643544701  4260200677 46936284839  8389666771 49305652799 33312066945 47846802790 64150390229 11123063886  6270095751 21807346159 13311521415 48806105084 53136542684 26273973922 34549706984 19940178920 46886642229 52024887740  3700608750 58439136614 22442631353 20834365883 32813185405 14219589704  1811001170  5953858067 45774937160 33428313276
 35 | 58834959642 42267638618  9407101998 39010110346  1287392689 59449865974 53698051429 61528645259 67357109717 54691188345 56872118062 48832558626 40882298293 64187694352  5078477324 59763765427 59564502270 14618939606 21299570199 27199632494 12971409027 62742241049 29318427095 56060545599 62672675483  3636179106 10839282205   837367700 60879401827 46429176801 66950745902 62013472351 60266549198   404955682 21568027252 14259052802 24423725532
 36 | 66794555573 45244605600 64103847049 40905920125 28245314301  7452757289 34410714373 64646625044 37770264041 43847688510  4846370841 11348929394 52804754693 14985501925 41396471759  8125878899 54927929086 50507961018 34184550920 29991804597 49542571497 55432760044 62260821473 66722989588  9090553487  9131958301 41293946654 20256579420  4633230266 51374943207 57336436489 38195010007 62052780610 59166197122 15413544574 35689049828 21774295302

--- Zero Minor #1 ---
  Minor size (k)   : 7
  Deviation        : 5
  Principal block s: 0  (indices {0, 1})
  Row indices [7]  : 0 1 4 6 8 20 34
  Col indices [7]  : 0 1 2 3 5 7 27
  Time found       : 21238.8608 ms
  Minors tested    : 2659385344

  Principal 2x2 block (s=0, rows/cols {0,1}):
    [ 41762172121  61090867593 ]
    [ 55243367078  50431568968 ]

  Extracted 7x7 submatrix  (det mod p = 0):
                  0*           1*           2            3            5            7           27 
        ------------ ------------ ------------ ------------ ------------ ------------ ------------
    0* |[41762172121][61090867593] 23015411837  19376082684  57908735234  37783034194  27415895371 
    1* |[55243367078][50431568968] 16343692524  12092154030  21267624188  38349743891  31773032351 
    4  | 47420817869   6537475895  39933991490  15727281522  53425477150  31821964272  33705193050 
    6  | 59665587748  31058743320  52545733252  67753001952  13355843477  45176675261  50525706587 
    8  | 17443266162  30338246433  47922698641  16058274854  63246437635  54275382505  68577929479 
   20  | 31798519793  20029045725  55335133589  62876632934  38505402162   3017919854  62836764772 
   34  | 48697948811  55811461086  68634980881  22828081868  30350531371  31591262258   3700608750 

