============================================================
APM Result
============================================================
Matrix file       : kernel_36_68.txt
Matrix size       : 37 x 37
Prime (mod p)     : 68719476503
PM block size     : 2 (fixed)
Deviation level   : 5
Minor size tested : 7 x 7
------------------------------------------------------------
Matrix total time : 129917.1799 ms  (129.917180 s)
Minors tested     : 7978156032
Avg per minor     : 0.00001628 ms
------------------------------------------------------------
Zero Minors Found : 1
============================================================

Full matrix (37x37) mod 68719476503:
                0           1           2           3           4           5           6           7           8           9          10          11          12          13          14          15          16          17          18          19          20          21          22          23          24          25          26          27          28          29          30          31          32          33          34          35          36
      ----------- ----------- ----------- ----------- ----------- ----------- ----------- ----------- ----------- ----------- ----------- ----------- ----------- ----------- ----------- ----------- ----------- ----------- ----------- ----------- ----------- ----------- ----------- ----------- ----------- ----------- ----------- ----------- ----------- ----------- ----------- ----------- ----------- ----------- ----------- ----------- -----------
  0 | 56343786163 64528787968  4813328084 28564939915  2634761808 48021496119 63768388459 11654916201 62424836295 61988987009 59926570897 52769871138 57454939149 43464302586  7769128882  1968277658  8966090594 49760198327 25140737011 52601727713 55405275300 38071170021 42437008192 39087612116 26294632272  1952175783 36628553662 34125917181 61095340042  6967425697 59813404722 66809247970 44006947539 49605044318 67023798207 38763470929 55773080714
  1 |  7434051822 60487664870 21452933773  8940006869 22887235918  4764127242 35455038094 55160772427  2903543326 38908784081 15014398576  2400998861 56000281008 31464698262 46533957038  6314684823 15721329361 25513604836  2165788767 41575760186  1201628631 61229319750 60384854684  6229135340 14437343187 18968177810 46177295148 14404801721 23288616829 21424094615 41167336821 37333070086 54690357114 31321013891 60328283426 50260646385 65476986532
  2 | 15530673987 29804423143  4154715116 48901484171 11208439844   124958365 44804983723 31474553259 28648181175 35790690018 60179883939 50825537477 43298415382  8129692250 59440516378 24964182086    61510730 61501335268 66120296845 54803236032 11484813287 63952683383 52844025579 25392440077 46421048115 32381377729 23163800181 33016737462 31997352017 47328071303 45565961195 10566681027 27710133604 23053814029 40831793906 58002824835 63297360299
  3 | 10145597347 19751462010 31102420445 68147314809 31725927866 23044994113 68312673463 58707757357 20258804949 59214845920 29692737948 55202770113 16343372549 27272641160 17073057100 68191004250 32422651351 51893901087 50696016500 53144899395 30358606209 31614013776 35697214943 20270482411 27177222580 47187599896 49927176424 34396354094 61867920137 27171034220 37129143201 15150618674 66454243118 33156243381 48082874243 24671571287 51386997638
  4 | 62014035638 66502676645  3122626545  7708882856 53822671143 56297899364 16908725718 12891220603 15826722067  8165833726 14028188538  7075099665 33313928928 13352933543 47599299224 12759497479 44153533331 41526915669 59560579896 64169829129 29866946851 38951536136 41809608555 13573011241 61499512245 33218795279 66819539814  8214884414 22115690710 36153759060 38672341901  2362149598 26094277979 17348103394 54360388716  7035759638 55502961123
  5 |  3641408175 27019521498 28917909908 58338773903 17380797487 29915281109 40563152560 64576225375 55038466521 53463934040 33566428985 53923594921 28715460565 54753211534 20942767024  3947099493  8766797525 45371503488 17609945986 39957982462 53948266057 45065504041 50111801232  2277664055 26088441343 52215729891 19118596682 31425907899 24341973330 61598179498 21655118966 32477905030 37719054265 11095343869 27536634282 33248415004 66522673783
  6 | 68415324616 63303144705 45246216260 26394883000  8971502119 45715039622 54634040638 41755186173 31550220322 23166043955  3034239647 51916702425 43057845717 65285299742 25483274625 15149932028 54215514273 12633203060 10455734847 54531156526 56726470125 59115472432 30772260196 29875426958 17262427268  1985498416 48170471666 58501287118 59869062596 38822520107 29048538522 22592336884 60955136335 42172115438 65772471588 42524007157 55568349623
  7 | 64237981575 57955448291 13082354818  9213831020 30320572864 39284998855 47051002815 30103124822 38483686353 66661287761 53269918038 26535268139 47605497555 40997545224 22955469492 30617354826 13366744879 51342911993 67616964823 19712861344 37501188631 56356505429  2406035597  6564457701 21796691363 34493103017 39415068695 60854653621 61351949403  2207951637  3184080141 33124349909 27187140027 66980342281 55057676646 60019572736 67643011251
  8 | 26828759190 10000977883 42865346103 42525728668 34642437213  1191985892 38417489097 23123833492 13068014264  9749137488 51852435005 28984210007  1068304374  9252869649  5452154551 53620925669 45436345130 62857382972 39984577541 54242609950 64573245517 19944845711 48629491825 34171824462  9965317662 35952389252  2133003204  9707503787 66886963037 36853330116 68431339120 51914869125 49782416447 12419579135 16142291752 32227425517 24580030337
  9 | 40138479346  2275592825 33741992693 37526341370 58541236253 20408774396 27690366741 51070855352 13490078232 35226755378 60014501841 43132157465 34066354466 26539363753 50061658673  5735529061 63068548796  4715808879  3552518679 23587450244  4185918803 33308908453 53621465554  2896867460 41609501710 29884235159 50521881898 27190078966 16588727764 42388177351 65170158824  9804209705 19894043045 60216869732   851569323 44250519414 67194610557
 10 | 37255423941 26240515437 41388291298  3002832589 37380358119 55627763627 47887345929 22498498471 28047591115 61659211009 29668081927 41344744261 26718769871 46075406354 25540277512 49949557650  7465424566 16488160508 30741236890 29241611828 56470903374 39482465553  5889707513 17558891318 31249406386 23155160957 48411344665 32043123489 46950808209 55875933400  2341845482 47886502103 54532809312 23192245283 25316539942  6424769436 41420615354
 11 |  6127872809 53598730326   800391215 55031200449 56985594038 16183086281 35682316695 59387643398 21680120419  2112686654  3388304520  6732471038 14527693965 59589160620  9306227196 33986442033 52510488617 13797145774 30416607595 62368251611 51861916417 50636530072 21811312930 66734018135 48916517234  7640040618 21047395160 60094249192 48451847110 23724626090 42137337793 36765688639  9720961956  8482349880 48234382785  3304988057 25283840633
 12 | 66927557704 64183841788 62055918237 40515433761 55030333685 33234972885 33600201308 15420530024 37435329111 56462219503 59935910724 22931280889 18998638440 13663425792 60802153522  1661179175 22784162964 25452558493 59255880227 18729833587 51310915489 34062024786 13825139952 62096782499 24351378892 15974310144 25963678774 58078071708 24238595801 32675577842 56823567018 43561847589  3571653610 32619720331 37664415057 65092305617 22364697705
 13 | 37275873450 16549189788 55301694950 28090039144 54042375299 60644836233 55570034864 45546858176 46011142877 18225727677 16463775625 19568444295 13094966873 26476012522 28792483055  9252708219 53852496189  7213260798 42801748363 36867103951 10115644330 34521106753 58703917101 42216888243 36334698753 12179183621 65959214876 27409155475 61271167539 21680895113 40654341529 35361798223 63440392248 65547498346 15815728263 23098925583 27743989316
 14 | 42322004897 10176082072 25569639403 25097860771 62991260301  4815885363 16593136962 44407382155 49472747376 47999406465 54697134113 61598781179 30236631561 34557466400 33757492237 52525962189 10881289961 46762039150 39386904426 31952278726 45644424988 65498082472 16293388648   304282189 16504150560  8022495197  1102411304 52311139080 16917042701 57857394646 31864699222 36983921784 58940718565 67322226528 28719031288 33044768918 13900727864
 15 | 60513564242  6178983985 34548945904 19937283403 65587706746 59490272920 47859730858 34177993318 23694739250 38389353383  8480295440 10450948416 67774555808 65368006779 41226748066 39428686940  8847195054 26999738641 37640707083 23964657013 47828448969 41102923534  4119660454 67946109209 18780649984 42431388374 57143432644 58243980217 37425221779 53599328572 12720125249 59391155035 36839312919 34069714420 28825961743 16988796220 51153899301
 16 | 33685095272 43827071526 27342623412 47071109869 30676877563 30702246273 31123588252 56436144573  3327086294 15602488839 20709916904 13367398739 63668700754  8081516849 46352670156 36122634245 53154727453 10650455671 50569877537 16933289554 57790854608 35848515129 19747025508 56001954246 53843981673 60035326605 43465366233 11404884034 67130682001 22002960755 47025644851 30846528828 67006773081  5878497752 45937296850 57008467966 51577768289
 17 | 29574732335 59969012692 39073987228 24976276549 19209409153  2517091153 13062771385 11328366730 11307355185 57959046858 38051698933 53706317535 36854659608 57146696568 55202114624 52833270034 48952921165 66213018432 45656063361 17224768624 60546187619 25627787369 54735292541 27908714978 49262016478 51905736961 42956492283 52187433551 31227385822 52880442617 22588534776 60933932292 25374301637 15636023958 62945666925 63888433944  4109319108
 18 | 39966193038 52471731089 57973289762 15049904483 51469977464 17980124302 59190355831 59337509909 39034797065 49209831531 19915278611  3041057781 47316189852 17868185915 57229295600 20786934954 43827362813  9235292521 60867417540 61531384548 35470334551 42698097554 60151901117 62085569389 58998493976 13873759676 39751391812  4905182395 46058158723 17688566807 39277499710 46847378752 29188663769 63145810450 13713840211 31568317724 36060122771
 19 |  3366025754  6015476573 17327990934 10353079170 19171421692 61572217875 33434128858  4120473945 66441038478   261432573 42000259053 58896589878  5438823700 24502416996 43626855068  8590794213 20515083159 25702722217 59569753339 49370469360 25093413128  4112864202 21974527362 16588224251 65686864966 32262989184 54946446303 31846704221 20388310737  2621508115 52420722274 29188550581 13459218368 52804384485 32274663389 66293816459 18450159847
 20 | 38666513457 62879006195  9733999695 39365339741 27349319606  7005008885 19216159679 55823142632 48187333475 16235006855 18219004529 46251930033 42627077930 48755931888 50791167467 13286382835 29001773362 53073295881 53478847704 51965661708 15281063387 14082548792 10736789608  8646985882 16594954465 21747727775  5045314524 24857777664 20523603727 28302286095 37928255313 49566062621 37637446241 61535002442  5311078071 21805311772 36202066058
 21 | 23647277506 24578334541 65782805121 16851941632 49608669724 44797014479 33814672852 15311355331 66008847889  7855973972 43945758427 31465744084 63556879560 49814222176 16289797329 26327802611 44663307934 16389754431 35229724665 55119119599  3857506199 47563285485 26620275674 39860869147 40131943854 41443484969 61856091008 40921587830 38776960756 35970704243  1083036552 36682816989 10786240412 62058933824 26269615437 46790538313 39708887583
 22 | 26214759900 49163589307   550574131 46418887677 61781408944 18166121456 61060908914 22770774125 31536673556  3536404795 32603266298 62182919032 51500302907 48569529212 20069253116 56257041027  9841907211 61024671547   479117733 61343115647 58025011625 19667086584 43297109258 50819663143 55589705218 22303138638 33615171925 47645941205    81956883 28281269140 34951499388 61888100866 27475271905 38428774897 61335430147 54113537202 68072672777
 23 |  9344981055 18050923261 15785917967 48736344952 41868916957 32250414082 62125020640 16884728622 33818395073 23370165113 41875357541 41982231908 65712434672 62369469494 51087207432  9080396586 26196185493 52527411132 15251255759 31502464273 54012233063 59566633145 62131033769 33149697051  3105322033  5807591332 47111510505 12719513021 67230130930 14793803955 21510870253 64615357700 24255565071 18741160207 13283106021 62507323041  4063041098
 24 | 42551826446 11522839139 16672537436 66097177465 44495967624 28347351129 13516030012 61495760129 64688611581 67107999526 27674169955 16012964533 37950243509 15835904585 62147788474 49389743734 21983091220 18309575354 45744909158 18299373255 56074035238 29965850422 66817057434 17845113815 43427141390 33287952715 39161165244  2315342378 14749209020 29737593668 66060388127 54678769693 10173152469 30835274996 15063399348 27230920167 47363736954
 25 | 67138372524 25419037965 29402510521 14274179893  3865200016 45372843488 32100356201 11351888942 49971063339 66026243311 45073877823 58161100062 32931694382  5258080770 44394794754 61178400824 21750347112 16867336557 24272234927  7722438247 32909261642 41831359351  3432158263 34703935831 68211464188  7681017977  8381335435 28997328401  2650016414 18688932540 37256494193 31227642966 39716739626 18068797869 44330064386 33130869180 42034530087
 26 | 41366209162 62403851373 13766578041  3404196764 16952733155 51078700611 67503561113  2202917537 41183620545 59017947620 17162594571 10582229623 16024780556 59281593914   648411408 38487540867  9831095057 66255451251 26232838336 41772500116 16248866166  5519861878 33047027001  1532712257 31798466172 65913753208 45057547845 34315008374  6314441779 26099651049 44702219491 41924317914 26464665098 17414543102 22588539302 15356165448  8635133451
 27 | 39726892543 11413995290 38323672303 54683688861 18592853709 26479572823 50850755905 42566241355 31205940409 19511014605 42656953627  6928679474  7348102414 65958078914 25880909961 42662507809 28635435175 24894485804  4488045109 37939978163 24556903354 66435958805 20071500633 17367515889 20179800643  7256332135 12811375048 20901634100 10910674541 51720502734 27146897604 43088497174 34969504141 10797361864  1593934415 31385278700 29706469517
 28 |  9676470685 46271602315 66563219116 30955974748 62050338075 25405213054 47166292967 40573498525  6986537341 63425822935 54046046625 42210302053 52040310334 20573124125 40980905311 51362493335 29086034400 46279836395 51296009297 36768970867 31199912127 23058182838 43842090186  9261888277 31110666978 33501648581 49955301740 55925776068 44922317901 27162573255 34949631613 53185149709 38171238961 67329948028 66242692626 30665796397 38283449073
 29 | 17151219346 53680469832 23719224148 20679829556 55692647355 65214464101 21787480574 61937821105 44250901110 41813313733 49360366163 28057452157 57878805673 44259291700 14346471470 31005399959 54717299825 36943814212 32110282622 25391297679   152193267  7312123655 13527751445 56978492948 49060817816  4840046191 65675179538 14813648445 57295897997 49399047401 62476739447 21789666779 42869258414 60525789817 41536985468 39287703300 59799762455
 30 | 49518040715 64052278064 21236540541 64140402757 48537907039 49066358326 24376848486 32025064456  7545414924 19102186220 43628668530 56384664101 67354109659 13386816937 15801264768   897394688 16941166725 50185680340 65740816457 31668800863  2021585095 41260618712 23925752839 38366604563 35905432055 68071462085  9973689082  4108265868 34634615092  5564352738  8169989528 60283013647 60411269275 11028753118  3247509669 65960096417  1855309211
 31 | 40195185407  7408832728 13928286887 62692207822 65882778451 48118034859  2276387119 64835153508  3405439191 39075078487  1881211915 16911150775 62411299379 52715173170  1969776745  2552198105  6823137743 16174752590 15584497992 51924413860 51066640801 16024477099 41145312343 61425220973 52500577967 51901288411 63635826238 67346705717  7429407892  7885832920 67080409399 32487377222 52122743309 12598635903 64438622125 16764239477 15443276054
 32 |  5265288146 54592717344 33514603785 10530649175 28811056677  5787420309 55910055032  7390903076 51597401060  2384869163  9034681831 13989717509 24694825603 22918912664 39507767231 59798891051 40110929872 44037578525 50857640296  9707663275 37762190340 12687603390 58662506637 67433837880 67936735448  9550600570 54178297683 66633202197 30298324758 22747622182 52132209993 35364516951 31406329632 63778322073 29946112303 20305001206 55975085686
 33 | 62543302281 34781540326 12362796298 27555986670 43101281893 15475409634 37561888053 65445774161 64832193243 30815616832 45224908391 10837821963 35166046900 16232118045 45200881087 24963095402 45993121185 48749090107 29350953165 20596127201 63031138461 63257598896   331003311 22838749638  4121802907 10879651500 12845853263 29116604300 52323975998 52781269430 35139145184 47304323016 10694289395 39820884542  1870373333 21089861256 11579030222
 34 | 65777642608 10359101861 14252447413 30146844561 27958328263 13532573876 41095132177 68692311945 48423993304 17144923358 23665669364 12826543764  5481532871 28482756350 27610004230 51459006403 58184479871 20215188032 33944494203 32602816924  8331090029 41979860676 55712918211  5079121666 19901162373 51118359552 68586817464 10484239202 40748670505 55680774319 37868832372 34228385171  9599464244 43638689928 63593013852   840838158  6477220796
 35 | 25720341244 41757689975 59582795424 18976339713 23830293727 13087115548 34933408165 16740510174 48285265493 18699699500 53940992960 49549771217 22698941145  3816010978 28370752784 57504923687  3429860050 63651105770  1512163692 20984684363 20082288263  2270405599 31800831437  3854721311 11641827508 53966355075 20808837180 34864612227 53518945733 54037093646 58668559915   582681790 28713879525  9803414792 27997522937 54049721400  4398794076
 36 | 14630540727 37295004487 55668373509 64226440863 21972475583 64602797509  6354480800 34996226995 67177478474 46988387157 26122135647 28934633970 10816665304  1781724887 22264201954 34205846161 22163121166 19015463463 67644162892 15327132041 64067923278 56065951941 41081409402 54066079437 57119260760 32938853789 19012398583 32685524168 40674634441 58682012395 55863154803  3674008386 41555679414  5807036608 52873152975 20826081487 23364352951

--- Zero Minor #1 ---
  Minor size (k)   : 7
  Deviation        : 5
  Principal block s: 0  (indices {0, 1})
  Row indices [7]  : 0 1 3 12 19 26 29
  Col indices [7]  : 0 1 2 7 12 15 22
  Time found       : 129894.9729 ms
  Minors tested    : 7978156032

  Principal 2x2 block (s=0, rows/cols {0,1}):
    [ 56343786163  64528787968 ]
    [  7434051822  60487664870 ]

  Extracted 7x7 submatrix  (det mod p = 0):
                  0*           1*           2            7           12           15           22 
        ------------ ------------ ------------ ------------ ------------ ------------ ------------
    0* |[56343786163][64528787968]  4813328084  11654916201  57454939149   1968277658  42437008192 
    1* |[ 7434051822][60487664870] 21452933773  55160772427  56000281008   6314684823  60384854684 
    3  | 10145597347  19751462010  31102420445  58707757357  16343372549  68191004250  35697214943 
   12  | 66927557704  64183841788  62055918237  15420530024  18998638440   1661179175  13825139952 
   19  |  3366025754   6015476573  17327990934   4120473945   5438823700   8590794213  21974527362 
   26  | 41366209162  62403851373  13766578041   2202917537  16024780556  38487540867  33047027001 
   29  | 17151219346  53680469832  23719224148  61937821105  57878805673  31005399959  13527751445 

