============================================================
APM Result
============================================================
Matrix file       : kernel_36_58.txt
Matrix size       : 37 x 37
Prime (mod p)     : 68719476503
PM block size     : 2 (fixed)
Deviation level   : 5
Minor size tested : 7 x 7
------------------------------------------------------------
Matrix total time : 270477.5010 ms  (270.477501 s)
Minors tested     : 13296926720
Avg per minor     : 0.00002034 ms
------------------------------------------------------------
Zero Minors Found : 1
============================================================

Full matrix (37x37) mod 68719476503:
                0           1           2           3           4           5           6           7           8           9          10          11          12          13          14          15          16          17          18          19          20          21          22          23          24          25          26          27          28          29          30          31          32          33          34          35          36
      ----------- ----------- ----------- ----------- ----------- ----------- ----------- ----------- ----------- ----------- ----------- ----------- ----------- ----------- ----------- ----------- ----------- ----------- ----------- ----------- ----------- ----------- ----------- ----------- ----------- ----------- ----------- ----------- ----------- ----------- ----------- ----------- ----------- ----------- ----------- ----------- -----------
  0 |  9300539446 57520867884 59418251441 41968066091 51446929189 26969335741 24452650716 41668884671 25598493208 65495408655 26029049196  7229661793 64785130864 10493725406 43977053308 48419751340 20884706769 65300207344 49322235934 42956805942 58406927882 15343130474 50669781278  2909575874 56629174824 30568561721 54113595342 15876246301 39015779050 64229823007 13288290352 38814789689 43249251341 24002474960 17130775299 28000048644 54286407334
  1 | 47996705168 56752974481 50292673841 30473142219 56684692852 25921227696 45277443737 46547240964  9859904476 44240778606 47194005300 33153741381 25021160781 62131329818 34624616465 33990524378 35005376405 41913114422 43099634037 30479707137 47598776349 55414030126  1241904551 23262140508 41022783835 66006290038 67561894825 15075088738 36940159830 52321188941 13040043927 30488733696 30266881790 51023873659 33294789124 29432748069 47096009775
  2 | 33821337168 64179493013  2125200281 50838067823 27436177517 20276377127 56794155302 30821439506 33480578065 64613123956 59138878419 43052816642 51892915859 24466434318 43129640235 43528238717 68496710349 33852546250 33918278039  4107332392 38982609830 54806611628 30680559535 39919201517 13903075460 26922360616 60451415414 25884179248 53728989545 32771470267 65139634785 61687959671 12392085171 53739783999 32073496794  6424166508  9839996270
  3 | 39760770704 39945165660 37963097654 36544229164 42433632657 51891750916 28185214203 24773768371 48150403886 51370321386 29584046225 65525499548 38450618646 31837846142 41508597472 37127433237 37347196683 47638025570 40014315539 64645542273 58298321833 15223797587 23399387544 31004237867 55013333395  8571538535 32843156409  7576698915 38410786674 59453690558 20581896447 55057196606 30155146998 38433762698  2097795353 44426217380 15648985910
  4 | 29493104106 43173543782  7644987992 60260343690 17637616227 29110321255 21072416521 15669497356 61469245195 58063870781 61702611792  3411104742 22135506353 15385076162  3618804118 46858257705 42286344428  8161613629 49850361725 47297827521  2244403281 28508638338 43406398682 25554381766 36387223691 53343032875    69760292 40633934129 37973620851 23432723746 19101282426 29525870010 40998459849 50529497252 25582891076 29636666044 27847759121
  5 | 18351873965 58941983391 46049541559 55783841176 48112030862  8485919148 53121161752 60293867247 22584934530 65404944056 15152519253 62489639942 36032799407 24144409115  8296915825 67980319092 21284346200 29802695018 51506226890 17167074943 32655054103 53950453867 57542488986 14390883036 54198937956 35099971402 47637456331 67273500357 49241796863 32988230419 55767085532 54448264484 53029002985 47317185037 32488694533 62251427063 53545361780
  6 | 51436044625 27315602774 18691072861 62398457265 14052460371 64995448715  2528146602 49840626527 10766807560 61790319050 12153141066  5400907967 20071483178 55718501100 49318628514 66632448133 50010536769 42039045374  6189094031 13771713584 51332895077 20703119589 37092250648  5267908803 33555364634 37080362253 33447724085 44850508126 14132234797 20794991529 13022641005 63183224474 36052281437 19372033352 30420031592 61965939503 63811013572
  7 | 19358534772 62097587729 39866964317 34178998266 17291409609 15657853957  3716130776   309167198 55027671243 60720763237  4414485283 25684431661 40220293706 34779196550 63371548324 61031284472  1923351636 64573265615 52413702685 14718756757 37065807032 15054125463  2560671906 10043312060 28692354010 21677673055 33782628385 25570103976 39611910171 23339887851  4868804214  2247221218 62780843762 66883503220 51094156473 54574389854 39253209764
  8 | 64559286679 36217786181 31962898530 29974208474 45156315796 43824586454 37558918922  9200198321 51229133082 15425251991 34979129600 56716052539 54707032380 52974222955 35592986306 18602866975 41563215671 19576745124 44803252805 35574180215 49926227974 63429202126 67962306296 21463146750 58516644087  5765332083 63383780121 24699207644 54535517355 58943563631 60763019654 18261307267 29057137357 12677765818 13163048891 30998834217 58656232043
  9 | 59711372114 40922525537 43188477797 35507762452 53602876252 51796298557 21269614062 60848823196  2423937222 55107377285 42211810353 48265706017 57323969202 65193972466  9361582756  4757364259 31586770400 41550037244  7617838395 13000682878 48527913498 16082510012  1239760619 58036353906 22076752540 22378104347 31981676648 36625270018  9723340292 35508675586 34831173735 32652279118 28447109412 58578522084 68037939713 54481834889 10031932736
 10 | 64554519457 23006357312 25788023744 16968802175 25496293636 40417761745 61882533555 46195585773 28904620716 66909714947 37618257453 50103243617 65307256182 24109456044 42553526736 20758979044 30195795715 34108067468  8789919826 67615970923 46215161169 34697694776 42382974751 48087353769 24469232044 43119149749 21176849211 64473246670 16561921736 55522087756  4620992395 36111380968 35231629603 17628296028 47062008554  2293006141 45582862519
 11 | 11677720793  8843732828 33349483850 38970560592 17503150417 25008995413 10815757430 20380637167 18532634915  8760836321  9202282217 11406106360 66329128423 53198981608 37098394166 38909886784 32496511432 18594909726 59425885366 19479000043 54104892371 33557462193 59767204601 63511514723 68019214338 49104571960 13413674700 11122081285 22218693461 65132431510 67082807575 29440357957 24805676330 46263209387 31703291428 13583844039 50543253380
 12 | 46651391356 47574031015 15721495417 57145173589 37134107992 15953170359 33341075352 33132009620 10577284630 26423406700 46233983495 56181628280 23064923316 41819203536 64952669558 67413424708 44812968331 49975937565 67075060623 33114261804 26529304800 31254736069 41617408224 63056801155  6858659393 37836084723 61755611149 33878047859  8161534346 51523305363 51064019968 40152399638 44267910251 31407308278 11598017613 35242890709 47741890263
 13 |  3028663322  5600581252 38843421234 20146744989  3409580248 33962577794 26777721859 15087964476 34938903293  9827545380 41305983961 45111127296  8281010939 52955849507 16819645168 32495409955 47884968478 52005861750 37398282314 23376231918  8598420842 61745611552 47735379604 31851917055 52386415051 66089403328 62973191785 49022099701 12150603999  4609945953 26124545262 32034888968 60120967610 35502900327 64853719156 41787192310 10995811834
 14 | 45820013342 30823300496 27696620192 20659604547 46068113984 52682547605 43843543740 65809772946 27077924545 41255337588 36684105924 52557168759 16764270398 37512756343 32014946310 27501046891 24829471825 42647224048 19750535171 68031919644 51157779497  6254136676 63828773387 16018853894  2778135967 55214649117 57030385346 19344492404 57605771441 10858579551  9705698043 66356656437 49141484798 31669369320 37882957231  4516439295   432660648
 15 | 22619471242 20332892556 51258122800 26031496231 59082743343  8878138242 57198785553 57587090888   418531732  1090433282  7840362475 23276447317 27568440861 55484270152 38523647422 19077609028 21045453742 33348687564 29688615870 49688594625 35215348739 48611306064 43195887298  6146715625 20496580472 13114934780 15641422216 42456072308  4559866065 48035943439 29355946547 40997575853 21283700621  9071501112 26473559724 10489393524 23946319966
 16 | 14301424428 56875957717 50401755062 48159467513 54283257383 58302491749 14906759672 46715725778 27801886691 68145577824  2596051227 65393102197 66071411126 27187886315 56420688253 27655893890 25140389433 36082577784  5772311619 22967413696  4397691897 61351691331 35961910998 18677664264 55767242186 42011014955 11743183613 67119035222 27023875096 61264668201  5478551439 39040671226 41980189110  5403835027 20210332518 51863933008 52914746483
 17 | 33776405456 15661856931 49239072254 12507377715 60557523266 15287459519 20100041525 11574958939 25917545105 49978772945  5910426018 22079155106 27757379521 68272585012 45278442502 41600353793 45086208671 44096394133  5429644889 43942769053 21104929215 30338543459 50854802495  7005765368  6732756879 53781654604 36841811597 45416044363 40110244926  6284184214 37085839663 34148465754    55206505 37318653475 31416440712 52209221116  2650743526
 18 | 12064594354  5503120724 44174599766  6285280404 41413946399 48835762407 12853489904  2257396919 18371453410 29418326818 30917902569 16750494818 67937525958 38546121500 14933806151 13587469018 48472554628 34677750854 16356287937 53197262276 10629688923 37249362511 42553786791 50143467692 63651833350 54264067752 22685368377 38698627099 19943446027 65111916000 54884827585 52279161958 30936737222 43734784053  8824882574 20245454260 43496231262
 19 | 29319410687 29851874294 47622638120 57340739523  3177061040 15793116694 31379788464 25352936423 44495581281 61651933243 24427121447  6908125694 67257415037 10050841640 14803703134  7584554741 22699145516 43106592652 38066658603  4288648192 37323732013 19849204660 39042101126 31259246180 25158957639 60351701436 46915658682 33355160663 41032845723 11509118629 17736629261 62174167182 50718471058 56768028156 18869547322 36799618135  1216179416
 20 | 10236321501 11038878867 56018929324 19366726687 68017437026 57891720747 13438716599 49878814858 22061020010 59681982437  2905829322 65360047245 49997419094 22318487527 30275899110 19076956942  6139194635  4898715768 29993477255 29272660743 43581231046 18944495636 28658411380 53227535663 19041534932 23207095217 68694318001 41863129758 34579669681 36630754652  4513621326 63992305770 53197014068 34412814453 35449572617 38952599840 43418332713
 21 | 42578178061  2094325428 15662457414 41655834510 13564142002 66414613437 53514192491 66945015636  1514718269 22560551023 44480347103  1492056753 65019686276 49410618129  4380323935 66659784636  3542448085 34252995568  6912944815 52039334896 23949584104 68105883431 28229264567 18167181430 51323248449 29166885078 40954062215 21004444254  5661396589   594043242 41033097342 52858238090 36788051385 43404905120 44489663288 25050614526 31763243373
 22 |  2899724473 42127310338 55392932292 22198420409 22871790046  2709335184 30755643741 26992701101 62173033938  9627506689 31158152266   714201222 18148175975  9434332290 54863946996 48322914903  2765658346 40789808972 67294021235 15253133647   192761222 21747452521 48173694445 65755452255  8336764561  5940160075 32514893481 13460657066 65424890186 55986059368 51389958269 48886247850 40090294722 17970422530 29402039233 37559761573 31299996697
 23 | 55264111761 63646693913 50832956476 26073828309 41568966873  2501202985  1401305308 13394801840 30313733234  8396647162 57895295078 32729936732   433780343 33930762475 36063612722 54141335495  1746497946 56455979024 30396037431 62294289956 67477526659 27485287279 42028021936 15616396084 35281102345 26126064559 18429230247 38257112323 60415494184 59744964335 30566332580 11798912017 29523796393 12162466575 29135374968 14427790939 42167858784
 24 | 36610945201 67651219244 48983646455 26326920456 42249796766 29926126921 35330492176 55375562098 15594286019 59942163774 47308607016 12296585108 68331649594 49970306894 35399439223 41674463687 22464614558  5987205473 27577585335    69055460 61779028975 29635132066 20847611419 68154770785 32758776214 32061236961 55853361490 31348052084 62269838942 46098608866 58981630149 17233405062 27764198448 22102558799 60069168880  5704115489 64996956226
 25 |  5704776188 46183607650 65329312272 27093426009 30261731535 17448117595   723471447 49107010650 67109563267 48155278049 64145468863 22859730954 62950546294 67753186764 45208289454 67204323449 10785004128 65163278141 29428543764   519816261 42901209407 57000794379 67235172449 35585184866 28718271436 68445130659 39705075010 27168934270 38087418960 59005120410 42190123522 65624544685 34862340559 66790377987  7534191764  8820260599 24392870509
 26 | 35201293718 62358564213 65776914907 32868442191 16927662368 43060124577 27731936059 19920465242 57306159143 15066797915 31021632572 66588537355 62982726775  6181155728 13658501722  5863058116 48469493101 40986414325 49060450950 37243935270 29763443387  6116905023 64504511350 56126997749 23981071726 53626704023 12241715644 59142020444 46936229354  2855440856 26082459499  3517326487 37918718581 12482498553 45358417816 43333301660 57651287794
 27 | 59024082189 39704267211 29293524998 12904386716 47994338452 57748565627 31808307394  4678342213 43902860963 13742482579 22671303267   347229806 40503688537 33336423780 65617553707 45991664724 25239323954 35545426911 46317788001 39462832656 36594101519 55351090175 45439439544 13193179899 52360653146 52662439229  3145166263 60424106000 41680920675  5193459928  5352157154  5354168945 51512097917 58314232895 52563976641 35008143788 34007255111
 28 | 38470363970 29901400595 60255610862 62431387273 52507398531 39388833564 13514632273 58492793203 31684141298 55052781009 20580485552 13608434278 39953111354 21672908733 21794245255  7930514864 46561537177 61734355065 28802918362  4043078844 12359589978 65076614751 13982258442 11551565186 30156003015 34886714057 20907895508 59625870032 47880271495  3026453392 32169326540 12284818637 30400634996  4488560752 11580713949 24430577578 23169948192
 29 | 41101555688 46609061611 23648293272 53338500168 10902856283 67741396288 34653893618 42868403406  4692900740 30421920189 38803689407 41640241586  6854500126 39611905275 12893673804  1595159051 53824906757 60670655790 18439497293 46702721911 64644131036 45268107115 46765778280 18911704399 27399873033 36556982127 39305512934 62089170547 10803751603 39823709713   267237323  8883380592 46331840515 45184106558 38449789443 61571210105  7516996776
 30 | 61347219450 41818945600 21892984435 52302663458 35001225132 17566951095 13487906959 29963484770 27136185204 37837899230 43578985095 14968368349 23793837268 59411959849   435617131 46851343854 14349576695 15327108407 26492485071 45746209629 35865833364  5509370147 52630800107 16116079961 44498014738 27510095475 23101807198 55764080855 34300726818  6974617679 49603441953 34423790694  5094907224  8449321670 49005323179 52840874058 32912018428
 31 | 44037324710 25813751981 12785466717 31594934665  8269917261 20032944577 28411347125 48273924889 62098739004 56035210230 60166432681 56674267849 26307909364 17926160391 31150388566   849217401 64982409755  5159258460 19635364568 26578465599 54187142174 16326465458 38158162644  7525860258 36906851226  9866347557 19386279419 17515787460 52796476295 30409480322 52114862951 51692640337 16119694444 23893139837 25438627882 47621135479  6790919215
 32 | 66124649962 50708895876 40243294624   184632194 28536741212 27217962640 56101203484 13686418116 49072043434 62355522746 21067409402  5815540497 59892046969  2601898012 62769920648 50776274164   637588465  9705755852 23322363838 36231918824 21652313272 21178610239 35574295432 24854756400 31197740126 31379251906 60163058294 40880776925 32793213868  8754375997 19236164223 44826744053 53668734495 30534450929 45475982149 15701459605 63303223833
 33 | 42729583280  9252372098 27870418088 13962729654 66016888959 11818210971 13921948056 54773177497 65205009864 53176596214 10451535191 37284427969 58245200727 61483455019 32177946421 62518740963 60316839383 21168369803  9183118518 12547834144 67106485770 65947303276  2145562295 64888292499  3741059042 49780254283 43059238131 28289624983 19135344590 61517165466 18087068192 34093717876 48693276414  2593474479  8836362044 55227475475 14275539001
 34 | 20596220965  8365013761 13691106588 30758714684  5810967106 66021691713 18208654730 47005200055 41897806438 61398401074 28762080623 63052404073 35846003037 41402387887 22255939830 51115982704  7858838508 53731855081 68512743659 67702710117 34984716618 11021710870 41262145378  4237685279 43951643444 37324755892  7755188370 51990155802 49235226127 42248260620 44054691368 57969439428 30607590566 43727433157 33577039528  7145989657  3717799021
 35 | 67122637764 41504630995 59306041870 26033540743 20110450149 37378794553 46454502167 24621847389  2037228647 47005761850 58850901273 49937540105 43782136008 67918252110 61540035579 21263966185 49005848312 61926859036 46355334000 26510013067 63292301614 16300512207 17728483421 43283075032  7203650032 26673526576 56795294779 28866692553 62002810360 52015003354 11134117196 58726888468 29615360077 63622056760 32677443368 62393244740 30617785226
 36 | 57674538447 43746994508 57724252233 25449716350  3857002991 34258689018 60878658765 44904251729 15382715592 34360215789 20238891611 22397788595 58292581713 15464453317 31995943742 62062885413  4189863350 10647363175 43624664879 32755501092 58037236710 28320134362 28447106174  9551086470  7359171991 50064447985  2274867432 47980626156 60607999040 13903919397 22644682266 12294242318 49505912230 65028123005 25266839369 28009530390 36009426678

--- Zero Minor #1 ---
  Minor size (k)   : 7
  Deviation        : 5
  Principal block s: 0  (indices {0, 1})
  Row indices [7]  : 0 1 8 10 11 31 35
  Col indices [7]  : 0 1 2 12 23 29 36
  Time found       : 270455.3909 ms
  Minors tested    : 13296926720

  Principal 2x2 block (s=0, rows/cols {0,1}):
    [  9300539446  57520867884 ]
    [ 47996705168  56752974481 ]

  Extracted 7x7 submatrix  (det mod p = 0):
                  0*           1*           2           12           23           29           36 
        ------------ ------------ ------------ ------------ ------------ ------------ ------------
    0* |[ 9300539446][57520867884] 59418251441  64785130864   2909575874  64229823007  54286407334 
    1* |[47996705168][56752974481] 50292673841  25021160781  23262140508  52321188941  47096009775 
    8  | 64559286679  36217786181  31962898530  54707032380  21463146750  58943563631  58656232043 
   10  | 64554519457  23006357312  25788023744  65307256182  48087353769  55522087756  45582862519 
   11  | 11677720793   8843732828  33349483850  66329128423  63511514723  65132431510  50543253380 
   31  | 44037324710  25813751981  12785466717  26307909364   7525860258  30409480322   6790919215 
   35  | 67122637764  41504630995  59306041870  43782136008  43283075032  52015003354  30617785226 

