[[198666370 54435884 372116082 411634045 536569063 458481411 59805462 469956653 98788419 292725936 495901968 245617628 338628267 373069937 275199950 376395225 277492287 403726746 451464644 91210220 297978319 414403260 165588950 498571611 61002273 373389956 119846875 500504522 237985068 249426470]
[362735020 309877010 252856352 423080489 165483006 446727222 444381265 83695323 342323118 36487171 87978308 234700680 16096819 253320147 441980838 106968411 13030976 399088505 330299054 494087219 528826428 10122171 536164200 491368705 309026952 8738653 472489113 74648043 211954574 528723506]
[218890860 248859407 358718558 28958467 384338347 330532520 328173309 308718392 21508273 249540837 95508670 337192329 109712215 95675307 389605485 178375332 286684893 493709625 62171808 337043772 304105483 371742925 266371648 352271636 209987588 193663549 183835651 175306544 108340904 342457096]
[22656376 70346010 289051253 178215899 141512423 499130892 28627921 493579117 467714571 467410271 123686697 386748904 501861581 165138133 496874261 254113103 318286963 104921161 367615979 441598480 14338993 28369487 113998736 50450019 272856995 442159147 397074166 497380481 210722220 310640123]
[193242381 353110459 288979465 94332743 405754634 209445323 109867813 531105875 342504278 164901021 352349208 284319259 51955944 163660261 267314041 161671182 320354816 533004262 332571558 492106169 349207665 83777622 254651614 400134513 517549824 264586443 509992545 439094368 151588625 93480387]
[410109049 335360714 107548719 204713207 66579086 230700016 159597674 146461711 444484142 341740118 15514384 24422577 23325859 191516675 276984460 409236155 162490832 353590093 415580784 331999791 357693558 479567267 176793378 5427982 164166451 69868202 17396750 50854680 242125956 415253484]
[69590168 146009164 78863462 356067484 215347683 350771618 475693825 104392612 225351558 179068050 67950986 491630005 500294945 90970211 93062244 535921447 61169771 116398747 252565838 404240239 176992155 280224570 317534000 10279504 398707014 122976099 173166288 480595222 393522606 379090153]
[342370549 201569967 380107886 55468169 147597378 354609637 406394635 203922530 278639002 491984081 385204928 194661052 269798604 404363506 453127274 82283563 278473722 297329229 283515670 468622593 296375198 454372564 503720477 32537103 178152346 510531378 209077016 251028790 275619426 345531108]
[392849300 105726433 464276426 388545226 490042715 503158316 214969330 287485631 303182698 228918549 26946005 310769938 361164126 1188083 527973076 240717010 236387714 160337360 62190809 527463224 465861714 223484845 397255992 99717169 102551934 45821844 194048684 72789728 317259638 423838548]
[256616624 204723807 122016413 516117554 63066125 527373084 313881372 120316103 529154695 264247282 55845912 529666890 63958251 391928931 498114064 81510543 440537341 78517580 289131833 409160723 308381180 532650893 155735705 393282788 207331791 301684336 49145982 158506552 214140861 158051931]
[399405357 412582253 4088176 133363710 417015438 492472743 181119950 220264568 146581004 533389207 85236379 470589375 282149438 486848597 147738944 254230178 112995411 158281788 522575999 204103500 117226038 403377652 524301384 42301109 131624883 50623652 99779980 76588564 419216035 277180235]
[525051022 215088400 117449871 177785095 27424634 119576251 184616326 168286381 401903954 392071626 356776944 82012366 491319799 497209738 417810192 112571863 304987817 8713021 398385307 30968436 384778638 369722715 411888246 346955948 271921487 144477162 466457501 333338876 34918103 120142122]
[19308754 255822904 214090048 178709394 186244233 375754437 426449351 203686303 497272766 450416694 44394211 535193767 535876714 102585667 496499723 308294626 144708297 390547486 443015554 488572181 206005375 127701648 369585131 35829701 504602635 387816325 311857192 443278217 363894534 372162092]
[188221242 90713367 279626521 148872789 206429613 228542788 358439209 402288596 260398564 289494615 126263301 135426729 98194494 385940287 211147217 242945995 331471974 266560709 87282480 81084019 434625779 110975274 58448791 401986088 408192579 245531192 315004547 30538329 412948249 62880839]
[519491765 346920125 330681231 528121708 166881855 202486654 380448652 75516821 9575511 363625333 235758623 424785073 486179584 69553113 399472512 401919282 40034162 404643423 319100510 515476732 333939418 78931379 461779756 516548518 319113087 142287286 382645114 156845804 225529666 47476172]
[250679137 418932599 318026102 462881027 173406499 141218872 274044233 28453477 308042098 143917260 499969310 403327841 347903603 30437110 54211965 437131139 340801157 499516205 275781701 527628399 345524797 323969915 80682656 341054119 536825388 404963566 259175056 123865283 55411773 475731637]
[252978293 53886533 307563313 466985686 299606226 417612353 478900851 224365088 419318660 299982958 324929341 214043423 221780652 5199597 235682902 413406908 38254790 230707756 102631950 451801614 132206162 227023799 114224657 324760172 201254406 438842444 160265570 78197178 101237896 328631445]
[189072324 322223645 301949899 370029699 295003929 397874671 482929202 398074280 11605930 485211899 495718721 199333721 380712041 265898952 416445889 256437454 531686703 534306232 157969648 379905873 64640694 45798088 494478624 526203939 355406485 46463533 531777828 88402582 7685695 303427545]
[264781557 154654361 351246297 106017919 80318113 413213805 512292854 10212453 416245367 74692984 388850854 355608725 69337609 344243505 498731416 440380318 54103566 174269560 518101612 17491819 2546297 316471512 155476059 529300819 64490852 65020005 138713679 466760356 418083563 534791314]
[319386896 299349975 353518875 239357459 80409207 158102854 356228496 520607271 529412244 102772267 208729886 491758262 136871343 492721972 72342360 294459527 15001518 48291194 38623908 499070729 203037834 4223902 385947676 96551707 339164788 218565646 428900175 332876866 30657521 60822145]
[397689545 532780590 329293168 71397795 451325771 74679208 246844265 337517929 98900406 319836550 515696288 342876411 368085128 172276793 288927283 322305626 263227138 20641420 456517797 168424902 260028701 491185792 3925492 278294957 246171988 331370334 396538287 314706681 278207786 488106072]
[109484894 260847985 13860222 231169745 193430803 152660690 121430780 470738086 448019495 515743245 59815195 390909267 242850637 481487180 431872677 503519995 419790717 490880294 146260593 101071511 301951403 267598375 314138369 324567489 93090267 262323920 43381553 78115375 17012727 507681329]
[515272502 206834840 126652623 408582609 400388636 344676481 97549586 522214904 295705110 242148266 432834066 529885531 440975514 5146379 264286397 124368705 161711379 26804685 391430933 450304567 322157016 299751 471094233 492892378 379443092 106766659 236667090 424051276 146660967 438126705]
[220240843 288987721 439801857 451150146 419411561 480217674 162715026 16840684 353254653 477625606 401228007 33587504 319917445 410458691 492034632 195259235 384721179 8608285 289058356 121469199 522413577 370529374 439074233 404812238 518404081 308571694 439286597 358490206 460053474 118167047]
[96956480 376083428 132358237 388342099 282360647 373964553 46309843 524273014 110974719 369719125 99700512 41947832 65602178 101039503 357444575 183214673 62243749 193058733 173783418 228594309 788862 466856867 453834927 54132268 3485868 99235608 46093986 490459426 281743053 137157410]
[156574705 416814338 460354977 55883991 420798170 306735988 388897493 463460804 339864492 535408418 130250676 7898452 110755033 318375630 234937670 392476748 112522891 323145820 314324448 282771369 1148643 313734939 129942881 421094606 386275756 481858423 38755411 95541783 290503796 146931010]
[167889404 180701897 36688520 387936404 412705173 422871044 190893166 462481755 348628783 70753390 324813048 200069173 88994062 176249927 87015704 6425660 481340565 458342955 138247814 528230191 432740192 409476021 82236228 325045382 136853520 304801648 521463001 38247712 349582066 148747035]
[506625296 200279627 239174424 40818878 500777734 496631538 156555742 48586957 339127903 68525762 34435646 29427721 415154043 459601895 407241724 79502310 60778390 379702734 298073038 445071756 393186979 528749244 301110251 464031193 356612800 10292644 185597208 197884916 227652727 6892066]
[27635565 190133316 34870059 240581826 54232458 241890465 8731991 437478078 70668380 424657154 106668626 59568348 118674618 367114858 23835612 76028565 471822910 22180853 511780840 233518970 389078999 468696559 456252092 446846383 313826573 11279071 456808700 383023246 76504661 433915290]
[223722044 90262972 96565816 63968215 238608382 10696286 83405863 36514946 486161001 138868097 290886237 10767307 126355287 241963496 447365994 216104350 252570864 28160456 459928895 439966029 468024150 131908355 369379094 316225195 489345571 230673624 141651514 304682882 111105569 166928438]
]