[[203212640650 111097190303 15272005798 139511366397 246906315587 122255855901 242317218484 26274723395 180868093198 12682651715 206151475334 216515198869 3732596311 25522527722 139543844011 171302688876 153577999434 165616939618 161807473428 84120893292 272779238858 197150825155 138472191917 256430209579 221757083927 35726572498 65255924347 118920577114 207367294776 236991299489 239375832154 168126909059 128673024020 24712877545 9289787507 8011228900 270095627824 14025307102 50470011316]
[141152882575 117600521007 169366204527 222858771531 1692824626 79793728338 189641768967 90939375813 224648311090 81607564726 20480907102 234470845344 268082917141 241576441685 98193066466 40773227647 211698649501 259084513060 261626102015 130118312797 146917874580 149330958367 63281462690 194089357598 195956737488 179746040766 129638934267 211588620661 102400416556 129343664965 93968983947 153554754573 157349053394 38010295017 56135298876 148176528935 106274624872 89269773916 273232980797]
[90558690980 255094502828 94976695937 220072456668 17162295224 14927023464 167408807138 261198771255 274067609569 35685950486 114616567118 264001803013 266243681678 260276835033 219397045954 113439046729 127608657372 245251107663 184933101662 171504736135 112065748858 222617227853 84530240061 265070714788 237894883594 95370933896 28825487560 197101651162 175124030986 62895401461 220666096421 87640805473 128238795856 202528137210 98021600889 166461359833 177062412527 85055176891 221992688345]
[180485570220 65146629346 48380874071 151380580879 270851081927 238166862448 82401294002 260587623720 206918062865 230770508728 129067785934 253017832496 148670128254 117465147639 100682751299 187264148673 70880402948 225585180393 196159633748 94286518736 138314354793 120364381714 173547876010 117357180466 2998652526 192200550370 264323530810 180955721133 43104114707 132369763477 270739706351 230277585975 249631511228 256835128936 34835680766 91929720588 201284238781 264755672514 107792303980]
[235103944702 55292164362 104085431921 140822225969 10969816139 37815013985 245135185841 40334996894 124453294660 256957566155 51364579680 52601736048 121957796901 225382615226 8396097626 102770806207 265441405009 231813647380 135427840199 207406246543 18995103958 31459978723 148524077728 264723379846 171121166848 270803006278 119683432975 255699432200 216128957610 183929469710 6920904977 124212390236 7785765671 152895926275 76454080302 245946957497 131176658194 113109402022 52055501120]
[84859871414 62769713816 96711729381 236862516885 259284483219 12623920434 136233320353 182398849389 272644929338 45055039671 46955384051 26577463164 15200117006 81804178388 119077856848 265631251789 198192260709 28037710404 207130301488 104962412170 255018029888 249127620607 271026207568 182194839680 269525997734 36457093027 45828441963 104751821213 241928269496 207473474260 22050807055 114809925417 97530694466 58235201333 142139972952 229300527292 123124513300 51777766303 268007429563]
[239793301433 60760952041 6927177292 234371867203 239864342116 191595922286 30667758409 102439677326 143238550790 186700453012 18218082337 249163906783 117945922726 212166617133 108029087257 141607499531 3081661372 213861613275 252507896827 245353191779 55111229211 24832458862 78405876919 230638890162 23156585429 203147886844 14461229689 53730707493 192906732132 131863660676 126367060099 44431811193 239049622612 117172278517 85434283344 40287033957 218287237167 270623093186 36300512877]
[61579964112 95059914527 71696662163 143106669509 26744470164 227285066320 113497077059 235948683215 38033377443 266512132942 189962353847 206110007761 232891624223 229153988709 137909221387 146744091852 70024229728 91932864025 36250788925 67241388683 194174445742 174097030965 219605044118 237027111143 96385606119 63513378303 37101577817 246136387090 202138401413 179461585225 148677567672 143765177338 39819389186 199095013715 204474998882 71903283261 131469458103 122945948345 109267088886]
[198800284272 194441245432 135427484903 100879816328 105124813820 193524521987 261093167716 173633780735 13761544736 253124737883 36441927272 182888384321 208678703618 97502511634 133882820848 271574385500 218720127426 70953514275 119066112803 154280513283 130810729670 106052002329 115963237697 14559625795 182284276699 213595724137 29066395080 5540626959 253135484648 273476960205 41190221442 63951549631 124618778593 225822892463 160435065827 79859957581 12849100567 57960039761 35105178593]
[79703472602 223735304692 141156901459 235626939725 253566811441 261945793902 235214427200 42944484491 8280395263 91181028009 216959650128 38931922616 123142096845 208501164253 161129678944 57306958419 54238034007 185295735160 86931420462 214453849700 233024140094 41346914274 218986721421 79540197977 96708514848 48117377097 86467365432 230245080710 147170674998 94347473973 232924710990 133782509399 51499881671 108744073647 1693259016 202664397690 45865227150 209084323089 100342832994]
[215871077171 208970977106 97184045410 77885977581 70889003338 201349646456 176792145369 256830206980 14337215051 37289593381 145869141682 273788126766 271733141648 270084567214 255269217462 125843823563 80503971927 175028566367 207592551391 93162442447 262887909193 208154501987 100113418756 54988895123 89113536527 220649913825 219996033177 77805873320 258277003151 255350975272 162914824376 31482078426 3284000275 151035255747 137404017581 160028611335 126983401349 195208409688 98243974691]
[180798314650 199411964572 208623745478 248767308645 42893205875 224074449800 228494125520 207484344270 188543237191 44954141285 54828267333 172140591172 45598486987 55751453617 28111110736 143297388295 195948984298 139001471409 56510400332 76831298228 85900865450 62305064660 215314697620 1478355652 29924444493 251036943885 175744478045 210166701377 135432026093 204470449418 202642745301 223427295661 247567802236 198236843140 196629986874 75131776777 220780735002 20366923006 213847755571]
[161700130869 138027211014 224453273116 173273627630 242172305617 151397853938 142238811927 107429883572 255177827816 222617819353 246132510606 59867125219 223014915886 89498974527 142724307888 160454732015 214504167679 250388610868 36390233356 33143294669 220942083838 256610025971 115309682393 42631404169 49649377005 54902632782 170108724552 186297206697 112522644618 198467101727 246470515161 257136104668 79200743883 56374037938 226444110503 272504518209 249705999211 79706576471 240797623485]
[270941156499 229965132474 64795316548 169862153567 155121413998 13054397084 158487681007 60845849682 85013728862 139691465504 4745479950 194600176458 1595007647 226542617863 76927745613 190585602413 174113752568 196772032138 39809284601 100456368942 198143731000 160656011941 25313085123 99258488301 78102089763 6561201264 183006987839 144886069099 87870234511 242565626065 162862966122 232102881902 21206103114 272478871425 67483080654 76981500034 135122509673 234874640164 93960190167]
[66283419181 101813196177 196838429026 95025042451 129989384326 77250744102 10811736097 216470290088 219588090677 232123738644 227154370672 198314879758 41155116503 140633099441 230075633250 31954003067 199548410346 144133088123 125582137071 270350480458 215841931864 117433655481 67336637904 206021176544 59554308192 51245472793 176742827741 75213542823 264223086005 93983774676 51325320433 133221817102 132650681240 235732276827 207654100249 8940884975 11686572700 165499570954 270071362136]
[28991566036 35176512405 166056576041 185961675121 258955852262 253851057763 199616461434 178927937504 91872082233 160379886361 1917426491 168525460637 171591488292 204582764697 235703876336 215899087744 38498168765 103236292603 150034477635 257443317875 165292033371 152803538588 157643850717 65335806663 135975396480 90353830618 60301544264 132240928412 252835785827 24370963112 241848262220 122980593914 59307150252 151964344370 77959396496 271939073103 22076079412 143699489254 102521665370]
[231470853793 189682298158 71971482133 169264947852 87661853557 169549452297 154599452643 9115209742 25375107597 180009397450 62123048731 162757947440 94553711512 228740318718 18065631375 224168051609 234443791031 174418092459 114731797487 205164598430 45083725922 88540589485 211080291041 36108175427 106470189081 247595715108 212388513458 183002419870 174755988208 41460821190 131375752672 198025183666 117724813179 41724634339 146305076955 164031909250 255171744621 129885590666 272396412655]
[153379614076 181032797170 186547559432 218061320344 155816476286 223937826579 136438426126 171575566354 32980928575 213656374274 240879049826 120700389076 131567039837 267429012177 211516204603 200979171492 149528053134 262167126030 219628628988 5215836523 60884794995 104791051633 81624176531 251708898466 61422915366 206427585459 182611313632 153396501779 92388363095 99634470621 252524765794 141242798160 161246825290 225209617504 211545826627 104638665276 268771184916 105252851933 182403841417]
[68988942819 260055263565 105459123947 100016818711 164825867414 63844550568 159440635546 117868230811 179011065014 82819571391 248770426796 248569637898 4120939701 159373718686 178918629611 193484891503 91697975310 225587342434 124037785695 248309538633 202224170838 78517287696 173354554887 190364029174 117680032292 80425128443 54582506413 72993159219 115553336435 101402236391 213554354620 256069682107 147283929370 58303953326 190516666110 40607079359 197685183087 45664612883 119202079129]
[137981559360 75281695847 267054732647 80103893055 118519276440 53868031509 188678491767 29977110104 198608092341 167418066926 111288406434 192857057601 38346220633 158289430554 54356958719 149173493793 47132287176 69747719002 137204694608 106028059273 151001375170 114126168599 21726144780 76722737383 52374904591 269511044171 122016764062 142978342751 176699494759 122626491872 78846708086 594374919 138365489152 265024308498 55077884052 10682194889 262869861512 152580829131 135431206577]
[79155305235 151772277015 130169052159 46166936428 165983254919 71150782772 139786567789 201679531162 162740622705 22986409767 127133180692 171823023798 23380987288 262669355485 136683746062 121888860360 73516437577 21641184255 30655924901 57881503231 146656593063 153728382519 257363242541 191661020012 157349221050 1136934643 176916038885 220789813050 126873041140 234028864865 136780467006 91499837787 80532301773 204829468770 92987350940 157764544262 249459749280 165095599079 38405712360]
[116287515896 169762806992 169091378567 58238536977 59246290983 241298632065 31597682397 118238565567 252899722894 221840278787 140995656298 54076332500 219990487908 196203252959 15214548767 268772509978 274082269468 242916363663 10392311196 146884064098 31653020956 229425450960 114826796278 192614710015 233948756758 193612351892 238130865174 50519445013 267981605439 169953701871 146482064575 55309877790 25094031337 200270012920 238416611010 201083683624 183188590515 176205378839 23752398895]
[10772268032 41696914995 240260640074 231673718917 50094059018 169273802723 102312301757 184520098338 226358206646 236422498099 13298385097 83191092443 210654453735 112286936669 76230955431 11456176063 160798794168 120516563963 86207874873 212537814409 262471599019 272339815429 257984380818 269995479196 252968577693 5784073093 46454855807 50466590820 47544149746 116215100500 128152442101 145896175895 273805004131 194824493985 263299559250 202857247833 112854698493 149018862972 253168542398]
[243178270564 189077872180 60170308828 133977703202 260624157423 22618416129 138035413516 16527407062 255677793411 153430177035 22502756825 99467065112 126452577921 226291736290 226613046919 52284713519 92795640160 259375468058 63461623332 193893076714 263389269863 42098396794 35217685321 243464350199 164741549595 151025780346 112487733152 236315693573 186535559602 135337642014 184564266239 238920408332 47290665827 222386352600 216370849199 6871825730 119102888912 21294095263 195307150170]
[192825065375 9000341121 220128173951 9156864615 234163485812 104147189515 20467833843 125313279424 256665152233 37105622598 35624374017 146349163305 209821909922 163334267337 76037107099 105059485875 105126392841 212661147176 16022016985 160398144289 20039126724 179390626880 178399572948 114535597609 185532977209 5081026937 167457848590 40568047122 192706724289 80578292916 27771373060 87963533873 237687940905 126708083409 203025665179 76239787186 134889037211 63483756210 103841330403]
[178613498520 135690024362 130661104895 236889093172 59238243144 148797365239 144132413855 238102399309 150170146368 258681158113 226505806963 140749047592 155666929554 264890002106 213230867045 130224892884 240856323188 145625543728 90074814943 194032652500 54409244117 78640538026 161782409458 138980590321 183522048799 250413068777 203138522999 196728046973 64682172626 221751801392 208812074023 151975159440 235700757191 211490742270 1995905156 122821843303 251795234595 159290632342 160622669633]
[242856571287 154649376526 19286143310 232601440330 133929651817 11729996675 188340097771 59143874734 201833552872 104601389304 49180809767 259560035752 114995911362 153721674363 152895117396 153790756458 38122293637 200624796137 145744470419 133464735046 160519010584 261751003727 52169923792 51143404248 217806975853 271374246717 198402022776 21943658160 227741013380 24565143217 166731360648 232968446761 238612326753 71285908524 191853882417 246901459486 85630153272 48961268097 50769579506]
[225933948574 256727885051 83748999093 213131140109 174952447431 208166221027 26238448019 52594975851 262046223419 234628960470 255237457506 241765198702 180093904024 133020237978 196581568209 268277172906 245643951667 27020713877 136618164640 47312189465 234620272512 187749766096 251938887768 192657671805 252987912006 136281573743 177290521678 174021968200 79722852365 24831447209 110952428587 252264466576 244936834514 147990804057 196437585935 166367164270 886491606 17113504342 5100660693]
[204626789097 121350679487 201945304286 81416880522 241952640367 225278949597 23750662854 106666012252 245314641491 170219360145 61232956774 85951594554 267851369102 269734778191 162779930893 110456865235 77154780613 214500557452 225243971505 67488620517 62442212732 104282267922 53771624597 65621523532 51538845001 257865504250 44803477314 148787775531 11446296696 218410338172 30633239844 237670261989 173869865959 213196904088 144742566878 261306855350 184483071982 119455659360 161169285962]
[189748787802 95229071666 169501932741 197812439527 215557877835 207409402981 145558972927 115145326222 107777054106 145661538311 41304428619 225242671012 68381890540 168256313112 214099888363 99578059789 68276318931 102412529568 168422023885 219040826899 217122373499 6995073892 205904863629 272342955434 268224830025 60434710146 183795888012 102448567392 135055059675 43395536143 274096066031 17148285783 179809060622 131233120580 225297411695 249768098082 89646406985 109756938130 92136260347]
[76253005267 7433549222 199161029923 133879523079 107281069470 54218955889 93787537201 121342359731 117115780471 132088921560 183936666688 9182122905 237965211353 223279756347 189874293260 212071103201 142997820136 73204737793 218176767631 173073356783 238974006562 152593247118 102856564110 115476231501 117521640546 50829516296 184124056695 18163079777 29753764083 36460007845 90900971187 258232030497 196132469427 185241139121 244820944280 41906729674 2471159809 161837784966 196470579712]
[13457227884 143304354859 88197794863 129089570719 238247045374 102864568955 207735290277 151280805945 128998207185 12433815084 39144932266 188363621172 221422526349 198163084623 1827177838 134178340021 256064285783 102549147076 153897764480 31114825757 22886501840 64776950055 84370463053 264734784695 136539028177 243304343371 186190065853 187340909831 223919044741 109080752515 88045871132 87352178554 202955536010 16063023953 128283890140 39019070726 170599298282 55973813079 233552844994]
[28684745411 112108412122 164403954035 187047757828 37787966867 171323376506 196794806597 172694388471 232329817123 130035440249 140302686578 161849076008 20008790119 20361393673 164424304916 111088705345 234228918974 218816408947 31657218084 214586011480 13407362393 227527508478 4199619111 205523775737 80043332997 219553328651 40571108128 116709325071 91249763639 44876539078 230281490903 272271083415 71934377801 26707986756 77285762880 224953511981 139467767308 94888781278 90639363560]
[206541941446 121846542811 245429899927 68058567539 139402246444 94365794946 8400572665 108176667615 78971578823 10850796957 152911926607 155502791356 258189765512 190050074785 267476701301 125077105083 214272219351 234621457511 222885980610 16674804392 172606985915 37730706347 207750422422 91875323977 214189088583 153429234481 227194338240 250928930491 14851734837 165143706574 115067127592 15752252092 160564636233 10664005122 233269266691 265900509536 212653868238 2162665747 94500133876]
[117613301636 207600674043 251918818913 157322900583 137886943289 78522243232 78836163637 12981494140 75694159281 5503681855 28568194167 261327551573 263731666679 125636014100 90583678982 200908077277 56598420175 228272325139 246493522324 274646681930 16814295816 272896849132 112949099681 6844495155 126207265828 209764561861 86372559382 92562640797 55123277976 267125026462 218767866154 259668936313 187823131950 67761158007 263684738705 179420810915 3830062489 129606494505 268829500654]
[56575257760 138927002844 20900832433 251200271066 138892686703 36381953355 9491065544 78695798608 204644178905 171743949522 134587272199 200909754566 111837982263 160794288494 184112265353 266581475285 152280549386 104163120067 66586661675 250335623005 40012208913 53300765077 135991427689 71664700695 70102750136 250479242320 200795976508 88163405369 189339732992 94239912120 129135459970 198755418206 251871621288 8531331501 213820631457 271827082073 116939114781 122356179696 168071593747]
[269620433205 9916021803 4382614805 157829225420 267242527618 219156077973 155219278541 24823395770 101371375201 54919752652 235099236003 68305355276 98513067455 231720125214 107842662523 163025560433 80302422504 140747650089 166400983969 92351343840 245251405141 245534834412 234688108730 148976296695 46800024854 137796089102 41515384169 37015359419 17719107792 18234333798 94085114917 105243032644 190918671049 227193307962 168485872049 89664810728 178645946482 181310188567 18854958423]
[147575403912 36879484526 258865762987 21846914594 108229091305 92909556370 228755726214 195396912964 67072830537 50829173407 216857756081 269347682065 109027204001 65610692044 143437480660 3306937957 188827830759 52837360854 38627543452 25518383928 99990810249 226904198734 154178875880 107504303172 17842211154 61637815063 248828488069 99348842312 152378760488 37077747586 142728865642 112410193521 108939248337 181267209298 212865118158 29046713737 71997957664 214498686493 28234693028]
[149375542465 161572736204 157522098525 43508482852 55755696061 53061950515 139427751534 255775512354 5919744548 235461960793 115688307017 35314489969 80058022125 256423471319 89285681013 10124329416 199407009577 254022065037 40062150491 224192972323 209788284188 120990591215 112290050815 147447777969 37517859206 268598342773 54588961149 46442826452 262957421888 222445408209 72223899817 69847505060 199028328439 46681148784 151043133698 97448462822 72871801235 134841450531 168302163854]
]