[[433104836 532569364 119643591 416406819 112184646 180714294 369983736 446607655 536573019 77378178 488398091 34257068 298668805 472711473 332148439 52543527 78509078 6104816 371561994 415257850 38607177 372575116 98052892 349805963 445805033 442166129 305446508 71439528 131244657 291683841]
[261822285 505648444 399028090 444056742 195240802 89948959 16559566 362338811 512725893 521986707 94458623 310746709 101182360 20688227 5326863 485333824 231133424 500428688 140941699 141569474 457416494 18127365 160830373 27346934 169949993 41843582 453546071 457400996 179361341 95354235]
[360491286 498901801 452958154 376849661 195968263 146035526 496117042 8240244 15160413 520731236 83852985 427904975 313262102 25050424 413787754 522115640 488108347 315977679 88098012 17208090 488434922 112065762 495712045 462228372 493839467 168062973 208912378 297814055 165713116 392776784]
[391354275 206441005 1693890 422133037 391659403 347981516 218177046 474726128 524317662 409411064 25529488 10809473 277757672 79029460 306930359 167531220 143164747 239898272 266089467 428544235 196768378 304535725 7869496 199245270 184673720 364947187 171749356 401710729 302061001 367864450]
[441789448 3640294 387102645 119505489 118750114 149819081 522661360 173197307 371873739 42724658 472539263 148076374 290480401 332982623 464226359 336079755 181489545 92938067 425106839 485906935 68385551 15484496 173430434 302103427 310083775 42475742 496721950 329353261 379174422 293169867]
[349298143 312926563 293370470 527240170 409359774 114615222 319554138 463704971 269499326 413315542 57262553 475282359 498466721 18720784 485350033 175192554 469906053 111391255 111437977 265644959 155600808 39577175 144935157 469277715 391823985 464843598 433151449 505953447 128132836 498175881]
[126101030 315434064 351514599 527091833 384143710 400920649 401692680 109393487 345896028 369571389 99197791 199630322 358071638 94971597 155285370 106965359 248796952 205956701 265655733 401036139 397269096 30844123 252573357 346630973 427145145 77284990 455321582 428718516 189092870 381428849]
[145419160 268562270 145494173 216334418 99552664 328013392 292588477 129660089 164163933 143851351 488084291 71498861 151943611 144497402 531943791 112546096 119339848 311235126 465110770 306643545 373888318 214489303 344873267 463155329 178884144 416549227 410126966 89313934 266422655 95061017]
[121506214 381720294 469528748 221640080 316479964 82511083 497249627 362437931 248200396 11300527 208901928 172549970 413123219 265664780 347302474 287788175 266589324 81625324 158333253 172606103 160823208 9999155 33619576 325629147 317710272 531969602 55556995 172906222 465836022 213086961]
[266168145 425358127 96005153 147422285 105328849 415265789 291605908 371189698 110103744 496705230 231774786 289447980 514674670 474636381 463116534 330041087 429052118 3459945 368117864 418042487 115572537 8466021 503897105 233519432 110907688 71836724 395147497 515603259 450272992 344331286]
[279034115 22606696 417738930 368322320 2790696 469895260 459857941 265893986 439471426 523572249 365101573 105227816 525962148 494794074 483057212 103056820 5901050 340119880 61655574 10658830 521622366 531887622 78726633 246728318 80209409 114319833 493513291 198109727 361262418 397531184]
[530289457 433156485 535228722 332888422 382858409 535281331 231644229 501910040 85024848 154766195 467290628 99671752 192138644 310751851 355908391 498679888 267320681 365505513 355258743 183107643 94454728 390992071 180658319 163290083 21470661 47787222 204686580 238402764 292371290 265124295]
[89039937 330819552 484479594 202486372 241086160 253533832 76574022 482470702 181687655 284529797 315573498 374687555 293542577 210433896 232688596 234791711 510790271 325760726 433144021 62215858 304434116 521001634 336831709 356617302 37298739 335193662 395778713 467699522 384846243 440298737]
[161488415 330305214 164463742 184591151 382948146 304991980 358414219 357348160 368672782 396796123 372072146 17431508 413689954 501776611 50338088 479589799 206833665 313893834 8892844 187402338 237596291 286641942 421570611 241141165 453507543 363804430 255250262 15470932 90395570 122037866]
[476995453 448631714 510122690 38557243 111458516 150326428 345153843 183401087 412887731 474869064 505566839 472608213 507699478 502476620 442091940 130197504 6488458 146151207 363575999 156819920 531439038 218700022 488594045 196404858 237846450 379655118 160528893 418828207 238110044 383561060]
[483373832 336007130 251194359 505848712 17206049 27524508 89933727 99454562 245113023 29184236 490203420 46594084 520491410 340813427 492237487 342456108 3280086 254847204 327842684 450044189 506504985 253690393 404494486 27801899 427480280 86481524 75364693 469489428 484868726 435777446]
[401852463 372046150 267287835 485304980 68715924 271850320 20910462 406757370 17394600 504890448 198263412 391475190 153888187 245249437 358603426 6927799 267057833 354270470 460561725 207134938 500026784 453346924 330069393 68930289 81768044 63719505 511086567 137097306 400636566 29405701]
[389483996 115659811 80053827 306751772 520487118 175965732 358215046 271354458 104393022 533963822 240783707 327386308 60609453 248713297 51740330 440784894 137514830 94853812 31438352 353167291 477884058 496599269 435723675 315706466 115897593 140445400 21553149 274060299 372937520 515820389]
[279698219 300950725 475718764 7518430 151496055 495807183 160908406 65948002 269985192 464112091 36687181 283742415 16848460 418930333 101937372 466227100 513592003 118781114 443063881 108880362 372241636 17717177 228886875 196557288 310944531 456476989 366916949 414227485 148243872 372262019]
[75662560 413461431 463256322 371921700 376639349 534725567 46625326 178620619 430287434 519442342 74731519 99568664 83414631 258567668 444266024 43175049 1568065 157734192 140293495 269531250 380286711 520059390 282457473 316108224 284325976 133325693 281091951 458028351 327772196 144394213]
[165287305 398177866 106944667 88905527 263012775 166506146 457916718 30862970 182893914 453040583 56014219 51784495 5169401 455714612 36062428 443499646 517708385 81976889 524267104 383337878 219630753 339151100 513952345 309136632 76706415 45911399 350584564 424528759 430059579 380679933]
[314160580 374834399 98791893 143115877 410801815 200826529 505376035 50137380 299675290 134871296 289868992 383895649 82879034 372503565 279069132 172116723 471561572 496112644 394737973 465123180 260257199 377023019 415410939 340719287 315783427 474052904 190005928 55004581 521084348 230266202]
[442411489 146556020 254287262 518300662 465920492 123099830 113212609 7858002 181228451 214200421 280128049 325963345 279133908 218860489 168258521 50932597 52832476 58572519 387688052 216890326 279587733 498858957 475416452 401661291 13005658 224832323 483622119 524120837 258247259 369850339]
[166574839 179823619 62381949 361708951 368983675 256299412 470391217 24778993 205807363 239548634 110675248 236174097 130015611 51364953 198853368 53526330 452725069 62848737 287109207 483950927 511080003 218086947 304405073 202077955 33094449 139329778 476293698 414194362 533961915 402345425]
[300638507 339387999 340160545 113022848 147437929 366895895 318993073 525639555 372997142 173662553 25103802 23630971 296805163 349218816 411952238 66726344 179111331 96793907 47422781 491817909 114358733 271326633 478890086 101250828 533910267 305432191 325097221 524159176 151817350 302371289]
[285892894 355515265 451464792 171543019 225211892 291065867 269165477 398009181 24214956 256929697 488182587 24120921 238954533 139847082 3184107 438348506 17707650 372280027 199453977 451204639 440631332 253721441 515368908 519485178 297393809 464168650 294379048 275013990 30632168 313658940]
[410946658 376858126 26139395 473262289 395123903 237201128 445347417 61830773 245476349 91064978 269081642 483789717 249339247 50419431 197468300 30942540 155623559 84482920 222613317 86119149 266100782 446052533 58837641 228253240 439649290 91696410 514552421 455482497 176722232 420008650]
[265495686 227786685 389793118 174103991 64226651 447190282 257147619 508256021 49029900 460821328 204661189 318082677 278634153 69228705 273422406 279305960 341628470 276952265 165403061 22873506 486062048 304090831 353704378 260038140 474215861 147989819 83048048 108158812 418637410 191029626]
[41897098 4136493 446788492 212558604 338122374 203237153 339697929 418259736 259501080 515477089 528135106 218275448 274983607 198327801 196358688 462565957 19966411 457788303 136494576 471680773 473606238 295853924 457611285 339451317 105182037 215450952 51952000 85671570 442949847 471566623]
[466484774 105118020 434285459 476429611 332200667 58600561 375469663 490774578 157050073 18028331 2824922 88407746 166274631 485114583 122564085 245558993 16118929 92987565 505433930 124604988 500336804 465216994 435977688 435359643 386414447 144954585 377534307 197185080 20651550 245783990]
]