[[7105806752 2975386291 464103531 1767359099 7134194934 7306336441 5980118208 7504875916 3075202236 3856112783 1125116862 2812447080 4584828378 1005569576 5526002978 5903011108 5211727395 677233367 5385970015]
[3391015078 4855206396 1676802180 2314949519 7165407625 7137929744 5778351400 6831433074 7222014092 7866716524 5968893874 8588865333 3252880847 2948678849 5188017655 4425835428 2516199000 6728902303 2700792190]
[6113373347 2691306660 7700956981 727852231 220112906 8203026250 1874417775 5312477121 280469863 5155217938 3892860616 5003446787 4099719068 4185670245 3033296716 5505625940 4187942074 1960335818 658277884]
[6607597450 160026024 7513787260 6389780578 6305330842 5572667531 3016724435 3979245747 7244964772 2282189736 4404760827 1848780010 5640678629 5546272855 7373196292 5041640909 406935428 5047577607 2778426339]
[2410638322 4145845031 3990276732 3479312563 2052510045 5793485266 5239147151 5298015570 3589059785 4874910683 4718988279 2836539585 6591140651 3681631035 234937289 7078334741 6777107281 7148297328 220111133]
[539851664 816814221 5931459274 7069163110 2662222382 4595858321 5339541024 3128260068 177064520 7977626947 294222780 735167874 5087458090 6610374206 7335544663 6540213909 6210962855 5309252246 7754679345]
[2304270600 6440754567 7748429886 2948207093 7923571450 3604591995 4415468561 2359871371 6900994116 4229957233 1490179799 6634473463 7652726665 2588085146 5136503488 6761522684 5243893825 6893315471 4474571579]
[3925373585 3054742825 8090493298 4760056173 5865666073 6789498551 8387843435 7081695043 1139437060 8079549616 2821016013 7359138693 2127661239 4321064423 3687291797 3962237200 8453654636 6564499351 5584170401]
[4141477668 3257404087 7628269790 5542178638 1547798770 8422022534 6621355869 791121302 442816861 2274812032 1809146694 4943309086 1471376032 8568695774 2617972534 4524687043 1770651459 8030129540 2346079456]
[8221754327 7991708775 444621894 6826777416 3256670592 2674459187 118607581 4202309884 384138404 6500897820 4889298935 3102883837 1251472272 381470064 7743108571 5837782130 2713345896 3253180154 717772950]
[3972447973 2833496729 708170106 3093836525 650970231 1837463222 8314810742 1192155642 1544196771 2762041484 2564620989 8282711437 1406467459 7491525956 7874410177 2057689726 756462960 4776519316 2761791340]
[8043257011 1331510005 85735743 7975840419 7694546392 7452445718 7656123711 6279469316 8267726864 7413855624 2657606493 1421495087 7578937633 5480652364 125781391 380747868 5461373285 7702742752 5499950861]
[3793060358 5469578501 2612307248 5873680500 6104148477 8427056825 5726620416 7751818063 1626431588 2259431860 5666280846 4816610706 127322829 3620834795 2618550268 5720871911 5797980215 3939377143 4969824188]
[663146726 2768961655 365542456 1976742118 5233066171 1828742926 1913939233 3501053258 3735998652 870689925 1149649865 5737900112 690648946 3607138814 4189967077 6983792844 2078162285 286148375 5762593963]
[4890393940 5249935519 8427239986 693825822 3822206285 6483980516 3109759384 5170127176 3251107557 6052287515 2220563329 7313874891 6493323010 4528814756 1863105062 6678794840 5109343443 7185028648 5530896591]
[3263375711 4326269446 5216531806 3201132101 6202595024 6777445068 6184552165 3539108797 4015186356 5608087246 7292942134 921162598 2879087813 8522587748 6208466521 3058583101 1210591312 1386698472 4431966017]
[893942350 5980653968 3465320257 905012188 6645592219 580027897 5744528529 5730959770 7589750201 1046228313 8001290466 6969656531 3570381390 3017400239 4219186635 2368790792 6623076641 7556913877 8151136961]
[7700017785 5629657586 7527520691 6656468697 3105804513 1230469640 6618872693 4847037103 1163452407 3614773132 1911503688 4245937516 1700544714 496201436 7098144568 3428568826 5714190819 5837567495 5063650991]
[7947880301 7351023376 7767772493 4491201721 7729243246 5493164583 1633241154 5542617524 549214822 5919132905 7862581245 6662653747 7681273035 7712853735 1565920198 7379978705 63668192 5821467119 3188734197]
]