[[6327809927 2694942459 7663005624 1474770219 8572756720 2252246991 2691109632 3531453890 3211358028 6898659722 1562870985 6303309961 1130490113 8465837822 3091795160 8262463673 1652811162 25132877 7200082137]
[5916632703 4403329843 1803208465 1319977771 4153805309 710777869 3286224229 2186529259 829197680 2890039248 4266964195 6303833434 8315954550 7587391425 2244469864 7691346163 8096967565 7184607596 7157104052]
[2162335875 2191968679 5302958933 2478104310 5576203712 2885006322 8209344891 3886295635 1609029943 2292301450 5393618174 4718744457 7859170625 4915947973 4233683889 6774182456 1568177756 371362556 8359999129]
[6368752998 5171712177 577316381 8081542556 6028477849 1831986877 4189691765 1024591859 5785857365 30170091 768922232 4883236570 7612432150 2905994810 6459893423 4029763672 5029543370 7538140391 7589088414]
[4806720126 4561095712 5594456649 691577277 6167246539 4758346352 832237436 7339594743 4952904035 8096187580 5238029871 936620962 830250605 7966532541 2546065910 7924091257 6973325149 3681878088 2133781624]
[475351872 7154114213 1161311050 2238257765 5427975901 1790727479 1123484360 4418547133 7403611510 1808647365 5466582721 5404166653 2822006782 6192073760 8486591360 2720865079 2747575102 6906941103 437875172]
[6975045629 375964405 5176196681 2485009379 3391608917 2404937510 8266186664 2744809698 4922210158 2632813451 3938718409 5187691310 3907900556 7543804686 4904786721 6534102824 8114660973 3518892465 3022505363]
[2912113462 6557772277 5387434552 4796927975 4262326040 3544193493 6037000974 2170680620 6992480565 1470247573 7601937933 5557583065 210037320 5513441152 937476981 1140230525 6231946657 4972959379 7172164399]
[7322621382 2822665725 398656665 1335497829 1092082475 1547859161 4532463842 2350055711 5540786701 8368536739 4396010166 3276735865 3927947657 5351566408 24634374 1345642997 4433845751 6013595148 1419779371]
[5675652767 1431882401 7873070714 2296685250 412251317 3703480259 3760763574 2320144923 5097793664 467652219 3671687784 258290414 4331234287 6584065955 2541630033 3471136776 8099943857 2535325399 4374427888]
[1343767288 7264836280 6280753527 5964044328 504339832 1741870069 2823293269 7906851951 1162817309 362048309 762283354 386629757 3133203461 7532544422 1429272535 3145102914 5888116942 7451481267 7923411177]
[3627956551 288438267 2012855198 105062621 5256313986 730408880 4092601087 4164179050 2307996701 2383927185 5270999662 6465183965 3112071838 5142757900 7914488089 3778657676 3969254347 4389563883 7277804865]
[5479472362 3364255268 7180585609 5684355005 7363577529 2653241647 4035712237 1774762466 6466052967 6878926613 5708364578 5640638201 2435128830 4987624229 3286763353 5582785638 3687470786 5743074895 8508918152]
[911458925 6383979714 7399918193 7569387104 6137757530 2525629780 6311542283 8529049642 1696602995 2408286795 3068129396 5862052251 8518747221 3236613520 6046769959 3842994527 2246480371 3949218546 8200271304]
[4961925289 3375611074 5326392145 8063160233 1779090939 4073984414 7666773336 1796949285 6505155309 5280219430 2890024981 4923624311 500558021 1727726395 3425947934 3897850154 2140061522 3833612657 5997088289]
[5405062435 256535527 4000381179 199585293 3784879804 6850949947 2151212308 622739953 5318058668 2077772246 3161897061 7704675298 4160650967 2390339555 4704727082 4581051168 342421083 2291653238 6324616030]
[450350436 6431646383 7097937660 6780242721 2549156959 4178578409 4921210194 5715059235 5396191254 4330638701 4581226378 2237978161 3273634086 7659927492 2775759646 2689495752 6555218826 7548314191 3399555462]
[7012606092 7648796671 1738639120 5053724185 8524015213 5851875507 5211320966 8380606233 7201794837 3289109534 8247577744 1525868577 7701208050 5458237905 3280776520 2831358162 6353743482 6942824678 6907723720]
[5127498246 3644170368 5919690298 6127730242 7950391594 2950826805 5895275617 4288257661 4827504903 440581563 5788390347 6813739100 3275917174 3614960702 4823421312 4469927769 5727161506 4054438989 975682487]
]