[[3957978545 3837072041 6686837681 552658127 5826492780 2346886754 8538942113 1482204751 5548898058 6108761458 8409816630 7246662317 2769351787 4879991257 4671788365 5538351792 7171187007 4189628297 6877737558]
[2860167484 2008114502 1335040375 1398584743 5619780815 5462029855 5010303321 2131776302 1142185726 7307150722 2566639492 4484909630 7993200185 7738248597 4396287000 7363262596 1580271119 2358132462 771422120]
[8285011815 1073456389 8319055379 7909670442 1500088325 2607946220 3323086024 7893602697 7794850060 4892365334 7431692437 2317949838 5785176300 4428291884 2676336452 390921972 1231048726 1254291002 1893210991]
[5504060532 6995168039 4430411913 4923221362 3134639329 1079224800 3520683910 2257449216 2061036591 8505895005 5699106019 5148240838 2815214431 7187165135 597355242 6660239386 387518556 5507170239 1904360339]
[5463086416 1658033880 3796366536 3237765087 5595042809 7313233305 4892561301 5646776627 2134672295 3300718716 5839717202 4268558962 27576227 1880428484 4971246559 4291933004 8227371150 3527440630 452868474]
[3682282367 8535326957 2466036361 3400438271 393031841 8281600626 7124999814 2552498748 3416939022 723136828 8380958467 5114874511 3475103226 921122471 5463302332 1563372789 2032561119 3463537969 8548247836]
[5228441572 4242529889 5312715253 4220123090 3142884708 7589889996 1770197141 3891094626 364702340 853810724 6087669966 5959486360 2675203372 8276113747 5925127918 1276479429 2618810645 4513171208 1067272210]
[5321901951 2518147254 7761963045 8191554608 1230993724 1074823116 313030154 263001093 826742183 2250888902 3899424408 4902482967 3679555788 6603665616 2459391816 2554611301 8225299931 150244172 1767140403]
[2447257732 3912388032 2816307544 4528434363 4540581806 8489428734 3414119171 1380471278 8298650058 7629177153 882544546 3519360598 7418544484 4783148484 6409810793 6226693038 6241961647 3966659888 1154238061]
[4493627843 2801113684 240840478 5002710478 1520056606 4800843715 1355533398 8089135408 3659434301 3283003775 6092287249 8057126880 4573158791 4480621415 1383162158 1620806038 7863410479 2213380185 5486293368]
[7193466942 4207163877 2300676410 1032741228 903665036 481650568 3080212505 6306370525 8531477789 5197988694 7555581991 2171345663 2251397020 950874947 70807106 2964532805 3236334533 2868209213 640604329]
[2265623563 7215381028 1043075338 6128792436 8311836140 6430106043 516427944 2616395991 5420898524 5334178821 448403734 2795072503 1589149657 5611251428 6017213561 615109074 3251580515 3291506406 3314008032]
[3082610316 4890850736 7537902350 1227831427 4966631624 3906653833 4954454980 3490986586 7141026826 6242881866 7236390505 4337393924 1158075453 3559146038 2016616605 3156374353 1557330628 6811335579 5299765445]
[187314016 2756932504 1795513245 5069573994 2084279849 6796387992 7362616163 5113562479 2611908741 5523690003 1191993522 7375504517 3128706867 2202635183 3147360667 1267351939 2892971867 454618684 7233399796]
[8433660526 3635741065 557475692 3663086483 4336892289 3578897659 6192345576 7000483585 7364840689 6225134943 1602344911 1709421009 5325156440 4836472512 3029018246 4497586852 1714908631 8148927874 7517119085]
[4186074180 3814508740 4778857958 1189293102 8225024965 822335526 4746926683 189932969 2031893199 8434495714 4825644790 3620474791 3026675959 3618197655 8511064592 641118591 1449732639 1014794533 5487979331]
[4406729871 7277289430 3763004614 8250464254 171720634 1348433432 5738685031 8544952358 810155847 7796130275 3785129248 4190692619 955291227 1188558435 324705532 7422345798 2752800009 7882889550 8103585858]
[3984284173 7906199399 1104575228 2861462981 752537149 449279274 3709158230 4284970902 2303482390 3376030687 8070562683 3137943748 2085074601 5689981396 8164082037 7738180419 1319577723 2426189407 1301801660]
[7178933505 5897874990 4243927304 3607831872 486122212 6082410604 1243842751 5181806060 3847876199 5893564279 3362106103 3764384504 6271049726 3136929730 1339775377 1791090966 3400779912 3190381298 230980759]
]