[[6301276486 7768230218 2883362673 3941637587 3056703813 4451715310 7363048588 8540576946 2832505443 6257983526 5956141502 7834276352 8542547847 7293775479 4474796892 7566820581 5276421658 5541677148 630505063]
[6644067481 6872777457 6015183301 7597273833 5945564860 3374484561 74542883 6377861408 7443327645 4557001320 7783104665 5426023092 2620206982 5952612206 6060667752 318350143 390402923 4162769220 6951609756]
[2328525431 368220122 4489245859 3454630077 2193984712 3192153654 3638766036 813951736 907572796 7998223438 3546787599 7286252584 426421125 7302691642 5375808634 6205978880 4376558090 3623117624 3104638429]
[6161011288 948638426 6281534545 8442888424 2845566702 2190157262 1627202798 3348225768 8033238526 6476891824 4361712108 3434311543 2334621121 5580219001 2011514272 1145161554 1683664826 4658174484 2523124578]
[5848130715 8421606530 7077954024 5402068307 3719318955 7739075444 2324145108 6825639085 2298605822 1455089144 3274246907 4289466105 245068495 1307681430 6594958823 1987539831 6611679503 6812327970 7972705854]
[8151126436 1833783113 2703591250 4811994679 2890033717 7691627932 4717628419 7600609723 1447565304 4546030976 6538384218 4930935902 6956273953 4313914193 7432693818 5498992682 6054939416 6259903089 4394891105]
[7385920957 2891354251 3044725965 2004235791 5106342388 1871799761 7528971028 3580344791 2957798254 2756041494 2619015871 4531565736 8268302684 882000987 3280535918 8243434528 1066044021 4516728747 7847170518]
[2827206944 3153357695 8460546875 297132365 3047748210 3301707371 1866090840 8317707749 1646850359 7966357412 7912161214 718837526 6676969478 3168216419 6411868915 3469673649 2455733132 5300061624 862699955]
[6854956981 3510648834 3224692494 4695033951 8048526488 4782434224 4478507873 6843420945 2239530904 3485025055 8093473272 6606379290 2853995675 1202667723 316098739 4089718811 8056608041 6755090559 3677956127]
[4163725297 3058135084 3491178952 6060896624 1225929474 543805844 6066953558 3787261136 5082916660 7377552981 1888525934 6190977638 3310760878 2376147775 4002388579 6211983427 3693785655 3951899478 3426813697]
[7897756112 990100490 3194202081 8325019328 5243055715 2056879038 7491524711 3855549134 4087422659 5727017851 968696540 2027935399 7368563181 6377289140 3754872952 1871923732 2104791560 1205525505 4825805324]
[7565472326 3972872176 4864902652 1761487060 1085477077 6829849173 6403673603 2879112012 4615970926 4372764720 5969243643 3727608000 7326475992 2481708789 3735946592 7357860489 2159876360 1907839125 3921863748]
[3243271166 5565691696 6740184772 6205020327 5120985196 5387439046 5938897944 2241839517 3683917725 2689783529 7014146040 3811363950 3483359976 811354998 4700378892 4754736507 3817017167 8124891670 5234936426]
[2890398582 8275848492 5556246387 8525285945 7410955791 6076996502 2116901020 6271696215 7069592469 4693150335 1325547145 5104100456 668181623 6267426487 2266085903 3842494164 5497033702 5730170810 8273013566]
[8339381449 636562629 3023882904 7866771062 8574784011 4629555192 1898692361 830752718 400275157 1278549794 2723539837 1520496072 1053139905 7037290989 7460564258 4664393186 5135852559 6032364822 3174798783]
[427102650 4084797197 7979334700 3520852161 6858207928 2470040872 3006745018 2732583934 4918861849 8113454663 3127398091 4778534781 2497620674 477056553 2257152345 3961300508 7488448942 4868817354 1072542706]
[148454730 7137975247 7395267859 323445013 8442054542 7523612037 5941926825 570265577 5482355705 5119751948 8525326124 1276798969 3843300236 2345193536 1574743208 896899113 7173355962 5921933537 8336058940]
[3496738452 5362875045 4196282087 6897127012 8580437717 1609991348 3354562279 1837565163 4253604202 3891254662 3949959005 6945577735 2086984627 4882344882 4135595010 5931952911 1927299176 3325502650 1572463063]
[102382615 6034803488 1625686588 1153728353 4600771321 3537267622 8567588926 450087803 3594513145 4722108382 3920946875 4149945967 8323643273 1857468791 1524096410 3862423508 6720366669 7697493120 7076584783]
]