[[4417908237 6918898508 1575680872 721420335 3394009425 7256099296 4016688422 2257000474 1424984437 5541488926 393819825 8146134657 7314669934 5409785099 8084910101 7637374987 1239756434 234351458 4699636265]
[2933866898 509460549 4231165226 5811065184 6894285195 1536093693 2865704256 5137576980 4391353143 132531994 3640468459 3983190042 7538024190 4285411947 8154838464 4788580135 3227902550 1964752744 2914372630]
[6074827599 206272880 3464716374 595313834 6163761241 7112936349 6047520880 3066906726 643071677 939187183 1501277388 8389409154 504710262 2048540887 7950003054 6483310060 6798742344 3546962109 5810112666]
[4300097878 4252783132 1470071999 6231274508 6502447684 6538832572 5725596472 6638883176 8447856256 2598409182 580655195 8536485215 2927617630 5107889428 6076681030 3371742721 3342929542 3422595115 5510068886]
[5196783443 355052557 6368488762 7930001788 5003509815 1671712819 7129307628 5688709097 2449650669 3559974405 843635438 2690412712 7850260102 8065472570 7468328354 2776350593 3725704465 4071027188 8528453144]
[2547135807 2401664196 2966806036 975593188 6487722222 2297818300 6336950271 8420413752 2058163378 7553529589 2704876332 3055714692 3555508804 1795528561 8539125191 3496208979 3274626969 1524218887 2750193478]
[8311623650 5141789429 2536600595 4817731537 2306208596 6088375869 6462940366 3279734765 529737311 2958524293 5661487545 4465245508 5934652295 3108915208 1441863988 349377463 6658417289 3281872187 1935650669]
[6976371366 7135940593 6026410275 5383806459 8152147028 3079320677 6524785386 7679991281 6874078633 3824642129 4211348491 7858300948 6598985008 721546061 4925280802 3154877531 132589762 7800366221 556188521]
[5911779060 2932616606 1302809773 4827986304 4340819713 5724947177 872139616 1495139806 2465242824 1638164795 3401219322 2576396763 6879303301 4271645773 5617721962 4058204848 248864275 6214677503 5416807375]
[2714101307 7652215034 7541402478 5265924843 448312165 1988545165 697940024 7181874633 8498932700 3654698733 7462683435 6889481328 5087561918 5012051636 5408133257 4871623750 7154209020 5949658301 4270842475]
[5073285016 1716878982 4546163330 5466116346 188853629 306665650 5457482010 4809001140 4424163363 3825083050 6642866917 8410175348 461051526 4575105623 2019537484 1707131156 6167291689 4031556002 96678565]
[6238692217 6281856598 5404127310 5362697870 5817044906 3842458935 741888218 2380058200 6436456228 2212988419 851664960 5904873752 5161995375 2819112006 654802027 4961481719 2743048421 2861722255 4965194908]
[3783878243 2559414583 5791829842 1053505528 8474634199 5837011600 6841339077 6265548608 4538763283 2450707859 3694254229 4769771669 7323517259 4126859487 2268829497 2489290763 1235993151 4004729228 5654704326]
[4185837516 5586073042 2145328337 4074959706 2928310907 1239705428 3084839429 1211302361 396890323 4949127773 1990044365 602050158 5846575366 8268701094 2503658571 6977938450 6536708806 5585095566 2544886793]
[7748202986 7141141635 2289726795 1945928103 48133660 6677930545 579766923 7053722537 1960702597 4544421318 3258392819 1157403949 6172956488 6995773686 1448170493 5638638657 6086075280 497502278 1816159459]
[2388659955 313578375 1958021327 8210756407 7765139531 1870963397 4022994332 2885037420 2546465838 5584522173 1948285208 6820461323 565101496 3704116067 1249578546 1043087443 3840613402 6160223223 492759963]
[8095113597 1124774727 1964272856 4458009968 2921460691 3402917463 1554624104 6570379970 336351164 3233138301 5824598800 7569441338 2423989083 2786135167 5822460736 1271491959 7105512560 2402812895 5324640055]
[5402070175 5077023961 4046113436 1614353093 2844071301 5651645303 643614964 7415712795 3355711547 5456136785 3825070322 4420734304 4479620528 4704308308 8309935141 8346898032 4373814544 1994102857 7938121978]
[7307655858 7802018978 2151802404 4599023052 8126451430 2666214756 2653557146 6028607300 8119878952 6783808577 6260126113 5886629477 5887528579 4727276944 318514322 291910832 955326433 7416359309 2121460392]
]