[[7352086546 1299156308 2253427071 6275455266 3913570204 641192782 5980478531 7802000394 5839432805 4122781173 3587443529 434858458 868912839 7107299911 1662428339 8179669529 7814107014 2006612469 6831396430]
[6396817811 8449972998 4678979905 2356107878 3366460514 1153515789 1044124059 6128011746 6616503609 778444693 6781974209 236040414 7741957137 307025721 1237323828 1505196392 2816796508 4480588621 2373327655]
[2521169905 4734976881 1528079437 3265702662 7342157935 4621890830 7731802874 1801250008 1851048363 98267571 8389265745 3362612489 8188869111 4122821200 890860645 3466717226 7705962947 7470572996 5771830819]
[5819804083 4898059339 7165501587 519490740 5969529396 994327911 3821273865 4305270314 6660800927 2136133177 7834126710 2252269109 3211678899 1420158319 1344670678 5463607922 7461788545 5576781417 7545588227]
[3698011184 25129358 289370528 3204983698 7548454775 6980882519 1828430141 5980901392 8454105608 2890003645 1216905337 5916614623 1794234887 3215553991 3563198182 6298387307 8226411983 293009768 6178910502]
[5990158736 8461580332 5640351529 3290994640 6371803944 4043005385 7835542219 1841879635 3739666641 5302328116 277825377 5091229672 4550956608 5429980698 3757596689 3744847683 3364629494 2544578942 2947964566]
[2685377413 5155544381 4389106536 2896434452 7171336900 7274681980 5756024110 6528508473 4291809705 4030586241 7554279779 4647825463 5475121804 1044371291 8394377907 4367141890 4055519308 6841159322 1816580290]
[6104889610 1231445058 1506431781 890508983 7792052397 2320733575 2853999826 6957819834 3727756877 2834024291 5805262501 7852939369 1408935502 1460294486 3963616349 5706414568 8418008382 2361610471 8173870855]
[7526366326 4380185471 6193490864 502798622 273913777 3243860946 5472548229 7812022972 5967919662 5920148841 667412033 4654708797 3871986951 1992649670 8340475786 5394768178 6565126032 5339831692 7971392488]
[5576634173 1928588541 7342782680 4282867575 1420159658 5338098714 8294050188 3465338440 922889356 1709202860 7529726569 2467996031 245481226 2639417373 1110565866 5130789607 3588268500 5288515916 6665097612]
[5685842448 7048534671 5861954584 7202257676 7376566723 7284717752 1257658662 7010745690 1142513588 3292663366 982196503 4139062504 2884225143 5672690746 3832452357 4708048557 1335775453 1555453924 69127013]
[8218651198 726847237 7922138007 1911269457 4009015050 1347710906 1772585180 7776874471 4220494625 2434148048 6456808587 4657940350 2783083412 5329187224 5251449086 7172359013 6544136171 4942554961 42859890]
[3362220519 2217842233 4063725974 6303930047 4244411482 7409418442 4926359779 3300296215 8413200397 6975388713 3770287552 6623921615 4865358460 3137110481 471464931 1527847311 4481734230 2445450222 1962342283]
[2188933524 1306840491 230563191 8046430612 6784424213 5624332707 1352966929 5474135195 7783040317 3765753044 7162310836 7654209194 7249887463 601118701 2311063557 1880396785 5816686822 3569194175 6112736222]
[2173436299 5532402887 7632100137 542624472 4953003740 6054305041 7582793247 6581017845 4244476455 1766507422 1315892295 4479134737 2372759493 695544766 815046605 7254271327 7874478211 4116435975 6977891489]
[7481371868 5032714013 1375067667 1760225772 4340427747 1638274053 69526975 7354309394 4873958824 1454711349 1130377012 385652403 8339666923 1027754235 7425562289 3753938104 7802267748 4958664235 3136310779]
[5425938003 1373018151 6857275673 2201036186 8373440008 1132730859 6077013857 1957991352 3000233588 3710576828 1875572630 1398144628 8528067399 4065286182 7883812122 8196313584 4142204557 6249714500 3812340788]
[5284589894 573009537 7883201174 5589436179 3921109750 6863059281 4053312509 8178895286 7906301296 270164657 347529532 3966255028 96177393 7676360916 2259565745 2800801753 5538374378 5367021443 7820103974]
[4015783955 6594023509 6518891883 5469778809 2981179031 1032722449 6871874619 3668943126 2239973973 3826335873 5425309635 5204923498 74377776 1470292592 1859794939 1802695165 462795243 998836045 8247439884]
]