[[5918050651 6987181401 3468752940 8100004510 1113198486 7785777970 1888221154 3806159643 1547439995 1291663529 5476817054 4526062354 45176241 8227487362 6292230484 2750002457 4423882470 5932345491 1556704579]
[3488381163 2474186719 1074877195 8341399978 4063522545 4624778577 6726990325 5332615265 1833831192 5790894088 789327199 3757332903 1471371461 4883925904 2930261444 4630440574 7597719752 3633958965 5324068999]
[8535955830 2645666236 6050860318 4577595559 4555836519 6408044735 2884566187 3817278813 6683083496 4212530763 2374933942 3991682548 892014724 5244766603 2334401880 2191369193 4817953140 8502438068 3131248454]
[7323546993 6334135161 6452297907 4221321282 6576529532 3919929831 2229665745 6129012209 5356893226 6489366956 2480554646 1839775234 7889484622 496364015 5483844524 7817293280 6028631215 2980963456 8385704495]
[7619247472 6594906972 3675293431 2790247464 7656627649 8062751653 7554212594 4530240060 6611202063 5124492625 2166510129 3098412720 1290460644 541446681 3201059354 6403786066 2638586358 4745980839 3047352147]
[361671448 8487453616 2024410225 5623475431 4963645283 8008034057 4874282959 8325758547 7189002522 2720622051 1365644467 8162388689 7534375915 7032061694 7674642729 797622588 7049045959 3007106435 5309700764]
[301472588 4057090871 3350702808 388362814 529336429 8062489680 4198151334 4162906464 8378894024 7669778918 5135215476 4304428911 2123514380 7665921563 4050801959 4033578175 4276405916 1710809925 2061476016]
[7930627671 2350060435 6899707341 8196539266 5913968056 5690769650 7207146093 1442929072 3258880436 2315316626 7373300154 3167607193 8140326403 1388474293 2749795820 1667193485 672467036 2355292970 3866095064]
[183864359 3205075861 7771999393 7108634849 3861484414 490437101 8253444427 1164122042 3131246748 5258243249 7836533743 3202357483 5458880919 34712582 5978744560 2061524332 7731107791 1935383481 1003079828]
[1732161640 5103000086 7515714364 7821228124 6860619349 4026158204 4234425562 8130052699 8473895365 8105139347 6114136267 1778348467 249178353 3435642896 8331730347 2212528179 330385393 208639907 600684976]
[5393571616 5167034610 2762286923 5643201776 4764237206 3073240040 5502425890 1578280297 1640058508 5098146515 6973560206 105338217 545364498 7497164110 4522192143 1092518344 7902587646 2511223280 3011009447]
[89602613 4652845996 3097257009 6872658972 2955230445 1080222805 3102482722 8552323562 5307210523 3575389193 7880998790 4473579008 2433607646 358640524 7849281390 8429445095 443651429 382798893 1885340856]
[8004514746 7465719010 6448219401 5649922075 4338403201 4727441148 7513698334 5630795587 3477331468 1922165750 2222591574 3707014836 742837071 4476080567 6772598953 4901157685 6131495250 8364521052 5308218708]
[3113465729 8083830188 5235751819 7955970605 7681069062 3012844094 2877928477 1897936132 3671056363 7067599435 5107506658 8484833784 6011890729 1299899883 63312579 8576509258 1867016631 3248332591 7910838991]
[1052697381 388959622 398652550 1538905092 4934900398 3591496667 3087781478 2846360549 6918847491 7044881912 5954804511 7891524414 2242122630 594619837 7891519662 8544424323 3972374573 6296020685 1756416433]
[5333544611 6183459294 1270449331 7571616206 437368020 553486721 4759105945 2989532248 8297446121 638134029 1842781152 5225559840 2733324810 6955574739 3157926608 6872912657 3437194742 6255271778 4363105985]
[1949070492 3328391023 8290151164 6414853669 4376311048 4878330598 5378227532 3223957815 7171946168 5536960629 8587830425 7630444351 5044563229 7930917236 6154090765 5335148876 692466899 5152318744 8353765370]
[704594249 4146538734 5337056858 1591339588 4594846597 5201620117 2845830919 1570408486 3346886742 1707652097 1944710020 8366201555 5368673584 6979374721 7109505461 8350161318 4694182426 2353161867 3167706360]
[2287082962 8434492111 2853478344 5235088989 8001493108 909444102 7420747592 2190687845 6302083123 6738662958 278768786 4242182018 7668756652 5691978152 7949462839 4043942122 1931874657 4723121599 3800709447]
]