[[5781679819 6354597711 4263687189 5418698773 7653905906 4998054443 1405648021 8283110607 6531473976 4288809209 2232698650 2119857361 6856838344 4101197948 5008265603 5063239946 7253157851 4629731392 4336664522]
[4258424046 8337609940 3960999019 4885785399 7717040010 8047993138 3229729857 703243713 6942680137 1908482773 2617489439 3930932572 1768971777 6594617714 1273020491 6715923189 146651502 5392696698 7485533993]
[7753397551 222090630 1383737383 6059402782 7541515420 5249694056 1652925507 1860906071 2670844147 3623368687 4242387592 1722600834 4143782653 8037845515 2959326055 4672475282 8130511981 855306649 2963603598]
[4993491677 3787314988 658297071 5842827597 3970677031 3004377495 7948782791 6870432435 4104213355 915325714 8528522665 1774613879 53675264 4130820235 2460272615 3321469825 7069882665 3972164311 2131894834]
[1215500689 4404901736 8280047949 4253674226 1738860571 5396496222 6764624022 1753793741 289458108 568216780 798986278 5604051919 7577153586 261445880 2511318436 8215423519 1663201138 6995890164 899062344]
[7958305341 3512380468 2366179203 2468070216 6150311517 2930633131 4852110705 1113292085 6496791691 3937033567 6865910058 3995110196 2502795890 1793597475 6169100640 5357015322 2764592085 1224522708 2032155674]
[697919102 6062515943 7125703739 731723910 1306561915 1150244570 6947156140 6343906222 4754472064 6610468451 4064866963 2897819387 8493992792 6723802677 2240199051 5155818401 3568725353 6566143082 141326012]
[2362925594 4550713000 1920957742 3160895135 2354501844 8140369691 5081423140 2689562417 4911922930 7408335452 4149062862 7479564804 6521418895 8060966917 6394619066 5270005684 4291513014 3993805813 8422512025]
[7269382484 4855638133 762146941 998289844 3188706817 456659925 3940379806 4486240504 3557197250 4786594030 1167060699 2525833602 6472318772 4612443617 4902562401 5484436520 7706480385 5638026122 285048466]
[1442784093 7607406076 3508940226 2718606475 1613735663 5014880157 1904331187 2858195512 3639866376 3920276655 6240164854 4495838372 6611296540 1429022205 2352272057 846801002 2697228117 3600226821 2642894956]
[7976448130 7354809406 7543160851 2375664871 8186750490 6439353211 7188014885 1350593210 6921618204 6831625468 5802104955 7867133020 6596782959 677812075 7314452341 2665958946 3918510265 3404710061 5260699441]
[344276939 5558002194 1601770068 6370227366 6751657883 1808535460 3180358722 4222681996 6950351916 292478785 8429794309 8289844513 4124340212 1424896903 7792624175 1320721501 1608871938 8531659224 5085128584]
[3763270538 6430090718 2409645986 7712489013 4796366649 3894764381 1741222314 6754818106 5476505250 8016291625 1854733949 8316650697 5626259750 5950393000 850827200 1622587566 7527137126 2407549608 109233192]
[4764515018 4133000343 3895642651 7523201528 2702957579 7058389199 3369136649 4439002089 3270918033 8172741638 392577319 1042451332 2699038214 6264661898 4042315435 3491303191 4181637117 2717933571 7343654162]
[6024329388 3834461638 3642361845 5172138551 1907049811 3364657018 3405439580 2244184107 2435898005 8064157028 4213093465 6575042433 484028493 4097885555 6453920658 5372565056 2234573812 2167623533 3127778731]
[3300083111 1203823632 2108881182 2512294985 5474653124 2523019562 1630046198 789788986 3916611032 8049968396 7504565558 5585465101 5017476300 3930906732 8503108895 8241086971 8438373995 1164030983 5056299079]
[23842686 7610045632 5717526706 5327807413 3041493205 8489727540 504170100 4905583973 2491335503 4809942792 6717797714 6351576431 6255549668 5038619692 5543208476 3915105454 7894085626 4147659071 4169127919]
[7292787816 161248714 6153530539 3599104646 129542700 4696469729 5492843093 2485791335 2430858591 7759244498 5975539338 2870286982 3064841090 3815602797 6194569851 3184065013 6864743566 3826532686 1012348949]
[8456514373 3431354410 6120251117 5931312435 2778590015 3110691259 6617345555 4882850319 7512646236 1519746259 4638964864 4622380443 7462880158 3944601465 8400602528 1204304807 3415799771 6167334906 6155094787]
]