[[3500125990 5185401174 7839520040 4643357189 6611582948 3839285524 3775950696 1257322645 1907254299 4782770682 2070016176 5770757998 5316723272 3791625463 795430200 7851552214 7357047446 133766263 4753246419]
[6334983076 2489971263 2424632224 2998175340 2929864214 6083306912 1254972885 5214439011 8459505476 2218153846 4700256078 8265258592 1747175789 3815238507 6167343852 6644635676 7659633685 6376511639 3225489946]
[2039248287 5732348801 2279718019 5494882698 6845812438 5056618560 8220094185 143923114 5464166097 6044582604 7351273244 8453232781 465914636 4065204225 7612936014 5174006173 7599813475 7135803353 101108690]
[322314927 2758965188 2638520234 56826544 2265022047 5518016120 5210093465 99005642 3836288603 7951978374 7241273493 7416133042 2315404945 5459141662 8070219373 2933009190 6972721648 6318381615 4143683145]
[753591495 2084981600 8297475242 7841144756 6340991879 3648761106 6259031358 6209771715 6656896369 893795020 3040315492 7899891063 1080125393 8022475851 4143875066 252238094 2925101009 7519561753 4719286165]
[2498174553 397342416 1563835182 2353008960 6374529697 4386878463 3357075437 8537653536 5519001741 5301837819 693148289 1934477535 7559097966 2177678708 2764085098 5618444454 1758958317 7298133728 1426826601]
[927604351 685155880 4082641239 5567405701 58219139 8274332519 1089818376 8321657744 4282725015 2664123940 4821671585 6242887532 6829859311 7818710821 1423519478 1387176688 8415103252 5303441457 543594810]
[6427551563 6607099061 8009567619 1875442365 3677343357 5312961073 2535156258 1052420205 4747574115 6242984144 1884663641 6885552762 354307355 145546612 2825413879 8288701745 7611008868 8103532861 616100937]
[7237385673 6639481522 2869512587 3211449145 64212294 7794095531 2531836274 8217506416 5224362475 5808027933 4679124653 1079382024 705957990 3821695556 4092708683 286125484 931656173 5104253756 559734603]
[11868836 6746928607 8176829410 4758052426 7617208499 3904473281 6914550774 1998131714 114100105 7498383812 6186778424 3345555445 2423655790 7133074925 7873672441 1371532812 7455238531 5947032841 5855105972]
[1704747175 5061582512 1998747130 2882448315 6674039569 2126820507 4520299446 5544730098 3869635010 8043567358 910417465 1019355689 5101736862 4368903279 5864045423 5170110856 3742352790 6050781061 3849875715]
[6896053244 5134654971 962507380 6343534463 5193972754 681851276 5729741998 7050771328 7870712508 4741307547 6885676908 981020728 1985233694 5902354346 325611936 8459108654 4363517768 7273629213 7778838477]
[333921459 2151520273 1176932105 4610119621 4305643717 831107404 3668955147 4425296288 6618792732 406045620 6579907942 6134711412 1159800851 5538529341 2158539980 3006575541 6498959553 1755137879 6533656911]
[8171719378 4072903301 1229877681 1885244038 2768920036 4541070978 1345887064 5481973651 7437849762 2662953667 1392791709 7076738166 2640327905 8079593230 4396191900 2019080084 4793215024 4315392490 6715608706]
[6065311945 2803473249 6972254021 8307009112 3825833967 1690761874 7135587266 237170645 5092680258 3766051823 5523077540 3594318172 6936441637 3959706435 7876745879 4924246590 6696150096 2395362889 1654710325]
[6731453114 4138545076 4306055549 1062334489 5390324445 6190405132 848904525 527034520 7594439621 150394845 1745109716 5582871827 8279922987 528678129 6137625803 8149741439 8043431062 6893151364 5783608743]
[5930082779 5071913427 6696821029 5917868307 2013671258 4873823353 6155962724 4007368269 303315883 1930633996 7518820575 287467519 1709300233 6278990213 6864705809 3339553882 6964660009 4149138315 4757569806]
[7781705510 1146399422 4195254137 4446840590 7915025403 7460871521 1142495948 2561003041 3280979274 4020089079 4183220777 5359667840 1630324211 8417442688 937240562 7491186125 4653088328 6897126842 7007688612]
[263993109 4281664857 3875437783 3017477042 3265596272 1147303362 6552668426 8216746108 2591402520 998712459 2285888618 3860437847 8363606170 1452012431 7952458377 8530549315 917402245 4044674484 3068258481]
]