[[7875514396 3526508298 5866720949 1206859864 5256751266 5269942071 2786532785 2979390529 5931576086 6133068212 6969674422 3311800298 8407780705 3298923629 6613982638 6160436005 7078203269 1502361941 3114214125]
[6495277853 3765363689 8013672794 4480185554 591395405 3378383791 5204166777 2546571180 3761654777 2155984791 7336614108 713395147 1806457502 5513267351 4742864626 2496729630 6980293469 5371515971 8419020999]
[2261281689 6522912829 2289667388 1799847682 5496752393 4341671450 5696994587 6337150714 159057332 2205118234 6069370375 5748717655 5001635751 3984514318 2618565500 6558091322 5020030275 2533381149 5014767525]
[5478609488 2457753487 7794176805 4361510906 5898219518 1901002254 5545726836 8013134638 7489454560 83952093 634035929 4510425730 3148901208 2773903372 932965161 2487435338 2941696383 5222679327 1761347235]
[3603030138 8555040535 6236505371 3994785565 6014746983 6469772359 3679665956 5099046651 4235879764 4006413118 1503343653 5920142326 111520898 6067662606 555905421 7333312379 1971937782 2476285161 8477474747]
[7773935136 3256722656 2985962101 1512820387 7627347492 3436792611 1711374458 4705819028 2699834031 2271135696 4507457629 5780651560 7884746143 5294506832 3091278766 5764824400 273232580 4681466927 4276112395]
[6850253292 886518787 4657454131 1946963896 5065568423 2211707703 451650653 6940600124 5782883240 3826792508 1720090960 5130750311 3400055110 3419822285 5783213933 1436227844 1921015442 3762727838 1103116394]
[6306268200 960971612 6213824747 1202697548 7139800510 2374078385 1591559226 8329393360 1239641244 8385307208 7053202224 2508788023 1272366672 6223395804 541763261 6153749003 730284308 8296389413 5561681448]
[395691787 3323272671 5900985394 5857230864 7562096588 2206212524 8045920847 1680051834 2980239977 8119547838 4854594587 7893875214 4364993256 2073488086 809413214 3777401000 2595469523 1134994385 588228669]
[6296984672 3098927598 1286014206 3946941818 4778671478 5263609852 7937720726 3077083701 2415310363 5712663733 181954257 6406974644 3654091134 503457090 263756532 4797601552 2121395263 5329445197 7631978523]
[3970706759 8134931488 6698120292 5446450955 2458005526 6154260667 7058050264 8117046933 6583020178 804005501 8136843846 6753716447 6100263506 2352733947 6561864637 7568852216 466761568 1378678437 1411190525]
[3122538550 3071596252 2953821782 7209544355 4469259115 5802395587 3694719345 2626993369 2237398584 3565612492 6796088579 4882846276 4674032299 6882226486 5863098846 382836455 6829016898 5626642508 5394574597]
[7881663548 7244897828 8399408253 5769546221 369723110 4147139403 8545768217 3302663846 6327609180 5834486331 7018597781 2061885749 3261585873 4607045535 3819243525 8191962676 3090523043 7140283303 6543407574]
[5826550479 803580110 526598497 4772607265 562006482 5191304691 3108776964 4073234553 7822997621 7092082593 3607026984 7368583772 872306007 4257130599 984426014 411179165 3505874387 4905516791 729017112]
[6102752086 128108425 7133564799 6436880608 1609163625 880381888 887524188 6602294232 2586554518 2012912687 5421633204 7632100905 5867960115 6509787832 6073923794 1086158809 1875804526 3120942636 4635734882]
[5281358857 3315589500 7036975521 6000446774 7999317517 4492997206 559699464 2183531616 2957433595 4725631724 2838379248 400452412 1403720475 4111912959 6108815736 1319286737 8258366553 4558448973 2144078954]
[2959809999 6909095621 3901330266 382982935 270604334 5648089556 8183936223 5089690307 4897948070 8043944147 7659115584 1916913879 7424630539 8485203837 69103859 1873835383 2765239114 1933117642 3881218150]
[5071222160 2823950323 6257921206 815351155 1232821814 1415477491 2063636958 5431446768 1630307837 4012121492 7436067120 4027152045 7845305675 1178780364 260770839 7067099819 6649620286 4289069438 8526727796]
[4889718947 4762900662 7933467338 3128436924 1857670675 6633247048 3949301642 6285436338 5656197629 4957008212 3610882027 564140114 6698132184 1575872115 1360226630 5102685836 1232259521 2448124276 1788336547]
]