============================================================
APM Result
============================================================
Matrix file       : kernel_34_85.txt
Matrix size       : 35 x 35
Prime (mod p)     : 17179869143
PM block size     : 2 (fixed)
Deviation level   : 3
Minor size tested : 5 x 5
------------------------------------------------------------
Matrix total time : 29101.0210 ms  (29.101021 s)
Minors tested     : 1012109824
Avg per minor     : 0.00002875 ms
------------------------------------------------------------
Zero Minors Found : 0
============================================================

Full matrix (35x35) mod 17179869143:
                0           1           2           3           4           5           6           7           8           9          10          11          12          13          14          15          16          17          18          19          20          21          22          23          24          25          26          27          28          29          30          31          32          33          34
      ----------- ----------- ----------- ----------- ----------- ----------- ----------- ----------- ----------- ----------- ----------- ----------- ----------- ----------- ----------- ----------- ----------- ----------- ----------- ----------- ----------- ----------- ----------- ----------- ----------- ----------- ----------- ----------- ----------- ----------- ----------- ----------- ----------- ----------- -----------
  0 |  8260371534 14483995743  7267873053   655506646  2772905690  2315091295  9846071762  5211569639   666686375 16863560109  4359233154 13350844785 14700741647  2776355854  5490382758  7464667985  1012193745 12708749684 15767617590  1824369492   124641587  3866170166 16910176965  5074663960  2950147037    86840701  3972668512 15085909421  2932314235  4977619972  8941464441  4312083908  7746142408  4894072030  7197560156
  1 | 15107892302 11785484449   414802024  2577206572 10362368244   179898956  9171178354  6041218567  3083503318  7005860299 12435838612  4296350199 10667006430  1148715917  6957561919  5019674937  1626623854 10844644080   986466573  2175118992 11584829173   316666493 15173230287 16270927792  3662920729 11511729621  8960420505  8162626039 11055504134 10231347758  7221046380 14351609438  4255972738  9086948219 16698705859
  2 | 14053428901  2529254157  5686876030  3489181460  7077268540  2014548628 16363351037 16590999563 11962454428 14308313623  1378003705 12465732769  3735561956  8785474370 16388364312  3407253915 12215257751  3613617214 16478659783  4658693218  6853103238  6781144580  3051684580  1296341258  4273310353   406120449 14665100495  9480165468 10537638407  5907059896  4021164302  9535847921  2330497753 14524307350  8378360965
  3 | 13422626903 13966465362 14657503419  3613647647  5059403840 15431470365 12290797124 10708142250 14459189488 15102086990 16819837981  7380232539  5887383625  5823205271  2144318676 15491608560  7416165834 15067409408  5118896471  3968214198  3629322094  1932819485 14828290603  5339976545  2489682926 15543826834  6750182221 10105692142 15540228558 13027369538 12955515612  9938919834  2666643745  7263098656 16055237535
  4 | 10413064214  8535066764  5563042259  2005549384  8035317140 11223328963  9875579575 10203935965  1654773325 14760531154  2434752040  3688365634 12419236326  2962653646 16785708100  8849256696 11480292382   744772164  5531175653 10120958689  5397664330 13606771555 11533956485  9057144032  5967643410  5438506783 11401314401   313913034 11239984565  5869015357  8376582339 15166532989 10673715464  8021242060  2713546039
  5 |  8189859149  6066494148 10900750675  5782835347  6013604341 16872222864 16987868293 16000149380 16574567933  1818754177 16631457186 12292527764  7851466158 11314218767  9405763297 17105457216 14587526521 12888255136 13910359376   817880884  5446860452  4418677773  6374052519 10078932788 10357465416 10022148718 10732700505 12288017688 17052318127 10050370997 13523787115  3764854600  5821232891  2870491239 12379601460
  6 |  1932282224  1873421628  6431713752  5747513139  4359005259  8750840363  6564420199  7140392942 10627130378 13099122699 10195205439 16931933783  8010984949  5660366077 11408244979 12581058638 10624005893 11325298878 12699291899  1131672462  4882143297 10220834801  5680447899 16245881634  8385051087 12648742404  5272402188 16452754668  2321034394 15608242955   769438325  6820056731 11832554579   120627894  8782787684
  7 | 15808633855   382521220  2093397439 16858911493  5823547676  4403882814  5822858809 10035200075 15108063288 11726426376 11120580441  7052931389  9012539310  6945106988  4655605471  8737106669   520687317  8364061588 10111606845 13444833273 15953992323   553295221 14635876276 11333614966 15835799486  3689103984  3699861054  7218576310 13825540895  3972736183 13413191812 12060866948  5415913741  2397329080  8578303534
  8 | 13684227114  9435080029  5489366400 16696957399  1038715354  5155298567  1939676741 11890871357  1126489972  3914073481 15982309930 16612279864   461614352 12601312022   669856071 14027247513  8016407153 16694110584   537463886   674147797   855396476 16401271968 15047396594  9473108240 15382219762  7295020371 13048835838  8358415548  8749086089 13577925084  1992567625  8797271794 16045785659 14043614079  6975116507
  9 | 17093363253  2033514587   269397044   554640468   550367296  8658781318 14474731899  8275620009  5339633851  1278313050 12819789603  8950058828  9909783025     9540436  3025761673  6160090967  2732500363  7145078268 11290881157 13724664515   644412835  2528045702   587790630  4640521126   363282713  8427611271   354056512  8564781691  7150489245  8275040610  8747659474  3926979874 13235160075 10817193284 11909966402
 10 | 17133649056  8161084615  1809406401 11729608443 16908649191  7209052791 12655728953 10608789230  2033218181   440711614  6710428576 14426152917 14794392594   970272548   819051332  9894529266  5909141030  8764223292 10938552567  5764896129    93310847 11105849708 11075859172  7484651205 15137510801 13519941319 11445368068 15587778493 13149769379  3538029425 16571544242 12264927651  9674997730  2824482801  6026550660
 11 |  9848031669  7846601454  6088142331  4331150283   231675697 12703789552 16747956043 17072009617 14230957622  5541730350 15997226805 10056551677 10918194849  6304701070  7735846619 10242138254 16891507899 11263162368 16561891010 12752488820  5505496678  5050856126  9209911577  7827642513  5414126213  3417859015 13830476904  5883595585 10250077301  6814358873  2269722650 15252782663 10114950206 10434739373   936469693
 12 |  6375502237 14952666992  5454720427  2513295463  1022601371 11496362968  8242163158  8249936471 12540538118  7305673740  4054925542  1159196362 12223230695 14992000057  9527032925 15182972817   980538869 13383108415 10785698091 16317042563  7168756828  3692459619  1845859349 12042951127   922781370 13756206177 16160927158  9518025610 15261945403  6559959132 11134969382  9608924914  2831090897  4305869540  7513237378
 13 |  7483200522 11148976921  5838139631 13186412297  2634904754 15459615944  1210733928 13396510003  3508536342 14932438240 13731275385  7669677429 15776497144 15807038313  9892349999  7711898632  6965242038 14944722371 11126921508 15556673061 14370278862 16885978365 15730135198 10499438787  7122994437  1915394677   647327755  3154095250  4103566803 17113891811 11531043779 16038300950 15192725297  7251500607  2450528687
 14 | 13872980721   284637784  1139825465  7767828463 11315400119   515890947 13498563593  3087012298 11702445070 14080003885  5968294770  5337189565  3939758642  2885610533 12666631953  8298683773 11597993249 12332490727  9210704492  2985184113  6517764272  2484984296  2245761577  5693320623  1178781567  4797639383  3268929704 13163472944  4259732164 11052332436 11726782235  3949647694 11257491185 15852404642 10854945576
 15 | 14974251483  9704309487 16752668947  1321387971  7484320942  2064053404  6128680707  7177198523    68343664  5118709629  7430783602  7564868209  7010841887  7174878179  2552213096   928022515  6161842371 12856065656  8299561648 10827217981  3334204258  1528043924  7467482900 15436379447 13100927784  3631447248  7699101126  1285801738  6126812694  5119172200  9317274764  7955978837 16964195260 16416639324   968613850
 16 |  5413148407   366363962 13796238111  8574122188  8345304683   661972919  7764042879 16352506730 10420651848  6650740287  5000551467  2866037364  4093271732 14361260864   622603362  7585790468 14100455621  3792857240 13871744716 14712495164 16543426796  1949027888  4478002703 10259389828  6303421562 15946620518  9071829276 12551915982  7681227416  6781847275 10623997092 14275758949  7373338620  2055269969 10709580685
 17 | 13409696944  9729627230   503962351  8497463831  7665955020 14135428386   768811430  8293440658  4045466402 12400019747 16898743716 12319627233 14346000966  8691585827 10008190741  2108977726  4095664473  3245291834  9139655677 10453640950  4763333651  5182737444  3022538034  6505500682 13756659774 12787158567  3695165345 13220840746 16232539363 10454334707  8807119331  7587613080   246472267  6915745113  7792144700
 18 |  7983958235  3322381896  1557612116 10071468610  5438904356 11202243976  3206396016  3237648350   158185313  7819465754  3651401938 16475107242 15872707023  9703191689  9687273813 13384170120   613174079  3471602343 13550160541  3157634708  2872924961  3849533358  5011391361  8713110281  1438216858  4762045994  8283746225 10510758362  1733679365 10064072148 10631821222   956652390  9499044904  7546392451 13814897432
 19 | 10977081568  2620581068 16560081076  2965952552  8637238614 12645081712 17048228361 13585337739   360941401  5789458298  2541816617 11924424095 11009808752 14544734102  1163443158  4122259789  2575711556 14355773757    60584290  8711683432  1320319214  8227811932 11364230729 17096281381 11658401089  3129893292  8375877299 13229236714 13891197866  6758990076  7019627469 13401561516  4252530803  5773635439  3933893081
 20 | 12440768979 11778086399 17106944164  7443692017 13420654107  1304618322  6415175202  4705917002  9633611592  3184415473 12552647474 12730514084 10337718848 14711869406  2094396921 10419223814 14363258125  2945304099  5995040309  3851977168  5414725940 14327768584 16444808363  2681402637 12046298779 14990466470 12404628284  6457360840 12687945683 15134295667  6676815421 14070333344  1801540656 13257181247 10371989486
 21 | 14446036961 15295635505  8223910220 14714146049  9703127921  7683767068  2799126302 12791543885 15410021174 14608108436 10698789123  4025779562  9292871301 14158359230 14567133851  8157337615 13887284192 12775677005  9897017534   915083698  8534463950 12582639513 16164069641 17083985570 14112001587  9972304606  1688937542 10800830418  8470744703  8303561436  1874374794  3782494656 13084469294  4153655182  3063040366
 22 |  7469424480   667080328 12338088858  2499289014  2069309128  3846944450  7670176633 11643688182 12281369347  9154275935 11279562330  5927449858  4784564768  5099902639  9192830677  1458693910  6242235215 17086426387 12324426959 13792262348  3407287999 12712604314 15590314134  9405325896  2248816471  2277565285  7492362336  5633941508  4513184346 13387656903  7616103394  1128019154 14986663099 12116331247 14640391968
 23 |  5884365065  7281413877  6466650964 13145110415 10773474179 12600949299   853620516 12729773211  6519832437 13403261605  1897589704  6387201506 10105267888  5315114772   671476125 13801409242 16086452064 12582500983 15678217344  3557787582  6835907796 16361560170  5595008166  4730115836  6440598589 10843083613 15438791058  4484526701  9438509610 13655709115 13697798334   371525118 13505308039 13319421796 16387748655
 24 |     6461124  8978851397 10457360662 10768370495  8850924147 14170028052  3885636842 11636030047 11889485781  2069070857  2875115875  3657415140  9567029503 12614823018 10421176761   475117473 14870718742 13474302645  2988768983  9692099967 10334431008 15515504270 12368538018 12071094905  6560651028  9112287143 14856986488   304882942 15574082102   174394122  4382930922 11512941692  6881479345 10314940993 16142887711
 25 |  7724560034  3200066307  6676159187  1531669576   863949897  4608724476 15305549864  9199516413  2520859170  4354217905 11922735513 13665044580   682938357  8910175793 15529377480  2079431292  2987827756 13867280727 10861406155  9372010110 12080410836  3162608999  8516180235  5811925414  7976768637  1755302424 12419659168 14807514166 14158198562 16460509896  3906778263 13906626758 15394816387 15930741576 12379936650
 26 | 15102949591 11583667901 13587484021 10748679155   743619409  7908460441 12265084603  2204729634 14919895774  7687577637 12249436336  3288730434 12259376079 12332960984 12964881040   611775613 10791776768 11458427311   871629669   531528171  9598461196 12548971753  1114526764 15619704712 11294701690  6077797925  8939266027  9918755890 13977734565  3040097781  1064877210 15702208035  6923754442 10688931772  5932430146
 27 |  1320980897  6176332400 15296339168 11520193440  4631871600 12043337314  9968312677  1340797041 10239084229  8627737701 11958276181 15850411287  6654438327 10292415171  9356116294  2521421517 16160473833  5618210903 13600857044 11493454079  5311806086   771285101 14846293493 16749472884  4089556310  3979925271   356338836 10800089605 16886693151 14454718063 14015814701  6695547933  7913623515 11113043759 16089810643
 28 |  5465563538 14284121472  9396556375 12758393990  1944898058 14216914195 12685171523   120132107  4873458966  7659760127 11527653444  6311239457 11223144440 12257986413  1136712461 16239178158  2252858811  6315757331 14173286013 14162250011  2735536840 10487634497  5631388441 13297201516 13783590789  4366240717  6745513545  5193740142 16735635820  1401317215  7550542179 14622440697  5369421782  3017445278 17053884121
 29 |  5637832938  2415729473 13117959810  8493774112 13725850402 16768087773  4981498644  6467998458   677049465   627926684  4999627767  8010161710   141021026  9920648996  9659227199   858251692  8677722977   127133105  9052150603  7445001961  6855177090  2885653570  4497443664  9316602088 10261221256  9710352926  3283014821 13519731619    70396731  8500833399  8135832788   173617871 13582454865  3072211409 15768997329
 30 | 14421859787 11941173205 16918852164 16772263134  8508244141 14197289448  1699887025  5387696844  2289917395 14542012661 14346743712  8205635744  8588374938 12283278807  7761022124  2987890135 16424430304  4115985292   691489860 15343286902   120304176 13581667246  9896147438 10328649978 10238856848  2686377149 11661554690  7070388456 10409605432 13326708443  8626538097 16689056984 14367900556 11899375309  5309367834
 31 |  4395185527  5679220331  5549413991   353941670 16748754056  3156781830  6606959570  1738992360  7294995495  2677371007  1291695963 12941924479 11801281627 12319547088  6171057932 16336492955  4174815382 15154716574  7940520697  9927946548 10897963545 15997092400   382727954 14687557546  4960862034  4425788178  3076841524  1516986820  3461479311 12880197015 15265859239  8981214218 15386304849 10566085427  7857675853
 32 |  5540567781 14740045034 16098809472  1113918041 10252785812  2573133462 15326612262 14714247861 14152605900 10915665948 12985968303 10012621086 10868287159  1215653531  7138325948  8492328973  1419671399 11548910604 12897432785  4193401936 14492603255 13314833485  2075962579   262410895 10636357786 13413500759 11022568727 14135144427  4761901544  2526875815 16133915367  2096216978  5050192346  8556335169  3697232874
 33 | 12287201185  9003771813  1808311565 16867533876  7629872980 12378180967  3888544423  8616046930 10170812606  5272298596 16917085839  8514643484 17155880898  2396518091   507213732 16544131163  6658027485  5300632292  2827177319  3593287264 12500965389  2498296849 15492508791  1561211316 16535513551  9764543000 16255112180  1042860170  8067249243  8051110652  7109988874  5987407764  7924252055  4457343453  2038177757
 34 |  8008607392 16772618325 16873027828  3433014473 14664787996  6237300789  2948660771 10556830068   248032852 13388407348  3009548828 13862012580   397753904 14365310579 11177415074  6788312645  2874661326 10389264188  3973052289 10710433134 13183864094 14571214685  3609327364  2448439718 11782762524 11146479276  5966864287  2574361283  3036771185  2061555425 11963261575 14101115543 12379264676 13481834279  3797030607

No zero minor found at deviation level 3.
