[[6026415 10680445 6938563 20099224 6605565 4989274 9638884 9546130 8497293 1617654 17112769 30914615 12003872 2415542 27956744 21275642 9717663 14649871 27425303 13004896 4261754 17492455 11047820 4743032 10803479 5195874]
[29746260 13951491 18680417 12691728 29096718 32115167 24608585 10044166 1209171 16850220 13130160 22446540 20309370 30882934 11843624 5254345 28643982 22472107 14206767 27092985 16680539 10920482 32588676 10446143 22457189 7439047]
[33023025 12836715 60939 6965112 24937626 16682302 28297421 30849517 24922903 24409779 18189137 15496622 417930 27580614 1924364 33534311 24752205 19235338 22608412 23356056 31432488 29060513 18024504 15794153 18761858 26698306]
[18821419 24520109 12739229 15674123 21367908 1135172 7762206 1403074 17306050 12804755 17546019 26988639 28577601 11770771 32176124 1174243 29551785 28616249 4808143 23447228 22197582 13783071 11627425 27323960 9159763 27405962]
[32611126 30831400 23276968 7261228 31206831 20654272 32782831 31185828 30314693 6106839 17972999 15719477 11902837 29918557 17220010 22543302 13778174 5514625 1996461 22040486 3802378 13749464 16688808 22337536 20546785 19624269]
[29520755 21063385 8340899 17993263 12233434 22468073 12532567 21725873 20074697 22143696 10052541 697976 25375805 28963495 29949356 19469775 19866731 26320393 24477061 14801105 31053496 27071602 13259192 1762574 2663641 1976003]
[32910302 25880095 28177781 23494867 1571025 4810265 28420583 11627455 17780517 232324 27875421 12988391 3603773 20907490 11691162 30157848 22240162 15426801 2148448 1430060 19054774 6794988 20518119 32898282 33047242 21400107]
[1019856 17080613 11931043 4027963 21635515 32939093 18287887 7334126 10352027 1115480 6361465 33236391 11451460 21900163 3241392 20473438 6209327 16635978 9972028 26177128 3067356 27036113 25036251 3783620 30358 27260258]
[865633 14053915 2971923 21209246 4227590 2757893 8726586 13066354 28146181 16382278 19293178 23299482 1100284 22703490 24799860 6692825 8899499 26997075 11138146 27376667 6787399 12620155 3329653 20568865 12761094 26985790]
[13580654 2857894 19335589 27870184 17094052 11457839 5483800 22933804 12583417 32025395 24786695 19679978 30083553 28018854 32059758 8600618 21722772 15879827 16561219 2798400 24527226 15731139 14276311 3431531 11533827 28164427]
[473712 23870273 16451762 2503638 23655647 31327171 17315968 29539251 1108864 6941636 12349318 17623755 10241614 2667627 17964712 17643687 352224 26204632 16431438 378598 31697398 24905062 19377788 3509356 7982968 31461518]
[22264757 13842939 10109082 29972863 33071321 7523940 16844260 30296699 27187109 3783004 26469420 7090820 30890449 30455019 26715800 12464978 28526316 13813691 30626060 32500288 26927121 5448362 4724332 3242427 28566580 11088328]
[8897060 18776827 3855913 1296481 14756667 5977394 10356677 8139425 19265049 17097701 12661178 18825296 5103203 19838068 3201085 21777552 4514123 7165864 16075674 15391750 14857363 12778588 11154976 2827216 32609738 11509979]
[3214097 3143133 30542785 12537628 28410958 28375796 4266849 16207992 24486786 25375416 17585601 2662966 13026757 740786 30862444 22852124 13888948 26608334 12579723 6863401 24447166 13745366 21190146 9951488 19419044 29174114]
[32688481 4228064 22907461 2977408 12199943 13789402 30573704 28493488 26920012 23320167 14226288 16300798 726621 20411433 16074766 26851496 19856159 4863554 1343924 11397148 723242 10643094 29241596 26542975 424424 17914740]
[16105086 29623005 24007241 20707781 13232309 5175974 23808114 12381946 14876936 15910509 11932931 19406242 18114695 30814428 11279304 14391532 28469775 24683488 16623410 6720277 7734231 31398269 24603497 21009717 18177801 13161782]
[16758 8238736 21235905 281414 24196650 11405841 1495032 4394585 15209665 20377590 3901113 28598408 22195192 4113135 1896213 27099667 24392826 3919054 10047596 601410 25597196 8289829 23610622 24896997 29059926 22066543]
[31167380 31992560 31417687 3315221 20827217 23512484 3842520 10523525 24146617 1768917 32568584 22864324 6465377 19125114 28545306 32634407 5867999 32551816 32122825 3934230 14945994 22300272 1655877 31316477 6478713 22049241]
[420161 28397244 14388439 8411614 21638101 25724849 14310487 242615 28544450 9731936 16898019 25675967 14314907 12607300 15298229 371888 18940966 7862732 10002786 27765472 3965286 3746263 3719646 30098657 21153157 4474276]
[32863358 22290684 5147842 24762452 3266419 23535326 5355658 23764620 30249376 1128739 29673411 15077149 18391018 17313336 30388428 16778878 23875525 29994812 22414924 3434590 16759443 6157386 27294604 4687701 21196788 15437740]
[5544839 9717241 14312319 18572128 6788807 21818307 15180845 32872298 7952825 15212753 26508915 13149234 33251106 5678022 22468507 33095176 23069153 22086953 11338480 358568 24987908 5822800 31926718 12177372 3817870 21502826]
[6913362 11085310 22437216 7525934 12857008 20751372 28019133 5353132 3210955 11929181 29392423 18752490 25347705 20504620 4988908 8813368 5040804 2514068 10550812 28038914 25398440 20625830 3943408 15191644 488367 1205040]
[19419762 11595692 26227527 29646685 17698683 22697509 12456788 3748656 33000826 5734317 28475938 1391979 20475084 21638330 22798578 5911769 25117349 8925737 4952434 33086917 25427685 20274810 8076729 2829339 24354295 29161858]
[25095578 8121360 17611312 28933404 6623703 19040405 10696068 18256376 21780700 27713728 3263479 31730326 13541614 27458334 14676437 6399699 4820444 8569893 21812306 3493369 16423465 24556819 27965750 6291791 28270189 25418695]
[29306461 13086557 7011891 7874780 22834730 4439535 31384401 24677969 11060114 2656850 19998301 1205211 29346727 31653927 5201405 22900084 7320507 10648920 33455839 13589434 29875919 24059091 15448388 22508194 23631111 17703004]
[10992428 2479425 28800641 22538632 8305120 717345 14241234 26495636 24894836 22136299 21144034 21410058 1454201 13130118 16249343 29823199 30739659 18038050 24152255 2778589 18293672 2117810 1543384 10664324 21011370 10390321]
]