[[10593226243 5846431514 2364705247 14765551731 12974062650 16032866742 8989029232 6411598708 986708842 5918894797 16234551710 6836940711 6487462316 2860662878 6030671123 4005869094 6116313622 12884267941 16575343879 5077961692]
[2805664019 11597447910 16557162131 9329508668 9351678849 2255603767 2195346254 11860055647 3305047765 5129674399 11936733678 13676390591 4121629850 13489003190 12608910000 13166409609 14734290772 10095453305 8273246650 7523604883]
[14305796659 475954026 2834560218 16535253984 15833086253 4821524910 10830474690 15860653716 14567848862 206507919 9403972513 7417072756 10268394040 6325892926 11808746207 16654553545 12511280450 16559550845 11328924949 15418325486]
[10417873402 6928959592 1236588464 11292579085 5415068668 2954951334 11406821709 16619378869 16567155775 8209343639 7759283479 1384969208 10386941174 8522772729 7716111317 6984659570 2548785519 13728784454 396326298 6735422904]
[14953757584 15608884102 152802528 6834946548 5165224698 4375828019 4340299396 8776675793 12617511451 6666528289 2435269748 11985900310 5051111337 7676928859 595219372 12604102675 12578662628 3309607995 10649251269 6021671615]
[17019725817 14483880288 10898966835 14900250423 3333813076 597648 7525526890 5140928032 9128385967 12042611643 5707687209 3245270039 15386132330 13185218214 14939062801 10539742617 4744452533 15276601381 14793048810 17004317807]
[7363014150 4386771436 14907153131 11189082502 12105527170 14192665276 11759955437 15753324003 15190544411 7983320677 2102173984 2573208670 10401971972 9152135878 5669009124 12783510294 15860213089 16964560668 17116853838 14435375299]
[13331850768 15285848152 14523606183 13918535510 15323356621 11184959956 11169284166 14183018450 129378212 13159174578 5119579047 1133368739 1068179962 1897224069 2188478931 15748832886 711692403 13220208035 3399378917 14093759141]
[11554341172 7179843710 4765272426 11897700790 6958242206 12126472017 16513563121 7849314069 6585340041 8185859735 270733948 10458200494 10639897150 15390026849 15581109908 12963692933 16875058561 2689170196 11963016412 5334205303]
[12598727517 8507405621 16495422728 11227840920 1355131403 2385996156 5079636976 426427162 6487815301 15091226827 6034278458 3190749722 2587326079 6327156887 11961069622 14924784136 11882599846 14001376487 14023104609 9707018580]
[6154297795 2244679125 1636773820 5138947838 7246289011 2798823633 3009015631 13311707430 14400844841 236581224 9653044804 394029225 10250202390 4094649328 8597947175 5610058529 4277371588 16582073705 14596086705 17009747783]
[8022716867 7734841289 1872122947 13239268914 481919819 12737382315 6649737383 6270514695 2876321978 7960576615 10763999364 2433697332 13373059721 2239699363 15049919494 3890008988 2415836746 3924785268 11585471556 1041546513]
[9467319853 382913795 14150064951 14470098908 3954520177 7204775053 15798780453 4707744125 13480508467 12599633909 16223895216 10134809075 12866089964 13444081783 5337504638 1746591306 7100766424 12204102826 453555565 3970115430]
[13710439360 12304093140 3047817784 5009458979 1815297179 11610416229 5406761628 3848976719 6472478726 422286941 12589620443 7636267926 3699017649 6752036739 7366613983 6690218401 3006386845 6426397718 2368057249 10674893280]
[2242967677 5796483999 5745736001 1634988729 16737906395 7461357538 6463861960 8127257628 13431371596 10881598332 2108463318 2397897786 675051375 15403585343 17869518 17136788198 1977022467 13933680108 9190265237 16195335805]
[4357104169 13677058734 6539847115 1615121232 116856377 8454418250 4425297168 11046188653 15362415336 14284873341 7780628685 10359405871 6745402371 15708086477 3406923210 4777257435 601733188 12595266416 5484753287 3304159315]
[13887117943 7424226555 3145699371 16954772681 1302221336 13285068829 4563580425 1264486683 16529091734 1621271147 11420368841 14825930326 5724307793 14812957656 14377482756 7559015900 10660102605 3758752459 14581060940 7025711304]
[10173282496 3029936184 6693808408 2804172932 10993072154 159257546 13498928878 11932728576 15918600616 12073249926 11886490178 16957586574 12056392426 12469768951 9664234163 10017682371 4689277635 16250511200 8881954519 14471742487]
[11741557551 8098562361 7212597913 14030970707 15962739207 667519752 15734311291 6900643870 1112062126 4421246529 2957344189 4245341112 4285512702 16538111776 7653367196 2379597406 2352555965 15857509418 4692086786 3630564349]
[4576461607 9182702564 3724166444 7455542585 12528794414 7164442042 13717174040 5201845564 12324150588 7505023810 15621032882 7469635356 7460393004 14951455164 10319101833 15080045516 16077814170 11807914094 2809871667 1331322164]
]