[[6990634091 11142533782 9633495504 3368752769 11144717630 11192464766 7951867931 7995547739 3987613840 4612248659 975322629 14751729486 1250591953 7422100653 360558634 4663447321 13767044126 16115064597 6731191471 8188345843]
[14908731625 7406471869 11198236074 14578665912 2185215897 5599665965 3287762808 12883974601 2624765374 4747693056 10348960958 1373176322 77332999 5148778843 8993912174 3076660124 6839562 5072672388 10276684767 7879222230]
[8005355153 6291883857 9900256282 2813068147 3559260546 9865852725 6439205782 16802322067 7063426252 8238215148 5177366321 3363520343 1484085215 10162000923 17050385482 2341329772 5593759041 11490971480 12548844935 7353172161]
[5714911623 4783920277 7385406269 1194112414 16027716717 12658442506 1576572990 6338752283 6513682256 12424384709 11558877374 5826582233 14787371411 3748729389 10162471872 3283765897 12240606175 10481857436 7912359423 1157248581]
[17073449225 16753019411 9138487654 6874780030 1611821022 10952380410 8893990705 7854565664 4834137829 14787428543 9668736768 4911287951 5495109684 16330734015 1987443324 11051300467 10281205954 6346520314 8541263134 15103376604]
[15841041716 14987778 12330581507 13943441062 14007990924 10049753987 2340763135 1205302453 13979806854 6383031822 4806204987 10808604112 17065192830 12281585515 11309363553 16540030317 4280938302 3091817487 10026553438 1335997445]
[10789480695 13162064647 16641187497 6207636982 13947050463 1106436179 16308813736 14350891110 13265078885 8712307684 7466486304 3391595911 14866666193 147222599 132178346 2742422592 5016960345 5502729287 7504616452 7053193605]
[4208623151 12148499562 11470103630 8048427979 5906241101 8933451948 5208992581 1286871936 2507406432 2305598388 13778499338 5064133965 8453020415 9204214264 7463475036 8980520538 7539341300 15448152361 15286451881 15989744594]
[16932809124 9735259323 9388084711 3333697033 406875048 822528075 16332602029 811580488 10611522921 4586918966 10664019046 11012767720 7278208484 10065878294 5296434053 14189928564 5163991466 96809860 6055310759 5112679763]
[7371630773 12558637601 3951809768 14667783487 16858244390 14776139080 4430239830 1364524316 6810436271 5578458963 16395395459 16851004411 7744694881 8300754295 3933193622 414205488 1777025868 3856707579 6099201665 7013583731]
[15259906888 15999607252 10169433580 15147027498 1048478520 2453245922 450097358 1677700119 11862747298 15117877192 1481781076 15586234714 2000876267 12841108531 6826155445 6570090280 4072279461 7483556849 2272400252 8390781173]
[12769994416 14662534681 14167744408 5359742725 16661870764 14511109048 12144098591 3807322464 12343458465 3098401126 2202701380 1886856467 14618889559 7770524990 2553920248 4571191639 10371723115 6511363786 6397087980 6072816068]
[8793445231 3739259253 6337965912 8970860117 10407157663 2780752605 8159415884 9680577021 2843767149 14250676444 8517779056 3274312948 8099660339 15816160205 576478151 3446052248 5487906329 8060776676 8916986654 819376276]
[4838117047 10722295912 22190906 5960127421 3280693554 3133446673 5780621340 6656672223 8526740569 8714023488 13646522079 11992389253 15367790987 14862149753 11225499006 6264091411 3964896273 9646376198 6068659270 14928876695]
[12797262893 9709128779 5671074488 851956833 12045633486 13430709384 10976368853 7603681635 14808882877 5076022073 2230582431 5789170164 1585533999 3290815504 90906897 11332021364 1577395072 12836332862 16486496742 4341537802]
[8062278283 9858450311 527856259 9676944517 10727645740 7653131186 7368981453 4090934991 1149781756 10819648745 10807064361 923541367 12238272560 10091628504 729383601 6534024503 15109088372 118633595 2580665201 4968024896]
[744264594 15574524816 6262082632 3394643101 999088715 14719687138 54166950 4759895658 15465590677 11372101100 12139402803 9041931049 2271152457 1789864488 6655369201 588188105 9845552212 1896619864 8921308940 4922558549]
[3618582030 14671704438 16208120780 11843156628 4163860899 11110847851 9848547381 5920867000 14242317170 13670028727 672626075 16520349443 15194877797 6159843740 14027854673 8351330617 13692524454 16452197551 10598320075 8078225111]
[16462937227 1652789885 340975906 13760334448 6046764061 12258170805 16435327470 9117469213 11339864552 16543939459 5551232515 884776205 16527132191 3134102554 3109677640 15900357143 12830931333 2726021450 1859674138 17127865861]
[3773106423 671808358 314170488 13352523623 2418883580 12151125938 14563778647 16287864068 2039654388 673720650 5864091476 7252260420 14238830134 14452385298 2739746992 9911612051 11787088479 13440659600 5391036379 15032796654]
]