[[11227621895 1558675802 2288098624 1236562803 10739753127 4553244595 3968324613 12805079801 5763443742 13934781274 10170158184 2191162081 4194231632 1446785786 4739937187 16318303479 12415570227 16849819925 6574244799 2121533189]
[1118748815 13135432160 1851781117 10375690546 2006364399 7196913931 1270399793 3123278240 15456621561 4252579397 14083236098 12264765653 1532950962 3216330896 14563961290 521214602 8578463049 9799230433 13750494267 13991782391]
[15414832298 5746049267 9507579738 5603598984 14296712067 5260037787 16962835226 1433457735 9999195389 925382482 15817312566 15302026678 4224518765 13517565616 4870989142 3232474079 5741562249 8327369675 1818954514 2204875519]
[10632922333 16819734616 1325045720 14786727612 10817296782 4733394269 16595630838 14867962357 7485168311 1990988481 6378834464 14212075657 16976676488 3754952714 9022676333 17047684872 3189723469 2368483481 13912535097 6812145503]
[12935063771 9184124293 8540314300 8730295431 7373838939 11806597147 8225342985 6284891899 11934302239 5532569394 7612332730 5649017792 4466830262 12713168527 7483534680 16714523281 11952146892 1660047794 8443840680 16855979230]
[8603338288 6330517392 13745383956 2810555444 17074117262 1673789034 13436281207 8414253894 11321079244 7358775936 16811613019 9360737260 3366606564 7095024226 7396398014 14960732081 15943428625 12129141666 3211344631 12582251100]
[2765621824 844914039 8631915840 15451597376 6428303786 12412968068 6689679160 14924368246 7065922585 14278018848 9901541073 10843032830 3867014131 7234068325 12376713941 13843247659 14292014370 11802526419 7138825700 1763728502]
[447539575 8570132079 9412115234 12977824232 7008413742 1320421657 7399721917 9146415629 10336989350 2625245733 1565901040 13465705291 7469560507 13206233835 924196680 14045496020 14962708761 3573577132 8640142868 5454733444]
[16696130884 13223812129 13560121095 9143515965 11435089735 7032901659 11052338910 7883039478 8953698707 2241484973 12245907181 15101370432 9574078995 8725568783 10953877577 3021017484 8393114072 11509346052 9685100136 10982882648]
[10414109584 15335468845 520138002 8347114499 344674045 4125848010 10365766483 315124136 11540779670 3838337252 10689717815 6745650076 6841453660 14862130606 13113035661 14293506168 9813020116 1252597957 15319270772 6470370188]
[11273928084 16665789992 16267036069 4982301268 9536360520 4130239338 12109276820 1099749312 3983033043 7522724836 5190664000 13579819620 6936800874 10216316545 10856463124 6303029669 227954210 9402509568 8693815512 16282299255]
[6275966895 9146364857 1299077815 12069672520 6275493526 12245352022 8550964622 12196273971 6383943792 7456021633 11739775712 5076205005 12031657183 11237877011 6141991106 452471532 7897381983 9335682300 15315319995 1528043837]
[6428441330 15334602083 14331689668 11865819570 1185236221 911074121 3593573147 12022027042 9397918001 2450881540 426152680 15390322208 9862280329 15824826319 9770129843 15426801847 6974748483 13170497751 10427705542 11826637830]
[12070727225 15098468402 3152312813 12393706400 8014349301 13007272608 6570400027 10171608001 6162938843 9216544871 4289717600 528171208 1821266914 51401971 3819123870 15674760554 13920672347 5704345650 14845765013 8862504697]
[15767026398 2405558489 15471923568 11134163243 2828200807 6976796552 9512425905 14425694808 293759525 6763436844 12418341298 4459495707 4478937053 1928882373 9527175566 8272267844 12703441758 2144933789 2411389837 12314793429]
[2590615363 4963480755 3608295001 7607471530 7250880862 7616261429 6476442110 11348323037 5203594631 5813069090 15489623046 6385852237 10312587680 8103653983 13227528471 11822531462 11805688761 272822595 422106117 16391003370]
[2321515523 8153140125 16362729936 6672082967 2764886466 6570008863 1684625061 770286697 2222750151 2269194429 13665246590 6623613748 3190095362 3631486643 7119004647 10993865536 899148838 2029763195 14334544609 15127679177]
[10674000126 4695891211 10113201621 1730490236 8217131011 9301236152 13877003634 11660952379 5326999818 9616704852 6617892175 528866209 7105054213 6383921496 1995818674 8894605098 2896818755 12641690054 3744747434 4110935474]
[15176200618 3477993415 16771494999 7140406576 15539934595 3662360813 6169645401 4849901589 2436773344 7144024002 1235798797 12385525629 9432514173 13482567420 8212207542 15951645259 143551878 287203843 7247391707 5098006924]
[11754159862 9342530974 1389843910 15913172324 1813061940 13452743318 12343949864 1469200849 6443213370 943365353 5218583922 13139708076 12488718774 5864918883 8464417858 2220351171 8554073753 6690983700 2294714515 10898158089]
]