[[13774150341 8038708978 12553593363 11218584972 7245724819 16348651001 16525383424 15602901877 7151508914 13882888291 4001524255 4901302406 12288783239 6101044342 8527968171 10018831004 9638799029 1306692689 5978574530 4162174962]
[4064419862 6437809607 12891295044 1099698874 13247808138 12935893832 3039359013 3443898182 2996558526 15951171387 5854669083 10782055530 10323080020 3316681827 11563482896 14459632762 2297496338 851751803 1783247023 13727070068]
[16275102799 3932706295 15096620782 14901053070 1841069019 12890275405 16004968485 1975307846 12457693208 679406685 3384371633 14839170727 5573026285 10407282628 13449986134 3815193135 710276903 138601106 13259471090 5069743174]
[11543032369 6958931942 16825308390 9291783655 5460431957 15147225874 14540023457 16294158744 14455822020 16160426059 12025233253 12735596426 4145808845 9104936082 2612118853 485069084 13421123428 10124699102 11182830346 8492143072]
[4792948296 26568984 15903785148 5754497765 3420381356 16862153921 14854593595 10317399742 7883075035 11021718982 3452002736 4651428027 17108664198 2527788538 14938836092 12872443630 12060900085 16530938642 8758759822 3214149192]
[5422955414 7918395241 10007826206 1019765754 3101454904 10831933634 2424401688 10604724992 8787358785 4829012596 6711711959 5387519629 15727172574 9424456869 518769206 4603701598 6182245894 2311563185 7309562220 16470324515]
[2075758882 6093265589 5801513233 1523689125 10237694824 4766730404 5272632648 487131218 4387896536 12294952165 15031546546 15809120219 3117316334 47669045 1907534802 6464467709 14103772646 3290411450 14699756088 10266500565]
[8249653341 9361267567 15100897560 10247316384 2537885295 16348659183 15654575594 7930249015 16221133095 11451286636 13984057144 2596842294 1768209085 13149347144 10750996396 5997745 1728012806 7719908152 927261658 3099987440]
[16747799479 13891068828 13702121769 11739929183 4484279008 12808389464 2507920561 13789094680 400211108 14841261323 14733891201 2636889693 4612894217 7778433014 5632985805 2445673315 5341912844 3940259455 1376725072 10708545417]
[12135023607 15962164191 13247835732 1103649433 10673482054 14905379272 13215323351 1530086287 10181463827 11330028128 12469017107 6236784236 985001048 45392581 2025334288 15996583583 4478241165 2805707504 13349678996 9924728798]
[9321444233 2737748974 9147679628 12839294921 8231690346 13324393928 12403375002 8210987933 14758048198 5980101255 918946758 17063147618 16873721513 13345412980 13744322145 9226124319 674920984 14966350152 11884614847 13240333187]
[7002563284 15841340479 10090175442 6987358207 12483526489 629287224 3247985169 13592082431 5780657611 4465470696 7996439074 1945156329 8234010102 10584406284 16674317354 4988681273 1788549588 11680527051 16266306646 1294517330]
[5041087865 7395560354 12231244991 13317837403 8461661288 9381377449 15746290810 2800150193 10417539202 8554494585 10381516014 9727899492 2807629325 5619834217 4658978494 15286847936 12716883491 9965221692 15939352627 321078664]
[1723384396 15676217683 13814021425 16925895474 4233525307 4235461678 9523847072 4219048098 7307135907 7062974713 10277104294 14239522280 8219920216 11710572274 1078421365 13259505612 2049868780 7754889430 16361796806 7743801388]
[13481647151 16367805322 6931594135 6408876540 1080008987 15453991385 5673445982 13397229701 12881781182 13003782946 3550885907 7217591303 5734383875 15055183749 12835515115 10284177183 6831767376 16326472495 15645435717 10355419541]
[14115864420 4352761287 8086314691 10447189020 7497065090 2060213370 10087313515 12624232923 3843898839 13038399820 15587366276 4870359920 15331816606 3075097305 11784966165 11255905043 13944652580 15603387215 3077923212 12912932433]
[7442094844 1617587415 14274021488 13504634115 12057265495 14814836450 2210902861 2613535366 8127787664 8675064994 11691288461 2355543301 2123856487 9443770200 14520374792 9776118273 4963568379 1062988743 13800940788 865700950]
[10402170687 12387905176 3088762377 11458858224 366269860 7426898130 3415065687 16865673516 6473717749 13843285969 15481932287 7947592684 4867879556 4959830121 9720823957 10942889062 15386305932 16512312717 2444949158 2521862527]
[2853369159 7901437372 12753657403 6546349733 3330537242 6074362216 3566942407 287808813 11549565836 4141501271 259775371 2509188085 1756884875 3446022019 1877188042 13871474688 1564503942 8109140291 11702979877 16992167143]
[12878533572 7467982337 15174815129 12951514470 16033826317 2450548328 4154110430 9964311210 11788885462 605018177 10312118266 1970096448 11041659256 10695495723 10487975431 1600215186 11575715138 9564019582 14426850156 8152438297]
]