[[540864773 5130481531 15280358905 5511998352 10509270469 3182080989 12599724511 11202753369 16468716537 9197800229 2472459714 7708619958 2207560982 9735670931 6496610482 2806812334 8105228137 15893282244 1649223407 15721828600]
[1601917872 1032988740 2401034494 13276593610 10022222929 13639232174 14300936733 5015655831 1073468407 5311873158 13621715382 2769485386 17082655879 2430084613 16339315562 15274122247 3978194594 3829016373 17009774044 13980195629]
[9796200179 1016397855 1531329556 2516935339 14557623002 16137337543 2281939498 5517757929 16020802462 15840067660 3986489443 1598232884 9805967547 13178500453 14032041297 13724856161 6822112033 8249213520 3829461355 4962554898]
[1959223693 576694677 7411585243 12709507199 1649865934 10091452954 117093171 7779343694 7151518598 5107831893 17164715225 15831798692 6167894951 12622409917 10249521042 1387019652 3830235831 7748003369 2534411232 6289298722]
[12899037358 2175071593 14744321428 3902488288 1660913944 10614799153 301485551 121719745 3725036634 5855293956 15569783468 12672152245 7245258859 14835774531 1766591202 8648240307 9572535737 6153964156 10765182862 11065204894]
[401031013 9231175148 15764603576 1330874330 12008825487 13082996702 6673628481 16427621627 6051846639 6799904911 14147191912 12438582658 16721039608 5674609241 6735051785 13504501435 12424004148 172367671 8438200123 966263993]
[6204292954 16033889014 4769864537 2170494230 1955132843 8971659205 6474087918 14021428861 954995248 5496659540 13733702813 14504022560 3653822677 5296698179 770842860 6887901535 14127311301 13699649473 9705518695 5884731116]
[9447598028 4131891671 12720508357 1935605622 1909267184 12414209766 7478420829 5430238708 1715852238 3061907394 1425015747 4658318009 4376098274 5267369457 13822771836 3933374573 10786725090 6496490038 3233905408 4054400596]
[12108201769 14219132793 15394486855 11926930007 5887749982 13912821815 15157006094 1321144154 3797469702 3119878395 7748506193 10321219880 4194756525 2065983688 7741750113 11839517276 2220037151 13344146682 9711163732 3440933866]
[8767317180 4481012992 1457927568 15879505715 14349796012 7916619901 6901969559 14647922789 13856972094 1169824107 16205868045 2898422258 1973990418 679950899 16944423356 1104695089 14585677528 7474091585 12054295861 4239779128]
[10392667200 7873944607 7103700446 14711379137 11346995591 12610838612 9176473488 8848238727 16156590670 15822970319 3240876793 16081620662 11496484499 6937987553 1413396117 10882449570 16141237475 9123409110 4795210245 2754445057]
[3822259877 4943739485 1960924766 3643542449 13732493786 11434890405 5269278895 4016423263 8243784103 13315484510 8925417512 3535341015 14509274493 2577607046 10522823875 8913473820 9413157078 3502136660 52495432 16896860250]
[9637305153 17170270377 11799234940 8154603232 16763669294 1801711715 6741227420 11690594394 17099893921 14177941494 12038201940 2243865512 11995428092 771448124 4812280030 4510027733 13074268329 38979826 10919433221 7552165260]
[9951142999 5355323883 10930989947 1876538850 4421872235 14949680896 11221951135 2148480477 4746166256 14247650083 5375969608 4938907504 14546654168 6778689008 2804745192 7662382435 16572928989 14594005537 11504102572 1069944043]
[4334266788 1020245181 7679703425 4687768765 8203079485 11988124429 2562215417 12600166485 14068211095 16930104682 16933579187 1288891037 8099199270 6648571009 13140735983 5468793809 13436859120 6899106179 1548226341 13084201512]
[1693309183 1777025011 13607207813 5659805728 14474320514 9485689777 7244546534 3247419255 4864919362 13995519721 6568936209 13928598923 8283617736 8328079288 2196212979 3159078102 9453956640 123181284 9306895252 9440378969]
[8909211394 14670225064 16218497995 3814930626 6324752611 8375225946 8147222217 3762846482 6956032974 12948367060 7844392748 3019560054 6483166417 9722879690 6336585032 6430739543 16302498879 5966343251 145587141 9034080780]
[13908028070 998737259 15480711774 4072725446 3417953337 1519166628 2657566166 10290711291 224880710 16328629745 2840796855 10033603916 6162445487 11806096822 10237400800 11725792729 3241330273 14491734313 11267381413 16936424362]
[16044625260 1012798348 14226084417 8825112333 13123503126 8777745872 14324269380 12214305680 9844381996 12245588655 9702259675 5658919707 10078867264 10771891468 3410070520 12219010851 17012038391 6905442132 15612278379 8984848243]
[5201815667 12503818771 609525746 11907146441 10396353224 14535153008 14029765303 584959249 3886595393 115216003 4831428130 13611480129 15618481211 10426530605 10655680747 15060920312 15515693677 14585297183 1982760754 895032619]
]