[[8821980605 12975867052 14374813437 5886417003 14577354089 4262005320 11999245791 10173598149 11288345277 4147739314 5982356429 12441892076 1707226657 9307981212 12279234208 15395384048 14219472134 3311813677 1989026681 3658539759]
[16507099334 11418269734 8458253777 10758852069 12044684306 14134222196 10414226200 15071365574 2114166496 14695045027 1859797063 8862094122 533815434 8185727727 1409082999 17038216915 1854505632 13940595495 11524352833 15077195650]
[14204922897 4139866454 15404527286 14365690486 2108789575 15642095058 12944437216 9713330047 9863062940 319026580 6375358707 9253765802 14633505091 5364961264 4486519966 3462733669 2380893076 759334326 9504379719 3261416432]
[7226327689 12498025520 9544669710 13551639436 10966481645 10896157087 8825291129 5384562775 3572824781 13407749848 13427198471 193672881 15135346501 4057324596 16811493735 260851151 2351584324 7842250270 13465839269 4372994301]
[12357315673 5337514823 9401529460 9567820751 15866889270 2822664610 5961929378 13767059345 8612689772 16553481770 3411681634 14405298895 5117180367 11167664407 11977243558 12272257837 7360251590 94851403 13026873206 2436445825]
[3257378187 6897276047 9834528821 1269054731 644878554 5691025272 12016398913 2965276070 3761963819 161266815 8780984645 7651560663 17135713171 9861678118 16883278067 2097526110 745928821 12485196999 11072010531 16228947785]
[11372974623 17132330578 13148001322 4291097658 7812021581 936507472 470199881 6542288203 162089879 12044814437 8249734877 5335660759 8885518558 10427531150 14378420934 10456091289 12353357952 17038245629 2708444711 7085820932]
[2972570911 13599468196 2944987189 16997892514 6118698638 15225839085 13978255575 8523472538 5465343298 7926292159 4016903641 16016880354 10513231390 8932595580 3170844863 3428587050 12671572969 1907928934 1244591394 13534891400]
[7047331239 1532672880 6759175418 11243724998 3575778997 11289894649 940066868 4383458291 10275246325 9407414801 7895668790 5351292565 10983192067 1627258731 6106516767 10749774695 14654809870 11188043122 7928031415 7134815460]
[13471655311 16981046304 12024218328 9891011774 3063796424 4562314677 16160648918 48424768 15019945676 13199633342 5524920427 3467060271 10938944361 14029984492 11618142980 14488642638 2290005544 10650467981 4074860401 8643698514]
[1749405282 1858598966 136568352 11963733723 13799576769 10660707331 14940181256 6801161101 15072223176 1665900609 13384415550 5878234089 5139576618 8556170501 2021863614 11913699373 3549764429 16005155796 8521349626 12576770397]
[10602976487 16972089561 5270954581 1432826326 1673772455 146691931 14351614436 15552287117 17004129911 1607480839 16361292826 14274429807 8700314822 12375083687 12706518198 4086249100 3105491036 1399650426 16844270439 9339092266]
[9935344526 9125557166 10238986407 8349666745 13528562406 2298721225 3215415170 14475349500 5095640404 3487374288 12698076035 6805620688 830187018 3650638054 4155704098 13892477853 13708136057 16880782122 8855958317 9218607563]
[15285024258 6952440757 2209630013 14863809819 1221310829 1794397271 10057851687 9593909553 5413178317 10230161623 8073604733 3428759666 6737851643 11985751914 11903923669 4768772785 28324764 923983749 10692164997 7505043695]
[8207487904 1708785617 11611542384 13037390073 4836644919 16855881746 14655511140 569459369 1868283185 9608893206 4887430009 2229971111 3804182752 321203903 16248175104 12568031921 16262685360 13768428444 1211375367 9745414576]
[6022936994 16972818899 5898873788 5610566963 5730741974 16169151901 2142822848 5410850357 12049252137 4090845985 14774473677 16227153082 1180375747 24053641 16969629466 2764817864 16030588893 6365430361 15554211170 8289771771]
[133746297 4494554095 12320439540 7277328657 15597816377 12333845096 6996345465 14814620090 4664840552 11148734194 15500241839 2110884433 9996673393 9823829773 8444261589 7128037979 9073117852 8462562323 4677875479 722064972]
[3940027397 16482139410 4457075130 7553794989 3155013833 15133016382 16026955727 2436785765 8469362254 8239876882 5170500749 3122445768 8804030389 16376601395 10229808111 15311517708 101415975 8416984796 8970082199 909713463]
[5148767745 6437254779 2901389639 1692353859 8453008426 1377388903 2167546936 14359877487 14098431732 2710976272 2099928906 11848050176 14105750673 12256076898 9982321161 15724255783 14094709746 14528621876 5290067098 13814243530]
[7676044712 2440883631 9632976074 13168938653 13833370436 1716844544 8280219841 14906141522 9667547646 11023767504 14347702676 16457216794 11541362620 8601198240 2180349937 15832020831 7064488360 13629457078 16329032969 1182186332]
]