[[8019712229 5448123380 12319030993 16911534281 3550565599 16076892836 9556352357 3712405568 6144091283 13441951327 1426484992 13448282614 10002951766 6372583965 16363907833 916509979 7616301628 4539254552 1015196904 11517474567]
[10843113556 13046692587 15772692354 4448142688 1972721809 5367120519 4020329473 13679943191 6768298008 6874945615 2928166299 2155986364 10455345044 9456255838 16032533991 16345995411 2197796220 9707721655 3037561205 9015384429]
[6231446241 17067669383 10229412544 11251945585 7362039697 4982185281 9376038634 2667027705 297799365 4319419105 595975793 10368350606 633778153 10809415380 13292469002 10961244361 15233372680 3268824625 16712814409 2946942573]
[5697277629 6072839428 1669853252 15600672557 10400389749 9816472040 4572890397 4940538463 11740076280 901966588 13517974866 6013959684 5896532165 11063842928 15746900159 2937872923 12997907938 5546954848 2428070047 3594026949]
[1429070538 12659140361 11021882363 2646660839 15933314798 5581899354 9007715145 7054023421 13290666411 12836995040 11838684447 13324934317 976729446 7690594438 11525641199 12599776087 15202400649 7901867295 6587358427 4119275147]
[2967508591 12978370737 11160468228 14091332304 9077468073 8859660767 14286043120 8562031354 1370124679 4193197562 15755615927 282444871 7104758175 6797811270 10144277248 5199816425 15037846541 12603569225 12491106961 15323883028]
[16258267260 1235912791 5786747421 3534584809 5224834401 9971216382 11514709081 12621521449 10386238736 6056107043 6593818727 6666753115 15364887051 8345103775 12115115045 8242828200 2380997593 13844165001 8663816574 14027763958]
[6090197060 9375613353 1483494954 4294163162 10308785923 7423193679 8164200619 126263910 13715636693 1242685922 11350173077 7016391308 8772771305 14112051545 12045252694 4138211036 10643173983 9028896274 9364654980 10580563597]
[1711227793 11719255975 9741713365 12075448692 8331130192 9342090469 6581216209 11542832792 9143530845 12098409468 13924945384 3891658026 14309430668 2607102936 14879206272 8363719381 4911552612 7432821930 9444341379 7665136346]
[14480487700 7056367594 4001253739 5818792019 15267562755 15941417654 6199205087 14270588509 16586363171 15028033015 6144014023 4000898379 1328335081 1134457944 2252924510 9023177994 6507536862 3570959400 6047025049 4208528103]
[11543272114 4145153339 11872295576 15897953243 10754921414 5168948259 4274221601 218007607 11178375266 10585449414 2201518923 4966979093 13039139982 2484577921 3354524249 16866006688 7358748084 9185030604 12289489519 13279832102]
[13444328050 15920422479 9728498338 11483387695 14198478716 474899875 7842723273 14261245251 7799798678 5028736805 15270549055 401196378 13858411601 13249755057 5788824916 16062477173 16089244982 7487822926 7344129885 3904220738]
[5023241954 14265840362 8861554009 12843291568 14112944932 4633173302 14678438251 930465259 9274877375 8842335884 7413636135 13622158061 13414279016 13467701392 5893801917 12842016387 2904198324 5761641064 5236317848 10512886460]
[15895009601 12997933289 7286779716 10013529612 2645078374 15598733751 4942991481 17064951949 9198703366 16828336626 7431870813 6351800573 7212948310 10331506329 16241890117 3857735990 17167198454 16960327321 5107679811 7968157803]
[6386053738 4230278875 17057298839 7898309908 3505007615 705761276 13512046661 6214213259 13483523846 15483655738 14407515648 14730089777 15884343057 14654358522 113513609 13418401946 6863526878 13181572703 14427959414 14486426223]
[9464683222 15304711861 4599001715 15730903871 4992894980 14065026663 6031075259 6491154020 10975805355 4036268188 2785395071 1947808744 4355614933 13575109403 13314508723 5229779820 13711556534 11010203357 7825144420 12420615643]
[13045915012 14121747139 8566864910 15650127068 14606480147 8318003919 2370206719 1745400070 6909574107 15238200020 4651217563 15146648429 2518739228 4158256670 8008191681 13416726148 7230487184 6038328003 16900223887 15394361164]
[11077877960 10060754059 8817605507 3265755114 7598324581 15786092077 16372597487 10701742989 9162082185 2016230383 3646878249 9323127389 488492240 10781299907 13216779046 6799536978 11125370999 14265920318 11491011402 3056817480]
[955838418 3388802821 4594622470 14612003399 5526158176 15536656191 10519367358 5359979507 14536202661 6420041164 6861878804 4623335610 10846907655 1914216013 9873656069 16687796362 4875886434 6228618840 14934041874 16776942343]
[2383769337 3624964495 17065255072 3884600629 14533039006 13617539675 7243725228 14532431160 3265730047 8806533057 16953261796 8365783188 14164667916 15820881350 12100676335 16587084483 11781567082 1469867364 15703310859 9381765714]
]