[[1527659737 13473059658 2358859160 4886048627 15429391587 9386358618 407629052 9198864359 5982903950 481539297 10781689122 4057262156 7695674585 14946657575 2206213869 4493182993 9715207733 10300870977 2845026791 14775199102]
[14152103513 12088635056 1151944501 6048899580 8125576332 5831085717 13307266660 8594951210 10563071485 11484445859 4525940836 11074736981 11386660848 9087038037 552555905 12517150174 4227748714 12976947696 9883875304 13335889021]
[16007082640 8768647888 9584864265 2487391357 2991438137 4040522321 2979402460 16631455874 7308374437 5589637906 2194748872 8516105478 16711271599 6273594975 8704062685 2539087088 12463662177 10446422194 16349030946 9107791735]
[5133168791 1049338526 8744195557 5994152889 15760555422 10037809364 5999269427 1532687207 14032211307 4534223234 15275924732 14574655357 2397596518 1864249865 582625109 7777835249 628124801 4534681663 16917265046 5869723419]
[48618288 16296562807 3871857282 1931602016 554911979 7621680063 940789511 11815980282 7208353017 10348699995 9803165196 8499946896 16015924928 7430853024 1791877314 3761160019 3077080036 15361933928 11826470229 7289382953]
[3503999463 3997988100 9097274636 997157122 8586305332 12124260844 6171284780 13983842215 10090401712 11253772512 16694723014 10871871393 10000651081 1237927171 989689348 15141348097 14628662242 1449666429 17099711059 11502216014]
[13483971111 13025357799 10215541120 6266338025 14211030722 13737275245 4712434636 2785385424 17154679303 6850305266 8475511244 15222626833 3519183543 6450343279 5977804438 365643572 334554773 9316499610 10844920784 11713899949]
[9998759149 4431516526 16531710719 6114817008 5999037048 15248341401 16995803964 13029279693 5874370317 7003612481 2900778008 5355725548 12463416071 13631844794 4770476620 3021181302 10600785210 4504874428 3133831444 4730571601]
[15889439696 10326376958 475433104 10757480867 4520669838 931701429 7213687423 10967632 10293345930 10077713722 11133893872 10552980634 12668131627 4573804900 2552483569 17161926699 16839060063 10284764394 14551700891 7298263529]
[1643757243 15768080797 16267722736 6705197768 4860031290 16749582216 10688692732 3213215266 6893932189 2097031004 13480053973 3553427936 4928552095 4264081602 16835241534 7621355292 6243138019 12690410048 49692126 1171560227]
[3032409160 15716055547 15233295702 3597373252 710503706 1595506877 736351906 15245259477 3340977148 12803538964 472906729 9963964433 461953744 10311691188 13986964470 15449401310 7858452481 11734969685 13281880105 15789368107]
[7088664523 1443964271 93102621 11291268400 893839646 2287113552 15941893872 16961664085 69218407 1626199083 14941622699 13995218960 4378385169 10150402487 17125690336 11079074227 146444839 16439317489 14885727529 6267815973]
[5963194488 8377631298 7903938780 8245667687 5432462516 7403676542 4239691205 11068598877 16428073765 9806946618 4484175264 4289526809 16799740343 6326552842 15788253490 7533146708 1168683498 10832388315 9713279054 6601376551]
[3222671486 13245746691 9717625227 11223851738 643629955 14339964235 1597771298 5007649961 9163739330 16947034355 3713483165 5698282172 16534812565 6277913915 16885553440 14653942917 9999070348 14345291309 905933120 16060876259]
[553480113 15116998889 6271148703 7401407769 13132840725 7993209803 5121936729 10241402116 8773345400 8810301856 6015103112 8969817415 7592773950 1553358512 11049150729 1857458454 6415913681 3880047575 2021045552 16095560822]
[6467111431 2399287109 15937922505 1503902912 10882088325 15641060892 326144611 8642683516 2469020363 8321589445 14152046688 9571910107 7775225732 8237232811 9332994566 16802828582 6782281080 16325272913 13909694846 16040949235]
[15409787690 785047013 14612436509 3540099829 15193920107 8965436533 3319529770 6883124138 9466684443 7643757826 12656048870 10746175175 10423122848 1691629532 1603385615 5941857291 16857290436 7501239012 2913377761 5709012343]
[12435537889 8509489488 9795903929 10050729268 5933058991 16845916233 8402901875 6745862824 15699547627 2308212852 2534640693 8168580981 2766679571 13168806651 14963659273 15023569082 15347598914 5107870693 4112817519 5643117349]
[4131416906 583412470 8369151479 12754703716 2601609294 8161036619 4567445352 248105333 12053011933 6662738434 2474519057 5927193562 8464636086 11926547710 11692258803 6385226673 7447531426 3100587716 8870238310 5428203317]
[16549656412 14549931551 12837678136 956896965 16972661215 14840887172 5915077152 7360309471 8899760231 913013707 3258117669 7047505790 15180075642 4517033723 9501155482 9247577691 3486433693 12804123898 1503730043 15333990931]
]