[[13141562528 15490447610 15843411807 4174265125 11697243095 1920915208 14676872742 9444780493 8147536295 16702983495 199082769 2055812919 2850008696 15887707619 17122257295 8918055722 15936874634 15468828265 5814483771 5497676006]
[8081571423 7113079727 13390204199 14469229326 4819838267 11361174243 3968286875 358444739 13298995456 3139401399 9676642838 13113819228 1930331868 16225209648 4753448105 8694923131 14253165369 14151726470 12830048368 3692113150]
[6286192844 11348255803 13796423673 10050876502 4413133499 16963599519 13390597101 3987625659 2935688022 16477468727 610189360 11295316572 10964816870 5036887344 1581009607 3071279586 9562489817 10516113263 17149531912 4738234276]
[5527028619 3765006432 13632937461 13398505341 2507609172 13081290246 16799391759 12289563613 13009953558 3945763637 9294120062 12486726930 3948018909 16817655090 11782628967 1042384020 11568468482 7215742322 2419475784 3786018808]
[5017280638 14057199356 17067701831 6492809379 3126076345 10614610982 9604434241 11910678906 17016941718 9706760902 379183056 8732495220 2186201875 14779769159 6872488151 5141157872 4203207850 10437523241 173971316 932542733]
[9124471899 10658248963 5005666663 1298895632 16349676294 6216213691 286547877 2357272304 6490468926 15125301657 6661858325 7233996205 9294021062 1833423808 13139091646 2386396377 937203586 4639850857 12360470019 13710715652]
[5797678073 1920827538 3046856874 8697923410 4391933759 15462283068 5690207331 9909178221 7088458248 16602899230 2099666997 9042593264 16899239676 11894188253 14051183887 741930034 8976776832 6933419054 10384309434 11939443325]
[16490261084 2270547970 8457148743 16251545904 13241722836 9974541297 9232032953 11853978715 5419284100 8918026678 12525047363 1729369439 3701911976 13697196732 481108150 15631832059 13946643200 14013172455 8186957128 13115492028]
[13496676294 15825154945 10370500694 16901109505 4622850203 9236902 4000273392 14634932337 15652602002 16390484373 13404366314 8292892766 4074443349 10166028838 15136243838 1057244093 2574386859 7365975004 16135177401 5100201425]
[5810603129 10212593586 9990126643 10786990121 14956315139 1312234149 13778670675 5663607587 5424044946 11330719663 7172187969 3082168699 15385783569 2115667446 2598712397 4596767555 7609542788 15448762868 11854853968 11596671755]
[10113490566 3219396549 11296122696 7210976545 9007308895 11390606915 5893339634 11951504197 9062522644 6830306472 9248371275 12018644066 678649369 7176906302 13703373510 14230094228 3713436618 182251000 9093249915 15068982313]
[16630749269 15136018604 8767430121 14234953852 11984796169 2464154313 2562855648 3959523948 7557417589 12159499519 5423073339 14318248751 8534455898 6522252997 3872250672 11930066916 7554679499 6689524992 15221813868 1171929543]
[7059862581 277716827 4080007521 6716571366 14065786221 1826768723 649947775 15695679951 13142199972 7400787419 17148723648 2705677012 4020228485 13442060037 943781076 6700583549 4165696773 6641443567 11297158529 14349081590]
[13077423992 10458172443 1985019063 8277817067 13956423630 8521494345 8106571097 16977695319 3522237415 6299328849 2358104306 787592375 7726947511 400957219 16224706306 10598483861 4237793525 14135544683 10380628279 7251612903]
[832437690 13596410396 8415752672 2438310045 7036630283 5512590352 6780607077 11465493896 14903897832 10274058871 461432210 12650790014 10667117704 10017536259 15580424492 3193603680 8968644145 8883765331 10739181060 3643406470]
[6250167914 11742777814 5139754316 3034742273 10716525081 8382103510 12421300552 6057571280 16591490632 5975755724 3227683798 2686705859 12520062545 2090500648 10247076821 11725330043 1640680786 2967988378 4897148166 3022442464]
[5213022711 12180328541 16489673953 4954652145 3476115418 11392323351 9199557908 558328000 9941558759 3743843073 14325392998 12178023327 1649643620 12411241402 13053352130 519478433 14945593549 17047373136 8927021351 16708483105]
[7408850113 13742411105 7688218387 893863570 14502086754 1641127858 7102787217 5181819449 13814008845 7484658985 15176478050 15180659697 9898510062 11007229296 1664105856 11518898614 4812036641 16108277588 15038444952 15079956001]
[4148490520 14253340164 8193390159 9362099659 10135106407 3844527704 3017226834 12676971446 2253357083 1469610192 7431147285 16877882254 17114335252 4465620111 11239583433 12315399766 8029378664 235520505 12370805384 1366872949]
[6909359165 1089865960 2650259834 1752131818 8232021182 14860909553 416715122 4895938998 13938025622 8969758963 8996195847 4644339421 11681220024 12095262068 16255280262 1406597001 6606121214 6986644710 860863284 6182376612]
]