============================================================
APM Result
============================================================
Matrix file       : kernel_25_84.txt
Matrix size       : 26 x 26
Prime (mod p)     : 33547861
PM block size     : 2 (fixed)
Deviation level   : 3
Minor size tested : 5 x 5
------------------------------------------------------------
Timing
------------------------------------------------------------
Matrix total time : 2998.0291 ms  (2.998029 s)
Minors tested     : 34845184
Avg per minor     : 0.00008604 ms
------------------------------------------------------------
Zero Minors Found : 1
============================================================

Full matrix (26x26) mod 33547861:
             0        1        2        3        4        5        6        7        8        9       10       11       12       13       14       15       16       17       18       19       20       21       22       23       24       25
      -------- -------- -------- -------- -------- -------- -------- -------- -------- -------- -------- -------- -------- -------- -------- -------- -------- -------- -------- -------- -------- -------- -------- -------- -------- --------
  0 | 32559326 12661212   601109 14027767 18531046 31169694 26924882 29914758 16633670  3839434  5802176 31064079 29873031 19778698 32601886 23080408 18207119  3883617  7107164 15408780 27723396 19623356 23883553 14713198 18160290 30695973
  1 |  7541039 14926193 10863425  6279270  5284884 13993810 30611565 12569033  4632899 12012346 28693941 16977915 30616643 26845029  3744801  6963218  4736316 11711002 14933788 20548950 25963823 11437110  1006784 13434951  6768023 30956321
  2 |  9251029 32279885   353720  2502040   569352  6348506 18945384 19864039 27791140  2598509  6514802 15568264    52690  2227436 16193533 26153996  7668835 29376989 10953601  4901834 17621771 10239354  7812273 28029755 11794231 27752502
  3 |  3356555 25913849  7932079 27893592 16088745  9928881 20741702 33291548  3862561 18617263 28114620   639722  8732650 21540685 33095194  9774805 10355836 33549503 25332476 24342679 14809509 31814703 17350116 15034108 15501391 27328494
  4 |  2342556  9858359 18109767 12315954 22709352 30149595  3801165 28964591 22818669 32487764  5693618 30161070 18765805 10185754  5953153 16961233 22055906 12798810 21367263 17382884 29409967 13194144 21738413 15737036 26781245 12066259
  5 | 22901238 13634018  4151041 25128916 21338183 27899509  1379687 21356467 29871011 10808801 18712188 29162337 22712535  3294771 22766394 11687487 33501907 14682734 14950151  5350316 26531831 19077921 24531659 22835320 19416715  1437154
  6 |  4873756 19701460 15766090 20798188 12443403 30033619 10148069 17736281 23290361  3905393 32557166  1572589  3154795 32475483 29388649 16291950 10193896 16291070  9256564  3654622 18327545  1725588 27495153 21645271 30281232 10808167
  7 |  4787488  5246320 18905277 24040813 22552995 23902439 30496158 16467967 27996581 23002773  8073397 28177536 30869482 13503124 12872254 19940492  5768689  7152164 11472291 32066970 29713078 25353225 12578909  5676351 30430545  8783027
  8 |  6484714 12427610 13355656  5238968 12726922 18201883 16850575 14488267  6751520 27095028 12618430 21504966 10953230 28339589 20628428 31724071 15372748 19396741 24462646 17375627 17467993 22708672  6137572 29572295 24645823  5118629
  9 | 32777803  8457517 33429180 13153030 10768377 30659192  7806286  1746196 32619827 30525708  5849684 16680992 31919169 12745763  3067496  5715926 31195724  8988844  9927488 29177562 18112031  6697506 30993589  7319991 28899731  9539338
 10 | 19884400  9199880 19457114 25256542  4764612 11434844 31807190 23986285 14665187 14734481  4275968 16036802 17212797 24790783 17325071   838746 30844175 28002560 32935507 31195134 17701900  9869790 13413130 33319083  5896695 33511232
 11 |  1604971 18065010 32760253 20363231 11821638 15634017   385274 13112326 32156506 30961821 24960858 31528632 23366743 23135856 14003713 10587667 31642524 24863426  9180692 25069986  5383268 13735650 13817527  4769447  3448711 19957639
 12 |  6916330 25068479 16231777 24458517 14073901 11501549  8939204  6092404 22519073 33040454 19864716 20729405 10178162 29114584 23661364 18909841 31221964 32123215 27765114 13947237  3252033 24630078 25173255 11481094 18816875  7036271
 13 | 21266726  5063740 11714498 28053772  7987432 24736852  2875979 14810933 12123991 14943862 25019055 18775865  3773510 12070369 21568448 10170177  5747719 32107264 18773778 17376832 11215450  7214130 31842349  4809229 24878658  7312048
 14 | 26186370 33111208   109660 13706259   583583 30023406 17471677  8616144 26880986 32717237 27052190 15721272  5035397   659530  6326943 32718915 28535189  5288356 20149063 17909947 12060795 14119454  3186323 17570048 16720655 32649579
 15 |  4867830 13881194 16208320  1749047  6563813 22342080 10584620  2855445  1639581  4220556 29821588 15043009  4409130  8078865 32621650 31343146  5688134 29853735  5351875 27796830 32835502 13838545 28418840 17761844  9331805  4308746
 16 | 31684217 13334905 17326190 18373940  1714850 16032840 22549249 26992250 21379869 12768387  6086930 16323955  6212778 19649220 25017927 23257242 24885825 29264777 12502082 27596679 18036126 16173632 29092507 28836416 18696951 23404279
 17 | 30517698  4075354  4416328 18913749 27645359 27845493  1770234 27423179  7381481  8860717  6690272 25079054  1549438 18106737 12887675 20094070 30207378 20356154 14280025  9273651 29566724 13321685 26999563 21863191  7914005 23391040
 18 | 29403252  3521494 28145282 26083412 25435743 14729661  8400383 26812933 26632568 24178736 17038942 17834930 14506390 12035724 10011697  3427949  8028885 19980394 15876478 28398159  8601768 31538279 12401574 10388272 26157301 10695514
 19 | 25583811 10870126 16145676  8924810 26702020 11246324   841059 21440776 11138879  6111162 24728688  1842018 12007852 26766663  1741369 14197013 31630453 22209483 22714484 16014929 30419625 32889715   763242 30454513  2575108 18770875
 20 | 13945891 10973164 15983042 24249895 31703503   346263 18114856  4946223 25621671 10708561 26392595  8909953 17069938 20617949 28228638 32440744  9693032 11377916 28481716 16185472  4675473 11298280 20479061 16166808  1447854  6997216
 21 | 33412152 29382333 19012464 13089303 19617298   557496  2858091 28005512  8826888 22495764 32699277 16849935  9228831  4026327 16032407 27639339   674548  1903735 32154747 30699594 11382613 11935192 20356269 20971770  9509491 16247719
 22 |  1309144 28057047 22415026 33243332  7985987 29764598 10997006   661328 29029039 11658806  9822255 10326901 31586184  6514886  7727254 11520151  8906972  3979051 15211445 13221565 15657468 28993524 10001291  8388869 10610082 17365322
 23 | 18245403 26028770 16110765  5464101  5563628  2571136 32173733 13057135 13827060 17532863 30110596 32540168  2497008 16315403 28847750 31760690 23022553  6764308 12979606  1583185 15990042 27783472 29978415  4152448 17385582  7438741
 24 | 33507448 20912138 18688926  4807043  9321524 24252878   868639  2430742 21534034 23763419 13749964 20975167 16136519 21644312  8031917 30424099 19537931 17808423  6892866  2826052 22890565 33120045 11232088  7981737 28020352 21667409
 25 |  2506001 29273688  1853579  8829464  8937613 12860593 17688375  8492384 23331816 15274705  6831875  1973995 12064125  3845505 33303545 25599552  2419193 11435058 24933459 18783084  1367212 28938469 10323422 28019132  8246980  8816573

--- Zero Minor #1 ---
  Minor size (k)   : 5
  Deviation        : 3
  Principal block s: 8  (indices {8, 9})
  Row indices [5]  : 0 8 9 10 20
  Col indices [5]  : 1 8 9 16 17
  Time found       : 2998.0261 ms  (since matrix start)
  Minors tested    : 34845184  (tested before finding this zero)

  Principal 2x2 block (s=8, rows/cols {8,9}):
    [  6751520  27095028 ]
    [ 32619827  30525708 ]

  Extracted 5x5 submatrix  (det mod p = 0):
               1         8*        9*       16        17 
        --------- --------- --------- --------- ---------
    0  | 12661212  16633670   3839434  18207119   3883617 
    8* | 12427610 [ 6751520][27095028] 15372748  19396741 
    9* |  8457517 [32619827][30525708] 31195724   8988844 
   10  |  9199880  14665187  14734481  30844175  28002560 
   20  | 10973164  25621671  10708561   9693032  11377916 

