[[7603429202 4750523609 5462503097 17006407403 8670936914 15386062790 13479191898 4642931584 5812677422 2718423708 6769170384 9067939050 1835357114 5515623236 12523828547 9431317359 10272577933 10980931403 8612988486 10607635283 5628640349 3218823007 16331883268 120957665 1012089155 9713011121 566907951 9780507366 6653442917 6340400669 5950854422 9124470825 7976366255 3334272467 4057168121]
[9291725132 10306600908 14975076250 17028155808 6287927726 15134005928 4772495580 8327847918 7282554040 11376961480 6167956084 13357605281 9463707454 14496265155 15336627494 13432192993 14054415976 1361014225 7234448073 1872901164 9156632003 7063973404 12041495271 11870269035 5852590437 10063309408 6885737124 8580753431 15238760484 13297255810 12272295301 6371259830 3017800463 14334759078 11824698364]
[8272084557 17136571003 6048560873 10115741944 13532777660 10774754428 12961486448 2124008735 13562890013 277797067 47366247 763760292 2492868891 10986777566 6734940254 16420484757 550343170 15273997338 4631003207 13612441276 13629341557 13451031533 10844855342 7605895169 2290674346 5995759976 7258977365 14432585622 2846446127 16417888235 10181947547 7472252413 7861071923 13644005160 15580045241]
[7643331641 8941531370 16162242163 1196687135 12996128662 3090749678 6183356501 12554803254 11768101603 16949043823 1653798973 6881447897 10056352603 5852833320 13473742839 5286237722 11246485935 13533867133 2725067771 11935229868 15290456567 2803474143 3986780977 10251121497 5913992637 13214790499 7784137093 11027666599 1702108266 10113530597 3562352482 5219304854 5551760490 5950766911 14167469767]
[10177363184 16043940924 6279879047 4531730310 6645024438 3611722242 12503086076 2385709498 13977002370 2381813025 273524103 6669295182 12482839131 15079061565 1388782391 15404002523 13594964821 1021741959 846181553 15272141363 9430886603 1348358273 7667187668 13107372847 794929643 5477797618 6308147974 5238398043 16524001294 16719089850 11311181551 5379727861 5969918862 1819514303 4176187787]
[881072757 7280495932 12056918355 11656126352 3050755659 7101561246 4934015047 12730684333 2131311328 3878219393 12103396759 15513953014 17056399697 414852047 3528324981 10844824664 9403558539 12291554710 12072610269 2849721119 13758021864 4224551725 5882938502 558081699 4922853961 9610999883 6557290657 8652767777 7092286261 14753156693 2817653495 16082835539 12726155609 2129520787 14643656012]
[8528783727 4502559840 16382414410 1569665671 11384738345 15769578626 2129811829 768986792 6754743890 5503034348 9393517296 6176139274 5036795923 4435517770 12419289095 13925402924 12505824404 15860396614 14397107406 13248556376 8989733047 9621852452 13827060652 10856761113 770439599 14667808075 2801629901 13084996136 2943532299 178404746 1818551179 4762510004 8737023188 7919358644 11757067346]
[16574102716 3959249862 11917748966 1083433840 11900268473 6467453485 366895480 7673983897 16773897635 2709785586 13175652372 15577281296 3023649345 2626882302 5526954407 6166563964 1835383084 13414751344 2986135935 12489952166 3644819859 11139902338 11880624456 10167246641 7493934315 10435064963 739455275 16978600067 16574225290 4305090843 11568898381 678977087 2797432408 12543302108 15241602889]
[16611281168 15251880567 12130311171 14166610905 3097502280 10842340567 8816835684 3588080692 16789391731 3698695585 14188359197 12431322099 10918000790 264508387 16876142727 8885458146 10356783416 559858865 6444716837 8522490813 4863827625 10725903933 9838508815 497227375 9714413592 2915055468 7427563703 1024426671 13351722679 4893097027 810582041 5799399490 8353460788 9662699792 12131882337]
[1837352450 16424545312 3316225648 16952481097 15934577718 2363541271 4897727073 10876563365 9616372313 8116795967 9721103806 8709608432 8104382597 13698534663 9011164733 7824337223 15758958566 12122969911 9397775950 17089284611 12452897674 436549161 1736229964 15791885019 6487185071 8172747290 13918656107 14055490190 5758587540 5681507265 738741476 15431785379 1595080544 811709759 549156926]
[1927579803 16282023441 14906123839 11676315665 11256090964 12904667656 7260088875 8744190015 16914236724 12640397532 314535386 15022981544 15993201167 1372803512 2707534816 386131512 6790935922 10740337643 342812565 15238521379 14066998181 14188905470 13424721882 16699644836 6953455673 9367556993 9523339486 16236939078 300649612 5487372141 14415352989 4438049485 3589293375 16570204817 357286246]
[1862608533 788413808 11320391805 3945616494 2488228876 12221252012 16543839048 2833078555 16380634086 13883406180 10448763108 13964191830 9389346099 2261092755 16772107988 4063153744 2840420571 8595757177 16587312323 15533331503 6695111522 12240976662 1614995939 13869993989 6180661051 2323583938 9531848220 4977864023 4260780380 12047112375 14830914262 14717069165 10658230347 249483917 14234820829]
[1375985215 16209991644 12121589566 4768515419 16277447718 3380734159 4364105949 11200467553 8797774388 2182379083 6769006720 8032177519 13958016066 71689252 10517411339 2845779319 28103977 193532680 1055942724 13826041030 14856643849 2253224913 4361188851 12476312097 4056445664 3648969562 7474915074 8369984189 15163848200 14422754748 7991136998 10598882993 16325528721 15301399031 3484036281]
[15338144871 1089871855 9943530654 13891835047 14020760745 11506896299 2612348946 918368965 5677179805 15209823915 9848304061 1920686011 5146737376 15923722200 12262160113 4184168240 14447077485 16989741751 12058390281 10593175425 1623763896 16435863230 6110508349 16548537201 13896355920 7116183543 14997531283 14324483351 6197351106 9510651066 5302844885 5534017504 15565352828 8535853676 7253063682]
[10670184481 114660740 13715260858 11555690003 5501628591 758048215 13475422651 2232168031 15614901474 16425306865 13877711516 186425042 3149908640 5056434455 13211813774 11437313807 2356080555 9618948079 8035949513 13724895104 2728469766 15303618457 11319161025 4250061926 3473746428 8693409169 10915409555 8181043565 8389158443 14010384586 10405715568 11224039511 2936880652 805158616 16594079287]
[61729509 16662128396 13410603811 15129018141 5594485599 6371435576 13732622253 11714947745 15933677302 798554817 8290900714 12922333469 1085360625 10356497166 1548516213 5106872687 15778145776 14641367604 7628296761 11305733906 3296190555 12774661382 17159170130 13775433167 14356512000 15555167919 14398308835 5910579093 10716997998 1923660066 12188468239 1009679226 10315359559 7011309136 10103793297]
[6411623797 9927029600 16912403926 2620774057 7727890358 6929057481 8872566271 461109577 5386382589 3387091220 14474738801 10965200561 7584916336 11882338945 13618272019 3167425916 2372536865 14929494871 12566435781 12845952812 9977121564 6172627228 6738072876 7201845695 10537945509 6198436816 14396782582 10817338539 15992251400 16108536662 13643086542 13880893650 8097055130 11769055006 4710993675]
[585005647 2084890057 6053848489 7759490064 2411888279 12572713763 4636465359 13272055726 2272367976 3796948579 4222081054 10203512668 9308220108 2696050862 9475668737 15089832790 13057908052 1376442195 9772369798 6198558373 10065447664 9902903390 8558223914 2723349545 8473173186 11657510773 12080479406 3739593469 12049037575 2550995345 1297773457 5666835935 16963295390 4328112939 8018514799]
[4601771144 7464309476 6300948609 12505811683 16972356832 10181816602 1020663736 11199422906 2403986984 10982546677 9236715349 8039642323 7936129888 15499420777 7719823529 5482912918 12374706322 204576609 3389022853 4963958412 3191985903 3600601422 12587277199 14070124051 14058760992 16166371995 11587294878 12275514281 13677592204 6400415988 3813364597 14558712914 13509473938 16922298481 4990637914]
[15479151273 16423337746 9234156934 7486466078 15089093019 8215012342 8683859665 1048224639 6445002157 10255046090 15047528079 17168999759 13095917761 10626850862 15794568139 15298738000 215029232 14741607489 11803159690 13969901622 5634679289 10046829676 10628742919 13375956047 2795815714 11640490670 1969534783 5669336437 12426648521 14594726555 13828319603 16658597443 1875953109 5850389154 936408757]
[15905666576 14573034182 14094069041 8694083398 10714570497 4572606126 8333338750 13705765754 14442016963 7500144541 6160239299 12004359114 15564827706 9898913004 14642075316 12522609098 12812204996 8448569669 1197012877 11331120248 521366177 5368619252 5415896890 3248609137 1515497598 14319831156 5242280505 3651948587 2508993662 7726034422 1960197398 16457478047 3638155436 7832492175 14450224092]
[10278834412 6975302777 12912164352 11332401521 12796972164 2461254001 16205251713 2674969322 6076751770 10783794362 14751810071 10041656775 1211809688 12014968664 6495818144 14735867305 10858129818 13876973514 11280608666 9453857809 15677218336 1928550187 3577291474 2899509477 3133962034 13838875439 613522833 4770686955 16207223739 14528470363 709734044 1428302642 2717034051 2702847756 5796814701]
[8497890023 14139973809 1206825231 2996655350 20792109 8164314613 2535616456 5878089658 5318695439 7271499579 4172627062 10610494997 13576306111 1083244926 13693968140 15734597954 6487810683 16064111672 16697621551 8031564545 3552103231 14061820251 13749175884 3396136484 14379214284 3590213603 4645488521 6130175108 10353664214 16791507312 8087171289 7072343389 11011541577 6535221484 8872227135]
[8602506409 9450894335 6743320294 9358380244 9143261237 3376395168 4051123139 8792308447 4944276862 5443054276 11492584081 309923975 8242421363 14652139111 8229370958 15987758870 1753986492 404161512 7285005344 3157064729 1947375058 9442301317 1222667449 10801589099 7198254228 10267951033 2842512795 11479533950 15616163422 6667068433 8413785756 5733113558 12461783207 6796299366 11823939618]
[17086505889 1524371686 4864290746 212775315 5754956317 7702423403 1794707085 2000638071 10393542353 13417825814 9874749217 7612225250 16659672907 4903834917 14258010593 9571945957 16430444126 15594148607 14561987404 10781208906 1400333224 3241631044 16529714477 15096522671 2784151124 14568289640 6276750924 3142490961 10157603399 3566440424 188130261 45221592 15557708104 4847247772 16416721877]
[6279213696 12808391207 4355573869 4440173689 5726546424 11844006209 15855761018 14711042540 13818411062 9137249836 11903393912 16491061811 12045006864 10050065491 220783970 12487323955 1488808276 5014757879 4369365807 15974375113 7692426319 8565325748 3859113846 3969058768 2222576926 14677696053 2535427382 16861252638 7072051026 16806477470 6410806924 8230051734 6166732463 7893848026 11876020166]
[4782654206 7421036710 13249530355 11715181838 12035329678 13155125913 13914277949 8260262390 1263058721 15248949034 1587330851 12710647209 16409456528 6924872786 8916514607 7144090105 8053946619 6517627749 14563812013 4989545539 5767266065 11137709272 2101342341 6551043014 2676341955 10454478657 6700560408 16084554121 7231665831 6179286335 17112395520 11136453453 374086518 3798009679 9132406291]
[16809329609 4558211830 8726647238 15709412594 3729439224 16754932991 14263877883 14732054473 7907825167 10885916720 14111568833 2041394346 16518536377 3077365111 16520934736 1145068709 3064147101 16923285164 8102547376 1952519875 14228740406 17048394192 3657091424 16842572177 10853185612 16551820817 16741814322 2994761072 5943671616 8211385377 3738492623 8025769196 13931202064 5667068458 4445353945]
[14290625883 8548865661 1097317791 10331117264 3246313812 419758495 9369475993 8656054778 284499908 879404863 11739118801 3713396130 16743583564 8227838788 11982482679 184836762 5074854760 327914915 12822508316 10189525681 4376651456 5910896559 4440869745 11862189983 11461129493 10363836242 4175656339 9420226023 2546122834 2716790224 12130997936 10877768272 3681000272 8740690516 12140456477]
[398108022 14469106659 13321144948 13094881583 6459462046 12589504820 9034271585 562307528 16893714990 1117784052 3691492934 11100003957 4876665553 5546412320 6300644722 3223708793 14307014914 14581897259 11825832571 7994563451 557505207 13154246749 12288862779 12128355162 13546561612 13727997438 3070642015 6370772185 909868259 16651497415 3631371038 17054071247 528881415 5547461485 5537736918]
[4270932123 1419975087 16497284030 16442979418 7531293562 1830023610 8302472386 369902054 3402817216 8387518642 4969036908 13696341171 12605814554 6254293737 9614463485 3056531658 1224109140 13423626815 9865146266 1041083460 11135915590 9180387533 968370459 7230429064 15148984132 5443648689 1629006401 2416727984 10641009015 6021663710 16364590385 14014708667 12518743739 12760286328 4202811240]
[14484581239 13609238148 11090682742 16884503236 15082051655 869604424 14351696432 4047549202 242127331 5842570444 13423116113 15149326539 15123391159 11690132859 7751849893 9176359028 5690237794 8494416663 8450409994 3341143239 9376437488 9972816204 833096817 3957133953 10913286504 13359053356 16266433766 12065085208 8501873075 16703526071 3703093807 17038692341 5589734831 1026020333 4836925050]
[4822653638 2528829430 6460261265 5488385399 11418845341 4889943190 4206572902 16025213660 5776751987 11822197918 15939670330 12691131004 4785495275 15293888683 8469199889 6389356526 13101992354 2206884433 6096373420 2839111347 3090874079 12267945633 12398653297 15036742711 9097937869 4091251533 6473050551 2535397401 14956726558 1379246740 8753290969 6253122050 6641269953 11066910929 7685965730]
[7440459882 3603320605 9004989791 3120679273 14123782406 16558051517 16882772975 10418570550 3315735649 7904717474 15715688109 3463411266 11895410737 9026436414 13625762230 2324063478 7506207630 6503337292 14619539548 7560793291 5800530447 5675021834 15960178808 4713615262 930865654 6773761183 8488329928 4039261023 2669627928 15013956412 2844509793 5532368321 6357508080 14415612183 15941984251]
[4346983667 1933737922 139564749 6994064333 9354527253 13748267124 15015631720 3199752695 15022762200 6055799370 5530352122 4074510251 5255573856 14077692255 351206250 8967134629 14394837837 4227841903 16409616629 3055011996 14310040152 5801447737 10796821303 12933917792 972857149 14141949788 14132218905 15134294325 2622830990 5507232944 4398821141 686473361 5671253125 721248827 10165176315]
]