[[1068713548 1905198024 3374825973 649682549 568252328 2201418447 1831688118 1799214815 3613241280 2002824786 1659067427 3610577159 2328287137 118715483 4244467912 1619927141 141974611 868599802 2918205605]
[3667263377 2493028968 160627545 2636173429 3799112754 3555194487 2818865490 1024046143 1220656382 655138972 2675293526 1452594747 488610177 3340810169 2477862141 1342609212 2423854166 909413872 1052431831]
[4033515415 2326433343 524211507 3348507887 1677964334 2346058183 732510082 3279722409 104376089 4053778236 2681937995 379074757 1294790810 630343011 2980126681 1221556383 1927515211 1831969395 1448341320]
[1117792533 3034892702 729748677 2297722828 1263117042 3035487238 1477652885 843911365 3178399249 1966475846 3682576106 4162142301 2787972086 820859722 2886117384 867120143 3279816297 2471808599 3995467641]
[298253146 3581841219 1313767467 3327340898 2764954840 2912738672 3445758651 3277158886 3371747486 2339407 3476397827 172940389 2135945255 1882707643 2822472677 2154325817 2543890665 1332849206 101891279]
[940142967 2656731697 2516335143 1511681686 2963750579 2384609871 1859003153 99406736 3693829085 1230915665 973380788 2745478067 3523150552 2218555948 679170494 710608390 2861632125 444890920 4068512524]
[2617623212 439649632 1265443935 2805373009 2243751357 2375243269 2193246944 1919058185 3179466488 3779863500 502711435 2956895807 1390854654 3234011502 1769695258 2054735959 2406462781 3266444463 3531725875]
[1700938217 226337385 4015313885 4089667561 3408433604 386639019 2397240721 3960154747 2667908639 3417296898 430249031 1121522505 4052383071 578567617 3372027756 2912416142 2054181435 16596858 766521547]
[930160146 108830416 3978718233 812063083 2602303414 1651209574 2302186757 1507454821 928887735 2024973170 1081166990 3042922489 148045228 4153968612 39711711 2291115873 67642363 3721020907 2430069612]
[2704586503 1945719622 2563914428 3131188232 1748281517 4101167528 3574623969 3788246809 449810208 597904913 2603027301 970347797 2667555267 2778408642 551621414 1619477855 3580166165 3023350006 2589056166]
[4198478872 1659146012 1070411019 2475309345 3425403428 3116381900 3849533614 3515941133 4262455258 1498635328 728544098 4219475567 2750465414 960574056 108795961 1448333567 3997274185 3851122415 3873286988]
[2320250486 2686738798 4054766654 3538476574 3806397036 2501142354 4108468357 1743919586 3035247327 796018891 2260171500 3270396774 876138957 2974071973 67020522 645434158 837354966 551160309 3974217422]
[3646682192 1575498381 2104464898 2531101870 3723754032 2974694892 3092443927 1477711829 1303202686 2633506522 3043717553 348785244 2470182251 3024454078 2282772093 3648610326 4193461715 755932294 3698572458]
[2414807697 774273347 1953128579 1525080558 2135971394 743405572 4134933645 371491717 799431498 2707203130 3593083060 4178782667 232727789 3877116328 1237783970 1700548758 1106763547 477013707 1333776778]
[561770338 189732531 303883309 395885508 676957922 2340191484 1372869490 3364461737 3489258568 3559393020 1515493042 1173372386 3397122341 22439289 2136735203 56363693 1458176586 3445483880 863393521]
[616772857 4271038829 348651373 1460957530 2219210052 4059532205 977625228 4034782183 2461775649 2314075128 3717432912 496547688 4139219758 1322617177 3297106301 933380354 3638708304 1034311618 2093059368]
[3808843074 4166201675 2185891301 3475425399 3624580952 4233871572 3217973708 336294929 242763635 4092665297 239527283 2579025544 2165582084 1296196406 3624647795 712086942 3531116512 926588250 1673903720]
[1330383046 998059905 2762796750 661258253 3271713496 3945443616 2992953772 1694827980 2012057600 1276139187 1030052291 1181272136 1474007812 2390177362 3751170924 2153308438 2366770484 955434139 3030159711]
[2254036636 1944265145 4183027273 2217195292 3186907312 419393327 4039582482 3322475911 3739598560 3609342441 3437320552 3927276249 3250540848 3871741848 3152697290 3268851171 3124645137 2430607751 1092805762]
]