[[2248601894 737235850 588386904 3246877258 2901637770 926681860 1455080895 2118870523 1758103439 3975042461 2743727077 1874283417 2171484104 3946866790 515563866 4062273865 1943767574 1687093129 3690791737]
[1485277801 1572401533 996647780 280417279 1325120702 2454817121 2183190229 370738846 1890045108 251471602 2926919817 1555205108 1779523822 2544041111 4134106673 2409704299 1644502392 2252053605 4136139838]
[3372527197 3222234439 3216479732 130702669 2038016513 1091220676 1364660487 2030037722 789785032 297641774 1327218643 2153934506 2422273800 623518967 2268025936 201587350 758570231 1583759888 3285643324]
[4063415387 363295591 545089309 3200082909 3631910974 2485200262 998611343 2055929176 3379785286 1140743644 446500177 2214341578 3079723266 2181287178 2099605103 4253635071 3803107148 3614595979 4043867234]
[562895223 1424510955 3943011890 2749485204 668925247 1474845213 1086805189 426133097 1649782242 4177913546 1374032937 4214209185 2390798798 3912566390 1997940899 2762468985 373814792 3932560649 924587419]
[1849596344 4210287576 1854678398 1062118658 3250389266 2194248073 837043492 2585785907 247705469 23257422 540785206 3842030270 1880948915 3589269906 3912558307 2744193782 734356355 1196316959 4028953363]
[672095627 3697491127 3136422895 4062177359 3018533733 3063179968 2839270012 2346624889 3760967020 4135469245 3955391504 2330362247 1563344254 3864531636 1181791516 424810303 3000296463 692025693 3676309958]
[645670640 2204887656 3683910922 3435440139 3928839422 1599231631 3921052141 4119066810 133007774 2112530312 2533328524 3864304270 301008334 2327950887 1097128919 2929402464 4179994940 1490382604 3481180048]
[3083172641 1724456082 609258268 1180670705 3481238725 292809994 4166270603 3218440376 1482925715 2449650983 2394459177 724527907 3169786493 3315706833 2664988133 937640897 1002646004 1529938081 3073567182]
[2345685300 2788426891 3031234475 810268705 196415520 2298207429 1642051614 689781978 1745838295 2602867567 1910040276 2112004896 1380441118 2507418162 3305963972 2019862441 1771418326 504512741 443039428]
[1398036783 2562942471 1869480971 2599108708 1286621221 2956823956 3822079141 4125859404 186352982 305427029 3143185909 242278139 3143609071 3806274555 4020682096 4064431703 3318097310 1363008824 3662506825]
[2809571644 3953586611 2259100346 572743161 1558403699 2525241430 1309832793 3542861617 2263444393 157000509 3278818289 3733960485 412612014 646012198 3698034361 2678554692 578275605 1993519899 4027212524]
[4079828775 2491174077 2190342636 3175584739 1971228252 3033400697 2897042501 1179642475 3243420381 697604151 2643553414 3928503723 2383123117 1024266972 2868294240 3563575166 3652537853 2865977416 3452261971]
[1825281867 2222229344 1446364009 2825502630 3802481541 3512246692 3368850987 48103196 1068875123 1356195560 2041964712 3553038760 4291476907 2554395980 1534868719 628924194 3353765028 2645109986 3519170488]
[2482700975 1056432348 384775000 2904005837 2347098152 2866085898 4078026681 3508544735 2557802206 4052058177 598654772 306645658 3702634185 2398500841 693107744 2090382663 671073168 1974528271 38048771]
[574682697 1171521465 627811997 93437280 2212567001 1344644572 1881702978 2043952767 535469176 1659525192 1496454643 962267832 1317789265 2479982251 2484408225 957994846 4281417106 128481777 3685107191]
[944993084 2419862992 4178216579 3003671573 3788666046 2051816578 651053954 737342958 2616727014 17569219 1607856039 3596447691 4053893503 2255792790 970350761 1884789693 2266599577 945793163 3790291264]
[157734715 980575741 1733580386 1538217619 1160252721 3308640004 491839972 48497125 3482992177 1133427799 972502930 3825299637 4068092514 4162617635 4661185 572056462 785352383 2862459457 3641830767]
[750756780 2700702550 3603347855 2099701145 981480294 1252553192 1339727000 4079579628 1426868525 1312730549 4148716005 2301472128 3008276884 211540185 862250162 3878821893 832172101 2471088309 1684678424]
]