[[744287585 2865335709 1422865888 2150999728 2947352111 552182266 1357143401 40079696 3555977395 3758105373 3437351881 3843485230 3325144856 1608832886 2308831104 1987784055 1187573605 1268802499 929609802]
[1554861876 3762804006 3485265184 1771028989 2164217097 3544488889 3206969624 2294039198 2712723095 3470997269 2770753469 344102751 1959392653 1506958834 951062159 1496475253 1351517227 2120781692 3708803114]
[1301795098 2286287126 1093671898 2422690913 3995132010 1149528137 1154375668 1606223656 2223469967 2557965627 3618063869 542318484 3422159342 2520725048 456917605 2357730380 2037160770 2991671943 3371311224]
[18468995 358008671 2741553873 2091319669 362734394 2805688186 4138766963 4199244700 727193070 2767491264 561011167 1760729622 1752767583 2451790083 2883931676 758519185 2038809234 1502070974 4060630492]
[1260756470 144594910 3218180551 3988897910 1966708877 3784304138 1527653812 3896869853 843773350 1153864812 223415182 3146136560 198225453 502026577 2476158869 4103835267 1264656343 1973434590 1198579250]
[2765510185 3284367327 472982994 929137874 2339922080 475066691 2000485242 323995594 4042220531 3029511320 3744917188 2297529111 4135862741 3991983495 4283285316 2512536879 1434443379 247482612 2063913403]
[3743330732 2240400091 1393878057 2514514288 506030946 3747017500 1072980793 4208975660 3679703178 1453825404 1260732030 92138248 2782027312 2658110589 508330563 1388039565 1341943409 508503831 3001780703]
[1352428298 4136097207 2229585688 4157300613 88383248 2320378889 3673037033 2556223736 836979032 1145335052 3246819465 2326607843 386119922 3361607011 2756065425 2629642763 1530970006 1329369106 499522560]
[2034765537 2674919423 2605242673 1081984349 706879604 417590493 2799222024 2257232608 3517901681 2279964559 2140344220 1790691147 524406965 163869283 373597138 3751339794 2278233389 402291200 1103054323]
[812806950 2981765253 1750656134 764187726 4097721168 3817448423 3405765896 1110196316 2126086504 1162933752 1085339675 3207248314 2044768969 2978111129 2529454823 1371103673 3969639620 3635700189 3464540859]
[1596248817 1890223296 3176867297 3023465607 2203031820 3310447087 3666381365 3557364836 210967030 864718095 1783181976 1298438400 728495243 274607790 1189447719 1374920770 1976947112 1815742768 972761006]
[952452306 543793049 1838308463 2092041654 70330593 1863120345 1175747117 1348331417 1489119111 1364730311 2919170645 364628937 472112364 10080938 114184360 375128160 1954393038 3691134309 2631664375]
[4151211167 856294286 1958052468 4097759629 228831993 787607194 737352597 697461633 3011935296 2002842542 1265118335 3934190660 1641988498 917298273 4136474322 3876776754 2306433458 3532010323 4288399856]
[2101617301 2190767435 1829343895 1660611980 1381596176 447092321 103739671 4060879175 1386242418 1070887151 1211984849 1524653072 4092694180 1915771915 1814851370 862633860 3351531247 564484631 3662052003]
[576373493 248597408 322327619 1685439962 1415727920 2313429103 2151393175 1762727158 3713821378 4202365220 1135351384 1916126975 1538621700 299734199 2648282231 1393739069 141363302 4246421699 2397891100]
[3885431484 3949875162 52969164 3887407451 907049134 3109175140 2575998528 1145999539 674688134 941726822 2256946815 4292604493 3368202110 4231767122 3072179439 3873859837 3940222172 1559677245 3000933703]
[2834807800 551381810 202596580 2680078319 3661418717 2092884535 1988921925 3093463459 3416552711 2407668104 1433734366 3658736754 2980988863 4236443220 2186778774 1801010430 1458098835 1746258378 2717627466]
[3888818743 299708653 80587641 2588892937 4185070347 683347419 3657295769 3424767370 2477546477 264027700 2230402384 23886379 2796232313 2634898393 160479464 574447751 2846463038 247041459 578265736]
[3802021860 3505307013 1829993069 3541252892 2421542376 720158278 1020138043 132292978 1020431893 2832221001 4251977788 2646097217 3677321629 2514123783 1540624827 1895991423 814805412 1706643638 894272565]
]