[[4084292024 1564466052 3677897466 1989021117 877040986 3914489282 903547694 4214034661 2616105447 3075612403 490741412 738211322 2979742588 802082254 1675845035 205875205 4197191323 3626661921 3987658830]
[3849937068 2872589622 1906730610 3732916940 3399031675 3540260061 3347998491 3051018061 3428714949 2220179110 200194077 1966053232 3909498157 2209574092 2242757731 3794200137 4288646773 2108325331 2843323950]
[2251511631 2828623236 3916224229 4063714016 817906801 3336850903 1267191347 344948416 4190558932 3583807610 1212931867 3720396745 4173365149 875134477 1373103400 1109507199 1177306308 833637596 3413274263]
[856364680 1630285772 530923178 3015242218 1245430772 451242762 3877068374 291035544 998655034 3205500879 3004969054 3514076225 3406407646 413478987 3995583532 2714442759 1379750318 2229401488 3841510762]
[3834532169 3901282668 1050904157 3379930722 2829493695 4054963480 2191612973 50634645 3122756400 2626562298 3794010808 2403628886 1844163760 702969776 3643407293 161736339 1412872826 2339491090 1990425353]
[3175092225 3855618178 2988725238 405303630 4050128322 311351752 989041977 1642440187 3818460872 2930065444 2824785890 2572939191 3096794740 3749469747 293662743 1915065792 2060800086 2655880049 2680679479]
[1534925464 613285926 2544673985 74319704 3881380004 3906465217 4223834827 784078864 756260885 1778767626 1170792426 2261395049 2744654689 2039784720 3764711231 3396221736 1880466588 3717743939 2721173361]
[1788484153 4073453372 474257601 762795516 2672698929 2184692412 1036605580 1529940603 4180449085 1847615004 2943154962 2653908191 1658585594 2305402248 743846948 3035735198 366944183 1236713755 113568645]
[229350604 830136617 2943189384 991590720 2663168629 1626397472 3688551032 3044826497 461383393 3778143731 2564499121 3285144740 2128643512 542462731 373719081 1946289594 1194311043 1237484023 3211406152]
[345214152 3769797519 721539994 729186789 88205093 2340188906 1714905732 1069465104 4200478772 3080466933 3249180511 430903394 1595073097 13977020 727499080 2511057998 3577928261 3955831688 3319761253]
[3715712887 77882430 3392904706 1480244341 2918991368 3166910413 4194326434 2190592833 3170852824 1930601673 437223363 3106147919 2724253513 3591369801 3243341420 2464763411 3422382180 673151206 1686265231]
[3901772106 1813850303 1136287499 476164129 3692608745 2063297438 4068519252 1691182853 3718551879 3531874393 1807153293 2154295345 738255416 3222446738 2381753902 3994654136 630483911 3850343577 3066841217]
[3626746027 767188153 1611563834 149544130 2836074245 1662738689 2410297590 1862568211 3886716469 1867134788 1604777292 2151948499 665886192 1239787422 2039534833 1138190263 3970694453 3131421882 3446366240]
[3225206029 4239788710 2084268733 3935863370 3324470661 324191797 557130392 882060174 2635173588 1960529988 2374686222 2241120688 114530339 2355479317 1975172403 526098835 2709295602 329100662 2455641466]
[1755037274 124722918 31936460 4001510663 3806503870 313667658 3118905578 3142381652 2605162145 621936496 2666602488 2381217366 4030826705 1486717184 3359762745 2071861778 4127790468 1054356834 967076554]
[2403518869 2835625857 2532003437 2377651317 3668816480 1856420388 1349170223 1404269510 828570270 580422036 3395873839 3338508506 129739284 3707205945 1686429579 2367417248 1969902052 4054456327 1868332175]
[735895866 4198179145 995110917 892533414 831420555 1382597661 1425373779 1146481927 3107904216 3567317681 1069609488 4182936329 4101228548 2271221127 3281796012 2477083118 2377551007 4095039429 743504624]
[506998007 2115961026 2615724127 1579669190 2115663959 2815142040 313749822 974344283 3960731620 875604278 1110559857 1637038275 2521230523 3523147863 2521668482 2999462113 2550864054 2251146844 3761678769]
[1042891932 3896314093 3398278090 3150671227 3130537834 1835120409 1318382957 2834332370 3685728290 2124548114 1830686457 3970920124 1783967000 2927189825 2628798636 122386590 1639567877 888698163 3910253868]
]