[[4033067679 2489284125 3331827966 3703924785 411042432 760088513 2416693260 874551354 2521763125 1191560806 447799690 3835470234 3153541909 828707026 3967612789 2468926101 3807148958 4223671901 3192113691]
[870715507 57042074 2964786706 4050540477 938850411 1403103529 2984907983 2979472658 2266307858 2241617367 1574736633 1533960412 970987488 4171662925 2456911970 1346032709 1395183337 1526672207 1426202021]
[3011744178 2871078294 1422887271 2576547758 3153005219 1182523070 476715016 1114055275 1175545407 180412601 4158847290 629536896 3000686703 2448957302 2773938508 661613176 3650694364 4077473663 1035658191]
[1424237941 1015542888 1338155712 2784140826 4182614696 603525888 2719031120 1948095561 1567184717 59412185 4201667144 2182429169 3090987794 2634095716 815900686 3148577476 4287384218 1075765225 2448795089]
[389187015 596116469 3679039913 3290255641 568887048 2110892912 3133667219 240542697 19640767 3551283281 2117967721 1147562824 494483137 376877110 3924349244 1283446211 2065197646 908897484 3123914565]
[3464294206 313812052 796846606 1979122218 886859033 1152563104 1783176814 2231774479 2403728436 2145169330 113924107 3122282646 1058216383 2346794751 2588294210 3639488820 618329625 3799519534 2733831763]
[4263460763 2963823278 2859926839 2425086539 135739354 691613098 1070621486 3952157834 3953113540 3878975864 3330405444 1339403182 213971413 2691456761 2702656205 769110311 2309752711 125629169 1815432039]
[147467790 1574289957 1986406430 2658433411 2536700644 3862028361 3373180809 3866726150 3576677365 309866131 2788124322 2686673970 1600456036 1703103138 4166768938 305697200 2359649865 4032441959 3916162498]
[1904074365 2173403414 2031190889 3701000127 521516713 2416876032 2261826665 3975791668 1295554867 3105313826 1318118618 1664422010 115100630 1857490285 203330978 4100535536 3053049841 1170021243 2798436523]
[78094642 2605427336 1711882544 2107265552 349726815 592503906 402294433 846844334 4008989078 75694108 1753186061 1428114732 550680008 1374015439 2725218683 1224878732 2858875033 243211259 262276121]
[3852248797 1607579206 3214914751 3781713259 3697290232 3871480362 965439584 3055841906 2278818126 880135275 3464623511 4072663949 2160513532 448339885 580358754 4001610553 2803162734 2686214863 3966530671]
[342882482 676475560 3661405523 2763350020 1249516821 3093812801 2508174231 2694171999 3706806667 3629655875 1126279682 4063222951 3408273131 1431008743 906051122 1423910160 3075672787 4178597948 3372721401]
[3452310265 898159091 3426066689 2113033892 1545570485 1222096073 1031491945 2904162583 1441805526 1710453796 2326641321 916998497 4029371900 2669390659 2168393514 3235186586 1919634233 1009318942 2553060098]
[3106113297 2807884532 1865028048 1272086943 2922473384 694901609 3137040609 2153531205 3816215280 303097994 891327473 4186800916 3239037903 1760152246 729632085 930351601 1987928582 4172607489 3948486557]
[3784924299 2827234078 1979507981 714888973 4093578231 2666971880 3765177338 3626049096 847545969 1773443333 1898737074 563170464 3959781423 1614277538 2908450958 3358018739 609251998 556346623 3094060610]
[4028412658 4248713148 3916404310 1618081678 472954642 1383152171 644257158 966165374 1628351555 3021898659 796405369 453275675 282178200 2825240758 93483921 3001015747 1644083245 1173532548 348621539]
[2356275701 3579710326 630183277 1414906668 2944026751 43859775 157520324 481716912 2538036446 128212861 4284833278 451255166 4195620274 1991586972 4293304753 3319802738 451887861 4058225902 3796886863]
[3186959035 4008717798 3576485645 1270837396 1450327199 127983028 3654546723 2851369846 1416652819 2786368109 1131513769 1683301442 1572840971 1269139732 2631969529 272943673 15758599 1112578982 553008119]
[1134137225 1003340465 3177712680 1213932757 3800487081 2066080760 3577335584 1715193847 31833834 618913985 2165760817 2530379445 3549116906 3992371044 2108199219 4218997924 351718458 901410830 3195887777]
]