[[2763226600 464898336 3839420852 2379743289 3720912056 3893273696 1373899837 87517035 3822937838 1077338962 3218381857 733095145 82033363 135456417 2026075550 1675125327 4239648205 2284754700 3522707696]
[4101077133 3257382700 3562102752 3069198762 2567153918 1929423741 2757328292 2182361173 1269268090 826927642 285137729 896681430 671001249 3925948954 655481171 1818921898 1148766732 724199151 106701922]
[1155483846 1197968638 2019593300 175809583 2844901885 2444416413 4077094790 600807647 1968948738 1957694712 928357517 3525331068 4085654962 1336915283 63241779 2926434010 4074628434 3186576159 422323233]
[2420951809 2010602348 2877497365 3030630195 1046099692 3082209567 3686236147 3484684352 1060469360 2074421790 2257888580 454373251 636394385 2079373678 1641896283 970375509 2534588588 1814841323 3484229502]
[1931998175 3290923515 3515887526 840967295 4139524853 933362701 565851319 3460231676 1592845769 2312439400 1255309603 1662305593 1449562887 1769005281 2052697948 591088622 787208304 4160513445 2128896989]
[1678431567 2318641539 2648415697 1441007245 1369879295 3028807731 2380032806 3868622266 4282121717 1034839674 1124086177 46958813 554778348 3434519593 1765032854 2312176797 2959437811 1430944887 2619897948]
[1575228168 612565853 1102013770 2757960109 120948618 2636130091 2382654250 1205141706 2552746181 1817232466 2302754425 2011217008 2600638224 1464598821 1015357157 3880169725 2551396712 2834861324 2460062267]
[796025311 2939311496 2980546135 3375366685 3955362296 2150639666 2874434851 2243454358 334270722 977782361 4071849471 1980094479 1546027538 3677897385 4208625776 346742765 2605829662 3310719429 477825406]
[1047589555 4122298273 4041049126 913973365 2962322704 972527885 821583714 4246333407 550573174 3155363290 1237322472 1959462169 2984436571 1483074039 1138035266 2829560416 3824177277 747909015 1426352318]
[3719070101 3472950677 3899180155 3756638660 4133216801 222933398 129680055 3397178056 2948354319 3670952499 2260144546 3618660875 3257859723 1058356600 3696887989 2761458083 4140518349 868051301 423945248]
[1182080727 3690504630 4254105835 2498478715 856693196 1907819659 827992228 1636820845 1177739069 2169161097 1335186136 1302545369 3242960073 577439633 2234223224 2911330232 4102368848 2733329177 576263623]
[3021651319 2068698288 982618257 3007769988 2631879145 2780856754 3419229769 4166799280 3659140836 3246407281 1746965038 3539826243 1858847266 1337620841 185431204 1659473965 2772545216 231417193 928150555]
[1437581882 60809665 3007008941 1776368097 260186745 1244306793 838924427 4161645364 2799544862 2664412020 3736044193 3884664419 1521516247 1758212872 1580268041 618004731 4199578926 1991952536 333579542]
[1275648334 599766183 2641420458 211472427 793024293 1826725357 2876738128 2594934372 3772639367 3638290097 1508176730 3832247688 1977181978 1269352072 3611377009 3050859353 3480622573 2559927302 676235263]
[4095586075 2258377654 2009713840 1879699381 52049105 4188224551 3729582984 1350844654 1683966982 2287546275 2430249622 781924810 690925406 2731495929 973425039 3687250114 590429930 2204742238 3179815407]
[1657536323 1704744285 60819753 1953766516 550584761 937037063 4054512733 1473804623 2231442189 2432169157 1293057337 3198031288 478377029 1133392896 2776817901 231847087 3650983018 182648857 2022124207]
[1012602002 4069687389 4072806467 1036653330 682159495 3232233690 3844440316 1604133921 1035052561 1956648173 4071114496 3518672716 1459006876 264172540 3218613260 3119880343 2614985587 255098498 928126610]
[4159378098 3025418713 881918113 2721727967 1465595965 2436585562 1601470561 507991283 2282798367 2252093370 4154698748 3412378416 1541757785 3082829744 862049589 3211075415 43733815 1110365476 915587793]
[947357198 2366481124 3738538276 1702348251 217308134 4158588192 3385523636 1761114269 3933807854 1986592358 3097935713 215221126 3051494379 2152286256 1035636098 2155666057 2020303405 917830310 68737897]
]