[[350322060 1338324490 156328374 1276786021 1044487892 4093114566 973377899 2768063230 2242799955 2495077024 2418321893 334278634 1296115249 423021780 1754166099 2613813495 3130990834 233432602 4233435067]
[3445807566 609562869 2121534687 2174678601 2564721711 4270979525 4073387179 2771861088 3674623225 601817268 2333052719 2497713325 4141765444 4249850021 3867526491 599279104 799775666 344163591 1920786258]
[3832178664 2459135611 731843042 3388821400 628553530 409226942 1998164368 2630004020 3775364562 532897885 2637192521 2987319021 2986408510 3346238376 1057879161 3528778052 3370421461 1839737666 3359654583]
[3907420420 1890822929 1523866516 2614960308 3018204114 3871797071 2094610450 3394820447 3309566412 2214498770 4031503793 52999759 1659063495 1878948434 2879968350 1470748648 912609631 2369811930 3085238018]
[1850222962 3914131254 3195140844 779408261 388207202 320028928 4267267342 1742551871 2334479213 3978518109 4113091529 568951038 1741274662 510551551 2643606099 3074690340 729691087 2165845005 389685741]
[3193708072 2024289382 796003704 3876117612 1204111702 1791809820 3610574188 3057996275 813546785 1836726414 380583169 633670962 3364672037 668132213 4034705911 648358634 4104512994 3620137903 2621725052]
[3177033014 3343905547 2977980098 3504893194 2898102240 1534897048 4282070362 3182234381 1240920732 1702250300 1055206730 3214825384 2457225403 1337076284 2246261746 545423033 658322500 1208274844 2747449705]
[897213210 1861228417 3536231738 304108214 2799128813 151188935 2848876044 3547458601 2338408981 166221335 234368670 3189432926 1516648488 851567250 3544557391 1328754653 2606873578 3958344283 2731087980]
[701745099 2420719199 473694473 2488910846 847381182 2405917931 2542139842 3848106493 2365706022 3716823154 812752354 1467443676 3746536178 1703240146 2826798744 165680002 1574156626 1216991888 190746016]
[2052200020 118224850 507646966 1839201385 3860037127 1692338581 2273516017 1201592592 1893286295 3927108772 1515992136 2395372830 49708216 1383791687 3682363718 2494681361 2929972243 3958945769 1616723224]
[4274102023 2317503960 3837592121 2717637981 3803084425 1087874650 1135119172 1457938007 3175065081 574660285 3215284286 444669752 1083126587 3296437725 2483190304 3773506539 1229443181 2167111074 3734292207]
[2319062283 3152057686 2016811397 1664518549 1742444417 2355957904 589841097 1862991698 2367898349 3711078328 946158312 1147125354 532570356 1528153833 3629779840 1941690426 4191372543 2416995928 3054180011]
[2442597350 1452124405 3592510761 1377903079 1111681431 4121637512 1511277538 1530157300 2430162726 855109918 828899243 3206814720 3997803496 3419673519 1481614543 2804964331 507854574 4075332760 1386807845]
[1852026704 3663596532 2902586 2823369321 604301126 1366542701 562197439 4290721810 715187848 1443570891 4007341014 3587049679 1747250336 3015216327 1498327490 827481799 3780313785 1191304620 1646765466]
[283229122 1131598942 3904054190 3166989065 415716731 120243725 4208200466 3426113716 176237286 2284427784 1566344161 2652994222 617257681 710904188 3312381779 1815811150 208576305 860907268 1067896548]
[3190580174 1158721700 1609299268 2868835926 3285140018 2163097356 3851234283 1820180170 4203906678 1799263880 3858306816 3441964850 1617541868 181007364 990548701 3478645637 2371007418 2005743127 1566066425]
[3369030416 2755458223 2744308931 2247168043 1430852840 3069196988 3871099837 1199429299 4254952863 17530807 3261192036 4257952367 376034819 1500189262 4036369774 91259576 850452257 3072982323 2721383598]
[1731707413 2434145845 3748563462 2832859555 3146841623 2524617333 3770913479 690409740 1323408579 2340164661 821683340 32359048 403308563 1852157239 1885678643 2418555371 527645558 2625842562 1117230429]
[1210797455 818102400 1989827992 1972834309 1264518567 2423017087 3430782921 3383011981 2860805448 245028783 4288722320 732305320 2066716227 1643738886 1040175618 4236484580 528847448 574963161 3913861278]
]