[[2846514342 2696063672 2296941291 2700860467 2391353734 3984548604 693343894 596008928 3587975588 3371885161 3391578221 2677567000 3170997392 4065810928 2350120728 3280792877 2611539173 1059790894 2283120335]
[2210348011 3930619151 4266512997 110636142 3840464535 3714935007 2766540874 3515802166 906598005 3475618181 2519440992 732051056 1872434605 1289129436 3059504555 1963535648 129558140 571171175 3017103902]
[3816661372 1905906600 2225127873 3273212017 3455179568 2794295211 3780295859 84465939 921315335 3418834871 838678765 2426731150 611446744 2324612917 2136726988 1834554997 1781283064 805153002 2410327659]
[2492423781 399447002 1655179009 3324182956 3554183135 1986442491 2667553025 2288120976 492192108 704820009 2731494281 2347038652 4044303109 3401336988 1653523693 1384475523 1873717104 2622385247 1121615753]
[3871002011 3789761603 3540330283 3864223152 2430940491 4096727549 4268091168 1221666915 3659276390 2095359030 3314621508 4074366287 701759114 2771781990 550894747 1173293708 3415740970 2208600795 3462743674]
[208735671 1296730473 3957644370 1811912816 2849668047 3113275441 2221050972 1651055629 2355325251 1675808955 3128551012 1969193919 2107716305 2445947600 1166322766 1059284518 2478866445 1012793279 3085072831]
[2607654752 3302187959 2634028643 1483533652 997530543 2855176086 3942563643 4098799911 2798145328 3641001259 537695514 808331848 1464940003 2878619759 354821463 114286145 4227547171 2224650450 2035855501]
[1574444896 172464059 139183214 1780142371 4119494749 910157878 3384919269 3479862140 3172763730 2494338382 353560080 2440868285 2939146078 3985134815 1604053251 2336856177 1912574383 1444037390 1110368936]
[1074127179 3120308836 2313477082 2368735989 3853674832 3931986860 4107618092 4206461916 472531711 3648861645 2588576111 992673766 3332342085 970528443 112541808 2435269195 2732682642 2946842330 1518756435]
[1363517037 3691160295 1443357509 4043857156 65641642 821335159 100367302 1648522553 3698013030 4245032029 1297378615 293592964 2310785387 1073266158 3048688026 3632117709 1268799275 3257931209 1363990534]
[1180936625 3271224747 249213200 4026759290 648952743 3861184913 1634527403 3116353963 2089329056 1687146227 2068506665 405527204 2668088521 2657734407 2264447541 1550836020 530331206 1115195057 1370509645]
[4088443529 268118838 465533051 46971741 1199193470 198133198 2006140778 305286463 2525491118 4141237315 2090132459 3166462610 1303368587 3711552238 105754676 4270489511 762638190 843368913 2287357986]
[3264372882 375157307 4098760118 2596743234 919815559 296525605 3269382293 1778115090 4011010392 1445164802 4100241805 3817330258 3991803231 1405175408 242444425 4031975191 4008043722 2226155967 114899326]
[2516877879 1552554191 2432649902 2609020295 2544981096 3827498819 1760789671 4033473264 3926478275 1217164739 383680640 4189634450 3278208353 2370121654 3984483291 1899226052 3476600391 1539793704 2810873555]
[1483271394 1599440308 2803934962 91860005 2761143069 2389973266 692786886 3866165227 737523298 514906356 286570227 3190297631 2693777282 3400496487 3600338680 2766190565 165198193 2466874458 2243158876]
[2099094802 2788700153 1676936150 4209324609 2601679709 3421830930 101440881 2646488143 3940235595 2596977264 2387943545 3035964343 4222413048 1094953604 1932410433 1019554811 1659591883 682532529 4281627217]
[4138407701 4126619466 226508460 504637378 1234373016 1735647224 2420720480 2845319461 1823381475 4129495136 3851097559 1799054 1967982902 2979685764 4238200306 2391561402 3120153432 239751234 754477265]
[1147388416 158818960 1843609519 3890998725 3441153250 4000265617 273943977 3294089614 3485605903 181936488 3331611054 1091375878 3407510623 13497245 3984790506 1837441654 3769370906 828676687 2381122306]
[2897861931 3514671309 2735574723 3343844272 1499614162 1909499425 3184659355 542456176 387478368 848147233 839030874 1544982196 2892656190 268940818 582634199 1158684333 2075382892 4215434475 1157272055]
]