[[2198931157310 651412758263 1597844968497 1433293742320 930383035627 31947200276 1496711168877 1163534922216 1135408930000 652833080634 1953946439888 1538309327792 1823125337722 213140369144 1063884698933 1974646764788 2026627949855 840297217234 70305586045 254155264414 1609892165744 1488468791078 1363129748633 31748978656 296036340873 1123144809794 1461095843549 291977158572 231743063281 531260854451 816783957039 180555509866 726853059957 2004942284938 843356459754 250850994338 1651295359044 292895521730 2141050140758 828153948740 1480975982520 1450613602725 1626496548716]
[1758072842964 1449596760751 628726385823 837633783435 1062190506019 325936544289 471541440006 212361846532 2041728189281 1589022550835 1239785010977 1986836894032 1816833540394 1155447962757 840800113798 1033693676434 693655238484 2078166489159 1217582034671 878227484955 10475394083 26211044539 1808464803646 719508404202 499055248418 585475908377 1802294093691 937743966025 1057468850990 1277961139764 1189161020752 278039028013 851148193618 835190376282 29025027638 593179081841 478581626475 1861085376518 915782575204 877121162237 1800019673435 496291116991 1020481983192]
[660151444991 381874636381 1001653210517 2177075992196 1808943976032 408320787113 179569863872 152013979043 2032425627512 1091042508151 184597241565 1028206142282 1168634667192 1922388801889 14818471938 266366622642 109547114309 1642670575800 23617538114 1799928645772 817585883317 1284033775652 2121553747869 1225041227797 240465622732 1058295298194 72900559351 2162482956834 1027038565340 1278275973249 105726688743 1828384289027 1734270737348 16454056166 1948545837937 1179945587515 1420316415167 1658980796776 1240608595792 397553200986 1361398727394 1485609378197 525195881378]
[1923845550923 1008685085478 277204825758 1202971825663 2115783864224 2119489210640 4265270403 707624159358 1144040171840 1827526203439 1675005125415 611575054256 994448866621 1750402101589 1422947125860 229313960886 2039247898724 933213001829 931526845587 123595304671 976353203672 1610927081806 1143148721856 1296976693669 1578454458190 1628777289273 49562693026 368647645912 1724070461762 1885245488279 1255924553660 966858072397 1724209491687 2044551510097 1360639332296 1897634734116 1860295481557 153650519684 937727269582 264196167395 787725410884 1747260551606 644048517105]
[162408154797 503255106498 803748132681 1036151007404 76681902625 1267084854419 1264086630559 1588328422957 657499519140 1964313642550 838487524544 215810841413 1959944113176 1726618352569 1771508473442 2042874644388 1447654041744 213008643451 532781797691 2027652202974 443779449475 2189515609954 375376410328 1801742323129 1731506220011 587225175618 819831037084 882780082452 1652233513923 1633990740385 309029584279 912427369807 446963340055 1214831791376 871938109110 1807407703976 226752460959 1599881274813 799310842425 2113643797426 553516137234 191189669691 141701592222]
[1746374278273 278775949932 461007709892 724468492392 1799692306583 1461838968893 1629916957211 1104359778595 644739808160 1910676395650 400733297081 2128281502561 1608669714432 578432843292 1463284947814 1045263298379 1410654114484 1214574827143 74915882000 1067800883721 795732259424 437893169996 1543553399105 504687113129 1288640021653 2052698417110 1380712904129 2023922810741 1513286989041 222623312947 1460797854248 576209297368 175435217639 690139869237 1656503953065 1884154045590 1583570837024 941319983690 915443642808 725715159820 2042333811789 1045824909666 80831759692]
[1975592558209 1373564300506 810147726902 188638757904 129331119168 114238777940 1128741211016 1567863297266 1402478821089 9388952319 1965841148110 2026303304240 1963526910196 1615149168856 1671640524900 2095987720315 998228943834 824776955850 1280384553130 1892141033565 449556665424 628457925728 153983621594 2094371915091 1605532073074 468648658475 772297188501 1343760924856 881999533379 1935938953634 849726175607 237366905423 537475924265 1361881502974 390872580421 409620231328 626922975123 2099594482050 1683179965267 2132218475705 2010778966683 1808219293810 6573738252]
[1272433074281 601316181006 754414186567 473888552719 921648508780 754421756162 1014667691913 249278853035 1041520564894 1547480965296 652450318352 1096509887528 1112873829840 1767089387803 932045840958 1492123307067 1915067429776 327851359366 607023021978 1037754232469 45247588163 868638983104 1491817794362 140336138010 363307583085 408162504881 1476233713354 93958936187 1918848442858 1560195555948 1863104504963 1600723523354 597061008433 51979874159 1466816926558 2058790388460 902726685752 500531922335 413331817251 332696500425 44564569398 1565271586877 870154548885]
[1917069990592 492958125063 1239803431173 1805247221453 352102809513 382713470395 1973111226721 428566823049 956226034492 1769177062012 2111497024870 716110560721 1634305458262 57328738989 423762371282 1680316328558 601174905958 2001627257425 2084551047839 1392589735254 685792330453 126581264971 1342982171977 334288261147 431480262689 1112769387608 1888626315396 1790795352406 2114534784685 349240751479 213471699165 841215642598 1612930529617 1992033027901 1994198380160 976525060517 1360793779016 1546016643292 671559656589 386874245579 2124891175872 108556605680 1351844085597]
[1440595528634 827300684119 1082954842001 1883799543789 1217420993352 1209530354587 2105121669369 1833508128562 1804044246511 745464609173 1965739855063 856967418225 623333379437 210943332042 1678596341030 940349690153 1869141737000 1019799182949 2185838523164 1508590494705 1659965794798 1396171967201 891756656701 1207219563397 943986359197 2072503588572 793988390158 1820603731304 1610490894086 1278248270754 1938913676541 1327563262929 676682048358 572895976355 1877392344114 202270388677 44178178517 2171272265052 144374735906 873604598445 1510602552084 1894635355551 983114875318]
[1192414437640 1644032101614 1613144550130 899200084047 648325962316 1880218519843 680456055299 1666157980796 1995177049523 1620555509653 1997372942346 795038421611 307372516604 1985607704617 969033570417 532675023810 474503094055 1972570327479 1400263909426 161852682969 1660635666955 1471624880958 1235917395764 2128694019886 2111560326687 1674976109532 250369867300 1588008871451 1641027757611 959141974750 174698925643 847484688351 1110468214921 1507561434915 518621334970 769991885338 441354509840 1852571572724 115086732544 2106485417574 919601075521 2083257946177 1251176030728]
[1518753832555 777248856191 45462048103 812489636490 380534369660 1178572626434 224896446697 804169323918 101743274964 1780305664153 201921265475 446955300701 1522131630923 575251314768 1082827693690 933449566874 1550328025882 770420978996 277216669093 1782378423168 800837973610 627667144659 868870258066 1586949170598 181496714476 1888214980671 1040954110247 557878545575 1692017046761 309312465436 2021162243313 445964282172 314810164242 1484385657080 775082321697 1566906685221 414474308191 795609413349 224985873923 134056526678 1094353108974 161566346007 578403055057]
[2021013383505 1794961003105 2085058848565 1643461453052 1893133002125 1298425329085 70313240348 599516699101 1110615854230 592367791823 2013891485340 525092425487 115375013702 1428580323626 811579870812 1887057976927 1404674400879 2075907287805 1999431429456 428377911626 1749376943863 960214939448 72774800839 55171728671 1609063974641 1960227127153 765096350953 1945225424225 2114341843342 2020181073271 562011592558 358603980121 1819918691032 206831180273 2005535057584 698657862150 1404020850878 1179406346481 1006650691266 1191326878782 1801936758194 1336355077882 516513274043]
[556554308015 984707776068 281206878560 2158333246142 934602063521 2100455262572 1102880708223 803496658124 1593038019749 168223374045 2176354248617 295652982785 185587855968 1347942856181 785954279352 1273963441030 869644290643 470417560977 1205719627263 1879105995505 66595965655 1047005671352 686165843396 693950393459 1480357096719 2107038594398 1697136633427 444701425788 2191323303403 259279734620 990994243288 125898340553 1858710807890 1603241126799 1964316353728 86252207609 1683828894277 496545986726 2190001336129 894126029101 1938240204462 933149648706 2093276524697]
[822295902711 81421549219 1881367748730 286089791233 1387667373617 747057188635 605025106793 36860717488 26790214080 1244538940586 2134470630275 39960875363 640007962848 1061552398785 171895981682 1377932655813 1764159603832 1687280800769 1701017715104 134090148514 1570310690362 1330781042080 1135096827099 254559153694 474519443069 473099722820 674680256210 2171085536349 990947492415 1216404906418 1473400271571 220643286016 341766724520 778036515260 1291926298623 1706152301046 818457804041 696235395846 1199382173934 841423454003 1186829296078 89671833158 1150903108028]
[20514988708 34514056902 454188419096 1923633229752 1912515064844 218822266224 1542524194174 269944784368 30799036129 833259305919 1957148234322 361997162135 582686575523 262772721631 1001214279056 1712790492265 850081721765 609473607570 19063851648 741441405321 792760827253 2060296194006 1818535617297 836176742585 1008700090231 1407027323016 1467533765974 448335235551 812454300155 1015716223087 420503128515 711422269294 439681269600 1308772287247 257606127551 609382216619 1057822309343 248745003124 1895210344591 294990603907 1248199876531 880525201411 873994498076]
[464639634141 1497514150963 769553886462 1053448777400 397922577005 2090091508359 1118659889828 334942611089 1332423676592 1755132926616 2117661641862 792937630210 1794935175267 114471827090 1142376426314 798363382420 1617585620329 1399282840365 1089445105893 1076141534746 1744594587282 2185518038671 295971620617 1632788884654 453653374720 316685593342 1427856244614 694360505634 131645452781 1904739534438 282928019525 2073575872497 812248429071 178318320987 714168249214 1716371367028 2009491247248 1159766184037 978180378348 1763793103446 1434804127682 1163537974438 2049347837032]
[1277454701834 382562449870 1875471144711 2062858065942 1693641677705 1115054238292 786636250733 438804169006 1566228300874 740395931910 60804952264 708139145026 1364106974242 1406560360268 2092797082565 1599283389228 1581303220813 1110326485645 1117574670515 947325478121 2047977852720 851749997719 1141370495100 1867925050184 459061627748 573704093848 1249639836296 1386814959611 545518086609 65068807335 434940393525 1857830682135 762090428269 1573975802312 447560399826 1732973414679 1543098198405 984751920364 1641399924820 154760925571 1751825162014 1408218380312 1483504631128]
[813688584002 2107634803656 1538087741914 1827043439337 1335278136431 1145986505071 1952573985232 340673912164 1359145802030 1655636225324 1846861356015 1896750107608 938824339774 2106991382095 942684946410 1396211310086 1687838300492 1034482639743 2088669487548 347792059037 228983051226 1907936020965 1098627388421 267204623333 712975981022 644333377481 1178232105715 591838115722 1073885824718 906582404510 299637562881 1441256322298 1392996550442 2002328716674 1221274624340 636059211321 1651089837553 662102040206 1415444703513 1624527489573 805221712434 679552675015 1188041593908]
[439508351997 1686195278863 1765655043232 1676003925317 1229086345553 1517944946260 417830981899 256213499732 1307160881985 1426723618090 618770200092 1488089702627 241141800320 566536382802 1982708935887 1675892125857 2026408739646 2142172086279 1637171903661 277763634573 1822002326028 270243989057 707241860187 942099075207 691103011973 1135898385921 984448199061 225275197380 267931592633 1253449187856 2154602579808 2128909415790 1235520446415 625172188116 2156647892307 1516583416762 473722124638 88707623601 1106048563720 1954602080783 521419259961 1363278497242 1086988717171]
[416790392097 63323334006 689872167684 1214774649537 2100525402887 538521494242 172642457970 1192203403419 2061889872153 1993463954181 1156451757820 302437770244 895312300227 1784089195848 253119295350 402481990587 1457424966120 85901024917 198979213129 2033700018263 615710796840 735014610928 1337078275656 1428055890784 193676494679 1991941341663 1942207907540 2173196408570 2002257981373 2085320423987 1297212910606 1923241231782 131165301318 1543649300292 1054318076125 1604681885568 1835045638004 1106294202887 952528612967 1879611160504 1316263484540 407130521109 1396498078549]
[18852706843 1751213046267 141575236478 1449505461073 1913766993816 1294209755928 428627966627 1939360404137 1870326066754 1631007609774 889960219574 1426159363514 175456003286 453318338089 2190970582040 2035916580821 468798689244 1261341342270 214610918767 906442585246 955781487625 133986588015 1536496023164 289273526432 1231994438603 930027191500 391188945396 1618385076704 238681269631 719355130090 1133116171152 2063710474708 899461641565 1579836730135 88691170725 948359889590 538248756737 118478629990 619895537076 2103289918068 1060891685914 169798430123 1016826583730]
[2068691594971 2148467634807 1963457381530 988675634980 1798269357281 309248049818 1216041116955 51001894604 2194628287658 18500182447 1452482598737 967404729016 620948855354 810724827097 1771353493297 2031251710935 810312382236 773700592927 1429695742888 177070274813 2163067974383 1587728169795 1852626312051 71181464803 1196327363789 13853162037 741025174853 1985225097491 1968130705627 597727976492 516844270285 1296813322397 1162668125316 658779960913 2074653521480 411423144436 1679729179292 62197277530 1694609052945 2104468733983 2024726567720 457943572478 144510680243]
[936784780537 35784220996 1829060416464 1253193766833 803372177516 546908319908 91300367707 676985307843 2161104944446 1485659722271 1976067376014 1262763057294 933378244419 780611258595 868089514307 814932585636 1072634073178 899918397178 299242703925 1212006913597 1656977678834 1109913646991 1360509983142 1154780479590 1712843329541 558001722963 2122711782732 2081446286237 9512084213 190169583378 745147030368 181256919857 362425051064 2136316759417 1765159375911 1975630455240 251741966864 1522478720027 950069597723 1373425772397 245980215048 12656473880 28534354175]
[660435221541 1426359860064 1767060689926 415748848933 1621717810884 1215020850143 1532603245439 660158796091 120023195855 2034790690607 1547324556217 1576531153725 2019837412145 1769561657570 912753685625 145270129181 1004414517751 1396993100139 357267221702 1429739141516 1732784989610 766380496665 1968253170574 1130515095408 1877350930271 1908074821203 1853846092137 1281941187381 1152798885892 1643687716222 615001619149 1731139439341 532701394877 950709226292 1560518348172 1600221039452 1476530151517 267902830991 238126014495 1692689921538 1064502561550 482106118316 1135036018601]
[1525726532832 1890148044158 1958050531810 1203967930887 703119727246 1574222823782 1845043478999 786155908140 1729772016145 1800161997407 1400704564103 1269016474290 807199427982 1415279963336 915081399501 1379962180054 584679295889 2177979112235 1118826235536 229639144895 1726890796824 500839245722 419588932192 927546884133 589714798308 2051413877306 1316726668978 369883988430 1423760038486 1444654971803 1240647972659 1160335873826 1941880721234 102234288060 14108048039 798872270525 315197990350 46817827163 1955445467291 310711170441 1153396569736 1770275265726 172918038202]
[966505829126 1720424565392 361225311719 223251198648 1929866613838 1222181274299 1449965862983 2132658254148 545469469815 1039377604818 1031942423503 1943527455050 668577721284 1889711630232 1868280381677 602242158103 2163252978534 1104301697504 705560518128 1500866804835 1160298638158 1234728977978 1856448932414 849714777579 1527499001346 971391347673 569990675406 1438304327620 638690504327 1895055880768 787445089605 404475597789 1935718560548 2127767054930 568252880071 1298500324532 941308657550 662264322019 1525725071458 1402178771705 847809873286 1083370621995 476383220853]
[1817224267395 1348465801366 1532037747392 1976509347231 1956454584415 75540278226 419298982884 630270544750 1550958318931 1301145142635 115117095463 1477093872627 1941285527904 133251467756 1440991871325 1505119622118 879651087011 530341132535 949734179756 1206550111631 1620265144375 1958802122436 25750656077 822466404683 908721520963 784530798752 698737246428 455000565178 1821808772258 271684137794 1497118261851 734191069860 1445122811949 1158253260526 485837772163 1536401106125 1941729717243 540851333693 273715341850 1239964659759 397301882639 596981742390 1016598900432]
[1966586815071 10242273301 636807560788 1804138697873 2141938666627 1835386130835 1661786689663 2031805716831 1469124593688 374026295521 1817831111687 211267385423 1149510261580 1482072862492 1905771346895 747523054295 1612172229519 1141466239021 1389646895172 1777954903669 995526362390 470813121240 1647093424354 918152989258 675207116948 225573976654 1921138224965 1800578026346 794828169328 1206950340958 1375074001950 1731150662396 443528438798 1129102176807 1873431333085 1594156968070 1569912337631 1251765734584 1972042165405 32356291641 835410483023 158134934441 1681097055735]
[979324049486 747290663059 1857500190785 498376400859 837593280371 743639895456 1486326271717 1621607029741 412410794495 844542494761 668653932709 1371111686624 1680156382610 446928014232 447811907566 290914221956 613135145643 951276305089 659666758150 2079388559525 578506345337 158008327383 1871503003509 363246664073 1431010509194 1063269460607 188730595466 1760939674667 307659377660 202751202160 116005525985 142646660665 1125415819545 808885951920 1711763668805 1592214187318 617025496981 743152295506 1553342658063 2021282444609 533020005266 716619123909 304738644914]
[1544635031686 1788197102425 1334471315709 365120520931 2039508179300 825938425608 942565273917 1654366600272 1829032285366 439943867949 785599305974 2062159802472 300266280009 1559244351273 893006843391 141401256069 190624163369 1825461303825 1397302906241 674939175747 173445378373 652818625664 1521566546882 208073024112 1471901795612 758738996294 771973058521 520775589060 148012009112 1944881070172 1822887296306 1633945511593 1695124880616 920261802629 926869394744 1568389455695 1903713765481 1113725257905 737115250789 1410261245027 1882704854380 1025231700929 222022731553]
[2196787051378 686016385893 290715113691 1368095441073 1273907474596 1915823323260 869592250534 1996342903480 445020633152 854967604242 334026965726 2017340680318 163175409832 376102573048 1989539416743 608512636716 1839410848525 1855841609784 1937769647808 1506486343321 1070400872533 816817270480 1203149191785 1382315926522 2102192908396 264442352194 1702789648787 906543318210 1896092367915 1471503553192 1604722777626 206601764062 1034004539105 1580665742062 1543024245873 406272538578 2154935670899 171986316443 2165103617084 1823485147940 1866033283576 1376399677827 973345570121]
[2040170965523 769171961202 350254245897 38927275076 1991683780015 167946860671 1493565427199 1437666311611 1514009831762 295450147192 376624272031 1800857207180 783137352163 438793014938 1103639740845 1407763211531 1676644307046 739210062383 776085808193 183557611912 1596395148029 94876568644 1833918170282 1558884362351 857955470003 1069382163678 1365814949830 1489615192224 2045711952622 1676835761380 1769938494266 114149110800 1902267566577 1238987131514 901403557093 1388343915919 1765598908731 658520357423 500404751069 1996939655863 1866841197536 2127687993998 1674732618487]
[1957066997734 714084236095 1197377046791 996798551343 1374468414271 1676127110227 1776108620107 1721495580959 1876366272623 664581257064 743843090 2012929499987 112690188477 1555528269035 1570796039002 438023791113 109947644526 221435424280 1192867767007 320722591305 1179462757931 1676089254964 1260357423484 993061380091 385568495498 1443071968271 1062373090567 1947058645604 1873047626277 492256306347 1447266335208 297774179042 2030567704689 1670967614305 857176989126 149632714535 1702838530985 1681516864840 1282719051812 2029616665928 313551915642 2124769889066 149546541994]
[1726855559874 2121306342751 1875041105597 569221412725 1506592728505 705390797400 824294290506 342752823751 1264069754597 1234112904451 462669818615 130708384885 545590225033 1579716346235 181558522597 577498111433 194629066683 502574323331 924564017972 1242720346070 1906879607554 349809930 1129203421120 1307279825975 1063891471082 141739704328 296655672388 686463490909 1022073474871 517054986306 1979705378366 1765426624834 695692829879 1157066825551 1212278267641 388216558168 1002344636179 2008825326128 1818169381255 917436733453 923821640221 1589570372437 76710820451]
[2174306580174 1294231927768 1675918126940 1983626515647 1006986420892 1958597802073 673120999814 1253051388238 1116087424577 79553822395 658900988582 1522325618432 1886924302508 2073456989070 1177246967730 108918048671 1765553208436 1475719702999 676128054490 103545637293 1207816701421 228517338041 559846617549 900796534334 372664301600 132780188607 1236130842237 1178734234217 480902865868 1263731261984 1874402602535 239611306508 825320175230 1327066851949 397685178023 753535958594 389485599919 2129064898541 1165849817787 610636057657 858219383806 1400323498651 138164396045]
[2100866987605 1221735887778 1018211064113 24205853183 998057753768 491319790254 727924941356 12567807245 149755639943 1569278785794 1792018548038 1334622433479 2170761112949 1883061756683 1652856480379 1497057707749 1600736297115 518376522066 1240036492953 381996347671 253655882210 668493684621 1730126745582 1141435717395 1844671475921 1227130184898 1573657657804 994911303899 1557428378181 421222767041 1280194856097 365346138198 842260593452 1967153583755 1080971023554 668864543370 1162555920942 1652713374470 1902986265388 2104326527705 1548004291214 1647486126719 206654686759]
[797067545071 274098846214 1637600962251 2033596227327 956911642895 2198003414440 512635740097 342697898233 920350137496 956628573119 706366812379 1875791408988 942404783245 1585705252708 1877961985677 2066911343139 729287745212 644889303586 1910633997126 307404932628 1487695064080 1727813965293 705410501464 405813395565 642674162960 8096779195 1809710591081 1491102404803 2123792409339 2018243596881 1061042759084 1471740050453 1413153355487 1136343679135 583271882786 1698534879756 1161032192921 1478815342140 1930948950275 312298272036 677844139722 29737552969 74760921832]
[2056700948217 971569523098 1612043546123 35899956239 1100018233882 1894754790661 1703055796885 882076558239 108675618065 783417668268 1712829121165 1167106499726 1887386327055 946901177235 2133718402867 1034473072874 2103974576792 1901995459448 62003945293 1819730682876 1164622698772 812566176990 1556051743254 342774967333 1514983945658 506487740635 1834660818979 282155348342 1530430306734 2076500559900 863478879303 458471916678 1424908685851 1638972852754 1252887638314 213486240949 1617328346151 1066444987650 1724888744721 2060782227270 1653703526332 300107656772 1458093531480]
[703244397484 243117730896 298149509175 1706630810531 569966492149 1150780344196 1297775958516 429769591588 874960471379 2110260587843 421141192522 965045243141 1296385612185 1312198333891 114073574629 710705284516 1783320020865 371126498546 1944532313320 301396975256 607896649005 590759533024 2011726584651 1537683935114 1542733043415 940284968997 552629373335 310926321931 595562593525 700717434470 306234722211 1292372731047 981758848991 291093405396 945471222847 2136338496571 1974149803385 14028294710 1155995827565 1963037595583 1607001256438 1785064337940 1689361771258]
[893717788664 267647558326 1816690300649 1375661572281 520494559695 1961006344575 1552242025812 331414615417 1382473650846 536201382747 458578499573 865633495843 31028425672 939820862200 486903803171 395367458796 1994013965815 837874952675 1902217692455 1463761557404 845210970967 1330682184251 1044967054515 657892708825 723662385755 1902905125233 2088638647552 632667202050 672563552837 1443530496025 1981888886838 419613240801 1969938211262 654869153070 200416544168 561424055658 1008816969015 1722989550133 41887297613 1989942734601 1286555997608 1043539915173 648161885865]
[444035560440 2155412669652 1328212616295 1380936308222 17858760836 5902753923 1388534824820 1936563298972 1873131044132 846728144570 269597238189 796798774753 2122585598319 1411165943431 576152349465 2117037711019 280216103259 2057964546196 774492713803 1262494373486 1459636802935 1182971174977 955636608748 575446504648 1454146313224 692189798625 478465346226 1246329665898 1374269576358 1601720153621 1174605406063 1597143435818 1957434303357 836713347885 2028251113119 812717271215 1699058299694 77499640455 1632955961525 547074400954 1668570496816 1336018035877 2043967815913]
[808919408391 705658777256 256560524935 248362823238 464525634123 940636592329 300274101420 474838842935 292285385279 1267385687515 2142814662653 1359509923969 171137871380 823602856066 1389294378129 1978715297495 1216003253672 316100140728 2167959379519 915367842310 1014526944657 1512675329563 1911297884619 810052861724 104473310789 53832286049 351222499510 79986267783 368318382377 1485869100573 1538636732177 2143648936398 1978533549407 359981460700 1662985482850 1619683440826 1501585454102 382922733718 805090206581 1569794348573 79261759194 178155026996 2174449879712]
]