[[263288073775 1885959867524 1233461909113 1645986950530 1676613996270 887134194540 651675867762 1490596487401 945879690671 586421638659 1645675854142 1339889176073 137679751121 1302376642826 926745323607 1115412286740 84135909356 264140397355 1083730843144 2066654705607 1171714102755 48995977231 1225753384750 599087596640 1539403025482 847992143703 1953933345944 257683771796 1717964485859 2026188661266 516825229999 156020658034 1169590394389 1796351468302 255010936762 338902334317 893024186047 1161023679052 1209133356539 1802562816883 530816798076 588413364050 1686149493192]
[138222072836 125844264558 457869021905 1509178836598 281434436486 799834876565 1735999539909 1970042110377 363108597421 1136903311569 2005978240498 1437324197420 1842817318238 1076851974894 659313753522 2013940177350 1061466337305 1547826478678 1302553646148 813495238189 1577824700834 1899396497510 1402106031474 1180578809749 1627993205513 550910231333 573736740386 621059764633 159782146056 1966568501622 116909590348 989832183397 2095154411235 1486771189543 861737411884 303172564190 241614811311 1041479519638 1547608709414 576632290720 489187326453 2042616285498 75835898699]
[97986924575 2132866388373 648819104283 1996949315218 1545451699958 737546790716 999777184575 1027004815479 986338261576 1485419399094 1888497734407 1126717562336 181486192241 40538248187 1849831174936 2183077819545 1586241653781 1170641205741 944350634326 612844771954 792545153597 344466492641 580801413315 1360533896051 1215508541664 874139762335 1135965885044 1723446991524 1309530172623 1622170459184 489177555749 1611532706215 996214470982 1115566423662 1265437438335 103139161721 2162066908584 869499109880 1341626832200 767250134767 1228401411352 460728005113 1912835135419]
[1307259951893 427579272590 701564297512 923283674150 269701653278 737167858688 635032071197 1748865679870 1122654531933 961771493095 2147017828508 942115169276 1908186497863 1859103277463 968401628199 680804021147 1969183892654 1582129508975 1170209893387 907592268539 1459772952085 831377713837 1576974060744 1911075618766 1826513645838 1205722275034 2012056435334 243972154953 1452884506261 33313748440 254006455379 844954784330 1793512754157 1023071240024 2051508577235 999068668069 1236918922763 1664592169560 1571362431244 1641137392801 483924001885 583119252393 2003832176811]
[1133160993955 1132117224628 2100146046899 938600134360 755170703631 1393565121115 1444659362261 865354580661 932240841299 821798697151 982587222172 1120638701341 713898656357 837295504546 1680943577329 1040829924562 1999715643693 1643177493856 594049697264 697411446281 782453994601 437603256380 1458029565008 1185108933051 713666626384 14506965862 2069720307274 1770929939754 357040678429 470653592058 1395245626128 135636371338 1263205556624 2030377985200 1309066701437 1299492455578 913275565014 447261807350 1681209145890 1243061420127 428078797195 1749356173830 1103720935568]
[111280592257 1322582310322 417612615892 184278422234 1774268336655 127464369317 1443209468193 471641616809 1206347645103 1070333215296 1977734811757 67676279636 1639151120563 680945968475 969695934437 2095243251022 842655039973 1534407277886 948440503719 2111491513253 1472251654285 1062948635310 1281974308297 1162432623820 712029017684 1536994591023 1304966649210 1821371048094 1215832686445 323264220309 1814145190950 2034368275942 1985737305131 1148135791678 1331213699920 418827756291 2152201412629 1899893529278 803343741990 1487495625999 1082961172643 736641686565 1266660908300]
[740890150542 2004749683001 2120559629787 2167286941910 1609707862491 1159324138442 608229645049 1077275431589 533057754488 915365990615 1967107381530 946164933151 433207926651 704387468292 1788803421359 883621327003 1613277741337 992905456395 379743737160 208133722337 1128371269608 419671883547 1986967716238 290853623092 838914994258 804047214003 239381226447 361148322686 2117518644205 1723350893525 1389069365919 21647427204 616237337781 773297333443 1092676360796 1599838358463 458600522905 1224407811571 953353378479 312417219958 1946615319319 172866463606 1344650479015]
[1856589317844 2079347330009 908043243481 993673058877 1956392958388 581284085199 936252501153 2020226525538 1893959666886 404238046835 1727428018294 1664134164514 14430389065 218154677599 1508536957460 335533774136 962923177737 2164336975973 1026999768243 363243940750 768615590854 259168525616 1361225686798 868450209591 1173083868275 117851781276 134930526971 1628851058587 1376597478296 833289495390 716139881703 1294153489254 1963020673548 1779548297207 832883951266 553943526092 1717902614190 1395638356651 335698187292 249323542225 1233739918520 735714415484 89793410644]
[1209716117022 1275432598591 934866159121 1439485091117 1727400853308 2127299259072 513630187240 1684392892193 533182818597 1008834656373 1496848207007 1722057981959 2060452240619 672912637185 502868901739 377880743426 1155506024676 1347070856667 993397553317 169901420805 242200789267 1597609698843 1581170910503 2160844725314 1989007237213 258610598477 1176158147785 807654315631 1204004886563 652617406584 25808304476 690907064667 2135132100891 444696899141 109619015898 2085970863517 1734509304090 1651190681213 1216260548944 2078296217108 2178268891995 1218516179159 1921598352742]
[1585700413290 2083984712658 66623245301 165088521260 1013743914323 2041375190377 1953934638718 1767006719462 1668680149836 1026402678170 626725783237 991049430551 1831679091965 1027786074768 1847338106010 1813701951273 893445394773 511812629412 369245579223 36350318165 628196598479 2070411137564 201936249534 926950199862 1359814093252 2073221227587 535970498462 113051637422 678904797412 811347079647 857164181158 879218462995 730136177256 2143198968958 883682995117 1390204883786 1333272356375 1154912561098 1101490792352 1371028050444 1851687468143 325328173351 857011460285]
[1870592125335 377896994503 282191577983 1022526755964 730829106859 2148307990831 1540217576726 457459206447 488543505771 1432756623947 730926911182 2113004125219 1945064256211 679797357238 507992011855 541148714807 1670900567283 1357075127118 56230027395 2102540257660 1538551898718 625658260230 1059894251592 155744515613 1255188394919 2081360164589 1911608403318 1131036742979 436098284772 175615790371 775448730115 170477137007 907598288370 1236370813743 1941305993303 1859081202267 497041642641 329301061302 348024992951 470720686285 2198300226499 288485457104 1279144081953]
[2053101768755 1077802090562 1545244295156 385598306203 1175544713169 1362887236057 1895246895643 413871882993 1096780918462 1659660789714 143488546872 1857130080043 1980991119191 2019516456046 1204551209677 2172324493619 1023134654436 382651640389 743784125755 449395728776 771269975442 1766102566153 1756842518784 1084222181844 1794499807482 1774701864760 866911867460 1452507175911 179754842808 994914259121 1965197107797 1082349627225 1491123020168 859084726772 1544426113289 444870280245 1033600714234 751449823126 412827859430 1398155514767 840543895687 147198219552 2022670552927]
[999074783436 1897805998914 380552648739 1178187100645 132426039262 763759648334 313185417945 224249245012 602241914975 200867409239 552875179811 1365353172016 822114078637 678238412462 1571850063687 48291280492 743899303918 2015102353436 1356972878757 1186703338068 1519137048534 100232007956 1254923879086 2118222426198 1282026837750 1979458942844 1643560121613 338472591603 60584027496 2073052073914 1632047322433 1819432017734 2014223495297 1043955237689 1895836266841 777372304810 1359559130037 1708833550508 1990702437852 997649955739 271286059500 1287235690398 475877427291]
[381444674424 388957078415 1582656047368 1732746284186 1528534713195 2174115103447 1044594356576 136547597038 1868083557082 1639232604722 1257481443933 1593888284748 470835767741 438287917365 495917213378 983481595833 1902750136912 623921471678 1360121159537 1024838769051 1685469261285 1902101066749 1356314496002 690399094536 2171987747663 1282619985565 1282043552131 1978057767577 946000976784 137137584419 583035057473 2027998028991 963287922788 1123199252960 870650660570 1896582525962 498705595277 1141010600581 1077297900536 1366071785032 1919491257080 1704725327365 293320645352]
[846920583400 397264873393 525697647775 1353685885348 1129850002540 710563373540 1173393124661 1388046182471 615693121381 1130079129589 1049446247965 742351236733 1708222018627 1659422346265 871498830988 1948622547019 325184130458 1895149886237 2136593370399 2022778045965 539893738914 1078027345834 994611814834 115499267112 1729002264729 1943901259701 1785749703803 571376604799 2037730308831 718764122367 960770151584 1500227015003 65091064406 758342350584 1512893869394 1519629597694 470373598650 1344321562308 1976317795735 2116914678567 1821090238850 1580312361260 289727626684]
[1849163594976 1167463272984 921586343020 1566470795498 2156002102027 1653225140017 779324294269 864818249844 1792814396741 1951970050223 1748548044574 1034787506712 1438441905932 574344695789 868218818995 1439832465601 1271092117241 1055724827241 1552734950936 1413941209786 231535221958 897560929953 891082778176 1999861333845 1667986950140 64934588145 878383903442 1433747003191 1545337646458 2097238269835 2173628876930 1450743196091 1341560916407 1883361862157 1259050850423 1782988898301 1812546990546 1193573420547 1021850830239 1337781748622 1821031676549 888224971101 471079922129]
[542183683558 1880932586910 1321268881431 430655308269 1600112933711 1668998320874 1966085133952 1977947176296 1432038014191 1959460151630 591560324538 122291920134 1295579925628 1367487069696 1863594040757 84601540344 1712270175173 430126261950 2148551078661 332367501908 1709764894446 1479370989902 32062917574 909661417762 739169260877 420894998683 1208091524243 377726285230 1921112995246 877339651675 1772767768459 1727153648046 1265740202695 633280592576 260256630293 2065418879329 897500271013 1958061926723 649897471016 1118891686521 172804046422 2130096332844 533687355232]
[2198384601704 1148788422066 658092639304 427078246266 1957113547712 485140566623 2181767876311 1173228028078 859607423577 1967937867173 80142461914 1519846600149 515153122487 828808379737 1453528983841 558759466725 586512216813 1792870115254 1637698401864 1742202317270 1855821222588 2037557153194 1226274079008 1933850364740 348827372535 2161566525303 308266373963 1679517749151 655982100756 984032859667 1562359678927 1667511665288 635912035071 998689499646 686985722347 1062010847709 1528313788074 56017597030 905700481708 849621998159 1904991976217 2085139033341 1686841353545]
[1047898292625 1807291645520 1596881193270 565794401338 598118069927 2064094215192 1011814672105 1999393020010 104864451584 1482359539790 1402758218470 59927895164 661167266706 1796006162724 1841741041807 1495160377453 858618349114 1396802934195 346355611210 1419928008426 1090975979162 669071776114 1877118464215 934513384557 2033321134815 136820607202 405456551378 587829236423 846618296074 826678761409 270992246930 7657674606 1371699209128 284507214388 653064071514 1973370982637 1270276347017 622828340459 1253349422614 1844113201341 149385010978 572470104546 117181543590]
[8664714921 1960987565346 1140020462658 931576134289 2029943478397 54342950497 1661820732445 1435208589364 1564306185691 231987279625 999019097397 1170124878 903773717790 1589211829183 2027365744155 2036635248422 472325503247 253136387735 1884569081554 1978952147043 1843653809967 830236452410 1029466734044 838541389834 1427690089864 446634549491 1030119090874 1369282839525 749464201022 2176876779869 772815147587 1745071805292 398412244572 1620608216338 2125283767792 131290040122 319257525105 803799906209 978658112961 2091913932429 1587197273230 223671800992 1458172435675]
[982922635619 249136857023 1487462476262 24653467430 1954949186809 245078841676 1436178693051 465318682463 600659198471 286815780035 2100836336113 16158202301 1750315518221 1108982778 1678906018814 808366439471 1282933937943 15496217245 1465466092297 919453707105 63037723464 819882777442 1489440922476 2069310259544 585247847605 517474385623 1436758424837 1054294271074 193659777615 1679535044509 2152707361393 910115183292 553751706758 2139994733372 468736184804 1639787735668 1783246902498 983292104172 2171868448378 225646429262 684091538533 2063439659975 1066522773816]
[2088622830805 12064098720 1032365739177 1776112727337 1003953923975 908078924958 1936153058781 1278261461779 1605141754713 1033334678390 1855073641385 1382170417303 1042206238204 1335024835723 615095580508 694046909325 1542656290637 1837153583934 1298179004596 212363795551 893295211837 346500843458 1668335792160 965602133675 771167019809 1339612772203 1285703133922 1525309559827 78005030282 144356937146 1709774406733 1716715165587 904885638923 619173749455 882295555850 754945242012 2145969623736 15270509982 240270892718 988574340400 1873083672802 523655429272 666481682082]
[1089404623353 574735456502 1817308771402 1289370976196 1108514694371 194383992770 274417603442 42572902090 1174946435424 216503418291 1460696002890 2116660382322 2170092184428 1845905145729 469524273830 1166280653361 1484003752485 1976618241734 599124821561 1739220277320 2045463302799 809199943993 143601519170 875747544683 911002006686 696659435957 846137814764 150293438029 1176523040341 363413483807 1684538936405 1026735181000 1792281361308 1398716702790 2084246823226 489348162468 1647667740002 461004757269 2094485720256 2149098349816 1631226340332 413142045241 157596376376]
[760919295951 870327650521 391440563507 326322495175 1046555494555 1919797098470 1383184712215 665702802045 905587285396 1092433824711 1484027998857 940315005151 1133204886124 1126871241960 1300397932128 1982674204881 1982664557265 2089875539339 1684192458799 2109265323723 129231581443 920470665760 492079205763 1538598804449 292468946966 1280785276916 1235923398638 2106589446833 266626614180 984276052027 16649570753 772508463665 570348225043 1798219340464 1675029359603 1467966722119 450992087398 1763432378268 1971247305000 378941164863 1473790635729 955030881311 1660867786385]
[679203577 1521867491144 288836119542 2042210123283 673474882270 843291012482 1695022597916 1625596568962 1610537374623 2187238794682 1069438811203 80831368356 1325693789180 1648122603521 1447296674451 1835937286629 1862041862357 2130551370156 59734347927 786874040561 1639170733361 1002058717784 1982743190617 143052403620 616744151160 1567508686159 1016752799052 1293438428755 184456196992 1689078475601 938657723699 469675763385 800090525471 1472111734711 1438070431582 1510378756422 414858744998 809123228281 1957980972770 1144852259744 1384238027321 638935200568 567341091360]
[149368252716 1217579076786 1427254527462 31749968680 1804129931648 861593024281 17981349817 192821152473 1020897944581 461616319009 145297935366 1775739200626 1326464391682 956856858212 1176535527587 1654798078574 557503457873 1538315129940 1903931123867 918149546664 86671664080 1615707331291 1093473535486 1736868064779 2024149830743 28299413265 1984356448057 1255972173213 1756078244307 225742485480 2120710245221 799016354824 1978612925608 568567836217 1752578898507 531195607302 140724519862 776547664435 1464975962824 479337116295 873180344203 626560897105 1513031754103]
[1286162693527 1192360932139 1026102127712 1953467234438 928755541679 995893848821 1806545781838 1785425546842 779963458945 1459331015685 920242147785 1990621677025 390118064640 1837749990939 1225105252288 1823082516924 767265827903 1947786767713 645705171115 854382221750 150212608183 532339626949 810208581405 1789028220404 224286168162 149189184623 2174383600698 780096519040 2130277307814 1982490302203 179620233648 1814289585257 1583070199500 127880984188 553335003480 1371825826385 1489011368539 665615634601 1309808155087 956554954949 2075694252478 1810181933730 2185463315165]
[662020847984 1751907522622 1707486721142 1854078099360 2106343930669 14260743983 1651399835781 305457170538 1716598282276 899719126105 1044098029010 12166495189 1261813905507 307095409100 980739898440 1257285701020 1261363592633 1855632309747 1385952513386 1279448995966 1910296922320 56192019393 1880949480265 948376181076 735189685497 1923745688430 2183323438427 30072230148 1798027670990 1358547411965 1201445257134 315617569490 726247031120 1036241608337 1796675085107 2010501774686 148971713856 526532133186 473169472987 1585244218964 2071335899602 523357363167 43028577997]
[112676685601 2069720529250 1323301578370 1972129730568 1961762518416 1118054441482 1066134682475 1574913592225 1625385831051 980913926858 757147012774 396539369382 106344674641 409080154105 1739280077147 746390006995 1847020372256 76301764188 2014074203344 1424475775573 442670289124 1324102906241 1959354941650 1370531458692 65371768943 908185060529 1235169837043 1599034434799 1613816760247 42525663100 206740527393 2156984901361 298221499917 690592777573 2023533810676 543951156222 1908627482647 630300185360 426967559909 690652282211 1005108405332 1041488539778 1638585834244]
[2010809728473 866043709550 203434636313 2140849560502 824275623850 1672442843622 819761398227 653427769986 2023584606732 1378084371115 20653384623 674995828831 527898384340 2009922657549 842444490057 2072085873630 1717303872548 926476768901 2086962223894 1313836966125 552858210040 374966290988 1074464096187 193098816871 804964865351 223659293497 627712157089 2009493034349 350542177757 1450373554587 1903035514697 122074773287 1771096318025 1333594255811 1074128973234 1140207846387 214650493018 1088909417395 2189841671772 1265279768012 96051132287 1480240851422 1535926861974]
[366821890331 1544522776739 1330155332237 1293234600486 1233105261173 1382391453397 1167536010155 1166971661777 619786702383 1262337011300 1302732527667 1154263571843 314535375941 1240027583883 701505051953 76726609683 863061819152 743730668801 1226239055636 884794512252 1169259915687 623183995978 374858345227 595537972490 2153386887448 1709799223417 427201193720 1698123207644 1976638942219 1211592755689 2071050793664 2190611164073 1910713021166 1458952753387 1133222363950 419569381783 1463787589070 304352678454 245418067696 629975211087 1477054893482 404418551951 995880398552]
[40227033719 1615994836292 1882556245031 1464303248009 508589139626 190880800764 1067964328717 2021900229666 1936528509281 1196926468134 1174764749584 458149009402 1541984592655 1804597843131 1603223267129 628850275144 1821499730118 1761185465510 280141972407 1344921058199 161170824267 1133272906422 547386078696 718487082958 313414524335 349851075000 829335678861 1438114290252 1407941754342 849824029442 1862156068763 796867607410 319634281024 457770897768 554252654679 697278604895 901826363884 1267172180186 1868779730430 230082230750 1577759258493 447448179406 2163840169365]
[1336573217443 1461764808357 1677085451617 1386478110282 1708924989401 2075072786706 1774855140229 557589754351 901104514931 1971353828616 118374636926 1288718306588 994110330322 1001024656850 1738624306513 1241076570801 181593759948 2186724627464 885716381825 121240336847 395437677498 668360681602 387621036910 1674667873412 2074570404850 1233814639319 1756453263481 2112275487446 1507610509534 847404532080 121539267490 1707838205493 386989466539 457755183410 1690347944970 563800304786 201671249286 1754889991498 1527771641729 340942365866 189179183815 765901415497 244093171667]
[290327208714 766670806931 297598043765 1284863132076 1749981535996 796135417196 1787770347517 1563918098268 2054941112593 557038660633 1469634415512 902666391671 1405540373428 241925085614 1734525774901 859251235524 1889349816793 393675429961 1108969642381 482528927409 377211734666 1828602050309 781896867589 1338068408698 2110952072501 2136353386247 872292241876 1951563202035 780613231215 549441779957 1556425046730 1486805320211 537323774272 482444871461 2147482710713 2060702720617 1349444088203 1329541775535 1141379714106 1840496254160 1879633608758 410368224241 2184497706464]
[1444110857533 29339689588 1594178071981 808815608136 474418698067 380388299011 768356959571 1640240290331 1238854751647 196200999634 2042362729792 438396333375 1080369581355 1214991790944 464475351988 203430776650 365557472529 153680379298 915737592158 2169170151087 83340546149 941824579716 779958615426 1459323964355 1857571254305 1910988383539 1649744440813 987870633408 324828837175 1001575151330 1823029167612 2177876508379 960441071962 934578793041 1362048080426 235425484480 1637742917799 1946562594979 1458731986341 358845987795 318600212199 1438707654195 443945222022]
[1700449295372 1503723578813 608702233566 215781130272 1504507943511 924501972428 1876500242322 1624892076727 471753556384 2006441033706 1492737637039 467898186111 2102683282414 467826335688 1579799205436 205302176668 352509341756 431536782030 2063550400620 1230021857541 911780296593 1586582844914 860766630671 1991600852391 300645395710 451896033417 1685957425456 1099052972590 1023198712710 1212541798345 1099177190287 332196840378 2113958018110 2119838999485 1776248736994 342780248222 2035868825815 1062773360515 2076343729624 694634830456 814624984366 1040767865215 48776797278]
[1922242661897 2178268520268 1106507397556 1916146978482 1297612511815 933428035502 768694194151 1212283966843 107185791031 728002046051 1658711943661 518788245354 1272557327614 1807346149193 2188952900229 2117659565586 1475780988998 1337239232070 1135446842589 1801670112165 1943836203412 167894029726 181243717185 1313180858387 1121151630428 266079086484 1933954060277 360606217040 1478577731474 922411209825 7435768480 1976925080407 1547581846381 510171646015 1932413289308 1755198656101 1016596165991 1843389573135 195293188972 1121147519493 139313181877 1534604828005 832971282641]
[1400971065697 447142159059 1758092183693 319097651579 85910874635 1250530606840 1418053511912 907284732648 1820554681534 705007357452 1744053308646 128319397853 1613138311867 1500279232437 1740144900636 1125645216185 1615472662587 171494999797 893896240998 2678720129 522496364511 1016141250769 1182410976634 1389253145707 895481331988 1853941594871 1762908130196 1445671367801 878430675690 527652999218 1004083775682 1828865800659 1624560161974 1400332648386 1137659114868 1872398568658 1677220578232 1233029979366 718522428307 2148549596928 1724781899999 1648607464819 1116913702893]
[1083524392614 69905139747 232301362106 570987006198 1092518234542 603046552078 808992203647 1595241745784 244840854576 1979965579341 1197210888389 1645804280311 1924649857501 444816137689 1480899395170 348011711535 1533443486349 1611595932502 689267501445 1078910880716 839170855970 1099554686865 744090429162 47842610191 32894638992 596222405643 922683039017 1318672696990 1449494265173 691507490782 138930131657 1839176723257 1393506949652 395647587794 934649086913 1402378469475 641211004258 2195331388031 386360359400 1135518912037 445176337364 1407089808019 1415968003689]
[845287130713 1157233049919 500216176430 877252123731 1430176430925 1536994681067 706987434300 1732975357962 1690888965478 1442017911142 1723508162326 1168103208565 522692744581 1016400396557 1238556080334 608741639730 1117912918238 1994917926256 289308859172 1999300199038 2177756805123 1200540305020 2168246115490 2007645681890 1902091354341 2107785891184 1494530663119 104738617422 1594241945054 310820786766 9507492597 1224050064377 300251043287 1113604385666 792209666736 1580688118614 1001651822188 223518361515 1450023523667 261014765396 499678436063 2106733328336 1266383932000]
[651848133196 1730836566601 747099647472 1549543517696 36277553551 1610853257445 36581323618 1701541211101 880773614589 1030253552414 713599636950 1810874676002 1602039571213 345669639109 1459725553688 46899507843 698634192046 5687493315 85297107034 1884522142680 2140520813899 2179264331283 2084763444581 1607564156867 1384838051421 1161290012421 1630006206389 1078540313896 12776132115 770920929639 1669773902415 1796235824455 1499437629751 756846108609 1208636305880 1076778462133 677821627878 1273149596290 1151286404565 411969482395 881351537072 1234177203876 1206276322969]
[215551385190 1616230463924 1033067893359 738219546556 1478895344244 777270655804 592879602289 1862782211198 1551344813334 816606715138 225539646408 245568972788 1556196871528 706057590280 590125188584 656716695272 1234065828391 1932924981977 93421355006 1772269614974 268221683695 1813417465609 2033791336325 382415703916 1523354288685 1544943852287 1391371679923 745394453063 1600352912756 611968844572 320690631076 1399764402199 1823080009725 433285674237 1965590329346 1083198386564 2135422342744 1375467126664 1887707069610 1491688431019 443877553875 512611244504 1674323907677]
[127710320306 600831087047 569088191133 508719841073 1161747510375 1603083452433 2098437831953 1814110161578 1004707673202 1490001716463 949669302309 1725522124390 106718204156 2015268576103 453103972541 2022133534042 566234224035 1618031885562 1227146537463 1169273317116 173357957458 1120083438600 1578126831466 1081767345485 1729396035001 2021817277888 1149195569024 1423146774588 885411832837 110781879287 657302640796 1271503219476 2155714800713 1848454416001 1684894309790 1249760362338 1783501980356 1475754609772 1025751739942 835024444982 224192169425 302318858285 678579380121]
]