[[750854820853 1880752102506 714184527848 425528263436 1476352540061 1507971160077 2116161656284 2134413290158 106682159012 1861368460477 1754592290679 205381095148 924037761768 803324960765 941488815300 228802443806 1722871504267 327045364467 1671086771270 1681276780475 425258950935 1006085197729 161153097382 1618364599168 483866928343 939995794387 1734078891998 809843216924 1906946775547 1180033773716 1506888258019 935905048583 1378143621059 788026895952 288766296226 185307288522 369491101164 17254705747 392223911751 1183202520970 143805059630 1102911741673 505402385887]
[571163671643 750298894033 1247480272606 959493599162 777746068221 1763663306921 897745503400 46470023582 19611489130 212822315704 1053364636612 818587640832 38344966603 1221282314018 1002899234370 1619387659720 1110699485401 515490332616 1274537700049 1718282159374 210565816004 1356092853957 1412831602442 510591398516 299799712643 463372261623 77538606913 78946704344 441997104593 525214570535 1192428931006 1947113387954 592368911640 2106365450489 755104048014 902057474018 1750306223798 350593251073 345793508058 1304468671079 1451534136624 671491843743 1098276781427]
[812302788575 891865909570 131469905145 486391495462 818600827704 395775958819 1221962319447 2013750830654 1212746510165 1956877504640 2161143313927 854986201013 1964648626963 1303252596142 5541835682 745971258242 462088830911 660769623817 867447342337 142026446121 1565115397961 2165436749118 2035998688883 1923959362156 1625925010186 448490264873 1781067257972 109686156552 442620740278 2064049754085 452840899326 1726106329992 1752825213430 1922197822223 2104818194202 1146250792209 871198092294 621151337642 1350201839058 1310601725874 1760679686460 1301866061418 522477471266]
[2048936197464 494998006434 308376938066 396896282009 345442100958 2140473129505 2176038026160 2069067277048 1547723628900 1457131739235 177616824597 1035794272309 218661888833 93042702646 1278916188049 1049354456770 307165241764 1037736088899 1483080014413 131458540365 1952409178012 1368855611364 392920735996 2159706383287 1907852823625 1906894697475 1475173213127 1932740210288 276242096869 124574170248 230013968715 1842019831911 585365041553 595128492790 137929939828 1437011814590 2172525999277 364867541906 222037466541 739568416854 1638733277714 2133898897225 1338286573516]
[788401824242 286368181696 93846273138 1143635334427 781739791855 1725294824392 748810072374 302075348768 2001692640852 135258194561 483238883870 491067051546 2049756204514 1294531208867 2045941367805 875315771849 119791045584 1693876267274 1260754099682 417343895875 766608305649 790942382353 1017283628530 1771151156944 904513727256 1407002241835 498653467006 1055992105176 312818281542 446676551122 2006782410717 682024499691 678013485850 463676662707 1924809846172 795434543095 1523760210708 230503754943 1854838316137 333726860188 1773353904191 149583322096 2060381746277]
[2032242571620 2190537658325 1908362532929 10672908490 1006906150950 1792450604827 1598298062538 333144047708 1027322407670 1111096354356 1011900785467 1771046335098 1885168451186 1888763303561 542581907933 486333123221 1005529275972 1415143275276 913321459987 1238681076469 1588447696101 1776425169941 1371979969187 103965399943 1495549708482 1223832286805 1858630612371 1283491191659 662510909496 1827688703278 2191715444377 1456721013683 902120813898 842385618832 328946657532 551377945765 1179436766962 742460675808 963544256770 250638515385 35636759619 1236201075392 413804604360]
[821575839648 791480446871 851699963696 1550767607134 1400471790433 33976300902 2093543812618 835005785195 1492425601003 1322770843850 951369233865 1311807256700 1077632525432 677476478003 800079698061 1652582876026 14568192343 463580369747 993846595962 1636983654340 1183167323203 2186472212430 1815939769574 883374545712 1152417870857 377714802569 1915178453238 922917557021 1500282416721 727211343875 816870007174 909813926238 1191073390640 2024966289094 1559100439117 192684383214 1350115054235 663904477155 624430781016 1412256757510 1478526492864 1230293672017 1451559300998]
[892547704576 788111100709 342742339834 1545904143223 1904097759593 958754421053 1052405063262 1143436209038 1044361880745 1660426087178 812167858773 1622748902322 1953073851098 1033831688315 1291597730864 454474506477 1274572842458 1199763955251 708326508734 576828156503 819875654380 305023754372 461593965098 1124135861661 1575998379261 486725397192 1532299767557 1632128704952 1166470570656 1770536538531 2095844001185 1237154445195 494212353891 933529323085 686374119197 922944334605 1930613979555 1931610737174 2125490881227 1453769883547 1466548107675 2107473979104 260631781796]
[1414388166429 647392081580 30762803597 668002453974 1345500904754 584395679657 55074323169 1806048247311 1985805038210 229763411632 519774413669 249717116175 2006361721656 385538573042 1386511761489 468082973957 2139530710219 1556249191602 1108272638692 338907009670 1031928301690 384382934283 2195315145649 460412157936 700658225234 1136815512943 28972024604 1749785667944 1223020903960 291731426926 2135792643391 1389137551131 337779864221 1711622169174 1727306620653 1535664878411 534278755642 1189791848847 1281134178897 2029973414720 1138265518607 486109055893 374180959616]
[498093588522 1596261748941 504786999239 809599220023 1727771511949 961513840930 1482881947800 422942768632 927302012978 2112483436355 234582906535 287767669765 1852690924326 1341082930524 894910338203 474222744790 1571978619932 585423057353 1128075503807 1876048430814 528048052402 62117885551 298151712394 1103958829402 1261666003645 1362745217258 1707329470332 522879961115 113695337219 162480505052 1835698074339 710226356879 1384953160608 783128512807 418834055039 959414136850 1058607873903 2169427009837 2183100425045 835351537324 1240409933166 1505176977048 822060139453]
[392025538281 234476837008 290917303966 1986677621638 9348567405 1395734778329 1449494484997 1016604165565 486641551837 29364461656 2048850362735 465034194971 1017072094867 1327027438770 477834301063 5407241024 126325363400 489209995609 162103469910 334028969100 1515413362264 1693009147345 1629895397947 784639462677 901375662676 1453501276219 1259921287598 1724071454297 359378876534 1971640870126 790429281371 1699774269307 1956804837385 1906380631216 1819784800146 519251949362 1692552476006 294306766654 936379868222 1438092900109 690470625059 2050761189823 1102498107877]
[1382978022901 1880805870786 77545590723 814931630454 220185132821 1927458315346 29314482109 1439423511159 1270854218822 2196084744081 1306190196814 1027224814204 816169471662 1096532262738 1500407872884 1267065383100 486580305572 1466032682985 1156330219046 1491087304465 453809405812 493358236673 858373973099 1201073042638 1000727347387 24906691525 813898006077 1696099182236 509218978891 384890542002 1926313281039 1992493574804 497962622657 1711826033782 1455187644939 131678420909 14189734464 508950452430 773137094843 368988414091 1547579071760 2093043398286 741889737277]
[1356055242496 1479298267185 851180844750 363119868466 555556728613 449949348470 933427828530 1583169151413 2073255267032 476202268177 1526724356023 737794326720 188055606633 1528960432251 547903493547 626659670915 475166823658 566923315608 70199556920 2160355676666 830959820022 479402777727 328572306041 1490122038815 81093146865 891802138503 660598429043 143995752189 1549097978151 1869594482262 584942720708 1389298990920 502500699948 2170746508279 334516742770 6748355233 1354762884041 728737955629 1858275260257 796495259319 470307304603 1426505260277 1972172738683]
[994786120199 2001142173028 681259403584 1223459506279 155139006590 639260493550 2138565188114 1390250366136 44871008490 2185602016592 915066187464 562285805970 2143001852194 764150880985 1587054584386 1931629074900 1997106007588 808998284496 1881690804793 192075829958 1925094035801 931854018368 18667648368 2083657971412 92437341170 87663206181 264115474094 1278839463498 1392954955162 510640708858 1225441509409 1031917846011 1506642250475 969571591071 1542526170698 1303425230796 955400732997 611419989969 405526594310 1234159044677 1604309667247 1171886648105 995142158437]
[285643245351 1720084658748 964951216416 1997173606105 637082238459 474207461930 906176512522 1963657617119 1531024243666 500015879447 1118470369540 488708796827 351636302033 2097719605596 1963012899578 87583271486 1214258575082 275952321673 958818114114 839829037612 1059235486870 1975064576365 201958485891 1803925648015 930499906465 2173748464118 630261430805 1544471857427 372082761615 2009396575791 207398002812 595741093895 666085261393 2030668402226 259252914439 673572055101 1531460358428 626240470399 1198851665214 1026945759858 1729784942405 1575335266447 555654195682]
[964725409651 2135305235003 1175235501753 30857929654 567834498232 963840867447 47479035894 601013860745 69519619916 268374893460 495882078450 1132310817918 1870019439324 616927545809 739473200417 65852518496 205695314533 310939511286 2197808960841 1635698831673 572832437594 1896432445356 2004960018328 911232215097 274540803859 659227174926 1496249424005 1378284116730 496785826836 1515889702824 1540049375848 1775599116573 269540323910 2003931707697 1546575691946 1982792614813 1439501143357 1041466892574 1717337431305 36050405804 89609414421 301262067951 489553654199]
[203822118565 1841521618942 946905020772 1634361742639 1621584454727 1397959120405 831731007030 826075303127 1659273774202 1578713037466 1136057211428 2129151764159 721657527042 2175944027116 213900998806 1911910280165 5468739315 588249955445 1939435094307 809932557243 1379063973769 863193672323 1152071238067 556140059094 1416138853996 1659116527582 791182884905 582418999945 107565158298 147518454552 1112591319775 1539109482731 1829934635168 242896100363 131314222077 815771570822 920551910983 1946513323799 989571922858 767879591603 2118354326598 2137804425574 1417028731945]
[915167070817 1830166809628 159591621208 2021450384421 2008342531256 138559768294 2158269259226 1779350580049 729492425711 1802306693179 1728080532319 2160592614921 1163563581320 1850735962652 1140885850246 806993281732 2045529376597 1263195980625 1670845107438 2032475017211 389736042325 331699355333 1595779772196 1665032127512 867004842157 1471269254996 1593956941584 1218010074237 471758407022 756419521198 927908087188 788861513872 707490684525 24410792611 608590973895 1270026252366 422102346782 528830371343 1893994595634 279652000781 1993497534698 1314461176684 703591481172]
[635701247867 1189366295136 1308563983120 1654012589989 983055951475 1317426240392 344484111408 957555862576 1195624200607 2115968962528 582570894901 2085571592017 717360844975 517047150584 283052549861 490819329756 1244161493565 1277248620598 1548101459256 596108000884 1493739633515 587877328973 1022430531109 544514203183 906966987030 463243863235 2198401209831 1020465947220 535085140015 1067227917123 715646537357 1236307785135 138167627026 456436577157 959494957351 921309376999 722951651077 579222777242 1706131406567 1994349166192 821793198014 980049711574 744730198788]
[589571440401 1536679621 2005926242433 893137963213 1422667889525 1868065788300 681620118721 1785901254413 142015386687 1778507409285 1754614460645 80788837633 849364825524 1081425365220 2093545215409 705893362329 2015097731694 161176783009 424286501310 1459901781578 340485457671 1075143257804 435882915125 455121683074 1282257491345 604476852422 779690713819 787878167179 443352681926 2034392572999 2064595935439 771887525982 1578623020078 826640547379 1842922076999 728844472879 574233073731 2168669558042 313400204339 149516219375 931358646928 1217265537748 504910523021]
[1714176642339 494889443683 750914804481 833991287705 280673058267 1071418495216 472793351066 1183276211789 767298297962 619263062514 144160403872 359937774285 1115119566646 1920582007879 1344602268232 1414356998151 141862915038 71003016556 2064175403364 185083320776 195904618911 667105590522 846605712269 1826192334220 796176281369 1369577330217 1057650959294 1193214113540 1385306568326 410730430644 259930989371 2026232642471 743664148775 1242245059402 1066208830176 1213832479096 370828165553 2163767550056 1520074612317 1914131143914 307097349342 1786477481930 347831216244]
[1467864898251 253634236241 85363070014 715051772994 392182432775 1592099967334 345285190501 1126814219957 1255845995367 2077445704580 187820973805 1075128841575 1672482674997 2065449948660 815403741 558335527618 834532099030 1364825716903 213493098416 867675050722 1612053245272 1314377559838 1745261315331 1251218048955 1850982327066 757496548185 714413957560 1058987307621 492573908929 600888869496 904724076605 1738810113567 2137286651608 1336583494074 1558330426480 1914285647439 733288435482 348583031340 1872687490972 1687558980468 1841650589447 1597592841785 1250491365228]
[301269043618 1487015680345 1442636905573 2178235268258 1250681279622 1264241346000 1477522141407 1225868127067 2169868493468 175299619240 812785718473 969793969012 1393463014172 721206396470 1851245324186 298410480951 1511690556677 1192261534873 826516848027 488325067075 1591860567662 396205684815 197912227303 2005619422093 1159958033288 1469361667467 2153712325915 746876713246 812446983906 1694500279859 2044116197830 2043949648978 1574974876478 1315697901247 1385153309554 1705145881530 1804940114993 1981453560675 2053027317393 1728373734046 138629555146 1526616602046 1769544547129]
[1905311749047 165147190931 1894207728798 1500857733760 1898857034469 252379846264 950773940382 1098105044277 649263256280 1161808196035 629160691292 163719504600 1867557724861 126712794542 1703293126129 1114918809408 1790013866537 1243925184634 411094205947 1928025286717 348413216522 1359567647017 451913945722 2023516178972 850482749842 1004614555471 850595712388 1635563516299 1271165218641 1587524501023 707739245332 1705520583785 1061746428521 491868012971 1584636805791 230302956373 271563558959 263650197035 594137845986 1832239266781 267324994048 1246067201501 2174216049719]
[1202347140157 283301671432 1582205786519 993521660320 1026334003876 1854149659445 996055494952 20253978406 433848298926 2473577147 1647272113647 643527762759 1432226721218 306194454897 328364990189 1031415843665 1755299319852 1215511815571 9057755061 829825551463 926094851998 1495773474825 604292512134 1931093265696 1147253527912 291728998301 1823904267537 1466796350524 2131017810606 1632471691181 2020161264068 324596838276 1090798212628 1514712500857 361211534737 148556197669 548282300003 2010603152526 2061894120357 1041411176401 755030695351 1132636252951 1544421134645]
[12145720109 764506555221 603599351859 125281346248 2026666280991 2175334581683 146704832328 1344350344292 320570002416 1239711085858 1354378626858 356707914826 2090166167892 1577521556195 1877082127242 1183737119546 994506141760 1690338987301 570522334491 2021657625167 186036963094 1811491083431 869581853533 526618562135 1579059480186 2002863116904 163872234568 2064532101856 1354169827941 1612098075366 920325486877 1674512788046 2186504395185 304964883793 1946850813179 1851812917080 110770799807 1348818759446 1310042762463 234578967533 1925423899605 379878268030 201399439844]
[912040527818 1269696149158 651806535295 1657208237898 430720563346 78565607232 665879890568 830925504981 509816739329 920647496793 731980421779 1624202344120 761115176496 1659935634088 749413300966 1763374956465 715977487826 1571029852127 2084214748593 1227179137256 142108989165 1577181349728 1637297995282 2054560726767 2139747825873 2059237441806 391795331841 115241208976 1363391703265 117253877657 1333795213613 1062690113665 1745999365008 1259074793133 1676738880455 1105069058800 689374847549 1751385510302 1908787105092 503020722511 2128418373332 826274370419 2024252607203]
[1296344575108 715623588554 417650219143 218510679369 1874266650370 33397315829 678946134929 1848148216863 437319686489 815989004260 81257345845 1385126108483 221222917587 429103070591 1661793999604 1573552402080 761162893538 331458953427 371995899178 1949998476499 217253615112 721278336649 2176882476771 1717427758756 1931681543396 1466808334943 1994663996 1334207019351 477109168727 236219243201 1522717270357 1658782185668 1043897278787 1050213275069 856429937798 1150540718549 1003103637037 1868991986562 1266658592368 1851251628338 2125052145676 1575650254962 143819862527]
[644388006892 1687113457818 1357615749673 2184730209217 1612260601238 773002090050 1951617182190 446419100247 1296613662544 936177328819 951111438894 731736401317 954375593231 1182400129089 1344189271926 4885583697 1818211833464 1874249800370 754071449081 1534310667245 233200569996 609370857104 1066917198275 1446150027490 1266793084949 533736862062 471070817974 1215733466327 256712492684 622901037572 164795861028 817762480948 470699658352 1402901817151 1746744657244 933348646609 348034110139 1252758501375 935126538083 738453851038 1670217964709 1103509617206 1140887232533]
[1844264943945 952541492662 1397694592097 868105038990 1943847475991 1314357433728 112401651122 375946277941 1908830188969 1719381316939 288043103843 1621208374869 664061693120 32456632258 1065233721505 2019665092381 1859029470375 727688528126 1509320926557 1944330858950 1795944731271 77300316266 647343175869 309266545854 1621826212323 1732588093716 1653737207295 1531453896824 2045670832929 1500304105834 682928654785 1713483687726 2189450696239 77943987059 311600097164 1220280976963 245412156412 1217299908918 525973953320 879961332754 204261680287 1420841612180 1747464142064]
[886901637846 590979671921 1387440525692 863638955839 322418320077 847485372998 2141318805354 107877258327 709246663404 112670564684 409109153205 1515799345761 1776667393979 1990487810102 1510419682763 292195808004 1093280866304 643393112710 1113008113665 1261507654963 380570197806 1436663123947 735931883928 111045615198 29416640964 1911626468445 1146602567822 368183910642 277179499221 1395123470451 850080568405 1875518265359 425519386469 272326161809 1575259759291 1970862657047 1539158946929 1038722008669 401212678938 290170493488 416782214369 1165112319582 1620639757760]
[1494286140872 799715642962 1377075855365 1091725723646 2004083672545 788275520615 1090703201840 1862021453728 2174032905099 406261778885 1793293812086 1631166179155 1338583023462 322628896617 669024903724 1781075759257 1424335308425 817298406377 115421044776 947447995919 2137211823646 48320369365 1854359503714 982148016177 443346967577 168720607877 569883894635 1396272207112 1586556681895 1302866370668 1829494968424 1073889249657 986969406587 1132212773757 798783568452 769098635286 634337615160 470756503909 1511622843712 680418839311 2122058958245 1443828143558 1839326865927]
[1692704222347 37080965576 41256332067 1437690267513 1364078002433 966117761386 1860833694541 1021240085036 1759973613056 1175511169377 459724063216 290463577545 492302740703 1616919744719 1312437250530 827603957211 1233143377674 385816183119 838531225733 288494199677 499767219012 1569132539191 1722256986567 1166183391891 1834008886432 1028962695313 2157778162870 608714130010 1654348665355 1633899195838 1515500061358 2118529779936 1146762141622 192187626621 1524863021005 339728958930 1519939129477 1056447406881 1943358696964 99558715615 2021215052642 568659195646 552962131087]
[1713415182267 224219749087 1955823271760 391341124868 1796183553783 1948219206032 1728970952171 363422132295 594193407721 275658989371 1421251182690 1865401018001 1636342278572 1359351669792 120732145515 671680475374 1719496490176 1160694554822 1030954897469 1183043518873 875780482631 1888471689727 365653829250 1395346219206 486130597262 1327406384038 135689120706 1075194422374 1248382670974 1961941742562 421255584459 1674140365026 349585957628 20049439006 466197923195 611399137029 1981054713527 1146956950267 18648735137 443368914638 523879652891 128079294963 2171114393757]
[166729745537 2048520772112 5780728330 564030547097 812681695807 1505496455383 248538901141 718744343886 1480694922553 1908938530168 1249934937986 46869005457 1008077233613 276663506074 889102266962 82724020601 969823739932 550560636903 586557835931 344622609345 1021391682689 274566674339 121945093431 1336952125885 1861632551649 1544623540783 476925002687 1017307858044 141499832444 1305828981158 413518759515 1862210180906 864160290242 1174820512966 726775777176 121057895808 894538721542 1660294268916 2105630624855 783452786053 491651875033 956240474110 10871180139]
[2180541940662 1033357774812 2146682878860 1879149585909 892052550995 1600944385290 1816409874148 365433062693 1375520585168 718223765037 1701742177658 1590265504377 962905163415 2150817343494 898835893979 1806848150552 1902024536421 2058977408747 318241954687 1855304957820 1333492471044 1694073886634 2108951999643 874931117906 1935950576074 580750717247 1534343248436 1815983955960 1572350037495 1065471919002 1539040844279 923416873136 671928320014 1505939295806 1141709747156 55375237219 780611421125 2181844670615 39768741399 1185647809020 1370474538064 741601694090 453768232002]
[1151032708806 170044799855 418435209401 1335390708134 1782384672309 254299613032 872002252802 1050517431405 931883989064 1732815190165 1224030823261 1357459698090 1462654919567 1036133878886 2036551971733 1196994761891 979779665030 270487157694 1659568465290 227778629195 974441790848 1479354684656 419457414595 1436652887090 161993594699 532549555529 2165824570229 1895056524032 236999870888 728331530819 622767870755 664332073743 1057730571982 1617452395081 912010215755 87967223021 476488080245 1893861718003 1290100784269 838709246710 524480657486 766064054823 1405024467966]
[948449631503 2039059649869 1729043356715 2121266231258 1725388617648 2043943829393 1296953887034 1897769004321 1446456650467 1836076788006 934156817329 1355809228310 959930381401 885906877504 1666328801512 1899338010692 20204665262 2108173020771 1409508577182 96034189968 1457455184065 471993446179 1204217571568 731333281672 2059203961928 1537115963070 2121794944363 1666424563344 352277167521 1290308505526 1476008549189 864995396200 1012503428681 789079883468 1923728022108 2143701283312 1338089751220 299388377390 1885250994344 986267303552 679173416893 1027904497091 650637033589]
[1931602335475 1550081162032 497519753359 129632108483 1840162122975 1455548543078 1059249471823 518419256829 2073610200993 833476153372 1596130418602 1414761720578 1088741906256 86647791453 824002080996 297140055615 1435126285352 1016552982144 160553775915 234384347345 1439149343121 357017254822 793980725520 927573897277 935983938981 758562526504 957243213031 370919901800 1976703635936 369129899491 927984970868 987390643670 1994963366351 1805582781335 473907250101 7254649543 1450291950372 1139566156005 1769862960202 211113315875 302787037900 1580430250054 2067501557280]
[227065820538 347996221219 1941155528274 219331439668 1564343877395 1032070543072 1370764293783 81855479466 488076265752 1213962085537 318771603798 2193125425649 1262257956443 795782775558 1552887270633 836511144294 2071670842017 535239848969 1503809469395 1932676932305 432595183526 1625420103387 616962942630 316093825270 2059333651659 952462656663 1949286658561 1358578002628 1179936611431 810467658063 229480919502 19188344359 560676544120 2072288241111 1502508037548 888387633433 1521041600870 836674412095 371785775554 969830328765 602531432863 330573445618 1377736487196]
[971118419914 1094220940897 426212909454 833648320802 948079562044 324390752778 1472394335290 428277613045 352112213733 1983842207887 457222523964 984369653588 1027633106133 1312239753686 1689736324437 1314220220711 1025720591306 1187144008833 133625966626 315681896168 1440639326049 242292108310 2148208545766 530694564830 765606500864 326167957399 992840446977 1693667002760 770890281909 1232039804889 2183043432090 92464558751 1364068354519 1287725683807 1157074900518 1335431152338 1896477190440 1648894837802 217279234370 1825857427210 1386677658560 1669678868110 560074370804]
[1364356188035 1547992288021 1654573878005 951352697373 446817124819 1144608084481 1658680104226 860998827584 1585625873791 565528883652 863404614724 1159992310057 1238576332638 315230536801 1524042134688 454841999502 2086828026092 712848882650 572798835202 55991155257 712397936094 1212853383988 446385962660 1042257742513 1730972435871 1941566194747 1265292193190 830950938826 1037466123409 1481340532676 951613404287 1702104029078 1680031251875 665639574193 84921416474 1773601557069 750789329516 1821992182555 720572975517 2043175556536 751754563411 1073784571600 410396021581]
[1691163512753 1803357684923 2030775954450 421714852662 1213234954737 294126262620 2003301707292 1877624273038 713500571264 1808291556315 1968569617389 1374741854043 328931796889 524988188305 1259370349087 563700602909 1146217989718 2126355860688 2120422774011 1823440234086 1338058278846 913372938457 2052191026296 1744535184368 265673643446 1483738963779 750100862568 1097609119490 1834468479846 861537728517 1624495342193 537816240518 1987697079844 1091866000906 697912384868 215641559499 2061463654732 1958512325920 1653078467206 2008566551081 323663328990 221876642401 404507759908]
]