[[115550433478 809913745642 1951756647032 1705704452174 914711950292 2184416016736 324597903140 1872777954631 1126562659411 1338022067149 1300990974417 1699198543738 1645659616021 1089681709869 1368873466481 1216369121607 1911569386 457912573303 1670919897017 281433950462 2141484231485 64937265328 1522790518165 1875865615111 2129686824555 461545699012 1708941288071 1044461063620 1583742619037 1782417937574 25170129759 1624826892577 958743528301 1348459824921 1609740090485 1816554369301 1382697203926 687589239440 680236962587 1282232662400 1794094551176 1478427532838 2108696866180]
[174831146112 1404341661725 647996333793 847761138734 1057879619271 574527727055 1528558188535 92332615464 820743723734 990999643358 647865026979 148605817554 2095370706721 342347300897 115148725322 1210581022028 739858028372 445187463355 2064398315185 1518856990993 695822667749 885143596941 574026142037 1265429920431 541116509038 1607376073781 784024242602 1293418110547 2064720996024 748062212451 1745976438338 2170876330397 1778185301372 1476520338892 161200058930 686221792634 386885332531 1426703856151 1603702333804 504019925968 692873409617 1502384021582 1743769507675]
[395184675726 1845615439888 1722714059959 751187760826 1654493674845 1035626903472 2038771278165 1783915278701 2027638689471 1936659579920 845658667939 2085646750455 885314436464 516688700848 2084826666833 1938950388125 1175686116653 1739364160939 771849790941 1867608737824 589880286901 123635145480 467506290216 1406830324207 1418569797930 1564527295469 1318137879312 591848178131 2122744763150 1403071385056 1259878715968 1512539733106 1574049164688 2069082609794 1138311349825 523521274106 1088101462254 1746860987758 2175586751173 1854271224905 1688323534910 127482306463 1139657021123]
[760529820987 1705434172873 1431444252654 1616890417384 24467666237 306326811439 455843065576 1166576590101 2057991104180 872028968132 1743363396445 1629512194685 495224464078 867045893201 1327012047203 322098930180 1819807721380 1032346521407 1146989389849 666943873110 1064220068492 652642615982 526547903971 1045874699226 947913791579 1814244174867 170810981538 445932408838 1650849408981 1824864608582 263331910711 1457713431048 360949513834 841137315191 1773080386483 1697473314487 1204587239189 286863621498 401376358066 1131451446094 91358890525 1219375000853 779517800167]
[731473346106 1064334178616 875657218094 2059351960607 21786512852 314097880593 1380093151040 518515461664 3440875424 1041350747250 939170011375 848847728894 594201294379 290990927441 1561628734468 939534368453 585718786102 972552531086 1167059819900 899836969831 36060179599 861622642671 789454060506 1962619984136 2077202115422 781791731534 564490651762 2179863336220 249608604966 1252802588129 43206683170 1856794763934 591310333714 1317147545194 1614902754085 243396597893 2118372921369 853970742503 185211010954 232014096448 69858250189 1491021090044 1392119096916]
[1764077538530 503233800123 748366001026 437763099829 587146137431 297906122376 1820522546061 1984139293833 1976963588456 1833660039811 865804756990 986340361828 1208357990945 616705033956 1519908654445 1342393494558 639534400752 2193590823857 1708215302405 1551638443448 1241623714738 1869759456578 1848759325229 768699638748 2132450135548 892780826536 2003329813012 1572251508620 1355857522056 900019931427 1449935792911 1040946767442 1967511573455 322781289006 1204225462055 1438670964717 154621691909 1587415385367 1999884102654 1034290228958 2195899130990 2020219428929 203440375449]
[1563735644588 802213492543 1512256396556 915542675254 1924274144065 872885415614 1272688334853 1827565568058 1533889144298 318428006177 1117885041154 1235154664895 1577604980156 1362002929653 314779471530 1658397433317 21644722507 1541362469278 475974314107 1717968530096 425500634385 1867895415722 2182846972049 218266952360 984307237390 385156852266 2155528504311 867272094933 2069891354703 1345732756070 91513435862 1629969602809 1623968828097 84488380856 1738941162247 1750698021368 2184107289604 366622653412 1104063293015 1801467477672 2114980230216 1615759754738 1689028495967]
[1350556907913 1516973306028 1571935687457 1144537035506 2160588730709 743681516271 471225773733 1454533200664 1662684634254 1537719042161 1792843629686 665422107257 1636941834417 1944285667551 409194940826 134007851506 1147280377856 1737991714232 402816514170 1471987324853 362604002336 1978003872159 280379587234 1281040627212 2056323435641 1674414926169 1553798246539 1060535199926 1472642499788 265612644204 2112679133186 1886723969244 1697411099036 73365598416 260207387210 1744847047107 1233919108991 1627490825249 1730966003365 718701806939 1294104705307 699914710449 1741729183435]
[490069857176 1112357545361 1388051348983 390511858148 847526275261 520005547136 2105955094846 444386210954 2129091236653 803657074972 1153727939399 1850230384179 1033652685351 695033474905 278957299160 1591080706394 1598599809438 567924359465 858448553405 1989487941748 1381959218637 1613900130868 1204216748660 741387831712 1764568848798 1006173285916 1974247607379 340707552626 320850394777 1663554985824 154392300183 871071043849 358617546037 938121989331 721890838663 1822003003377 2008411534866 1171240485749 1080570299452 799046240366 1746348044842 1909989705605 976049766380]
[396562052712 29794912664 2188206857722 747490052536 309315508911 373107145926 1690236878383 175853512872 1687173744124 1866774453190 1952092852160 1011063932702 1070757694067 215536007900 1615553599837 103958779743 1202400227043 1437287436907 661097102587 1751101668073 123730082585 402722851143 1446991416757 971546069804 505951172814 1665267170760 1270029368790 985662229329 700773651271 1096489454747 1775802138501 380868351855 1889289468808 150557951220 82903700300 578656646397 2163755825792 725508481776 1304450873919 434403489845 382888643526 35002668454 1212578588570]
[600314115340 732109462886 277117154537 1697809808799 2024302696310 1330396744266 950456874682 540632295311 1614604064362 985221660822 1105198388503 170384684700 1328394717238 2142056523541 602176690216 1835587487431 1171469614345 2010912043528 1127308034212 1913208813076 152613060481 1384913792930 514428608911 11293668153 997989965861 614868325934 1483968882416 299583298352 1664870165304 239259395248 818704986634 524435338374 1763543957079 885652939342 72573571217 1943216113786 1514483266321 572175200482 56230271925 1941367575016 1854884607975 59965789152 1372182858977]
[1413764788084 1243188406949 1609641789253 604603474356 265477350653 1781034489289 1746752937526 343464273391 796124742045 849379295954 234129504724 1154000330899 1558715325267 32768969351 809497901419 1952338015980 28124971449 996856607332 493882766261 1266842666303 1487372327633 2112491512184 1798581881345 489420682462 2023898981389 277037697790 832737324362 880805780425 442909586872 1347433352077 51158738869 1763239829285 220708478545 584915930021 1705802110569 2707532297 1021214120137 2096600150724 361836168557 764379540827 278331735782 2073309470237 1133413492729]
[245792390213 1197391822007 441478335539 230512730746 10253080972 1853088110571 850505417430 1867214969972 88364795534 946225449821 1560518161431 143617836190 1080626142981 1912828370285 1288306230029 321160240271 2058741362027 1099887079342 123448908046 1169081364632 1435930788585 1187053047083 672436647411 1742863957130 1926810025003 2056382548694 602571492655 603120141281 774433486529 528150876568 1236981775023 999886411764 1135009223885 720461532186 2177215295729 1900891135561 966437025131 1063992028737 2188076268954 1458148924258 1810362136221 130070986861 201755862621]
[99175604454 348787137278 2090347306870 479809038985 1012087817917 580286652249 489709908717 910711440599 161343086156 1430277247350 1847453603445 447816984977 336416248615 86583728704 880882985354 1617043509623 216077342054 1464490060030 667167755190 1744930868617 1342616514188 2131961501230 1688082235993 1865855800173 572581914438 858232611724 1185998289816 639312135891 805048533389 8913714739 1310082432501 1721797002408 1959476079425 782048512775 1420811822770 594604313467 446537638117 1655622194073 1117695880664 1100835752914 565298244727 748450790777 677555678939]
[476672113255 324155230417 2055114855110 851944548662 8274642857 2193392634591 2157850756904 1814835841657 264101710284 981314067096 651458247204 1379702411612 1571824272766 1248807304333 308618842252 1964653158685 2097627287837 979205602842 1990493052291 1331213351717 451504612126 1955155278805 1755804996213 1715250419188 646531500039 1350099336876 861848713745 747398111130 599018261937 1866591762210 717013794894 1966131177005 1008283309696 209922915902 1813163531597 1464456473397 2064684450197 1511844288078 651693639278 167977682424 1012203534078 1917813064989 22631271526]
[1774620429544 2070159026794 2153555877799 1201180494247 661781735812 537911187312 254684213557 1853101980279 1761705303047 1675150988752 1184590320007 1421069180839 1647127890722 464842637518 2194221682344 148862351589 980030040432 329241134539 13522259483 434181681402 441145066727 1773469205500 2080764096645 504522676605 146966021393 1348286801371 1283018854802 1718418236898 947067769770 941892582757 1393205835166 510006939593 251693187817 1417681785883 1392607773685 1975889555855 2094887747601 1672903111918 912082345305 1016516013579 1318528334383 258709920671 1663748582843]
[1400351960678 502727263360 1464899327899 1327964742490 1682586666702 1118056069191 1759028171153 1811644593418 204875692823 1434044425961 1164719822380 589442108703 292043827258 947490626788 1852037956059 425771023586 509717563428 1929493247814 1994972207109 355256953753 969431100123 1855166707665 210517063734 570863624728 2000708779348 1676300405416 306794041359 1277681083719 1560674870117 597258265271 448005801695 1387494739669 2003134058004 949157713963 671262742456 204557678639 2128922094407 1803267094982 905619326343 366850632440 1327836831940 1498431318314 2049686636966]
[500401308028 630261621517 1133436880252 82354984900 891464605675 1444577593902 2166991084518 560518043220 1442114371621 2182011473487 1126590580186 1700946623291 871122757037 1637884789693 1430715961461 1903615416379 125325146541 1839675177210 855698176074 185570187774 272202434200 1547883103971 936016514711 371052310168 1167621467362 2136289212423 1601577522746 2130736567452 194524204472 1447435441031 2166607853174 1176021252998 979914425376 542872640164 139129121447 1371749406579 1572337259808 777521858091 1056932211128 1930778774195 1188381999762 2102184685344 580936654524]
[1014617468446 1651983357139 975750152862 1952847396932 269093314728 1988952815644 687710442114 571590416509 574747605547 615183804943 765845220484 1325472314790 163796544423 1910835563887 787240237228 2076085709559 1795658898982 848460624439 2186933770063 250169398850 534140029167 1037221498882 2077245494575 1590349458706 935093146893 1033759763941 911116287079 1996461464938 1123913130423 1648465939720 2045662439060 1383275924604 1984067330544 1767330323794 1544673947180 883378621068 1981001482839 670688296172 1623087257847 2075577044476 1095342040822 2048878763905 1354222428355]
[1432519841814 2129351371896 1570760794794 99917047505 191177460108 1532005989959 106858462687 1395746083480 2050520263158 2016732057597 276426336471 1900354866049 1811718198291 1724704712186 1102608160797 407386073972 764653569166 231044677904 1515078944040 1216334703233 1501816442312 60618858626 674345183832 1236158170245 1140599047092 1158129717082 915109016227 801715838241 1312772088558 1151093114611 208726634000 555980188166 1961273706564 629528676649 1332473380648 1085281905671 1332386405132 409686337976 1977367461333 953201901426 829572388507 1126828038427 1720736343549]
[265107502347 260113146664 317376362386 290870615252 639630777972 1360258443072 1718606216984 2025042084830 1004032346679 1907056053853 713593543996 1935403085171 563422696189 1010292910816 1020122137700 2107918427887 1439871101406 1356872947055 2173192115175 1826044824556 380587682780 140754574747 1584232630049 190763520707 689628512589 1754839739040 1578387197462 1834157709103 639869171731 2085852613309 1361845841102 49880070814 1387530865699 1723682478591 813515349879 1181782159085 639496578560 2001006194079 1137074813668 1265836081084 1435277119800 1760484133500 1897561661032]
[1392605516894 452531155597 1287387040422 1388749553450 1289419371805 1484017387896 439795580498 577635290461 217848575275 1654178892816 895036931101 1223457313491 1597575300304 2106525862748 333989667538 770898952930 2143101634346 1629352320317 1241141125742 1224345483032 461876520795 1768839638353 324820078030 1285516150603 449546370492 1335379306622 434268297492 1411449629362 890035030250 1463402032275 121441779739 1748257370113 1181122275450 423542912605 576488972614 233130734452 255215621639 58004274553 1338365368894 613900669486 2196387842797 706943790633 83030258273]
[562564481298 1188660198043 1383316691717 756876483133 1282451635089 1139703734651 96950759351 1114053253114 1077453969996 2008069272537 1679209889048 402625391026 1762800652993 676712221971 391922593470 2112590946558 2024999046959 328015875414 702130734895 1936594198011 1862720712125 1325315467998 1280503965811 186775202910 2113740270147 45318616084 242761514384 1203545642741 328315429919 391091124906 2052228060972 565674935840 296343685431 505935650805 1973882053227 836033365142 74668003294 422024955285 428635342202 1489517565794 2021913565248 1256047352176 404685824321]
[1220236543949 923101233156 792752262785 593428300622 1811556381217 2089626870087 1837766548194 1951450502429 1314246032992 984079108911 271504910463 532321119461 1517251040769 162974322881 1560993361472 328317835573 147047260318 1829685854138 1994449120221 1034746268239 1840642341031 1255755867884 153804021983 543463115724 2058527539987 1297219301802 282677244594 969655253737 110371449275 116944047710 530809378754 1415491901897 577722621250 158810259400 1539857858194 207729676885 833708406042 333837250497 2109901517959 1373980525172 681524414562 673946823920 1967773666341]
[2052694267751 1416445670757 1827063123250 1199961471300 1102822063102 318197014057 1606308209709 809869756653 16352300361 957391391844 1138541777394 459435172260 177919770879 165315545246 1681066926396 1405089220872 624933593906 1537561900699 680842164316 1887052738507 455139870526 588981300158 2045344076779 1264491328465 1984008108449 2063942086865 165563676206 1270161227436 1068717124267 1413276653550 2152694670580 301491372883 1992033622844 1874130874145 1609221168059 1769799521306 2162923708435 1180729449744 453452223606 212861638926 489999626888 1419945183485 2172351559617]
[1651955596637 2183466192545 2005999395122 1227820212305 995537964759 1429069386242 2179654140680 960350999585 174277897457 1969092507804 757369871915 761601164875 991133083376 2159985914060 1758670926349 1651935358166 795204008326 152066040136 1550482677875 2032333159065 1145287027838 785806831885 829281723382 711312489560 1144997679620 264069677275 1371030914964 631008957458 1513943878720 189474027523 855121669604 1002049031750 1322067504755 1672456868328 240667988159 1158453854783 2141845759849 772530169287 666302016243 2018306559452 2037913064176 444150499635 1687688688825]
[743375680343 2094751521349 1917867676132 1065151754257 600608980658 1148653629660 2014238423148 1017190428121 82386668007 1417249235974 1658394417612 1913333135290 1200903378459 1546159133056 1725691913012 1307333798234 1619446494159 2035836900057 1382474646158 339750809515 111104988720 1374074899569 1650703544337 1680699669493 993368897942 305171022983 2163355580211 1402058238754 174474199246 1198303228668 1544420990814 1251046752257 2035485208135 799957264356 1319624245523 1611960674639 1420285442576 679091256688 677884767716 1433649951053 958054178964 1720374521418 1705571777807]
[313181349724 1927225425004 1835443481476 133363961873 1075799292109 1186769572810 1168832705549 2032061151289 1653831348181 1259184518081 195692874642 1760297308131 955678948220 332207585868 1699065850382 394122853264 1816571521101 459679758804 2020898315175 1199890029226 1746361192720 199237073053 683442711166 1857827111268 1941540427763 816012936812 1646262466581 939764458975 1804484231154 241145900155 2004648802832 714911186709 1726746161865 1547258790125 1671378901531 958807910261 1157679157383 462313329707 1539371788909 980070167823 799043036985 1880722045509 429918463670]
[820921930784 1341786100756 1622414982811 699694041225 21902482644 1969179500518 704627808517 183116744363 1897508119829 1587572323236 1244743636809 629745051033 1819362255280 817696896886 295841910423 75545162360 1126704096377 1173147587897 1415005078424 141513758492 64754742714 1658449682457 855942302058 1845185163302 401526120120 963077562104 719588155007 2133964418061 1461318957036 132800889239 1290807867398 1708706377477 774282909721 1413103540359 496515238711 21892844473 541616194948 1020395345774 1067820749633 709926611273 1551183136918 987178089142 1968353822041]
[1676584745903 497176178024 592061309562 202974662397 1358885319810 677424608212 1231655272664 973625494130 981313323046 891110817871 1977639980023 1361057928046 206015740704 190566780356 1971636807833 481046313302 561780029030 1381901477162 649788137476 156521919876 1268575274925 1479285544878 210261495202 964081487554 2187105164299 1660254399641 699816788529 1888108251167 1578624702285 1554204552126 390817445293 777738959335 265053036036 711140924852 664608837816 1944382656203 249333038920 28783227704 3281511485 857853778402 421660639067 8891960140 1203347422458]
[2017761635993 191859776542 1738662566966 199556132522 818179064113 1528950454814 544454744546 1681914371716 1436262962558 281906203831 1932783911388 750203330696 1740554911619 1275017753145 268049367800 1991500719714 1497067439847 1630881133290 401203903030 493046673280 999802982835 2141218460491 1925759414284 532738697588 2157257728766 333932960363 1180573425152 1999674846262 2187653677128 105573894285 693465082582 558689849100 677962501082 1405233717603 1673521542233 813009418609 755344808259 2098644649103 1224507730118 823159969224 1076219056380 685174412853 1390292518036]
[719749494853 2023143250239 102358393823 1897892115495 1471031094354 1685063715043 524648940327 1089099253130 2045062546687 1930403516614 1194403387462 790049852559 939724050074 2106985873599 333996575062 918333116108 1252946807789 2012562657027 219903591972 1788847637093 489540273414 1836769816950 289602663401 1062447343528 839726532919 628408551050 1068155941882 1999313290744 1698255829602 1669622470274 1068468556672 643535363233 970340308097 165667552956 268496475507 1304001717400 172659588346 612582366428 2148124267996 1070001061953 1278195683729 674777676108 1413504119740]
[900701274780 1907057623405 112072019819 547965117356 1619398526313 159535239069 986190596613 1005431753440 1102328476354 1996915370658 309449586933 1193230639958 1597822048035 1320353643204 1062686773814 337566544808 232015219034 2023144914460 2103852578343 1506409808123 1376938442713 46695607675 2094980872822 25740971036 781835942549 2070023262207 715465213300 2187102664 1530622445430 1539349102339 1634033540918 1220432531695 1165748609216 1221100127945 425037102866 391530875151 1101353637340 1305957448410 1745453661230 1461783260307 796282245570 846063208478 2066211438390]
[1562211610490 833148448450 851887782755 1905829852248 835590376542 1067062905520 223797505228 2052024631594 2054860442011 1464239461901 1069421359533 2123198474252 1955086566436 580984169089 508200376300 171488844120 143935501027 1758867455337 1998658137918 61316466700 1822171285679 131562403097 93079617024 55869479833 104104629579 1311731401244 1759029850265 2016614332133 71519709487 368325137862 1068685350028 992184502760 2180109204713 378526157142 963907191017 662445726146 1907173645022 630001388988 747207718900 1160644223591 774821714298 581687034052 955682254923]
[1160498566069 1081780292804 482856485757 221145244162 1518535339201 536645556196 1456454191879 269495817723 1753771494750 1993502531019 343551078067 1537966798393 2009548446601 393447195039 178906334690 51486252190 998035181138 1286026822297 133902716630 390357577018 1110697395038 595023412522 491408843545 1407214077850 1594851105586 1263464968336 1997541356617 433822205457 1996969860594 1529416254272 781001153707 276772607214 294018862743 558728341699 1162918085306 485603728616 218276948400 1116257852278 1550923454411 2180202167495 14429391979 1914520903299 493041226224]
[864320621685 1757185909093 584649097527 1220508395093 232746083073 1416980722469 652567664301 561285396557 953301485919 696013336438 1868245568142 43661099423 1052751490130 1501840545178 141392794139 1163152595101 195393034075 1173831316820 2184601946374 947600667212 37563171699 1000845769990 1640444629167 1713154265184 1157547105392 1248442631686 13441747170 817805164175 1525533875161 1274041366276 2084153607662 1561356411560 1927009555733 995834782914 921333356704 1509288658972 1308734865794 1998483618593 1389174646056 948094470889 2120626139781 1366295106911 580598160575]
[1831298597153 184904148295 1202494616944 2064308819948 1941391163595 2162601602812 624945450945 277690921679 1968252050962 2063154081144 406861026908 2191288115258 883582234668 1076604871289 947013685516 51604348982 1266676173224 1891993391831 494411829431 1165042138125 1673079388288 964950140108 2029464652200 90388595662 1596462722981 969577530908 1329676221306 1910990645711 1279489179081 1335288092569 142096356782 518090788826 856817505468 1240919706518 1611124954126 488907172641 330738895270 910391817069 1373395616022 920197152284 2058838240662 1010811133700 700564517246]
[1148784904050 1488069669341 1019311333036 2174859869748 795151187710 1682103586427 2091521177025 932481795410 1023746718644 2086441924273 762936270926 1684161175911 897756705953 1019648436718 256019887020 2058265074093 413056261247 97034169205 1341452182696 1907226461274 1483558727550 720326054352 1336575907997 1680517529052 1381900929712 686098156966 649310156273 280565586900 951731432097 991192418325 1507125962634 333398442027 2071781955178 811162944039 141717384333 737789368179 1171133551171 37725096891 558061564611 491443259541 882813644215 1309866307584 1164627054999]
[1312354018906 2131866777899 1388147347712 1197065712067 1122330812373 447921686721 100263739387 772633678109 1395933547146 264680328322 1514098568242 326730461276 1227079813082 1228392002485 1951627699638 1228135239443 64890542391 266249743282 199568086491 1771212840902 363893309387 603257329883 152502918509 2118137783659 11281071082 1073587466637 203372238971 110913223327 1574267705872 1080536866475 471268032448 522304405427 959847171595 275595753799 274783538592 501113646527 919930709874 348724427948 1512937971223 1230496177992 575628924082 309636118313 1923025823641]
[2012950072040 325450637946 258344930410 1978228464929 790847748568 296223522746 1762353071207 1003773513356 866883274150 64133365055 596757995669 162529228013 336396017648 1401879109806 894153555058 1574182580560 1261913867095 145275428394 736951016280 1326336117710 83377603522 72819134784 1839543413729 1889824544225 496958635202 1344502859075 1079637799963 2150044846227 245617121 1000185706031 631693550424 1378173564302 1416365688636 995714635588 2027148814302 787705451763 1617945299676 644467324756 359841595528 1484296570894 1205802438757 1094227170362 2180866880660]
[280225339922 1206914833207 1301275874776 1366044277235 1750905002592 170292234768 1018166529410 1149652622740 299202558377 954137034456 2122123087480 978558953952 1693593118577 530556110001 1079969407549 1753422980544 813912958970 689970006130 850422132305 1995785409627 542304186234 1825396720162 2090462753612 324306708568 1338742516739 1522720479627 260383715881 968022585806 1932557970085 753181522202 283841101696 363319032074 1067042479241 139098169497 2113224208435 826768945710 1212725517784 1539170757713 1983085402835 406334759506 920233735923 1749966860278 971594728834]
[882218453480 1629846635336 1628847698253 1298000042513 2144466842472 1428785735073 2164938355958 816061995234 1765702200098 1768892915104 1509405585817 989744733728 724187781190 1317240302288 1730651276587 585598700764 2077147483083 683677264446 644071230664 712492466803 2096905504055 716791817448 517363876068 1780879455806 1173035517821 566399244481 1114588942325 1153637049844 199926835436 1905380575692 1075984108070 284622296955 205115432311 2013102664538 1142285836679 2017967226977 298075412241 1993925905825 478969999785 888212585340 1543585764432 1776121416026 975931636466]
[1208399887361 831152742106 1698619822854 383825551635 664410032585 1342211809403 450935916042 2181591584415 1643693862920 2167648090394 184190417396 232962069196 2186894899857 1963190446098 1350056187814 1338336547938 1521406904591 586379555681 1962125786610 1951822534315 91716892866 1286352254924 1386205535204 889638162941 138585208292 1070637606496 1966034477937 604718588151 695076611436 279886400379 378925668670 732478130923 1571694052218 749045925345 744035074162 248642343107 657646916430 1586104274474 633188689246 1368510181893 897666296158 652856932763 138827724574]
]