[[1975606812907 165282057080 1953045833685 1202248331772 665338022929 1600181803324 1533949504510 1446472110686 1686792600911 84393932371 1006828163894 1479493374683 230036250151 1465145665518 261956902008 1361484821736 1208163377612 1013840893175 1847831212654 236015188727 347992064836 37723318654 333313153388 935900552297 1880601041749 1964632773614 298470427025 1265532624490 1209924438976 962481275890 1849540431154 125645506808 2018151870025 803698884703 1207494074358 449488804656 1612571701265 1920573103663 2164418330118 1777323929022 712553495302 920605813079 517378349943]
[1558792116796 1472876199646 220690093221 548867859618 548381117292 594605100090 76235210926 2075847105566 277995802422 1647271509228 1289450202589 1261001555532 1279254695466 332329486072 492620714466 1726406425312 1501192591068 2078874380078 1498973366998 1974798705811 1113460857073 129824540191 2069619307117 686032310563 1745273423932 518214860576 1840734224192 1698870948159 1724765887551 184936791569 2042384860407 1543176861365 816677046425 847181813461 67081321431 348597503974 389539819337 1021103749144 948442439571 610768146451 351905751640 1067471459569 1095617063155]
[1626304110726 899458052765 768722054539 1917102166194 1063180914889 1446058214224 1815943233985 656658095581 1259450875504 2048138274620 697056202447 1776803868129 616036725060 2165860556712 2042729681252 1397388187015 529565854656 1176264407697 1413339863089 1896517865112 1459254560614 2131528987083 966178205520 571555738865 1062480174009 1162086398626 270107940543 1358835726854 1402171599712 305409146589 1054763481323 927031815664 820964740106 1077820566951 807572757142 945749515733 1322333176023 2024174137468 548829303355 258258966419 1639058700016 64837034217 925025210647]
[2158768078957 226563749233 454097414693 1623977557723 222090453035 1526254390977 1581290713808 377529149374 2174653034053 87990770717 1696872942663 1462779862997 120559296510 167641509563 2180522393539 1237750368366 1562140903651 902773945452 14855572359 748519270483 2176927712363 1223519313753 220051024011 332810302984 547422463424 1816367347108 997041706490 741373673758 1099951761881 564518322435 224354738574 1131590413525 212081519511 1649136309213 1697949308125 1822195175399 2067369931181 9795496129 1610430906935 921881683758 1486011741954 583378201089 913235438412]
[724234891079 2053968316822 1331303094387 1039763417578 1773518866113 991696375255 548679276840 1492185974775 459029203161 1396116649975 402845543743 1422445076628 1793301562222 2152609397764 1565203247802 165302800717 1956250647430 1261187220619 1122760471422 2136589738012 132027272660 583036509276 975319362925 1152196205620 2004233589119 1825547204938 1730609383925 384235892848 1620401437647 866410014791 431284934454 1957167991686 920362533963 1550648308443 947670991577 2187526661556 1995841931275 1141279176868 505503735866 1125775499413 140439931060 1167947954727 898791890195]
[575315693296 1343791242388 1228224358622 1906143945201 1231391725412 1939344955247 1076919054210 25456093347 1572398412648 553365863107 209248530626 487430314482 397234144850 124494388647 1243067143052 470590794466 2038282546584 1595909322177 1521835871676 481406042784 617380600232 760218761570 407314238575 1676994612673 2121973131997 1780350603790 2170935869869 335812735217 2017232980257 1964333454963 216164806584 284360645829 1029274570128 1626944124159 845941278993 472628171121 1970803838967 1797304500163 1803523367173 1110366018230 148676935914 1463732478999 542443845625]
[1750324195731 586923923191 100945014683 265933321076 1537164261753 849658598235 1445761339233 2084185869412 805886293851 1659989195197 1231700373638 1197276095119 839968825266 1835121804932 583576175107 1258757345887 1763191753714 959299726852 1386728253669 336119932244 376671999932 1771240472226 1207970670678 2044992684571 1146773105333 1400999848810 433617609212 388123318641 1940491258128 132385898137 689540544174 1732850331658 2083153032880 2169645207113 1131526673269 1154654050531 2140089935267 1107041928425 996707538353 1653727258135 1388041571526 2075102255165 953773034764]
[1509778538679 845813814723 1876208135017 2146953157374 1181857029320 1909042131066 1977903681150 625864130073 1026782577961 1750614071904 308969373741 117998858865 654225407455 1335181483524 2106752747944 1361231653384 1720504000860 1406536484045 571472360880 1044391347862 2042395102973 1934456349668 1134531585984 682036543876 1930408294481 2176548266414 55662237639 890831657051 866920847826 2142860856668 124734415810 1105341809976 421696799282 357718366450 1368014269108 1737785826783 1031870573282 1693237641083 564155155977 1072943094882 1466931598607 671527232574 684062383526]
[766232361785 1616841872925 626741891968 1085808051825 727395076245 1646863320048 147554606074 127342152630 681287724539 108586262618 290623228186 690080043575 2012832260812 863068457332 857556600165 1228507986513 355940448860 144015502711 1807339499105 253578917838 139566848349 1473493441951 1080536705651 139087367406 197322880440 410986035409 1811231095210 1899189277155 2000031701576 427192840689 1831457765847 1074798004959 329225180230 1694295809356 1320313104426 217636966750 2075367050379 2069689304279 653274960713 702492521997 614321641793 1671202203625 1155731604602]
[914524981508 2046101412875 838696684334 62734221014 192609583007 2154651121682 1322622324919 1590347563915 1908194922279 472567834395 1051126329106 1907950399980 134034305419 65503683997 1175722485048 784978216488 1827885766975 1588098246034 76531499647 1854436023726 2074509291914 2152151522978 725648856126 2112507936759 1642794101083 7247104998 1810725310190 1781762265630 667402423961 489226136843 607903996493 1208355438765 710934620724 3872768376 2153620843331 2124678392284 535423086693 1933733194843 461114136993 2112592377809 1549667802083 744848627907 183825688810]
[1005425866831 93530439958 1453988074941 743553769993 2079116634308 85629173726 1060519492523 472438019915 503400540805 1488795600878 181254211994 810687734458 365151108013 2035117372799 960337377607 1641625415732 98934517387 1599243020921 1005608316549 692957689296 565367349199 1663355876139 2101177435535 732488970301 1347293398012 366324421627 1854560953741 1932882152688 1709663224377 956651349754 1975052276811 282603475390 361697300589 1787076444097 12691271368 2104801215113 1866763463070 1695085836049 373195067920 1248669976143 1957566134852 672771564238 1274389570305]
[504088338673 941429476189 1424909901603 165871665783 1142187108024 704105703689 1637985746031 1021215631906 593810002060 947195183019 1025125986322 1472740831765 1454793075360 1143338952800 1038912490658 897046914171 814079629006 652962635072 22409913068 602349430775 451185486163 1399449095193 91363601396 940700591315 515102202331 196005530089 190261308300 872264366689 586897423847 1107088914339 1663641540899 321290445100 309319936483 1953964977244 584345423109 2028602195623 690588875218 188374932683 1023340307964 1756652037646 1208266018879 1557609058664 1654458407036]
[1028035583091 206455731972 1366034046811 1683216439952 2064066838014 1284148134988 1340973868367 822092029814 1601004637978 1220307954746 682819108980 915110822157 1510261527507 934928437777 2056198328946 1553166529252 1321774655815 2069634235347 1542937104623 702447054555 216186332765 1145236301303 1688184707195 947553867413 1120057748941 902035707031 190393142209 1685476556857 1788964382229 490910986634 1641489857677 1500838941729 233417622554 1124408115158 1149905559635 1107987428379 1034294187473 136778881294 1436326240570 272472591349 1559814290134 325587233814 1451696393125]
[1068861757254 1162408494644 415274956428 804272549810 431365703229 1470815080263 425744852937 1768414893728 1469095351706 2176123231765 1875529894211 582706936714 595746800508 1179348324583 63715296524 376499970386 1771150676151 1323842573005 110890567045 1681222670720 2044000113823 725989106829 319927348136 2174369940814 407069938893 631306677463 1676978497931 1360877351109 1480351614257 1591472173902 2190655649480 1142249763548 1058827588768 1003503322508 921985672746 668338866267 819252817508 1053292090908 392705393687 1090815117935 875753805048 23846902918 456788661109]
[535391599297 773986670658 475282312037 2095029073607 1662211972179 713292194645 1306038337054 1697407103270 1798796262337 809809844708 1999780727073 658683458273 1498615243219 1573634811612 740864384958 1943620040927 25815706874 461134519861 1036771543634 1831969798487 1764023332572 1043638869137 1749581547997 1335187863360 1775179304773 1001128208574 1609640000472 186051340118 342109977254 570211918319 148088379473 1472267844694 2189560663847 555972717310 1729893921307 2111903927584 5673585191 1276028551736 525027244226 478274905075 2180130037558 2180884433989 62287964768]
[1625314139116 828033286772 2160983994740 1965577759636 1713395267313 299479126736 1173685658460 12318405900 790906295955 476194243446 56650333855 1328507426246 1940044721157 1705805774653 2092954218809 1874129516647 715421440937 1476068145070 1038766637994 712081259386 1303957215616 1953157770860 1675768510582 781640162268 1983044136070 1302943550607 552495434284 897008226630 356860088944 2012053654834 2171047880075 409026783223 1579851089936 2192918067181 1936955078681 497030882048 1246079815453 1607380455456 520058575736 134444417918 1940011818061 1612880350517 398305186371]
[966624214128 1493044685443 42861108355 1107451246812 1310941100770 260427590103 994097912198 251524299391 256071984246 1784652260804 1478995556204 1390335430871 542383693386 400811105358 181082865055 59878109728 839196692901 813081791583 1000688122204 1322774805218 563007470995 2119364988535 1900652616910 432904902024 613472155639 533566630311 1272698403717 621903796725 613186820421 93246160824 782782625660 468522970986 41951248119 2154350586744 2131238298681 406507033090 23958090440 909298812994 1037304083412 706424731534 1773966680344 997929981853 1965042645382]
[1527673062275 619020140064 1593627108736 2028777496462 1892952778964 1404032718661 776192538567 1870473346148 350103157548 1565302215447 1190489493449 1597910161549 903841733331 2033613393406 339417184343 38270041532 1078034161000 1749081478601 447537861788 212192373428 1182952445233 707137366643 519268887491 1094974489613 2142061672864 1323705303556 1484489944100 455762790693 1203083469233 647739955149 2077397874529 1149647029100 1989949212671 924867024632 1720665486624 2195206541219 2100029435767 1869107696560 400280872327 1762024856317 1816479992070 259097234928 97655748312]
[978914655399 1925477154302 1163631409479 273376718756 1538845543228 913071955407 194942329557 2012551282940 826986299022 1365389965866 89674879504 155678327399 951768344216 1039522545893 1396319259678 576608151436 770859933242 741811509642 1229088881687 1667053675299 1275781854701 1516225200386 157763707024 1465825665110 1712217647410 1535317734524 1452800960733 951783842403 1771399737589 1779816773447 894344598296 1446924119789 1487495519006 628392339261 2096542156061 408262711157 804762053665 1862787366253 972122527743 2116088080175 1411083932827 140908535272 1834545135621]
[1872124414052 2076457599851 1824195878893 356292003443 1314813862753 1958876827330 1006274136794 31935911420 1414228388726 2144832599917 929587538448 124869358786 819273353495 423568238160 176937991208 726766050402 1309796559016 1766548179293 2165788534858 16490570719 1791460878391 1748957633694 542233979366 294091174149 1647863827331 1534183118926 1682283256818 112697678043 1815273526734 1350343786153 752978412872 1694430607252 181891224351 1342699433428 558718330944 2153545096735 1654042536209 1678894613154 1360876514974 917932228252 1070300841990 1241207415324 123832061909]
[1258253478539 2125722465382 387652535225 303464153344 1589675684334 617999432922 1933726823306 594620317079 1554361527083 28556393167 352100536594 479638617374 799591994242 1622798425717 88481762064 667629421954 1960975060238 1115679952533 2165971033596 994067100939 601191123202 1447805793447 571221140188 1007847801733 313633112776 925814596275 2113839826906 1972339131640 603637812972 1115988595219 1819088118417 970947567598 1997793969637 1866299572515 1972321856814 1792562072086 1306571883381 1967038210082 141731813489 796887763057 616662426387 747650975399 1823092744648]
[1508845080096 1160876362815 1260620779418 1581498780992 522779344108 691165143243 1475782087995 368298877972 1138159013792 396262097519 1543590330190 3811450599 545061305482 866547274285 633674382280 1895979441529 2089312472967 1571163856084 1690515096579 1306833677960 1767200016932 776895222073 1033714583488 254945158047 1270318885174 1437630351261 1497573345997 1342674493427 1039332267827 1194120863207 1633693958829 258288013536 1595735425585 1432788799396 306207449787 1772172335549 2124850287009 528373087296 152477472718 757109589404 1711154215474 687977659259 717378276183]
[269079417012 1217482661754 1132230691301 7057631850 778350979044 912972795757 346381505461 2020995175805 1476438332866 328033999103 52211908505 2029361227696 1206364413884 877821709963 405477999917 80802377117 948743368924 1976559907033 514109371423 1863537750427 1392911547562 2094993402541 1455513853367 914217096068 1123821291390 1109801181611 1461402774557 341902059027 1559133613914 1701356316620 697057381016 1473946780625 761136921026 1507276059507 642782853165 1368768209493 91934309196 186954179205 1155032785700 600477190896 847272001455 1681746546183 2001616343956]
[1821667892602 2164258868549 446471102916 458123156590 492439253340 1452160820925 1377106635619 1549060392476 358467576219 160404914475 1254277750399 889164977211 1708558090680 1038540600652 274021181895 644329069702 2060480143150 2164398582821 1175663430653 959737126473 761896105687 582622826471 1487583524120 1584717514040 641132211020 128757965115 889186400769 295081687422 1164174207701 1015417898140 2194898101800 1544901140861 1397106289655 1927786071764 2095574304298 155460099681 6505740375 1428129447467 1351879630000 1855149942763 1912093114598 1894644843560 1280860812825]
[1703175288171 107355994284 441219596211 1941164978598 676139624874 1870668347264 941407817849 166915220084 1593226624857 2185998724313 528855934885 1599318470992 200172276871 2098781596612 659320764869 609516723943 564256990764 1618318933525 468602461157 367283322022 392560914187 52955054045 1581148511017 527045116496 2112415676035 968379579244 1517084907525 95359502183 1418757116024 1479384845940 1397731804272 1723495534237 1678427703000 667741178204 1229706082142 1716809103705 1918411777875 295192561867 1616241870694 1294234295421 1709562029120 1997208258113 1366240915782]
[1662764422412 2098599360753 717333776915 6164375446 15883525189 1053276169888 1014381903672 1510144833734 742898039550 819640408539 1850247806132 1815283717937 585666243580 934972006267 2067771124232 1236162399020 651218711152 577145797661 705208078838 1434426037228 1735153649178 779729764677 1434084450831 352016601194 1741953501730 105491033387 1672513171275 1882885440660 541689792111 380802519475 1538271493707 812222267843 120499953755 518361156330 777989129010 322418159630 1260244658837 2080463357422 362797715346 332754972997 1633288898875 766843332842 1758143982872]
[2146846054509 1493177232197 1968404231580 341179377206 1339336776700 480128475802 1143908625417 1737642281915 894825997376 45298210247 19653480040 360023449996 1481393870708 1021505399126 357868392037 1732179166203 1897711514786 434872793658 1373697115587 1053015295594 1177059345254 506901846308 1178060155898 664760286581 1806538033728 254334098107 1406656771803 1258269202919 25802454951 1710733999594 761007290267 1815800838713 1516852760968 163535225922 1401849590276 38689701364 210032556824 307960046702 1703704730895 148563131500 429285955302 179720746225 1481657304224]
[508611523258 1131059181752 75773901384 2011372081713 1004166593652 370427645606 1875459038220 24042143575 918283832795 1494384134069 1659883869084 1510303365645 1311707043000 1535105621137 7559038949 2039474988314 504698256175 1260689679171 604170260065 1100998471406 1721662364099 453181497943 1018911737243 2177005512251 523613307622 1040886844886 785875670306 1287705813174 2042924463167 1557152640668 1523019711487 1787386679498 1451627216993 696295420918 1671210642464 613926480761 1597313581670 1982756562376 2031764566545 355148487845 641514187412 113288968516 924282513612]
[1784718583997 1791628797622 562405921144 963000213565 377210319063 291761493769 884628901592 882177770136 716695037547 222284394984 1357141006041 1976236791807 427125902874 746457000275 1921867041405 1584966908269 29090440442 2119301538496 1342328918987 1847785638159 1157403131746 1086281893586 60590878401 1359888061716 74751373229 2033316331120 844627188574 10969332282 1925366387426 818575267766 555645059737 231325803615 887806301200 1970154599847 1190018701819 213791710126 160146327744 747666468317 1934147578157 650027216772 600297184918 103306556820 440325799996]
[376930501254 1192800634401 1116985136741 1678077373638 1818200253840 50858894065 2056613131560 564875381412 1146146760692 869709891700 1144764555640 3462049376 1166723731544 2174661574737 695657897863 2002014189268 1218429772852 2074240932071 369504406313 2065974450989 1293416589287 1751241345017 909407854340 364304756678 673443709950 1666999219813 1655832204857 867428037288 364025975831 784572136495 1996528758983 1811235719371 1682224361457 1717296067268 1495580333489 2065498426808 1113156210857 1112640502521 1682308596422 1934559521889 1406777879721 2137397984900 723703507244]
[473270066430 1347909527210 1646367789376 1389221180133 1926690796628 1962719355889 1204051224364 1454474659296 2000729731481 1862507768947 757430421933 421197750798 360541780973 281598044164 61013119574 138182910 1166202177095 146528157684 1821015012323 2186746234692 1496476147705 870919816103 1663019106171 753271041090 1853553753437 2180710622524 2037415014588 644992089105 1267142731561 259378301061 759700509517 1153309179770 707793054874 407222833891 554126766947 1002619332908 2126361658962 2295630606 839390938143 554835684610 357143278924 1454812380871 106997987643]
[2128645790119 1277394624301 1098171737065 1765129957334 411229130561 501489585976 247567126927 1723153515613 1197399564707 2161768460825 2093076799422 1454730259350 1887164818774 842763930941 322244657447 1187815002057 986254577889 1422086145695 546654565741 239941375889 689638320617 142163689337 1438668051875 75216846650 302466960959 857916210000 203096048943 1372113868425 1455805392489 63677062306 2051302766513 2000701815665 1090009107895 2131339410583 87272687936 2004797240111 769217673504 243314698902 424905083883 1754019820421 1374684956245 1096352190077 1408661840732]
[1748713598749 2027728681696 72922086524 1762123280391 33486518029 1140123310209 1308830733220 972598738365 1620846271198 616618930287 1923359937316 803749084831 2055211716938 1834412239405 320994207220 2163990744758 1853925344369 1454008761561 1156752084474 1257390430767 50607587921 785707182095 1754370689388 1245529168405 1089464108766 2089731973415 1055528293143 1364381582658 1368166244096 1595819177177 20476554519 1840814684914 1460189720365 576492587033 1792985204427 506258362304 1240348918759 1335629426522 1982055908315 86576457729 1416527580683 995591491291 1624808528727]
[1766395431993 828884733937 1584031527503 2089097001948 2168853960539 1725396028343 288860755712 906811677285 1720091104684 1271140997141 1806197364536 586343136433 713619183255 1626123997450 207668251668 1994861913817 676493644431 1744821711770 800501950654 756588871586 2111385590436 266888319518 81020276465 1399011838820 1465070902122 1581383798685 729495499998 1318546301749 941297064723 1750285332037 989220116069 1877549759991 600628648979 232257025166 1556216715459 1039962777399 544193581662 1375812536982 1959719219370 239089338545 1682510080023 1372973320660 1314359926584]
[983649338146 985618099449 1296226821651 698448829330 1603662049174 1770359600595 1802728962660 639553945526 45656376057 1800221744908 626637497185 201157893976 1288346015555 2098223732132 738817949073 2118107307444 1303912447327 722370921981 1569938972882 1749682244848 1169881611989 1815489689354 235763950365 1939314990574 1772423639453 1403176058372 1561410608591 37328562495 347228383810 1869227958796 951455584683 1259477550456 1656369737420 101430563361 736808969950 732021033789 1054094865226 227671004891 502651783013 337150236453 1482202475112 324588376570 1204872447278]
[1558439674156 213002176095 912722704418 431797271592 1888829070134 2023799147851 257249277756 1046486927542 1373639244104 134860896149 978010887280 713943801622 201474136930 1858088245291 238739039680 2093704604505 1608840668978 592950870850 545964313581 1981809967505 1232691513063 935019378736 277272118969 1927743297314 905982214800 163115459379 640740983616 1945690781811 1450869608910 1989453181047 12716659128 1983583401382 409809479168 1663632023624 668153519623 580217708140 969746576870 1330251073707 916059273386 755734380940 876929514107 603989451024 847615030060]
[2073785929260 1236317659585 346901899436 643261741112 672287103057 1786849887973 1526829583481 1597723174247 819136774155 2008627543268 1106307277729 153435425196 768697820785 64055716774 1159196720816 979225406230 75075693881 2119294797355 1432114851317 1545212052153 916787943941 636235365767 877313237394 1394844777959 950047205714 535296689085 1880818270600 536497520666 1644965630330 118541522212 1386625132544 1605758956956 15777416469 1818559727201 419802071646 1886330804403 83931266011 1308105112289 1616003214517 430932709553 1481646713899 516496540753 838892907779]
[1999482152633 1227359298306 1427646146352 509277090618 44603219545 726595150504 1010871184073 1299370370460 314958420644 1095675549044 2188714664722 531293565568 2017387811292 937568064192 292352766359 1677592949523 646260439856 88935276166 1119830774500 1380839498066 994731606059 417713217441 61713232629 1894383306799 2021720710956 456428669053 1961788766690 937735876712 162488783289 1496640265891 113837881853 1281025007039 1404509013531 1641423619691 1999359720989 1269205447356 683805036835 1806589715676 763267869662 1300630126142 86321782126 1673162321500 2085631868001]
[564124193037 1622185838042 1405956273946 1409620301417 1331390884083 2066969634483 1091058167646 456233873795 1040080524418 1091907335069 1363696059714 1107488650394 1513705304023 1715029612904 1471669523745 517173113022 1345602148956 2031809670745 287049879048 1642722838243 347906879884 1484021958326 2098540637295 1470984519293 1289156191000 1984529338651 76434072458 97712511811 1896567858733 1848669549526 1741167403771 1354970904365 695898708736 1398862156264 1545028029349 569277572892 157120195780 881433588038 1222563572110 438600313185 1052159336974 1605131680380 1158375696005]
[581367888256 975053975343 437785404741 1303016919892 962543236040 1944912674223 1042213174603 279115951794 687225404562 1672116608434 797926935806 1815132382502 881888368841 1618128019586 1963401403300 1135172005512 1463460935365 1302661821898 547811338964 681484038159 1250568648168 14065984043 25915783044 1955277237813 1719324653252 559327558934 1097194903289 1597933935677 742520161315 1859705071677 246797401033 1265092470811 1332476620771 1590315606031 1454675734224 1601303798713 98497615721 686326494577 1825075979368 1551727757904 241094810961 1060842547556 2112804506857]
[110544440955 728503305204 13754459004 1365314722216 1946041719803 1745121123007 281500342916 121476607320 1071155197901 408943560508 1970910368747 470566255765 1851705118756 1156616011888 415755665513 234022046511 183562032590 217015603684 994745638949 490434819935 1950409484833 1954798339591 461676374287 1495399790615 683196318441 352256516282 1506355294942 1764506030124 1444771083826 1783302002228 528329356233 1526459353041 589361440337 2177996292243 2021408111946 1910059118764 835514821332 172603086957 1931729684046 1253102013574 476037078142 784567852020 402061080249]
[57911589661 1431208432584 414052051398 435954927964 175416676776 346892766958 1566112153707 1890493966838 1702098178013 1035094051317 1197044239725 1490868375773 2152901708762 1166571923873 989764764495 25457340171 1663414295274 481509719263 2092539208578 432050966169 559378808565 525866237769 1667641140512 137361545613 1423390417398 1902605513745 483439798267 77140385773 1993118350462 92030346589 854207682899 1076282924605 610339184436 1409865008434 1407488115308 702377661140 2084912925069 21751636993 1098494922098 1888950443232 113969518254 1885519490353 208419380721]
[1855021018759 22934173561 604080603029 1143755645007 1401240582411 1682960684527 785432188165 1838149798852 27137333919 381017883190 1422168174410 2003803741689 1314788019187 1351409360337 1254965201420 2021230013112 157196363279 1119276515263 746904537358 423519588051 385641358074 812873555355 461264260400 1982037815053 539521104071 731683810421 1852208914594 840748924517 1456156441346 1475597932598 1721076481217 1998484553271 795262523598 1136904543268 592331237709 1999284670969 1084704431324 214601067295 2025856120445 1497171165658 84748546279 221084225377 1373656261302]
]