[[140425127345 443352774566 807430774401 1661033146456 1709162240939 2013093099953 1200843857375 1686283464964 156106386310 504297928224 2175946257147 456263307787 377503533886 1719768445779 1876322861815 2198616434552 1710968844342 1919056374575 1027981171948 1891504639332 1739673143817 222096745202 575263889970 845681544950 716501048225 1005489781255 861523013168 1264264557364 1186259932839 1962645477301 1894498830093 151694270519 1647018863180 1948662341605 525038429481 1071112380513 272894698438 1089708917925 583521099378 742454230759 975772626699 1475758765460 1553431305840]
[1292980612571 1817341494393 25500533764 1340332306967 1862431781515 87795365699 1011871964123 606527438778 702230409490 140747481385 1500248465352 1629266684906 744122807080 332489795688 745661992821 1843675377489 2001997339016 949238295476 914363976896 390654907889 473310229301 1476546911674 1805080570731 980647869326 1755533773501 233403889092 2569602259 779022926218 1478234820383 2012254397932 1229874626916 869215284976 1750148382758 2110255790500 1783381322648 1568980218843 544250915615 1854951146702 1252143520905 1651623718789 154947279765 534723809593 1038396672759]
[424232283480 1897834265533 1832026739822 813792321828 914627092714 1052752273507 2016194621982 1551349452093 1746276030286 50580142997 396421710039 284639881085 1047023875586 975448776812 868815454668 553774634951 1049701954486 419894386331 471885805906 694264449953 328086672437 1701002387605 1319535055510 1346918686153 1745339471568 17278757452 1553809436173 1490448814989 1102721701884 1062323526417 368429227622 829725492540 1106384828574 1827537028538 2022835170716 1408576294130 2123461247611 691518853691 1745310023776 1134681117291 2070883734268 1985308273871 210935270177]
[1664987779474 1568483985127 696808248764 1575185287752 1905891442537 671526067963 691814128176 1385942972375 968396315997 1260209579175 1095935481795 263698345618 821525440000 1728009839822 1808489663016 1039364034514 2156181237345 1838543674467 955392178084 1093007348653 677425897717 1079780476563 1948435971248 977179947047 1767772271758 1206541530527 1363945728074 575640733966 609834119837 1437353432637 164230218034 1315365517621 1602015420628 1451740720658 1802541423835 1448509732364 134794412769 301543544224 777082597115 846008309892 1449791092867 1083759891572 1489115000261]
[2189112674483 16413926079 2090115946419 2152235797065 1851215703449 279607861313 214811679758 1227460183170 1727698465979 389457327463 1939745330961 1427020502977 1561602836839 299052070127 545122681867 952796521931 791838305713 590864486013 151275818547 1588866790484 2101981525288 1301796411365 399654435566 455062189733 274285819072 914061378082 859397530674 1264792994924 555568661547 1403991074898 2184771085116 781505615848 1232665397790 1846861669264 561118145053 536630577370 696267121348 723939123584 1910954314875 1823950036425 403606932716 1312456696855 2162207100147]
[207846104264 986905360736 1849576832499 774838480287 1864003556576 1558917615162 1929873051304 1313012418784 1108290124399 1502130880675 503292437633 620305015391 1956124263442 1254782262203 173927010822 1546881261084 673622736145 636948289360 1569199713734 293137921790 809050103683 998018660784 107103488324 1408509342786 2123534299352 144129500087 607727137277 713022668312 508088183737 1505735319344 1053446972723 1661014006140 2157376830840 318745396637 45878143088 724999052005 1316629049326 100934992 691979642153 835101718702 1401653277767 105658312192 1890658971834]
[862015849083 1211365607055 2055759061394 384825027971 1836896817128 1445691179634 666915649972 605173590190 1480560838537 2168328397563 29433996611 1218933724038 888755584350 1994724313924 1619571603054 1760880709353 196115647261 1403757163869 1610518017590 1588366132035 1193728497666 1804214312777 1414965977763 2143530825695 130838326275 994901584845 780526430477 1631141524647 262427235284 1377549204171 1448277803439 1995289906488 1591593303245 1729227158895 890774201792 1834590213572 1006825272550 559713856798 779665468841 1016056712512 1005739096085 1269835781672 1547328107962]
[1412346757172 1634216754052 1346539892494 503866613265 800220063532 1265408400151 453336009824 2089032858189 1394876494654 1487159590335 1037974094459 69402247128 432761709653 1046514255269 1160101259017 1077066851140 1032564485375 1381704098387 1782967495819 1427829766851 2104526599174 748211185582 811191745198 1831858418345 112571612307 506521505679 2162896766399 431767784050 56760653262 2034989732176 465399552404 1639785655803 690985938837 164071304945 2138335018580 888693790431 396552838612 204800045779 106083544176 328619955265 863564596776 1888189843992 167383988895]
[1032521299417 530615965026 1675970472825 2178570916628 372493085801 1468144211076 1862428810253 1383317906575 327823541096 1155461520314 109925649565 1509565629118 109266787887 1936514665784 2065634357357 1682959406505 38740075759 1269963011638 834844039811 1800463910611 429254921837 1864530142470 1623481986765 1866174691334 1001989539297 57625879044 1000679738833 502562599301 1053772757724 413515418404 1745229463720 489501247186 731168448654 2031809899167 1785799209839 1513565612134 690369552729 514420199035 468880304310 2085371418827 534392261214 203523223401 1123677241739]
[436335667064 2019608697841 1125545614835 1974671722532 2064216318551 445968074351 427651551165 1878552452864 1606172728528 200399346893 2074191841121 2178594426943 992825981361 1945267665635 315828425649 703249542500 1417080122235 872049688531 209310161143 1627886373838 61874164159 10655361987 1143666995351 1641404438498 2171812965088 1307310319460 1321482722431 1987394244756 977422432306 1957358039551 1850316297278 577607718582 572996441570 1915852649906 2097795968087 622303330465 669315438522 976411702043 38504048089 1263246763309 2126813757037 1966565563952 1511889549214]
[717336426136 1321919903663 2082017536598 538344199519 1104018913061 1429713196495 1615920192476 925242958772 9556621094 543347974470 2172099193775 680269011905 576265676673 1599557867448 1303875847426 1191677885265 966027661241 1219241514644 810957050709 1473362679647 1033278436643 1484810502006 2127431891657 352485732712 1488806762222 118792032829 1567504993623 1826274135456 2022986336419 495235028528 359159743131 1172412072397 129689531341 153281273280 862833342610 1890487459149 1209627279530 23717664860 398685714082 978962648930 1794847810947 328302505740 167259714867]
[107778997574 1114607045392 465948031848 500084249538 2088351441795 213604235016 930010272643 592327412718 523295390997 1390156365315 2031634900710 955596219440 612192463467 121051217756 1947474417349 465109521940 1531580970930 720211504482 231732638525 852552169763 1152439195223 1214883474800 28184052152 1469471013581 197778234295 1526613639968 379321687741 164158905595 1452074209222 1146892352087 2159058632325 2178020345098 434981761891 1292897602011 1774058262078 1837969896403 886441363304 29031997854 1354018748413 1029444276838 1929962318975 1441077804083 1833548966971]
[1017397293035 577569023301 2143319741530 66741291488 714258601898 297972280850 2051216941002 1305702671845 1928465300369 598182466522 556104756614 2063718468543 672550855349 1815807145809 2181681886202 1830603062195 1015425899461 155133088273 764957884434 1905356137705 848246530812 20640607120 1095399689090 826995178720 1163564737283 1323552450766 2085541364723 597878200810 1022608639693 2133341740338 30771310199 1915415002027 969514855453 1542368100359 1535809935181 1432186882159 1856876002665 628517192467 1978008323182 1727854497677 2120390626233 1691229108022 153059418925]
[1969304942224 58897384105 704495466837 1585117505435 1533839884944 624717871028 424657412812 444597892718 1214623670433 1411266217588 654707430730 79349011209 1209472650861 674866121944 1048957912652 494245712186 1496331301981 641404565454 514654301816 1697624384606 2083720728766 1451103035791 892936737073 79069287661 1153946259039 45386861772 915989125898 1561662739658 1336880381311 189801943698 135199865776 1113913571560 827966397430 242924270700 96787114636 1809199958399 1731461424490 604380750158 1704766477443 347011571574 1388199037350 1673566168517 1398477684333]
[1940717408997 965816729821 1439737101775 1432948601154 1746811659404 1059129294866 1561786407970 1146813734607 136099630289 472354579407 399915125817 1869086802191 1208971356 1251557048138 2115935815905 1594145809183 420959880865 674881297122 1135390944731 1801595744920 1776831063482 196293082837 172355758079 1360403433172 692822478265 2063584408878 1351452095004 1076762521530 1658381875542 1029115380668 706709764687 1417817905753 1155762689648 266387652044 920367390665 1873204429145 706533077598 5965990474 366657612528 1442897794945 434662681304 1826594823158 211063798023]
[1849173345395 1082329056912 1666130535470 292186999203 1106409912406 1409160785589 136295855343 1806763923226 545756783004 1557267973097 967368127903 1140297115743 897789834631 188575891602 1165653975458 1965512014706 79591334014 278074802119 1141465252432 17013800714 930956308985 666638158513 281134554708 798249052398 905036236254 1986082715320 92496352035 962048947612 79336716188 1714236089234 1250804932505 1638432097939 1142682919041 710847894873 1830556406935 1234212271024 2193456952926 2094469547307 1836657580774 1681668237792 2008634604917 1550103513695 348453062407]
[1378427761210 1113230548504 835442882315 1970475504619 1731371996824 1109209361484 560404994383 816043066573 285323025164 1677990292591 1562290309554 471047651695 254606261766 1511002632226 1893376887304 1567135888475 2086363897283 1683003133238 71759633755 641678776697 512356827309 748392408933 1501252388292 1393858597923 2151812588943 2125340270717 1374215864152 810616689442 874050976984 280976354199 987910517618 199333991653 163156647040 985199562058 1072201828275 10093102149 795405363671 597371065749 2163386792932 1310011042952 1142837686761 1289808721348 719231956237]
[389697913577 1438986681353 1237712638063 919757575491 1483760488315 1846317629063 1211677412884 508234150550 1948391931635 1478063676275 576733583490 2193316722754 1887964426442 1313255504705 1036371485404 1518425423389 871395037648 792740722583 448237890016 830983847402 392459985263 1057488219903 219428296208 1382863495998 356675992129 1726061365656 962140308761 1806560814977 574219999686 2047380596591 2156988937346 1637774952418 1508212696871 1271706950504 457901481827 287859580179 847174671729 541220757860 2043929342805 372584025730 830129454048 264209895391 887652780294]
[211823994836 2072345117625 231642590470 1430610950375 815888011943 481574356136 1549648188582 1590562269067 436994263977 539442877705 1124790324580 764197926247 2165868020206 2066768118746 1458772191157 676923337843 1547189333805 249558769001 480222500804 1851643246623 666706993848 1522746404496 200433496590 785815557607 314754896539 927624003211 959937321288 1902384188418 1474757870051 1715505228033 572229383370 1921828179184 1779064278568 345158648664 1579726538432 441247745386 1992350059957 1109558641205 70464090326 1181739077806 438422633703 210203383458 2059468513722]
[789846948898 2081961227646 557232581788 1736547371630 987558874693 1574154844752 1040884411639 647675020118 1645971250363 1120625639391 1207899816957 1622099280138 1578504612824 1606055359123 892557640577 1744481311888 1099147707985 795016787179 2000077330251 1209688412672 798524613995 1964819493576 2007318336819 1883516718726 1990609658927 1246093782477 5074874988 1414936493907 1944877720096 421937142877 1819146599347 1240994040494 567477544380 667055722007 1446157840099 1248740214050 352013125877 759887552351 1646553613143 14809314871 1519225954529 1040381675966 1148345785265]
[1468962175659 1382085607908 2130333220856 1616389873266 1630058955740 1574182571558 875714563196 1181455453192 1919128290518 1738724892758 497759940887 27009370918 252280698066 1989086422508 1625211943148 177142443633 1837594092392 2066831883431 626023506436 2098027700104 142610283336 963709874478 863627465111 173611377355 515781521415 2013766514883 408455817236 21502924872 1040423811590 268240685928 746531463933 1529234941007 756029267041 2099615893550 68596036813 1597676400697 1050517043739 1574354956381 2043520542608 1252457178485 282035685621 1843088107164 1529639839351]
[2196248059122 1243510365282 135543219518 890616479823 1212843518190 526182279685 334817794259 1086854915288 1458902608447 569574631528 740354287515 1048034599397 575225269999 111692683464 271990917706 1721393486673 1104605494237 2123349701900 905378615393 1660979150103 2197482749158 2157045444551 379820335641 1042452464072 2110826113800 1066364028089 570548194533 844366269291 261286051836 1448599737105 40636762212 1352395465619 1470636898447 21210656849 608653935618 11891765744 1532875846273 501951755545 213845884109 471599751228 532810575961 77211135602 265970833614]
[1813879388747 895716678793 293828992855 1020462549700 397431968002 512250156128 1693331411888 810647178738 1674139622094 50255102216 1305185135410 1292443086757 7663768367 1263272559038 1767312416504 1632181140653 384161821590 1270145403972 771374618815 1309750445332 2124719286322 315647349598 1907385943027 1626211388376 182898335423 306178510183 2145300921282 1322662706506 1013479593933 2141388984358 2198448020924 1475765721758 1180248769882 1662975593687 1670028201239 223836262983 1742724372363 332537753577 305682053236 51350312442 352242371609 1117638386387 939479682770]
[1775909800024 635435123170 810441499062 1650861477889 294827199796 1338821384529 1656871669256 401766108078 125637509034 192288660556 573848612843 286765327508 1097484283771 1312062920146 1952455355549 2182193209426 2168172085755 1875233271023 1575897045514 2121397547461 1414109659848 34177508958 484829376352 2072040666322 1388659060942 1952225816042 1923407598342 314106713683 203320228022 350587485781 1437854837085 1264348461579 536068118703 745318870496 635001466673 1630312239444 519296673669 1492971264914 1149304486061 2092449526180 684918220274 653028856462 1178529737431]
[262744145212 365708811103 1389574130396 1300621425685 1451479377529 1506429599155 1591043557832 1645215342871 1035024187325 1777406425014 355118010803 1933693485804 1292687237145 2154524887666 644639916922 1075825255757 903154462505 1226651165532 2198934702201 364152081354 619125976053 2109166785194 1876941270675 1646136099047 616092301891 1664724053992 1838594048116 679630376723 1652264220711 1598283812905 2155848619802 522297330031 1843579892620 1353607041624 1301931687380 1374487452905 1692139377249 2109418888185 762553970153 1786494037514 686679220329 389554864889 2087512521373]
[2116453741527 876816851820 1812458939749 48309506942 1043423498940 1948713151550 1697970595441 453641393495 913871028915 1038175030174 1647794992974 431850166673 1306219166039 196265526748 1076441798424 1291131936469 1380279199536 1718527570036 1755125148191 1129555379401 305461943826 1112000697748 1697511349909 1929055614068 1182000364217 676165812318 1069917343538 1943364432455 1063014174879 857845849082 1982017221998 601960281081 1883569552763 2086237280288 117439336322 1856524082756 484809522452 1757484611366 1464136237991 479191680564 780909022030 627329912781 448049518951]
[57084470922 1833535983889 823128634147 1923854382107 58021453941 1346091320006 1077719118294 1912933959117 723165766308 1457304650210 1335463673093 1461860269993 603961502028 64402953267 32891518017 2099059836129 830809140230 1637314192105 2010196987970 69922745942 1790102651622 1435069085990 1443794607018 309268640767 1634632229514 649792085537 2045626006062 348584381321 1116263101918 1326750335692 1917763407322 152851255182 1356557631232 44830758310 1464638737336 23244630777 521755470782 1057153717596 1700022856865 530695410537 420728617371 1862823506578 1616219353720]
[2064342605423 1512618698989 1312051126945 1864567031950 2020550166617 1775147077507 1847967972515 1517639189213 1874700446017 1742928462209 1341569657618 1304074755044 1134412291491 1476213133170 1634265608895 648225132731 868794822657 2146050372002 1527022155649 2084079223138 1322979404536 283505722911 159092647553 566037366597 1090212449295 1422105704143 1484626775843 1825040173629 1287266645115 2163527849804 369515110245 263270305079 1333819356218 1928883491528 1661483078295 2072864475025 738474996072 1757654493390 1134600496176 733545027191 1485408733061 1796642879247 1951557649098]
[1459987589196 860004248589 1011844828561 261887485330 2175563401183 1959784345028 423803037592 1614859231914 247876616660 2081935267559 305310789646 1586348100676 707264314236 1497043256123 1024379345475 780365705178 1372342927984 1304575527344 2057577456166 2114339632222 702806511725 1078406859912 1766201182373 7057647087 615745955270 1240306215336 1550443087131 1229811826887 1956006356669 410899763584 2167772783893 732984827543 1589749565917 1659337988046 2038074819653 686197724986 1438332327324 423187251334 2175108964653 1221492530193 1684435732253 921477089403 2063806609161]
[785761005499 658264988226 2125338781661 1529934373852 1641873498688 709786845494 1819941523314 1353091290452 576566867001 149275555079 2094806175957 1364014014544 369150287052 1376170723495 2029852162975 1350220727226 1758499664152 1765205525297 130589877708 576361005580 1409417443220 1936811167087 1649024247114 525175603989 2108203612279 1975336077032 1952985611779 679127482118 322487064226 256683102848 1952235805555 697475552422 1728634906113 967970140824 488084507234 527085919885 1480221988519 2178295517931 1464334487598 1560982006899 2072629382143 2197693168596 1154079199577]
[1240611379867 405964666654 806335063088 1669315803809 780622951318 284942458708 332575936245 1496805857625 1144612938789 298236182872 1956949038887 1715796608421 237657330570 488764995759 76944239872 1403965592325 1435655119943 1568116741551 879763241466 2099272496569 249341508666 1225996414354 2091328318720 1034856735232 1766891211884 1387462518359 1505342020702 416840561644 1950835665190 2106095173735 816351021895 1332934066790 896051746544 537522184203 2105017156920 560598538373 1838549963241 209815439747 1428430481351 1920082900757 227205486272 912967344549 1142687592015]
[2188320063358 1532853761009 839317088543 362132851901 721998012652 154266187622 1105660924833 471808694466 1164831408429 42684189514 1948300373180 869900694185 132278356645 557067275058 333745442470 1383254757400 2061654073791 1849052553647 1315686229829 1855800474229 1522954108200 266243884062 1062172845551 2021060553734 1131848629748 226409310214 699195029803 2116323237486 1597758981369 1494913089969 659166610744 1865379398319 1322616223654 39644874321 1341936231433 1762624158839 1537406349805 639237248056 641460736245 1865308455328 995037688680 74543090486 955929381448]
[639148064613 44439579401 1943526355983 289393452547 1083095818850 710931604580 1290863258557 1950812958639 1866753753686 229926175940 2070297706200 450444912733 1966911418480 61875060692 1604114961283 1223657287913 1620460039700 1722932635834 735780597757 1902429689946 644038541443 425594149059 1792218902774 739060082549 613801511229 383459115688 1313145198758 810256007871 1653314656956 1141028986214 141551653744 2171644929841 581968301149 585945304841 2128050503207 1204138993390 1280808520581 1978008420927 1972681651156 1678083024893 1797165603406 1178880434052 1449944174621]
[1945368538180 1254282989679 1175517753647 138888567757 1455569215588 2095665536046 2024896316160 609942611757 337847467958 1151828880280 778091326528 210918543383 1867448478531 1742228337079 2139009603032 34752326020 1877869402415 1497851811130 1191433238956 1203792276122 1942727785781 1243450032998 753606702859 1134064038526 2010567002826 2180340458389 2104582824069 611771405847 1605501413600 757788738098 48293925785 630804361739 700870336069 1362575269092 1128247639762 934200202544 271026364504 690592613482 1698887534990 415697398653 1927455819922 1393711822969 249397792136]
[97848843662 1084742466243 1773121863306 108571261538 1724815501170 140652822761 634443271803 1491997796179 1150596146595 427363501504 2090393651811 834342855565 943029272999 1760597225411 1327086522875 207918170671 1153413087201 98173889668 1380642035610 1869165200811 775277840254 448892430777 104508524835 357158840150 1583764425604 749206389825 1782831212557 318489658525 734124875556 1603364888978 1559895999853 817565330583 423603774764 444279975472 40732199426 1654597344413 52427539186 18754207857 673394011478 251859208963 259571514485 1962791055090 1422905907166]
[204740758157 238572102106 1672540507455 711094801713 1803947031523 1008293242872 1885570771860 1163958431143 466194927829 857960953028 2148293736516 1015404535926 1152978673625 1321226951685 941473036935 1932483625667 1933389744141 2085284760405 1566966802321 2034679881122 1734846686243 571509602608 2052492368433 320781456381 566058085245 2017984383697 3921458888 290299891432 1911203983318 1122345819662 2138320425040 718506909073 1119739662491 929367567177 468774643995 1149617546605 2156631881298 2162076902619 1655025966574 672326571220 1740111722978 1830958625158 436016151004]
[1230983840438 223242669049 80415162797 449321989719 826735604853 548805192435 1596957518752 297270615580 213162588979 328264357223 78351022262 1250077807034 1356661095702 2167445925038 465218293968 1611091451731 1406544180262 623172688894 2034988584406 702919827141 119476093254 1819263634074 8733308958 733472727893 513013356602 229071921085 476905572054 534849664966 1767373336257 2026755897277 478777716687 479190042618 90458298303 2175809566615 1784721162319 681838349094 1835527886549 1828661337619 1327329356766 1377042776988 31839528832 162430581333 2064825954051]
[1930897784158 1621136107590 1560672544630 1820587998172 1586282463615 919710263731 1099747344946 1597457401840 1536255384711 1360081818982 1358177131763 831647456891 1148969214857 277804664479 550991307975 1519613831942 724149322239 603506735740 1973453633759 1021214901984 1165475792959 515038929089 433276163373 2163416898493 455001520033 1054020529487 2096482454588 2149543042209 1445372719318 1254848414605 483710980247 242708885508 517132016690 276917241467 975952267294 273310313565 1876696040009 1761686510881 554810164708 1483401874531 835609543607 511925716254 185674691880]
[1863775226884 1838485268089 1227111779383 503165890526 737661766844 1924742512235 380490729247 1463327537860 821946310772 179761925399 6048866459 322478614643 418454541588 1350346437177 1056913564676 2150086730214 1002340638179 128417378067 1303507496245 491563675711 93203986940 1841863204989 1741584939959 1499621474744 1397591979966 1357895327243 1228794826777 873611729054 1855048012358 1007587003180 1609768176135 1537108515069 212942209302 579552463916 2132457040547 1249861430039 1002254132282 820788358385 924030731959 942700346227 1980708686591 519922635908 1608681290983]
[957831950444 2196513309906 1368531514826 1687850379104 1780793375380 931473450354 1538360088732 764264293961 1259231737853 908980346777 1430667477926 667116075202 1026161287600 702818975234 1953197055210 1399992096358 1690227530399 1541027837237 1230063140727 461950738366 1990855803606 1879586509652 192220488692 1544514150720 1512237328476 45805858113 1323852777251 598285147606 2049039463799 514781341192 948044390807 317937341689 319266572531 1757741210634 864303597179 1305830764337 423148403779 987518332912 851707351385 129082235441 801072801688 293086244731 942284339656]
[695851483691 1208407495430 1338765343499 2084470511468 158506353731 901432814982 483294927963 1682341674946 781020431350 107424283560 1008698119556 882379928643 637935516608 544016656650 1922896527692 1759097903314 123079325223 756508474870 701218318615 558472262318 842260652856 584132423763 1846894981152 1823694042740 884642948751 376911584939 2160846658265 2164733722153 2075920787461 2116661548763 1803305115805 1988515186427 1804101557087 341788826296 2190566155439 941349249100 1370727779621 298531186440 591865973565 1180032949463 2147955124201 1204384280671 1908024702432]
[1315006270029 564915086102 1958561844928 2037156224569 580910175435 1092865986911 254686699844 1955540486696 1946667634801 1590954500993 899374172757 602906829412 1153197869583 581831967578 1683510394468 1834128511540 972075542238 632235382285 1973459237365 290191175495 568119583898 1204547948067 1249070696993 1337929264143 1395866714984 1947076614702 2064513775923 2051871535310 2174997731734 351597479129 1607653044871 739860106903 1925693360337 1865852216522 146778182047 2068829052583 1887989884304 242758188880 1954655329612 1707233798939 1073881910283 375849112516 1022466787174]
[1789378237256 1069223549642 990571246221 1411590420896 1182238517904 227650338882 720436269749 846136459983 924174622838 1168559091088 233984549947 1444528939899 655586027873 967880939659 2102478669276 878320015266 1058261678876 1789808571970 1325225294121 2040189021447 648750526500 1166784642378 703205169940 869698995575 55733012204 1614700190753 395783671222 928755036514 1863767875114 351422625363 674025717078 1567310714197 2075537468428 1354060725497 894445780542 617832330410 1184707805745 690292986382 834759472839 159608582139 1224770909990 1137332247928 620106701078]
]