[[43991877397 130015785019 57493772090 48493925732 102972788722 84617461593 132027992493 41113249417 130572045592 67246255345 77651339693 98616299875 94690530293 15281885222 110344879493 110919169844 22169774659 107914670666 124393197429 90683153884 34844480209 68416584302 118104819292 52344304224 37613911950 33581655580 136290625834 58705235683 65596466573 57545065841 97779101616 117986386220 66052275116 42536236027 124246349879 76172659648 96177162064 54076534921]
[2906082822 27779282510 73610508747 86641552033 108095681872 73975543779 60255273571 127328227871 12954718259 106524709164 123836777881 127094345029 66067557179 116577716034 40249586390 130382853440 26466492261 44416274150 102256854485 26827052744 65911178648 104516983629 77004868987 16663669946 45506725468 119064383424 67247664506 75421730935 34540781967 104935436645 9227251687 127572901473 31848131581 96572797436 114796292162 74648084303 125699013937 56715892844]
[75782098897 36831479660 80974956484 115857954233 75858740141 122920346261 135174469425 125317166930 123377647211 89284860362 55736117248 117608113702 113261341106 88258157339 81601493001 44632273638 24742898569 55069104028 49046953998 117736606988 34469571679 4241110429 44237526351 86594918586 112190464205 74376605231 113350755765 28466988607 61821345360 75500822807 95192074933 98464111196 105374789649 73488787647 44874386755 12378183496 4799176110 43741667405]
[46532666992 115264595929 36410912961 91333830742 39659890207 1408501458 92115514189 11878189039 88999093059 107283323325 45051613237 121076484574 45182471243 63811042732 107957857200 95868985076 72726528648 47223642628 13344460884 30593310425 36759812040 121206813275 81990844458 131107230290 38219442213 81837518204 134034787597 92991821135 137103798866 109692094124 58511671221 90495209416 62156041801 50010551756 136934764703 1314629263 127223201670 39379232011]
[126304354885 132798096025 32707045091 128389605979 83542220687 22810293892 50112290575 110961615721 89855701712 35689298299 884969174 25037627750 45478014333 10463983471 112891951542 34411565255 40126047680 94333424305 59434992572 23451026639 37129435351 130202280284 107798257158 111694188503 35477667440 44828183831 83347199573 23800832309 93596093426 9770748247 117563398686 91395071223 50569742295 18477511560 38966037470 70400268277 76035884896 96239316317]
[118713219875 105102938932 132643662846 12491354610 8852364164 52391724710 32183056337 34341890522 6479889628 130089637363 19511885060 64946336392 73576073379 42554675375 5778988132 39828788702 51838594620 82864634055 81025843629 120667050697 105081635728 90248724754 42369221545 17842872545 57263175240 19275557596 109909616523 11615257306 2590453559 78669329126 34073918354 54089177556 6174674780 31762385714 86109345780 5444630979 5100318188 92074253057]
[62453902453 34621028666 135866355533 62624560288 125803527801 42496300195 34072990867 127121443221 39983734705 7106337815 83317926800 122631684407 117292042932 62553510003 123709363626 67690932010 89820230359 34600145363 106970985959 36558662064 124382687990 35127862288 64594638409 105076919069 100151768616 43776699917 41386487980 65435975666 28926219973 45094534395 12325128093 83660724711 67094200469 20392479202 111478136111 17837593813 107846985421 107234765850]
[53074432663 52900153881 18611836733 76533033985 107389259672 62351787928 42530585464 93273485025 31513095813 107680059136 5419032627 118342800046 116459847280 68078069858 11824741718 26633790742 69613267828 114217280698 89372662559 95106468568 87617665022 47072952251 46048719974 30336298300 82377658048 1204301780 97093664586 14359433118 10646451123 112304318569 129465975412 114737254137 71090223382 69879543421 74464189452 126117021 17818256774 30505367456]
[4765623698 24226064444 21391580555 18134381324 65872850715 116175159355 64040324664 130221631720 63922773523 104691112803 99285425162 121651513425 46313643004 32177881683 130632829395 13269324963 92181496908 31872240639 122985681016 79910396281 118110923542 47371163843 26675503052 41720817071 42602323622 72744283562 43952424372 122976622043 47164915636 76299255098 42450306595 106592762311 44573343752 36037846171 85945656057 67574607431 127551234631 10303957729]
[20144409857 116406314545 24660813927 97250504008 116747453274 91784664845 98389662721 89671799063 88942992077 20336700312 72745951660 64987275288 53790157886 110220302294 94959785395 78689920323 136369374479 28670262588 33489179919 98339659766 26923440753 116928078073 19937294164 121742095920 7077481888 83671866578 37389837795 32014383840 26076112164 45424543986 94466552667 122193436935 125508578463 122108327474 14607834370 91372566969 123755974941 114653687127]
[73270552283 17222499694 69726593050 125905558385 114689236982 95915580113 92898976619 59840608601 70987847389 85967204491 26062656440 133877003188 1097701156 102663109075 132763040903 22838308194 31318631104 56288418744 98274636517 46145195509 33774619631 24685482348 80072248712 23107419507 77313337869 111599959875 73967062345 108418917983 51146185981 73872451735 12680485662 88618307931 104798368613 101284957519 63470235815 34058991369 84990181988 14939302730]
[109253814530 102391109253 78084460572 78912421230 91140976987 48730305055 34498337798 43578957040 106633243081 50242516916 60451076774 116067474905 54295676472 94032191378 121113306399 112240921282 38890648004 52383313508 30159919439 46144289807 55877735222 74158796260 124937883005 92647342090 108236993988 1068676959 82107783511 120616164467 123312199847 131302392812 136087708079 1186371535 92149462506 117202976205 115904170164 5710571721 15896649900 131053442551]
[72312231313 6908395255 52679459804 35230053410 98263509224 53566558221 63548026050 127754178919 121751081624 120222677629 53037029922 31368077036 120443590324 110727658491 113893992235 122787011750 129120387825 12681192741 50878124589 120145120818 25252989655 124129013845 86683379557 26720341391 82164510909 70969240895 48321010858 31898565974 119317234081 136447624058 4055221346 13417008703 25291523143 46555347053 51483930780 46813349705 27146874753 38920909900]
[30882859018 69845739761 106695250197 3931693454 10088069679 6727809631 122103581775 129143736571 1411935756 64757744777 35376098951 27242874971 7988155900 79295924267 28431790546 32414692246 41231234621 99084372952 8164320121 33203814414 72105956014 10577683131 41522056278 116861283893 12868416793 75761056910 101856483559 75712238099 38363509213 58310022513 53745468222 3267306569 30014891130 48488362021 29704967161 61922362369 32147549517 69896502429]
[128792713326 47454298688 94441817987 41757239592 24878239342 126144292122 112262444431 30833928738 101115595101 132362651322 92650140801 45386305048 74034995323 33114357017 53085641916 64307547383 83059610793 102488215319 68003246697 56928753449 112561931851 88703252338 127673828308 120153361806 16005090590 10409010904 30096664214 124980800433 35978557140 16514779522 85071204677 62410894086 21007082815 5567022794 68628297140 17974819183 95267833656 12587425905]
[36097855175 44790918220 15836450930 100173527173 77256188855 129851453627 20642923762 32562537366 106413524699 76448235936 46452706939 24070020100 7072592506 26202881527 133296159705 99692387297 26699562571 65854745215 69269106250 116814722857 137210303523 35381982865 49975189381 100293444906 14906658521 23989687041 89368562024 23391077418 54920391409 71876719689 117204848225 74628652531 24446906969 62763593148 77997227511 20959978911 28118037107 16761278275]
[99220240823 27242830500 107965177371 53701693760 111296215582 22077262817 113452979591 127887183045 50323481770 88556679327 75666978138 135813593714 72330880081 16822053667 18154335844 120464011617 128274251477 19660272330 55478018189 135035583418 85922449336 117461220443 96473869275 7977983773 82566241150 7064876627 106483941359 5513801851 35042016763 22084721758 25727648766 50683865202 108136842650 34458291220 31699612003 122111924809 135315205234 62870167044]
[32832646436 48202363871 129918744552 115170353948 72446413133 19294196000 96676227822 73834429468 56146270906 35624100777 12779484601 29166348462 117926582004 86992125017 133034905357 131740133668 108024901363 45109902596 80349898490 76600712955 119822952257 87226510534 41082348884 90002653021 95716157055 71808552621 19617159554 72221673554 118491619114 72352059542 84067642322 75939498633 135445737684 127858499982 76927233706 122664866833 94791158447 59258125450]
[44897067259 27728298832 71182603098 107208305419 7636471375 7102273793 96314725942 45607967727 87653907883 35558209519 93005551751 26948516333 120270099478 45647243893 16153485008 3104594850 54843535683 38784541297 90238978548 56059159600 107254185935 62384169945 35884609800 136140365983 37748114218 101504259661 77212779414 17766362523 69180096188 44709747308 52073789461 117132275515 81777429229 106056611874 127084843249 120943460000 96295378342 55237706568]
[12688889269 94614967387 58148598871 7150986322 56650500924 108471312977 27375267950 127317157006 63516229391 104558005258 31936730798 118823299859 54406010585 101501055533 87693029512 53115642787 11524404902 3115362562 108100151242 86492941100 92521285059 99267504372 23354127097 130082973790 106181330198 61464800736 9924531194 125410437561 110577136950 116085905183 62344074522 20688249311 27588333857 119499025906 23042697377 117407179205 89062045817 68054569130]
[105173173402 134215903116 108322823828 38069006532 62132544786 116865799535 28748513212 85727935437 136617875824 44945603347 83216699139 64522025910 63179379186 33154967254 2538953953 42135883104 22604700466 7714448160 18684881813 51877488751 52131180291 135754507417 38075267449 137126350639 11071606253 46188736827 119080137633 72293716447 211522228 69948623693 110387935027 81763144070 67224871642 99267839839 28156542641 56261976139 68731173151 62146935567]
[68399825648 37103258337 55950394213 120962014109 117681839706 21444549035 24971482044 112982837666 1649340651 105231096056 125157334171 68932694152 99908687097 74413232191 55215450629 68843479292 44323556675 38218350009 75856970528 34379559862 109498826682 69771755133 24173626824 127201892642 123125130147 55273010209 7229866422 52577885853 137120475196 81363220760 57866740494 99305262319 51382837926 86067574679 22282871965 116698933937 135168718754 120417531340]
[56042259459 30708329759 49696436335 74032382435 74404814622 86192827035 107749964101 26980508438 29734672114 128731915190 37424195495 34214810248 28544455985 12063578291 123016574899 35507133218 64090251139 24220127339 113660708644 75085018905 134815930416 134313114467 45076158909 108029444389 137003189825 58946983121 18363099429 16273093214 132674595193 66720755588 135964677736 24925814401 64647589167 90146331714 76093926867 75867409805 58204864953 43111515328]
[63227049972 90504982597 51182217370 42511808676 104266246997 97407008914 6918733643 81461001997 42225381214 86133471987 88279186242 79573138714 106146857799 91796333235 71943489485 63339799452 137239901390 114269148395 131456933417 52144319088 114658981618 30450774349 65624423133 110983739608 86677690010 109817626514 76951256267 60946105630 46461558635 3987095415 109651532338 52170791133 65395816960 17322017103 36014177326 38720571216 41503713748 70844481816]
[119845222946 72730485674 15364895545 42134784720 6930857229 81412014457 50057861762 50035987352 102916671885 100578194574 8436148016 14645208847 73944758723 106604658739 25789390734 136341170734 83956786838 18798355759 88525050034 110668321438 126997846133 44797371506 79044352634 116993346925 128832810838 60983251807 65112757753 53006250665 8013311637 37279252942 107283940949 115661891538 17703767653 123109746392 63293293010 121650802072 58325034920 83941575688]
[62613940247 104580404934 1774311068 97225469354 132100414824 13108023163 100272235549 1948857924 80831843943 118228013111 77894171400 59088345575 40089357494 109867092347 38392102404 14610307108 40582647122 77714712935 60225591140 16243701958 25477716765 48723351496 5855844401 109361208805 49970596686 34483769965 40950728171 45989636372 91397659437 7317344542 41023474298 15006366723 23686750585 50345002347 23298579082 72258598968 45693806700 18803779969]
[107173892232 110131169373 30836137315 57315513357 92911722179 124077242502 30716033401 67056247750 34416253603 36597019649 32747467274 117687507504 130236255705 134595661281 6824491031 5229764292 41419062806 454947565 106888938525 75037340605 115535112517 6328267351 24530557247 96898347257 32647927145 71847518555 50683951090 21118760456 33207514276 176548850 99590414515 88604591490 121333721084 77135466531 94132880856 119616890595 51459630018 133476001596]
[84631215000 37787608429 96536151146 71084516160 136082266073 54277954247 83591841481 29380375728 96216333827 19310141327 117534922930 40231490106 94436775374 90414770333 40353571386 80266047681 15733663566 108023698425 38441210468 74697930560 27123484784 35369606517 107523225999 54608573162 12478308491 50814157620 50961279347 110268414936 79941108616 24264997184 126215693332 43821337670 515162595 31782498001 33340329419 4397121879 1226506259 86979105400]
[53865587649 14115580279 87514445821 48148137883 97122432282 50965084052 19904582555 32974637943 109090359121 50150174709 7408615744 78673684816 72200689055 133135976364 92217332473 135040285544 98796949743 14357321008 37359528858 38029546669 10470857398 38272600363 51472929475 80548122710 94865317926 132574219118 120845463005 112500051017 132778414910 30755738639 129553777237 4485044161 33016626262 102503360597 7414335318 92764382735 58792902661 77075017598]
[99636066277 136084840765 46302774649 54605458972 124309784567 68931709554 82691464160 111733003030 89810308094 130834226359 115933894214 62193734625 134452023883 85678908603 78203357319 49800829531 111435816973 40045128593 91573301983 76717144384 27109988558 94444036118 19063695054 22327199807 106319755644 114810508458 134993959304 62939055987 55811732984 97032282893 65955760168 6227389241 23095556888 99034555419 85347782294 69284874108 9479484636 5532693278]
[27929554092 33522754941 3408229545 84693577309 137168159408 57332269027 3067146722 15120210451 135344517569 67091515717 124225847403 109991004705 53821703362 110053845484 111848362983 13528345529 56831373124 41989608333 37203048431 132047173344 114198498942 14663722433 133530789490 14989554192 120113512053 393831755 59749458256 130206860449 112663961474 61232380703 129315763116 1835026431 128536174363 120486013424 9252545255 65345184264 52115168235 135010735262]
[62754979766 51833299218 89140093469 36470109088 124017607533 53352649988 71634820806 81537858575 132062580321 87224882213 36722375562 776067360 16302348283 106806590855 80060202747 88848215456 27403454755 82088794703 127084234293 12193529206 59183130737 133895726000 125727936016 127756620304 44463157389 47729036256 92571726273 82461810672 55854644445 42821695594 84682502955 27605571165 91631674035 130625658713 119304512334 39271947206 806632737 73562576384]
[17796965208 60635081906 17534668440 120560051252 32150795489 3415459480 56636411943 129813465761 104825963426 118468057713 114228998963 78262868078 107118087854 47993607330 37302805694 48144929561 16416822870 131297816849 26782194597 133698389757 7589273487 37819482980 32937322272 37233337163 12041440302 115876682210 46866165672 81523685134 86575003784 68707589203 118687815289 112307201568 95319360380 57215633687 99391228850 127883945723 119608018256 104368839384]
[54994419590 93699499446 125734411837 34178104893 114538697894 80287022894 1184347497 91602553496 52493623583 112402406327 10403491932 65083339905 100493575551 61471264 10094469087 60626233623 6490012128 83605640802 121468412993 85875784187 83297128713 93829978377 38188162129 58784395457 39124971258 98552791339 96899390491 95231869739 83323180086 10214766926 82398231890 135135799710 45894014980 69580375112 135542093881 73273699696 120736394372 123367384586]
[75660174041 26426675031 119162832145 49502197717 57532898555 115628537166 44186775679 59234572230 121646739006 88727687164 36204066355 101589675928 114424330036 121122738811 77426126128 107221240390 104877448134 21668275156 77732849992 30943627533 73799891419 108064964270 27848754483 98314957615 96474580614 7063009742 70630963830 72611139340 8075360154 78000004852 94806714465 38710444307 43184349851 12772704460 50332177030 7115130411 128909519082 90619865610]
[99236432070 6287983870 63644646103 25687150709 99893801641 54494061381 91496585837 6571435 123818345200 109123228312 27727487555 112073637841 77755973455 5412015911 52757405513 136837195698 56419935103 41243296863 16674597615 37640124329 32241300689 54216721909 61117393031 90709975561 35321154029 40492640205 57527888657 122111568052 106500398631 128284456962 57724475143 67349921825 93881279694 75348497895 33137845654 30784083999 121308880118 88449229803]
[65054721007 108664327786 128375853939 99465201931 75231379496 52559320393 28606520659 129081918662 8278981685 130743731925 64669089196 34156849767 37172322564 52314976115 97211497233 7137468221 31282775200 58077018044 91717431701 107680413866 58547478527 30145036362 61027572439 113056783791 80202209211 41765959977 73206789266 78977607103 81941774876 102368552728 56376357447 65931416460 52406379221 121766396106 67823032022 59588316638 128807104429 121424192633]
[31122555311 121540529504 90020336874 52715207988 106964049043 127697852416 8044708116 111704123245 131314915741 96630798239 111880646073 77959904758 98650014538 137050978036 106252924882 82678134659 124862041779 114410375485 17364497723 58281009309 56641873257 20125581810 51708832505 68454228243 78059230491 95007794383 90285192694 86891346199 122735573916 7730291549 62724959807 103130678045 587060108 69425137457 53360176936 128572892351 117049985995 23360520276]
]