[[132745887071 59285343510 120403657020 51907740378 18412311100 126865290343 134448169553 70169999071 111504257313 103509433100 7389279619 68187078110 18659266991 129536690704 60370783963 10893916383 83333817936 125043405050 98387231440 58431663627 76027586798 37244739076 26327437359 21281545407 6969966174 31151640083 85500057863 110544659229 51116297744 79047105207 121939265402 42855573722 124056300914 38710188330 106319215322 110862695069 19139783748 132624730139]
[89138020133 80680620294 81414862943 85740249005 124902413526 93492210087 83570534244 19546992237 45069460106 93459626333 80461517529 16763258673 98035483133 126810104520 83504325582 57430096541 9133531700 35397599735 121008461443 43811965668 121697621737 7012848820 6034905457 106170922565 129054708056 130091528511 17272306550 37931458780 116606163292 59449970225 69979102948 6536116546 86593735733 46443530351 42583563041 117682666280 9761089508 32071660901]
[65840703007 111769070186 72858463916 109012324964 20156569312 29468011450 99605152608 29806049195 95215344805 112599807242 18390015404 110339373016 94617237865 48775947329 97700825731 79225926365 59406917534 99942632429 112106662423 5191617350 133739247844 7757727923 66550414897 1641103442 110259075796 1515119150 55124000273 129295140441 126180375603 13946560870 110170445404 110845404229 123382178554 126860951540 123829346467 8227257775 79387625274 70850916530]
[102159275944 102484846103 133993640555 96564231470 17416505948 108475321084 64667826019 114319310126 133297691026 44007586136 6645146309 104536372128 31451086906 122473390491 13143252451 95178313813 46053277493 116874132668 60582452144 135399454667 70618552483 116157802540 41456849410 37412328017 12100623884 114066553422 128410603480 11837740755 82100093023 54002899132 7496728977 60240086783 78862435129 104778114926 69258016562 20895328861 89443652799 19130794885]
[50635729936 129686411781 38445741765 102416327647 45467704627 10761376252 66912760560 115745411303 24873017398 7530629274 74516823143 88169186636 90701852856 111307473339 4036026352 127407248820 10875341935 90930962022 104763289863 90620929709 123861999160 52661374927 121440845278 61969485870 47456435823 129556241977 82381403176 29100873649 106182311180 133648454361 12092419996 115265609425 26678903075 29566428675 60444193153 102749603837 1399525438 19714400114]
[65974944647 129557776735 88353409545 49968982901 60551133669 101897927774 72468473936 13419579304 44047407417 86997377232 32784845842 612241567 66481389268 37053063651 27897161137 31661878157 58172033073 62033756099 28253795477 97748065578 108011931151 64823490534 73409652882 123690706922 114855240109 24390258752 118735135617 120286145946 45391346343 84500046783 68932762208 105885710136 54423363926 97057401999 40713206653 58754181620 86574112527 16052063838]
[24953711259 104116835369 49618203376 70972095116 17103285697 32183008716 44193820468 84011117247 88688062422 84813656481 113338418432 45444757317 53929115588 80429669725 54238525408 3654111113 12580471585 105346482017 97372104427 21996614570 105200646713 69113676223 29908722906 44367387917 93875759895 41245251435 77354024943 36872968964 42744844718 122771378482 67731800108 99993489219 41197984875 79956256728 1112405492 106614865881 115356133969 14538827777]
[35136097455 114136080447 48265253960 130673623783 34505165823 48175676590 104400954501 76598118602 108820208986 77452899040 32591520473 135353588791 118973757837 105441641267 18175422714 45204759167 99569031505 131008593937 102892972620 123189503559 91543170301 2058097675 53016464904 10854681091 77811837188 32984002312 134488185020 71702729991 114481803610 30674844125 49645914772 83789226668 52524540626 11262400586 91132110616 108220212906 45028687768 106339514714]
[7422949811 43336962882 127728735992 49279710213 128574811328 92786919255 68059011619 124813665814 116569108816 129446004521 132580096305 128818608440 91015100845 12574883723 60481002382 37958510821 29615675153 68911551063 77111789911 61579854665 68174573917 86218393843 31887493089 63466541792 85939542985 116304515678 36357752817 90335524432 80004971217 94564271841 96756299339 94706315968 11699429449 24983230454 101650518340 55947643632 22255004491 115167562097]
[57401043917 7554630722 90191274088 80148237507 44135299320 32854495805 25229682192 71164994584 134063967273 39664908246 92892808275 35838906990 90504835189 119265622521 15346283712 126531046543 87958577551 61603579605 135632039053 98103476044 22948192722 86863136269 80083668446 94310584362 95392550222 98306165142 29500942514 20717710416 1131722582 124805050013 99669890948 131875430618 5778245475 56066857454 58324839555 99412041568 41558928347 89309159347]
[134822917757 87040348305 132801850508 110004599642 92200410311 55908635552 108673492273 134960336900 70981715263 91776763308 109113776846 38365264870 113407108932 49559737515 33504443224 48703742648 42515221839 136126390674 131790259825 14224246046 36554150214 101619098000 25886829526 18237120471 110904445561 84627924076 56482591688 91624081729 106494872076 3737512100 17181711907 97054653783 88146881280 86292468530 38946064842 101418989278 32867976183 22326287903]
[40288943608 100510803787 135305754442 94187511404 129900247390 30516982211 29007132678 41840622356 8088276130 61836549532 122591873033 124211513364 114542683008 123161798254 61000230441 36517341032 45900656338 81684955686 23816815293 41360378962 22906307740 124762317713 67333663427 25104498424 103001951472 99557640695 12118860374 112863379310 96863942471 1817384073 2893942188 9264298065 102428980248 53395041473 90128260393 273737063 126551699697 90791738534]
[115323919241 38767833081 109638958403 15977078173 2908375779 11147903407 134193663911 68184817883 135292865115 90896246830 110141954260 79318590338 62847829706 92910264445 27896382986 20101728525 55242611151 19024174141 134663430521 24006097977 13232961676 28541319433 11404904612 37622006634 46170059470 33936242021 73851633759 120753910527 116984366407 21722806353 27736839811 78859096844 19989798801 101517950650 23641318061 105694157651 72100790474 43964520180]
[91847134788 7736310736 94960914410 63779242281 68148282990 112620335028 57054760015 106902321889 121244142220 26155334964 47992732893 62035930336 77912182039 46928476864 9702850745 1001455115 136656860153 3158301793 96808731681 134530490894 21896214518 63854438753 63553865851 71048167724 90015617896 131741076428 115280977919 106706531467 95336546422 28522878844 57081299487 59828481018 110168528717 117526408026 25885891576 82995453335 132090389570 45199737756]
[64139414369 69620060798 48643749252 23405885991 2812132641 122322239236 28938332742 91823191328 78338561123 95618794264 93471075152 16477269038 77919721883 76025904457 29276333538 40297494972 128032044224 31266972089 132508615884 37708141346 70954821504 58504222408 131978175286 66283550087 9769092010 57481726517 113198183654 72761909350 131648712169 50597088186 87421048089 10035784381 25039857861 132455127282 17771109869 45163969496 53212610886 12865581667]
[39160340913 61424923850 39784446899 80648725928 124569863150 134787435748 47760253924 10603407547 121360115517 31876771289 7916759828 129199404183 75679656623 72339947651 108268161191 70511399523 126787432202 115548703951 97740421856 5525626511 72365665452 132401924903 36211406064 103527137670 105291435746 61875712336 32497888830 23526143379 36481915510 124763169648 90853090345 14953620530 50156353298 113300717500 110710114509 16318948879 81088085890 33015410037]
[132499796680 49953901084 121982726894 74132927468 88582404042 18000867695 23290189170 96000558609 118652747536 108774497074 100247848305 111540082940 125989022587 40675618659 76959161161 34582156455 106806432551 36274671121 56590902757 77392201768 1303616834 68929064011 35479643342 103217441398 18645960090 110544274611 42722335572 106499512382 89825228665 58026115396 84934935527 109653389339 64565438134 1411622660 109238526781 94280328414 69020712777 64259474333]
[86749301618 72150434708 20576434794 121702513950 93275512410 52600433398 5630744305 113242502009 48212663588 75912788697 13619492713 57395788852 53177185708 92195681557 47748280687 29086716062 106015500424 99344839696 49286060869 72063583377 57373540984 53868556272 20809749965 60797714304 25314310683 119591560998 97192602240 41352268878 109110140513 125036614916 119783983920 97266660993 44207389517 79891630176 39270522610 94480381668 55990957936 70725634758]
[129001480060 116971860833 121303015349 2371699917 2283645213 115796943735 35152490147 67814077475 44190812508 23476040957 29895695073 112426046961 3567868995 94314283306 26789029456 67522036449 117862261864 135086400453 4445543261 47953212668 17520458445 46734863334 111907894916 21303029050 79802471804 101297688825 89356050446 108880522759 89293840064 124493813145 26756861580 136682131344 87483443468 19135696162 50218601349 12329790176 62780942721 6959229511]
[118484269349 107962266579 68675045664 93840255563 125576592260 86484449022 71588934840 118383558777 134023351769 59838705513 84894307037 31791645118 90084349583 80155752188 29916682788 17221610100 6155636048 10814927103 37399174735 33240932634 65749832459 38138324462 33183299801 67876683720 124223617510 79901700640 518288886 107459473617 74436621641 19257615499 40408974779 70556453479 101850197831 1647176502 126990840217 66046304475 113256430334 15435506780]
[14356794094 75276968637 21884526034 48284606118 130531563686 24389703078 99135133500 122273179555 613316780 109460058659 128314861227 16568707398 108680538367 85592014425 87598145238 85624953130 35349365054 122847389528 40423992560 131244975747 112731943684 81888177741 125323379038 20849725050 44343210212 123522506668 135759003998 107097169851 131306182885 8705318864 50625614617 18680885728 74438177500 1061204259 125419510696 78026768058 52232521348 128218212652]
[61284401548 51056913679 133679415850 104075184301 133409578543 122120343419 31761300026 135850269864 68313070901 37302705014 129408201445 127122852259 104731382844 52603479674 77794437197 45506776132 101742169805 5739429829 85479680113 75343855553 21260852875 99443532396 116971080681 131812853883 18607927910 102852634293 38859861064 51916339849 28576372684 98137310882 30557161917 113836930994 37285345991 79122642063 32355815746 13116339586 3169065402 25586636801]
[95704314820 135906572635 37558050027 28872728610 18029070733 47042960298 95320125327 134527645953 80439389734 26427412331 94631250782 92030786344 117506647041 92499916929 87802732225 10720673351 48065708793 8266524769 4830255244 27509517123 124636619528 61537485616 96123271810 30326662379 119079101806 30141000286 43264435542 12053352176 136148541597 110478428517 134792324300 7314278839 132372877538 127059283841 114289516792 19863103246 17262394903 47317703494]
[19330135268 47773062406 48124786815 122675131731 124932993428 120986003556 81256346927 38698820634 69485683303 6963884125 114210445422 96379765424 51153697901 104822022173 66283585527 30668139780 106750073389 75064794345 13640818632 82917056614 101789185198 114627143238 85406552632 112609332659 115869570364 84319722657 10814308597 61681124577 63349261699 129660417651 68382358956 130071610324 121632038243 72893473966 116374887103 79906195536 115814333481 93142968422]
[111143100438 89531975067 134384988405 83482911446 15542768306 77691789152 11677737897 63191130891 22471618750 47983943299 25628733172 23757357250 37307960059 137134466228 38684075752 134638357644 8192646162 81311200023 110648163142 134309912702 75929322329 129395286163 30805306001 15232080737 86974708600 81675201728 52292426378 49958722776 601660241 10023373567 57546451087 67016342336 73328818359 26871314706 104997286521 57140112820 18979506373 28925702636]
[101906043771 17529900288 25752104748 122908272217 96053604357 90478963162 6934479120 136965446974 43444122232 19438005305 92420860238 121605999646 21867679492 96871221379 3694985692 3131622336 22698292072 106252069477 113728126000 82164929157 70458947385 23856648837 62795571574 113525220145 74646654338 36267727562 5432045247 51674748040 123866640085 7488128376 18594039896 122749547546 43553373003 51015621332 54985449188 10188677305 120980126647 82572141565]
[42582413471 38804660605 21689427657 115236095669 98928148260 25435345031 9168530980 110290921894 135930766544 112125590633 113222403143 115944714246 80967432026 108260785865 1859309279 42145870853 5422739008 66033650092 86400021439 114337915054 35263518152 9807075997 80210224696 107659037287 50864013899 123341724167 113689325035 76995793471 12627343026 62343044208 125255228156 93067938265 38301972883 49722766512 58798348610 116518014143 98067321212 3535933851]
[100784308900 38228295262 89911786464 47837929475 101826300715 125036348369 90519621331 90257770658 2125989601 1305125419 112249091343 79702987373 51617190818 134781594436 118797762207 20357725684 20000284884 9914909822 81625272416 69948648820 47835502762 94004404891 48235784053 3172512803 54466474336 54160044778 97081825370 58033724231 3119957364 3770129658 19398709554 47597011788 127064393816 23714463091 87173054714 71538950329 12216446174 129248504514]
[27863199077 86250010355 66419184620 59879437556 4966466848 48831861344 116245385888 112979212977 71516167296 29591193773 62197577627 77184977295 92834628148 82935480290 57568775293 52351652008 20585498510 134407477861 77035071143 4603244392 66521769980 103105226601 51478804786 40458071621 111909737279 65214139677 137040006614 81921775387 71424935324 64434061601 93206056509 11330143962 104650191562 83139225484 124971616052 109446943533 61227317705 79225203154]
[43569406091 77531670622 5418136543 105703374334 11087611533 71061056554 52682700027 93314500690 64991542824 19879957111 29769652775 70620048663 84774334197 87707821590 50399714712 70784274008 113852942236 24412210807 90411325443 81715272620 134839354759 123271428976 97730257139 72351891623 85556230353 56209079823 100921544691 10762409067 25748155416 2335308850 126860630210 101680291602 1660031003 132888838374 68922743549 98311300540 65407100451 53303279557]
[87158177486 17975382603 89673862800 64206691761 34144721455 126552234381 60371276590 37700568531 104404903147 89506740066 48608763789 67973342029 61342393440 17117303110 22936220422 81414619758 132556225066 39400888549 86321321654 66052381574 44420249264 135635470621 95477390882 90117254779 27280024355 115264609726 108502893045 86653547519 46676428503 84842660034 43831597212 45589910364 65328249816 44166473967 26830884033 107844144516 125585186980 25895434804]
[89446428555 110913723465 37728890253 16130696171 99221989150 84213620518 114501506653 95028543912 46791364581 7910092176 105899532610 70686761652 38415032135 116224846330 118911829525 136288227162 100816725550 93500523935 20926995481 111919116437 75583300086 90289332906 124230365098 82891293827 116894460523 3079130534 128889073320 14416227664 21235500684 106729611243 69943827070 109430912483 66166438265 100026365558 109459971163 7350933105 98613703560 106830529198]
[123237903380 12074924999 44049712195 56989029342 23161984005 27745545922 136429345617 101270794256 83353643715 83990871479 23915751823 115342935286 69139323984 85232802120 8586976297 38853402018 23228568324 121038298716 12591681985 109181077825 72054446558 106646002248 94603122053 123932340667 57772984991 126405634230 34902365003 13188946568 18480653978 108910004989 70350640270 110372756860 65556515204 43703216279 56135957846 88457079974 45247037444 62521168541]
[85258587658 131696276207 28695084762 806374451 120899899929 93824600548 121412103782 33363705916 13300234944 86179095599 117025854686 86637309562 68852958560 495445375 59159687229 5105354157 12781635881 15628932448 89643083947 108827713512 76596818688 44661755710 123713604628 7941258989 22201324520 4406877247 76042388514 63362402314 107819328689 38436616595 106828480272 49248672043 99237305752 25288169639 8135664726 76426287430 45245392578 75866935858]
[42506025731 60132064131 46818235837 2701700173 47986201094 79502059527 113373905333 42380947615 58884040010 6930873193 33763068299 40905635242 19533659536 43742400881 37008663212 1900184192 135161690947 124900723731 14583574640 35448510337 78802510492 89292315939 14048180726 129007938087 58439993999 95376196616 125785353230 6314651408 28688351810 52664970973 129293695808 3477532441 6064597717 124933729694 97094978636 48684630220 42957566583 84751818923]
[127226914992 118598079441 43431390205 91780310047 10680350818 55892284378 104222608334 76497898242 5306865896 119929069163 80542780045 14804034773 85842321015 26368667135 43157687985 2141051303 64073073072 26112152065 19353780355 45562072095 71161528003 133843751500 103199848709 108934917337 19747668610 133226223993 55829067818 96136140658 79406605527 76970765075 100873558634 35569354154 14175088571 101720505719 71744668610 131707189031 107526024585 66403751059]
[1754249828 70996673066 53729112176 22844987239 124142164646 86519884779 133158035444 110003312219 59353287644 70245279278 49451300734 75785084377 65362503881 6820771117 117003201955 22131670751 35278434737 115820932308 89458566487 136237756009 136341111655 57643112440 77045972595 4727997367 9762709272 6125609077 66852931009 133377877437 57795275877 12776459328 9825156729 57372005362 88488029265 36880777972 99925896940 109804307273 127659841790 104078758262]
[4108030927 14211693232 71593772335 47419060951 10355533408 117157146683 106107608082 27116552346 4023058286 59656434952 102205435028 98545016074 77771224802 42083912009 32996722162 26698041997 104661577997 70720166685 57467184495 87969444847 26499067100 88956193283 63062247691 106087671695 858249069 99833956620 38915997035 59380104944 107229219378 25809779953 45722507407 12928235265 28335481328 75471893055 27592505479 65923843455 89859294924 102699678280]
]