============================================================
APM Result
============================================================
Matrix file       : kernel_31_94.txt
Matrix size       : 32 x 32
Prime (mod p)     : 2147461499
PM block size     : 2 (fixed)
Deviation level   : 4
Minor size tested : 6 x 6
------------------------------------------------------------
Timing
------------------------------------------------------------
Matrix total time : 260332.6160 ms  (260.332616 s)
Minors tested     : 1951071570
Avg per minor     : 0.00013343 ms
------------------------------------------------------------
Zero Minors Found : 1
============================================================

Full matrix (32x32) mod 2147461499:
               0          1          2          3          4          5          6          7          8          9         10         11         12         13         14         15         16         17         18         19         20         21         22         23         24         25         26         27         28         29         30         31
      ---------- ---------- ---------- ---------- ---------- ---------- ---------- ---------- ---------- ---------- ---------- ---------- ---------- ---------- ---------- ---------- ---------- ---------- ---------- ---------- ---------- ---------- ---------- ---------- ---------- ---------- ---------- ---------- ---------- ---------- ---------- ----------
  0 |  434866577 1048315891 1539361344  922275470 2112762200 2123894620 1537028903 2089589382 1039295291  226230358  895533672  814219629 1452146535  781543809 1931711160  484404124 1923974620  481848471  530717390  428943941 1050526612 1986002515   41807992  160684209  398639026 1825608278  375953049  172049790 1440902854  770559536   36015382  771763675
  1 |  779004103 1898965851 1768346288  580816548 1753297601 2068036228   33341586 1937845655 1167838818  810225660 1071446593  281913176  120884546  594050872 1425124773  946211063 2079946206  412558568  328927987  157526506 2053819830 1917798904 1384595575  719910014 2112052926  618498973  458060248  199973209  180372758  230181694  138734869 1502247290
  2 |  203700636 1101141450 1647036220 1824162375  423064478  905082728 1958521275 1693968998  512773465  166005499  265861120 1773457935  865694474  403597739 1722468163  329690609  684819884 1553377148  325651889 1667680804 1466200746  248239702 1540840655 1005555168   85776196 2010241234  952700902 1793818238  840045019 1277623349 1871707448 1135037395
  3 |  665772000    8679763  122602957  363642968 1630103696 1890566596 1408574673 1720621032 1478577232 1315028408 1667000990 1501732040 1668733670 1873107405 2090640986  913921020 1206260001  150237946  945891140  760571111 1694094044 2136879058 1020339612  163982884 1529697872  960419925  766277617  526591685 1016769418  602311021  261692490 1458866197
  4 |  324629804 2129575235 1958860544   52155498 1972302795   22953221 1277922295 2059417319  366934957  392544292  104158806  106948618  359176545 1332498521  970668036 1996691794 2081700220  480764482 1615756901  943979098 1979146517 1899937781  348471325 1998409775 1384936123  937171274  939071839  595846345  225402025  395178546 1614975596  100281920
  5 | 1120889959   30654772 1110386232 1102673465 1525052671 1823271986  670091839  496068508 1577710911  440240610 1871970922  227807420  554008190  875847120  951076637 1457189049 1299419909 1739999018  726092661  205746820  737722711 1215455682  524762919   10940518 1258374168  372580168 1537804383  798530567 1231495894  944077739 2047140740 1654652629
  6 | 1027465893 1715857582   16902264 2062668959 1647305872  317106192 2057979785 1794844530 1650990643  738954310 1885800732  126257157 1452235639  458975734  706289509 1952965118 1888176419 1983337638 1449376402 1124911074 1570889471  326355407  326930033 1072163038  943225694 1288826574  479110080 2061357939 1404741142 1780702266  820852369  583044954
  7 | 1486104762 1502154821 1941840859 1692201528 1346643900 1340365202  501631268  486156190 1947376013 1211193721 1645669460 1558126939 1689285468 2006726136 1143828881    3369946  220843061  606944840  494013808  859524826  109615904 1688319608 1503407189  174967161  782321586   50948157 1401351125  731574766 1764454601 1550408854 1659464405  329199996
  8 |  104417344 1566833964 2099861283 1941548433 1961685711 1759655849 1597832042 1462217650  109465475  210583132 2127859857  153319972 1887279283 1636082447 1383608495 1620776326 1691809132 1659478911 1123485088   53614107  818361090  419253033 1064605380  558803387 1103227832  602678278  519572753  956910047 1559334468 1800326660 1531741089 1025641312
  9 |    4482378 1334239375 1517030588  762354264  631643252  497397978   23662193 1194465093  687036258  611082538 1461362121  723619865  942441013 1649983265 1852028963  866979970  303622173   60044581 1354101631 1312588382  290563715  606604264  431553350 1689281659  119198754  964718096  110647153  667727901  443151239 1596920029 1257536980  590850371
 10 | 2135934562  261629990 1183842031  760660250  224824295  918899208 1913022252  426262401 1693080086 1305462648 1295364330  654440243 1025866013  405625238 1071830421  217787680  188015047  783507406 2083019131  454569888 1811272317 1694707137  363353855  461315596  802212503 1919090574 1186375806  171951486  901018810  537356195   10040761  259153352
 11 |  763720901  129243049 1758474728  322718065 1057258796  445603285  562267944 1866905547 1642978974   66397267  616154085  450958759 2033541081 1266531513  228416377  977122205  798108216  227869295 1597518899 1985796485   62741395  436480197 1098405233 1041975395  480984210 1827656806  291877863 1373854182 1622901127 1740905589 1640650148  357605668
 12 | 1734677459 1705493167  484748731 1492319875  777716259 1996733512 1351635617 1063025945  232937458 1498508461 1879982131  368493129  598477004 1947810189 1335349293  496849556  309997051 1035173625 1523661119  918772632  127812027  597341065 1269125955 1630855018  336819367  746254005 1002765353 1955808174 1405177467 1011089696 2087274046 1879846026
 13 |  238759934 1407322888 1361882417 1737566418  806528492  136277611 1598906871   34752937 1955737000 1666673659  424154936  548583538  191577292  295398353 1028207515 1936863722 1904064733 1279979174   10171747  896584971 1130502283  821635567  714241069 1256792096  770900590 1723879226 2095682941  720474937  790653241  762724267 1910489767 1518660051
 14 | 2131216548  769332226  551376806  311709098 1310273690  112738873 1029392479   13151652  623099261 1333315854  964126351  362234497  217326655  464618351  399502399 1338114161 1653564126 1280322349  167018462 1204811045  359368166  871898848  977249565  359983974 1345027539  386558825   83709488  459569558 1971456347 1162840776  278952379 1539719277
 15 | 2144805443 1763627979   99738313  906329659  745998156 1172548828 1398322992 1429720716  430237341 1059976844 1175818003 1107543792 2120264674 1794890033 1554533825 1119335103  489560069 1911565909 1538646013  177913964  480521802 1902582262 2113703587  243130470 1633600761 1373245403 1105160309 1467958025 1639723099  205959209 2009379650  471040637
 16 |   25935118  482594659 2096793554  580152401 1454731542 1035162708 1992622576  549155576  858046035   84397625 1646954268 1108571569 1777209177 1882364081 2111145852  847220630  106111723 1995598336  526459487  524186443 1093757201 1373698731 1805353761 2109557940  605368312  516757491  996609037  503766730 2134265361  750850868 1988838945 1832083728
 17 | 1908561488 1261782897 2098637764 1394129118 1175580731   41243908 1482716753 1145818295  604147874 1492993015  852636433   14760988 1519497751 1864486610 1834537855 1674935196  264976878  807193471 1621550198  761619996 2054073045 1130511638  635543478 1504956282    2241485 1739202116 1001331844 1387687133 1667391464 2003085101 1995601785 2143531541
 18 |  628790059 1072054536  472779331 2048564351 1243684167 1656513021  728762191 1782615091 1289981733 1095102113 1311867714 2108143122  652287597 1260282697 1901256494 1071007153   67288985  458700100   16935988 1130822257  361343616 1009672177  754825587 1589461416  962386432  598251002  992418858    7479839  320781078 1649147496 1134332984  665188241
 19 |  284825899 1631915932  566066124  474275749  755174404  921154971 1354066272   86834471  798899016 1058114208 1806149822  647774491 1988629072 1040649594 1197464753  236936158 1864980457   26647981   55246401 2053361463  580078290 1209033238  867817919  903084788 1645588917 2099236361 1539719374 1396741765 1893065714  743489495  497840141 1992907535
 20 |  163437582  527276497   71533895 1349365130  744214877  534050199  124867728 1330232805 1974884859 1304112653  138786008 1808749924 1472625366 1014439342 1860262160  340074085  163373231   76693634 2093914461  642110222 1909507326 1866328413  987269371 1878094949 1762651958 1016668334   67559476  120045493  921174289  996621423 1283078456 1642323539
 21 |  247108628  363341426 1367629542  399074761 1245495370 2044651918  113505509 1020496019  675398781  609834092 1739502909  805948282  673909481 1588408697  377875971 2056319942 1885945097  867048206 1561064920 1986190672  634164608  192186312 1827239269 1915596030 1458855944 1682085470 1223658883  574695815   17818258  451515603  120506852   52198915
 22 | 1911541169  574606025 1613611633  177370498  932918413  676041323 1793296306  636939012 1002088396 1487051340  640186579  462205567  980295337  758477783  993533227 1361954847  510172619 1329779242 1590190764 1380139680  214163044 1406403931  400105235  395909580 1763695531 1885974796  313031805  424418202 1794708047 1380978376 1012152522 1077251457
 23 |  262716498 1898472385  877459989 1745631971 1443415414 1679850321  762239783 1776756041  467313900  516119927  121688633 1530787155  194429719 1042819677 2050467653 2046654702  485425225  998659159  271809945   51095543 1956883475  902246001 1205495475 1445429822 1887917994 1418497785 1424530381 1708259890 1967257653 1314726057  197519779 1718846491
 24 |  818565080 1932106678 1828549052  222269836 2123439151 2000908094 1761331464  169134086 1633540733 1686709128 1879679855 1061730839 1048440553 1053235690    7304956 1235621052  567160186 1705715937 2097349858 1897093426 1665185698 1377189700  108437577  798077656 2137624819  728466866 1251177991  745955554  286701559 1392917632 1882906249 1178085767
 25 | 1960940247 1019541630 1676318910  365744731  460259586 1924716919 1771117121 1395991098 1296126625  308236141 1116771565 1994207159 2090290693 1870200255  287813501   27267855 1939403175  876379468   21259017 1739979520  236057284  758785469  238573820  238674319 1251268247  784282202  366030994   43748451 1494423933 1332009133 1109923319  100751934
 26 |  443242179  163476150  785588905 1292936908  718894574 2101263102 1616370015 1885689062 1630022342 1461568396  670911237  978109230 1900043260 1643816521  572222080  208677802 1080812573 1802183304  638256997  941458664  291949941 1339429203  118980318 1801399113  349222442  169653200 1169697915  127788005 1379264013 2091709980  770503489  511358348
 27 | 1699754392  286821653  509353772 1024205384 1360079484 1530933322 1793860655 1795667950  654269474 1739025700  456922041  479776849  996931882  352792272 1334394552  418696265 1876789955 1121511509 1866207863 1951337044 1880521290 1220555243 1236108134  714936701 1949644099 1749662484 1357235015  460049700  381924034  124713953 1916397864 1183653393
 28 |  706576077 1359098639 1721092391 1196989640  570969610 1407296440  247203765  884688872 1543759586 1687550555  901505771  536266648 1152301696  825003055  268163213  400771004 1700901205 1830132272 1540320319 1737855932  538628978 1979608480 1545974711 1417720185  283634637   57451131 1195123890 1249433501  940583092 1416120769 1699158456  203756994
 29 | 1959363297 1517859607 1056862555  286357173  116866402 1495946965 1269346958 1272356145 1782429315 1874010887  595901370 1977797160 1379088852  523652419 2027699218 2104012707 1409841896 1630506812  821129425 1097127334 1664723283  793545076 1574526806 1014109701 1853047339  279095750 1684010382 1974402197   29610712 1166208385  585290967  430112373
 30 |  897447564 1770870363 1183349853  483243042 1591417527  639358439  378665900 1218611377  288016044  511866206  474758593 1084736177 1017252727  576354563  249183121  389588245 1903998153 1238295544  946358385 1542842708 1204093669  689593676 1162279136 2063135615 1030760242 1681890393 1493193313  525057916  931581077  418081594 1388047867 1679955306
 31 |   16093678 1246094446 1183593306 1647240012 1313717795 1749575695 1559907151  411109585 1571543053 1427116259 1475927065  291669583  322843247   80938092 1805527261  192031564 1869540559  265035713  570946849 1563797963 1700660034  983855703  586355161  452415750 1955877411  186360121  666761571  246938910  597410318 1732698889 1901685386  567841885

--- Zero Minor #1 ---
  Minor size (k)   : 6
  Deviation        : 4
  Principal block s: 2  (indices {2, 3})
  Row indices [6]  : 2 3 9 11 18 27
  Col indices [6]  : 2 3 5 9 16 26
  Time found       : 260287.4670 ms  (since matrix start)
  Minors tested    : 1951071570  (tested before finding this zero)

  Principal 2x2 block (s=2, rows/cols {2,3}):
    [ 1647036220  1824162375 ]
    [  122602957   363642968 ]

  Extracted 6x6 submatrix  (det mod p = 0):
                 2*          3*          5           9          16          26 
        ----------- ----------- ----------- ----------- ----------- -----------
    2* |[1647036220][1824162375]  905082728   166005499   684819884   952700902 
    3* |[ 122602957][ 363642968] 1890566596  1315028408  1206260001   766277617 
    9  | 1517030588   762354264   497397978   611082538   303622173   110647153 
   11  | 1758474728   322718065   445603285    66397267   798108216   291877863 
   18  |  472779331  2048564351  1656513021  1095102113    67288985   992418858 
   27  |  509353772  1024205384  1530933322  1739025700  1876789955  1357235015 

