============================================================
APM Result
============================================================
Matrix file       : kernel_31_73.txt
Matrix size       : 32 x 32
Prime (mod p)     : 2147461499
PM block size     : 2 (fixed)
Deviation level   : 4
Minor size tested : 6 x 6
------------------------------------------------------------
Timing
------------------------------------------------------------
Matrix total time : 29868.1021 ms  (29.868102 s)
Minors tested     : 224501760
Avg per minor     : 0.00013304 ms
------------------------------------------------------------
Zero Minors Found : 1
============================================================

Full matrix (32x32) mod 2147461499:
               0          1          2          3          4          5          6          7          8          9         10         11         12         13         14         15         16         17         18         19         20         21         22         23         24         25         26         27         28         29         30         31
      ---------- ---------- ---------- ---------- ---------- ---------- ---------- ---------- ---------- ---------- ---------- ---------- ---------- ---------- ---------- ---------- ---------- ---------- ---------- ---------- ---------- ---------- ---------- ---------- ---------- ---------- ---------- ---------- ---------- ---------- ---------- ----------
  0 | 1695725741  227395274  944968916  105423546 2117689726 1758804036  468618661 1236474765 1722621482 1004570096 1168267392  378940009  233047691 1043234300 1069879378  399294062 1503263031 1243894419 1332067554   68448274 1773021470 1002904141  525297319 1725874288 1461174533 2035115321 1744876790  435170447 1115772345 1520565022 2029461571 1902747371
  1 | 1706540580 1723102775  462872379  593735927  675470895  660102657 1132579193 1757822323  135834534  160915119 2087628506 1969119697  559469615 1080771441   24972264 2053543530 1902350601  936664478  485467626  835985105 1107506243  679040800 1908016128  122884150  407984330 1041449071  544234315   64582056  951679810 2075836036 1765629847 1268337197
  2 |  448797954  424493024  237777124  519797059  395172808 1833993866    6138658  778282072  306664018  654328846  942650462 1288545212  517059604   54401787  280581368 1307558374 1563976313 1137863408 1785144120  265791786  226971241  998809105  644792030  983078356 1319993122  981138701  994101024  984132523 1788360498 1028549286  893012635  218837321
  3 | 1990048598  224370595 1051777440 2036531636 1155407000 1267130013  886103118  541991622  170135977  646070944 1295445425  637682295  574710753 1590448110  646863337 1241552575 1907812800  927929932  149672893 1512507822  986127968  461297510 1697907580  326736693 1042995739 1139717563 1430483875  693057544  942052656 1220553472    5787120   63141042
  4 |  679259929 1586102032 1558215334 2043010133  397103423 1406647774  470087719 1683470386 1959367468 1247805436 1026571453 1817826647 1553271141  680580400 2128064451 1659932414  485383084  271737406 1066215256  950356988 1427532184 1090143931   72381971 1814945248 1319861715  377001749 1840808553  987021523 2109895046 2111634794  610434380   60585991
  5 |  143061167 1899508563 1531230685  584940577 1470193060 1512356361 1781658703 1263266801  628628234 1260308310  993842553  457745942  458846067 1925581619 1411732714 1544617195  627245583  503728869  244650147 1616482889 1949034111  900582527  213389506  101247297 1120738083  311025061   99634756 1254990270 1621219964 1736844046  545505118  924454534
  6 | 1779739660 1454893908  785025432 1342010331  524903706  565612711  770907456  613741710 1939914824  421495342  704722599  689957867 2083394533 1796102668  518514162 1225067061 2020631712 1781459000  984879897  400454538 1414016278 1943917513 1499280420 1586976586  972077757  563280731  656126816 1952450954  577865519  207506622  926066038  585120033
  7 | 1928234415  827747477  407057699  652968001  979349729  533326548  774501837  416975182  917649948 2056526226 2086894014  567546914 1722884373 1813155321  334312803  907930215  546275995  164495450  625345050 1816679846 1848086796  490621606 1923065801  661760596  933351039 1153323702 1058725646 1039441986 1876188784  131522811  127069886 1319321288
  8 |  969503802 1903021464 1691184258  636707869  375207977 1877489853 1498156686 1221383403  296064850 1885776973   19336023  802489137 1568388740 1673671748 1513010038 1582183003  123192554 2029228307  199256572  439635317  871601913 1781254387 1531653412    2632523 2060226069 1746890935 1627124098 1291347265 1671554482 1324617180   72454026  220152086
  9 | 1114565649 1088696662  616593457   28162467  351387640 1515539330  589184584   75820946 1484825393 1342600133 1051578864 1128789036 1555598369 1694156377 2011054231 1599777132  441707061 2132053470 1041234793  675893419 1719874466 1043837090 1268762716  282429708  292318108  283689376  460537254 1224996664  324097633  460914859  202943646 1607528271
 10 | 1058275932  942354344 1799175178  358926573  611997666 1781645444  963370172  128763728  234814513 1429685931  740498941  981441816  741161716 1033744865 1459098476  830593153  597237736  562011183 1774871069  525669835  622621065 1783292212 1263897692 1592419805 1086983085 1294204074 1802370424  870264846  901357475 1071434496  225492700 1158396572
 11 |  918716928  708398966 1882409748   89481888  878649006 1463643972  827080090 1628195231  829181034  857459097  633368951 1698387323  119057867 1297320536 1626396989  136324279 1513206442 1971062494 1927698123  170188977  617400535 1443743045 1171727610  245206835  379281573 1432462192 1382617084 1570920395 1416605408  933760520 2079999106 1356857678
 12 |  471197923  363606711 1981168169  434631701 1705254204  231856414  234305040 1012357191  396183427 1779350973  786774749  226209571 1152592866  562318026 1799901113  164271559 2094221877 1343052565 1665512538 1325232177 1878775753 1951256436  491404983 1418445237 1127858610  712548802  154234126 1687298915 1705104561  265664296 2089750674 2106546108
 13 | 1888882509  540917964 1947500243  163433217  318728161 1520662962  696580133   18887011  273991889  818099886  186850072  955667267 1268029217 2028505550  934510418 1760718660 1930732136 2090704961  323140368  421488643  109956023 2022731482  515122089 1524557164  735516202  695030845 1244958312   38868669 1369838716  272051045 1479685188  240108797
 14 | 1943720808 1044946826  815787806 2011237027 1754815191 1662347023 1020341244 1008738821  487189985 1438203624  114007662 1636355930 1602901708  679136821 2083935386  527556407  384410885  524886514 1087574067 2027685721  468413135 1191332984 1285664599 2002015469  886369068  223749789 2133312206  635622610 1987548669 1641353418 2005032577  750656988
 15 |  416521414 2002280676  819985892 1920180333  620526524 1201658894 1049105548 1785828604  689208845 1953409707 1565947332  969957139 1123327253 1349443099  470198337 1028166558 1454895864 1649849290 1980044897  872957252 1897119915 1444342335  784440246 1335889433 1066086885 1450651336 1952898506 1340591477  297832544  394117678  435649677  213351181
 16 | 1907547227 1387684843  341876868 1492229177 1240896309 1860485770 1902163673 2058823491 1447875485 1417754730 1838263333  940408044 1049779140  365714084 1546893820  193990251 1273532509  830232169  743710284 2005093033 1640848795 1664003482 1458889864  841933727 1191914275 1754553357  852268897 1406426784  928000005  727181356 2055635936  152413796
 17 |  163143046 1857479066 1529551962   39224879  240486910 2052118947  625911922  111198487 1655477170 1534712688  990202078  437058710 1513087578 2146031766  128203963  834387139  687746977 1572997063  547629906  715436173 1520341801 1156980144  848669576   51678605 1893118166  286371467 1610757710 1780171937  611589699 1395846557 1102528185  827914596
 18 | 1084775776 1675021689 2143999849 1926101036 1728432038 1425157657  700617647  531697026 1052750352 2007579228 1502608718 1804462428 1261018018 2105929182  714686877 1418208941  593372031  397556301  137959210 1118766889 1789842245 2085844845 1319179813   96613783 1534274385 1810284258  167544611  646015751  602166505 1806701638 1963464973 1721359190
 19 | 1048755002  674981208 1327175854 1520608791 1464207982  753030626  179389120  853459260 1496707403  159997614 1098472818  247770859 1751760574 1156418890 1331247051  372621018 1231586956   21915759  370334227 1736686130  495402944   48191104 2123890138  539179858 1155545885 1480438928 1081098146  412901640  561412295 1383531646  804961057 2122386864
 20 |  658705517  690894884  170244049 1507123761 1506608871 1035810992 1932131973 1602091450  254472781 1395015493  620561648  304237586  988392438 2076851049 1152523634 1687192577 1759413817  280256893 1155392572 2131198251  438779621 1839372631 1233712386 2059951945  749971787 1183804320 1803295472  779679847  322312607  853016756 1536853110 1576779899
 21 | 1941445475 1035233055  983769649 1755251830  932402867 1572561639  563129724   56660440  559623074 1544785994  962238467 1497542115 1075826780  790424042  853818495  166148028   83524998 1283730145 1624638391  877440012  747231720 1619482218 1344132186 1973364308  593596723 1360023185 1232137464  932021809  218476910 1427822962 1229098361 1683615037
 22 | 1615021423 1986560376 1782352196 1105313589  587533073 1992788896 1058385993 1913549519   54436836  914217648  932201232  214150627 1688699166  673878562 1138752358 2112686705  375760348  304293296 2013301302 1112666130 1568445093  236765924 1504528781 1637644236  492945695  426565858 1640808340  497298796 1602702871  619327201  118588969 1000649970
 23 |  119681557  688486171 1262389768 1975928324  954223515 1106649761 1831668267  196250606   59012748 2043912146 1578833250 1410622700 1739918823 1654868471  783456965 1295591686  474211318 1054052864 1839790246 1437288823  842921474  382137111 1831496364 1625600786 1676545175  526335436  754507468   22194946 1496000761  143439420  533623433 1797020198
 24 |   54069968 1700906315  608255948  472838957 1922665557 1154673592 1356117097  588114132  254182126 1473058367  472798133  464158050 1698731676 1425679550 1508855754 1256505903 1124394193  300304821 1319222543 1068305532  315876129  193701437 1563733105   21970191  239795161  589663866 1611739658  881093745 2128017744 1829696234  517499585 1745965469
 25 |  643938961 1729929704 2001577082 1016412127 1160858663  213088803 1260870810  125312650  584239113  297724926  675902553 1272869662  622086915  301546678 1790898307  696815059  414123917 2098098615 1359464654  599024969   69165382 2098950638  403907935 2086706626  842305313  302795932  775697319 1599695727 1458961837 1006380996 1625309716  618262489
 26 | 1059324671 1042651456 1259665783 1848121755 1045177600 1044145346  184294296 2003903927   71228016 1953492101  598347847  381812580  260322240  522029021  133080958  739898856  218938518  589270560 1965384620 2086534707 1056690248  551509094 1294332170  350492667 1330771127 1277093104  849482583   69561951  836763691  308357296  969534313  258306263
 27 | 1846695421  430467126   49062059 1087202377 1196843043   78190132 1077100686  571286862  592435239 1279121625 1218396493  209448307 1141129070 1666835315 1960314603 1056178201  386300825 1404026403 1419988975  807198839  965615201 1213171444 2092158234 1180189052 2127651166 1290097570  198785724  945205855 1402979463 1642512230 1802757935  265432307
 28 |  618112603 1947070513 1820155023  167290414 1277996295 1989739686  467012690  623744284  354097073 1390789050  715347944 2064729550  591126151 1383064800  159111826  378490498  914611447  633365377 1149805990 1284629060 1130748827 1419049983 1015807523 1992713002 1194776584  357975937 1622745936  528119525 1456361082 1893317871  290775140  167562005
 29 |  207811723 1537629407  577546029 1539047455 2013832857  607862311 1538479411 1361196625  481563626 1414975147 1324112733  251007435 1098532210 1395264033  288067044  485621923 1921363865 1982428917  365553018 1014026527  713833716 1291405545 1665562557 1868320690 2136803848  857669412 1073951833 1052672138  789169620 1532642887  873716617 1215924879
 30 | 1457765072  499956632   14956843  601055723  202004383  504393799 1104329153 1796446443 1263351848 1736093029  598288378  694937869 1899274554  923134953  374363679 1128048370  219400129  506277279  685701075  931664432 1307245894 2011681812 1271185138 1256535483  502761565 2016878979   94177776  631806952 1406609425  762771758 1196099830  198674551
 31 |  587230230 1274382325  201486902 2016106424   74102500  693410801  339634667  460185167 1922681337  939769405 2053161842   56936045 1515213148 1231753253 1545155385  962970645 1502224270  498035183 1604865366 1279881148  467949035  889738519  863270571 1006949146  619056953 1766073166   44640095  979871322  542035473 1477464206 1119924042 1907076519

--- Zero Minor #1 ---
  Minor size (k)   : 6
  Deviation        : 4
  Principal block s: 0  (indices {0, 1})
  Row indices [6]  : 0 1 5 14 20 28
  Col indices [6]  : 0 1 3 9 14 31
  Time found       : 29823.5740 ms  (since matrix start)
  Minors tested    : 224501760  (tested before finding this zero)

  Principal 2x2 block (s=0, rows/cols {0,1}):
    [ 1695725741   227395274 ]
    [ 1706540580  1723102775 ]

  Extracted 6x6 submatrix  (det mod p = 0):
                 0*          1*          3           9          14          31 
        ----------- ----------- ----------- ----------- ----------- -----------
    0* |[1695725741][ 227395274]  105423546  1004570096  1069879378  1902747371 
    1* |[1706540580][1723102775]  593735927   160915119    24972264  1268337197 
    5  |  143061167  1899508563   584940577  1260308310  1411732714   924454534 
   14  | 1943720808  1044946826  2011237027  1438203624  2083935386   750656988 
   20  |  658705517   690894884  1507123761  1395015493  1152523634  1576779899 
   28  |  618112603  1947070513   167290414  1390789050   159111826   167562005 

