============================================================
APM Result
============================================================
Matrix file       : kernel_28_20.txt
Matrix size       : 29 x 29
Prime (mod p)     : 268431881
PM block size     : 2 (fixed)
Deviation level   : 3
Minor size tested : 5 x 5
------------------------------------------------------------
Timing
------------------------------------------------------------
Matrix total time : 5502.6531 ms  (5.502653 s)
Minors tested     : 65879775
Avg per minor     : 0.00008353 ms
------------------------------------------------------------
Zero Minors Found : 1
============================================================

Full matrix (29x29) mod 268431881:
              0         1         2         3         4         5         6         7         8         9        10        11        12        13        14        15        16        17        18        19        20        21        22        23        24        25        26        27        28
      --------- --------- --------- --------- --------- --------- --------- --------- --------- --------- --------- --------- --------- --------- --------- --------- --------- --------- --------- --------- --------- --------- --------- --------- --------- --------- --------- --------- ---------
  0 | 154922374 191282844 194448114 197204233 149463523 206440272  35987701  46191586 178599220 175990015  76742829 146440559   8746974 190826267 116435113 177068300  46814482 165445659  37535441  26151241  16906150  84163688 150244925  65353624 241464358  14094217 107129031  62971764 202541596
  1 | 224152451 258808689  37877428  45605603 223833427 192786423  52275986  29680666  92066899  98156143 224574074 147065754 217480045  50099451  74471509 253134062 223770280  89988243 111790371 209664979 227215820 165133017 199269706 252820397 145579337 185922021  47899256 251207240 193437966
  2 | 126215113 146850137 133410575 112050808 242619342  33706606  62426357  24625367   9668790 239418760 235910948  42211736  46839033 203292886  12106064  31910147 259536733 230046303  35095939  36898683 114740165 145043907 176632718 103802972 209292922  38965692 208211821 111125773 120251843
  3 | 225599502 194546627   1745138 172954567  69431176   8815788  32655617 123129536  28210241 173636306  52335208 213122626 247090768 267615870  20668146 218139715 264212755 231242852  99655889 140885264 174669447 133327690  11569722 171229718  66473839  92199784 115889806  40682046  44507504
  4 |   4804818 229139866 109292990 144947851  37673736 221095042 150958090  35297161  36519724  89864332 230032068 210036264 153551524   8764298 209204853 203648367  87125177 240596297  76559047  49590082  50822629 260670102  33835997  22012025 239299950 178481863 130308857 213283919 208371104
  5 | 165713988 194237186 232655356 177038603 129616285   4462421  53307365  97960797  32401460 208671363  46507698 243050432 239519315  45057083 217247544  21526638 156305384 153718556 198173541 189549071 204879240  36291413  88276034 149752123 211334111  63254954   1991866 203479768 185242921
  6 |   7630869 188694272 149646681 233219634 223895337 200529133  32897075  54860234 186639084 187890769  42819777  62656860 162577537 153693990 140026013 246554424 199844716 115354054  47407335 110703580 259763938  91504192 244773649 128162686 231569933 191228166 137785806 241428775 258114907
  7 | 216914906  32758308 132936775   9021339  70921664  74909792 184394611  16752825  54796518 245259496  78127869 243211153  17402125 154335121 157789103 203151522  70294215  21836668 141104842 255867059 144939839 222257555 215119154 109502146 140094839  88817661 174670763  39562955 228979049
  8 | 215773299   3644969 102390740  32444346  76475543  59146816 129914972 154854783  42494994 191562739 164154893 173241816 166856046 198494860   5314900 235753382 214188754  40155712  93871711 200955901 133882955 135289426  35284082 137295087  20891145  87326760 198408054 164749590 247601388
  9 |   9274610  57522071 138576966 254662212 232401698 150671278  83267936 145823220 225307832 189439746 172262862 136067555 264450852  96009977 264152146 260480792 148808491  53432182  79037480 185781599 160493505 195311604  96768441  46538772  57292614 146084373 209228621  88025758 146966215
 10 | 260670079 213233860  85122131 206849608 115214553 157244216 252084101 118724935 132893994  38951202  54771061 158945618  27763883  72281537  27853068  49958953  67091465  14515234 205663191 226370938 143494056  91662426 152771769  98237488 204672956  29739083 196242647 257488922  57041426
 11 |  41111246  46001684   1776719  39529411 116877775 141074578 224053167 267367687 206559434 189336922  46278271  72008223 176451382 142759345  93794733 161009386  11687891 112527337  75101991 140548389  83175070 220809117  59338677 186311907 189167294 137423265 227422789  17832651 191100175
 12 |  98486957 215497575   9212191 260553397   4523795 125048044  70876033 130821705  43678615 218527168   4574800  12319368 267500052 262375983 237602611 237851317 209685605  79678305 218576817  63628692  69058492 206539101  67046392 245088070 182692416 268316503  76055922 183903859 186527158
 13 |  40577769 230747955 122712323 161070454  47022525  36748071  17163256  64039280 112705517 233024111 137505015 228564103 114591910 163810433 234424073  42645942 203305423 236690838   9400055 222478939 191922254 243501988 158773452 206484971  96927050 152910782  10917177 263946796 239788756
 14 | 232514834 204713566 130579887 177951716 247637800 215584505 161379758  25161166 195179150 204269731 151375533  47045958  47549664 109185303 152651468 111544917 197239763 128036034 229849321 233137635  12142433 257399568  30634737 257156795 201858177 209962891 220134358  60731624 252412308
 15 | 228138618 117591822 166864276 244542351  60920605  64142540 187449635 245360713 209441094  94026550 104265739  40498402 229731272  97577762  11747438  62239136 166947303 264908555  29585177   6180673  59150860  40402029 136365729 253647471 246060281 144380852 183776747  41664505 187671993
 16 | 207327268 203749138 170648081   2500955 204751646 266643416  79153851 108361060   5999626 139689728 151374999 143201727  41902418 120879435 103046926  34788566  27476814 211692247  22542995 184659689 100965861  86610818 170582304 107051151 206296593 263109382 234979968 244400359 119243329
 17 |   8987389  14491152  82839500  19595120 152430826  11938714 215808808 123910071 208911868  36512716 227124873  22070833 166011673 157630845  51905366 259366609 174701520  25627511 123713455 194139603 102853005 221286594 244770834 213190796  26608915   5004020 143209793 249877600  75163548
 18 | 100294172 178758738 165984057  15358321  33397684 145682986  68108427 231112916 103885019 176626402  63048631  41492553  28424291  48061811 243427680  30289380 106340834 144408566 142110797 256543596 197971536 151011833  76766737 260175702  69003800  43225546 253158205 167527168 153228738
 19 | 268321650 237051457  17508001 235425443 105825784  76999890 142141395 250351029 112324476 190874265  35140944 106047542 137302312 241954585  11164657 151022910 246399387 110530094 105565724 114439439 102370041 183064580  29405347 106136302 201580556   7026038 150931953 201035719 130601965
 20 | 197788288 218606104 242902194   9508180 168781918 162738302 214322211 138072377 182502081 140926575  48076114 176338319  72870721 258839027 178630962 173774689 107136849 267531103  79667299 170444086  17172816  22834599 140610643  38605714 211921314 128447693 258141042 145569168  41758740
 21 | 247012419   8991064 253057369   7267991 157512575  52053895 190644895 101139574  63643461  34913771  75386541 133632454 156287646 261090451 237106841 230043495  68543998 115169749 107656686  33090929 254140380 126528344  95587624 188401177 183077868  76561325 220148885 265383113 261403625
 22 | 192528485 212823234 113742285  19500016  71261339  51604018 189113963 126887393 226271477  99912587 144912035 249641457 222192734  70561828  17469747 132417739 113099004 243496433 179519609 209585282 245175626  11235426 120385593 106586774  90028244  52592015 180183727 111237276  89804281
 23 | 226348180 233873693  34301726  12037831  32666878  10108292  39287592 203347401 167689121  98363705  17801056  81894157 113836782  52435323  65682874  60800428 253726752  10672857 224979290 197946586 135550163  14973924 247085571  30631277 129157597 223409045 135467982  93173329 121570905
 24 | 133627963 198918055  94704568  80723733 177151078 106079503  38770260  61331041  94646105  78015561 186384958  61762948 164458831  92796767 171479992  81129590  61073317 211836871 174730807  84507077 211031793  92316704 194237161 117913602 135654214 188503482 126958881  46978661  75958726
 25 | 126407946 237333924 242211301  93434540  46517512 177192671  78414272  85253428  47286854  96417835 176036030 237038304 226515990  94834213 260550768 225563853  63707053 116214135 139992187 117488555 167944164 243267544  87439187  93595399 135126636  93489666  43926350 249558153  33857216
 26 |  62851048 166060765 163447198 177123771 160511217 161935328 163194050  20613509  38389263 197604048 217166704 105779382  63510497 152881357 189701585 189740755 132290691  27190357 146720286 189831986 188655950 106125154  13748103  71839727 113560466  71414030 213663123  20339157 200235547
 27 | 167908364 184465274  20783385 252421096  28998459 113829066  58846321  42724830  93328381 258669446 185807522 143917321  82046466 108648243  18649437 266789290  67746396  75513138  17280874  93479718 110999558 236160920  19847233 231423082  71977063  66266359  44787154 212693060 162525786
 28 |  61620227 115122658 167122423  41979180 202244271 264949424 191861861 230624437 164304160  59233838  65488008 190201053 246440400 154964623 165491615 247715520 176622876 264546808 248889686 257325361  15982829 119037569 147016566 190884848  56356985 140347192 236671105 170255625  27640356

--- Zero Minor #1 ---
  Minor size (k)   : 5
  Deviation        : 3
  Principal block s: 7  (indices {7, 8})
  Row indices [5]  : 7 8 17 21 22
  Col indices [5]  : 0 7 8 16 18
  Time found       : 5502.6501 ms  (since matrix start)
  Minors tested    : 65879775  (tested before finding this zero)

  Principal 2x2 block (s=7, rows/cols {7,8}):
    [  16752825   54796518 ]
    [ 154854783   42494994 ]

  Extracted 5x5 submatrix  (det mod p = 0):
                0          7*         8*        16         18 
        ---------- ---------- ---------- ---------- ----------
    7* | 216914906 [ 16752825][ 54796518]  70294215  141104842 
    8* | 215773299 [154854783][ 42494994] 214188754   93871711 
   17  |   8987389  123910071  208911868  174701520  123713455 
   21  | 247012419  101139574   63643461   68543998  107656686 
   22  | 192528485  126887393  226271477  113099004  179519609 

