============================================================
APM Result
============================================================
Matrix file       : kernel_39_0069.txt
Matrix size       : 40 x 40
Prime (mod p)     : 549755813657
PM block size     : 2 (fixed)
Deviation level   : 5
Minor size tested : 7 x 7
------------------------------------------------------------
Matrix total time : 6578731.2380 ms  (6578.731238 s)
Minors tested     : 637528580808
Avg per minor     : 0.00001032 ms
------------------------------------------------------------
Zero Minors Found : 1
============================================================

Full matrix (40x40) mod 549755813657:
                 0            1            2            3            4            5            6            7            8            9           10           11           12           13           14           15           16           17           18           19           20           21           22           23           24           25           26           27           28           29           30           31           32           33           34           35           36           37           38           39
      ------------ ------------ ------------ ------------ ------------ ------------ ------------ ------------ ------------ ------------ ------------ ------------ ------------ ------------ ------------ ------------ ------------ ------------ ------------ ------------ ------------ ------------ ------------ ------------ ------------ ------------ ------------ ------------ ------------ ------------ ------------ ------------ ------------ ------------ ------------ ------------ ------------ ------------ ------------ ------------
  0 | 328765251886 356253722733 547070653439 411336760929 364930605337 157043548836  67436903170 255920514452 450302784660 500119065203  75663350712 517325434493 234846280020  92775330476   8750333636 124307470939  67444885000 137243282574 179383242200 146258558463  17353091913 442198553481 446783983505 483487833744 137301443143 484927348790  59433377321 220037596243 368487086941 126309356382 231631501069 307388897698 334383022646 448760333419  92587849420 106334928398 467289306484 332983260607 225784765231 423445359114
  1 |  97976736127 513103756033 500449085945 237995426784 281787865117 367501854504 325898203108  36226136234 366836778386 422633744601 454935591776  98253426994  14793535290 141071940947 141578488097 148860794103  67041300798  79053612753 170162144392 421981690917  90192419328 510580536557 466802501647 372021514968 208993806485 415563257880 177340282345 482942202958 294995116558 249948030382 511659385108 209229013843 441374100427 172772981619 508351224232 302012269749 167691926360 495476344213 545335372381 410209688987
  2 | 108002590758 119331412572   2882887664 311841251066 130803729618 498017975357 216094175698 386454062490 293982107310 483010805065 547273025002  74046136700 529508698411 251444390220 458155533918 132574245403 544164885931 268493464484 245087371458 202891353763 192155250651 131345874380   2571243642 370601869057 155295782188 273736867757 308853622533 139874798280 410233151781 481304889245 228796290105 153960923655 317083543661 516656987356 145612152445 482942037593 535449515355 337758022118  88786234655 196101648855
  3 |  67423216547 452513073521   6094387272  55092514981  28344709678 278830576072  94704303038 131334633201 149475454338   6607658778  77413409417 162534267425 372111611054 236157530135 322443431235 141264247299  75922786074 225921165396 533573736263 408927236859 138065571368 157234783300 272505849245 270598149925 191990434388 251858144414  62963942133  14873101396 185160357419 341660327198  22923590093 259640003515 161617754501 409171707148  44383288346 123135332705 192217115868 375076604638 485219038530 401075217761
  4 | 337868309876 276883932193 350944422591 117717060456  55002665004 457828423901 183650804119  48510856893 475332200423 196696583075 545647916324 226700241060  12989095362 290379506080 346404826308 331526313054 549704918228 169207341775  14954296551 137409580301 400712213887 528773705209 102814647354 156556338735  36978939691 340586773711 338107838699 325627490960 495550717415 196179159579 200214231255 544460763604 213955286805 432019267544 493294928713 537862908046 241091828683 328332730279 171492944090 493705819837
  5 | 540166230777 193078548147 361056676771 353078401562 102009607977 415618230586 219102758430 213006992764 444768480712 503620635389 460417688707 353877983643 517076065337 278837250497 145578769349 390792638007 254183647844 528558208957 448838224759 189581201536 538854111211 371520548505 427265872874 501114626534 441198492400 533118389795 544602379674 512202671720 536966441002 219975211727 467500430687 260244410571 487133097974 435048791839 204894152558  56252958245 142761045785 372597739982 373476402484  13149396164
  6 | 532543702879  88742858192 305283021408 375056628559 400702263126 504650387575 263561819010 137886966717 509545278854  59296272029    390992673 432217780292 196867223807  77820615538 197241423562 208849030518 197348335340 100395617868 446901912688  33521533169 175275070043 209736636460 361356101209 346437889300 256118625403   2156957957 229881279683 508053328310 236145946212 343751655453 399032335642 273817931142 363369939051 273512230063 437314068556 246457110718  32014768488  70172328162  34890723685 441748056733
  7 | 214289341840 356422546036 210963528811 485554964134 547859275047 345995276516 528034604620 283026028036 142641155843 356479109196 399522789862 142748441266 337297364084 485344240581 262899158737 537278842681 434990333538 267261135117 511374307267 478466770442 207868151260 455360676959 430380999794 497039754675 463514643701 454168648234 191647770320  23839003339 361415593033 247917265340 476056625793 490592286211  14757243662 369289052883  91764296557 529169410020 116896963205 402410613441 447356979742 152359032113
  8 | 274445148350 368225468129  12944397715  94344355024 259184067911 447882603258 196475152313 471758156128 234269612136 250994704297 269404894791 197509625971 326132488990 293097248264 250423751434  96457619838 246750862413 144433295830 464663995843 157069901079 171690542928 259624420070 542997285317 201991941968 128910865856 116706031834 485281765071 350832327927 441465774277 182354560746 547194622815 119095169409 277026972712 486318635126 483618692437 265470117561 515939905361 380464423883 134748796137 182689105804
  9 | 121263307778  31833537399 334949811117 185795538433 274389301837 211447610378 252307153586  62044653145 225635887649  34835826740 187830191534 156599098488 440095516768  56831834712 212668504790 337953460875 366428325422 281737716550 344052342039 489917768792 443648550228 535844311085  54635891176 105940894242 317983295007 498702061183 235311044716 366819519444 199254169998 464532533352  76901309475  13808407273 507166377652 548278069670 212062431445 173272436396 192705061613 391825811838 539584949730 333028466347
 10 | 517433170348 105461834295  64492952667 255875198777 404940246066 435420305081  19922088119  37776736212 120108972500 360833920951 424819096595  34153216022 521437502490  70983714741   8072651856 546353335330 524432108731 348800018535 150927146428  64956967601 531591297261 427490161961  59020516517 466135516877 259660829536 264436636717 226280324661 217042984284 139988566114 213872559321 132385961857 220163354091 278629273515 258491228405 447937406020 128965623731 371650781439 179834471266 437539286506  84897010964
 11 | 213905802876 388314451976 526819534026 282246447456   5224307194 151409411995 373879025268 510308335715 133371460961 283157374065 172276067039 378573276774 473177376458 173826708629 449629846607 351086900081 351889449886 120889943566  77995755927  68717308859  44188579492  14154597770 520308578122 409933391578 327440891265 262620702939  34798999168 183139113004  44350460743 342165612929  66479698433 134280170490 419709043191 488608877973 273087224739 516197682552 275569625049 391334009953 137030352923 394414895935
 12 | 200713234762 260504575663 522391620740 319518225534 529080136419 273427627586  30750920043 426077055278 401107521130  78526221157  90515185531  21256452508  61999887054 503331047921 400850613031 369934033733 368965542642  97642555174 541155344310 479134071136   9536986451 272492384920 416361781149 359661883786  52215446120 326234514054 526983975794 502069534246 224884366990  36140068312  27764035641 401329154570 151147651387 361365986724 196917010940 485862679630 194837893631 296113753612  13710105301 480108280377
 13 |  88174361800 495441086115 133329464439 537618362773 454044613370   4080106011 466459291712 140987488730  76686950806  20832234941 218730079341 481300279414 117906476456 468994832974 462699610617 539837371860 259391724497 188758829725 312906849546 382100404792  94774433502 446006795046  92655996969 232476207530 223722887946 404072665745 166760710684 383224175628 417465215743 350131853465 128840280219 163261327871 498076938906  10093510576  54718473118  73920079280 470361470262 392665005565 245544242937 530444152114
 14 |  15689954069 119813201496 234344006651 444254888501 411170406024 165954697170  88564924131  79364433333 263485659055  15636759504 276983317406 423928594400 414796859653 227382527465 221891245126 540714363341 288270762313 283779655807 544084294540 354486240620 147816325259 250973075176  46005313643 228999861525 389175669929 238641735077  95313811210  11222704396 363782505961 424703183329 364057649246  68610571527 199350830122 518182789471 512409957817 514442616677 146515652435 177623579346 134150948042 376152841440
 15 |  55912624515 114350004274 139220315276 257861371032  23110421755 136838895340  62883611059 105200227688 234561000599 383921123786 393561310586 465061195215 131147226877 507077081768 472295183802 102147424093 234793438752 390052629851 353020665712  19621845609 134081780141 171189519180 237592356448 431653527606  77385133867 164955639324 333998517422 244722968024 213016014433 121775241038 516528538705  69688084679 442815252592 249446403001 288688249936 417920891130 222653108571 336266552542 154910343394 353785143647
 16 | 370815524429 333225152857 173419926938 531856149408 426030612991 137196703412  78088218042 363712929044 127737643199 515610985097 331843811848 509726958728 201108015343  92236126807 400911602071  83685993350 425674817258  73398805334 148056253527 129459378894 504141069961 119618904119 484561467818  61605730901  48851274469 475080014613  23736363495 492800282949 323585838828  86577557821 189838644715 452113439895  28832506135 148840568634 471644874631 179644981906 385717700366 317762742145 549032967071 544139698678
 17 | 290931240452  10086666723 143417793558 464085565161  55503678486  48501158051 231968281957 167360181810 513884239999  89358381294 326560496617  80412539118 183233720233  94672642904 460204269051  82336399523 531360514897  90911642913 250376553074 547238173961 521553790396 497145474664 244256953214 309987812165 404923776530 280786465780 440602355568 143328926817 354656431761  97165944398 141477655733 541015508770 101123690792  54212497100 351504636730 208353456678 249579626487 356819187075 360875911558 137836550457
 18 | 258308582940 279627645387 415415781577 390402466790 504180057110 114120817573 185855060569 410552953349 450158837811  85928801422 129893986282 308150971618 241282197480   7661497378 117958896636  77699479601  41054041825 468466925318 497707546197 298018325974  42604669372 307018322015 180634114567 376383589602 437826039525    699448711  41113206748  97902091239 159439273875 305013750771 322515256107 485448895963 425440022202 363821500044 243914890440 359956811089  56574334672 294029227226  56122979181 251270970995
 19 | 377145934158 136263010589   8705150271 459088011704 542750658663  62405040572 179828557713   7609859141 241847375829 499120668409 309551565443 160199281428 150292742726 451963591454 497424081255  35371483685 215653574341 357407542606 329142429707 543752285311 461262682835 497989728790 150989191911 241449023343 173933851205 363282590511 421066333161 309289827100 282893000476 188690735619 207891345197 465708761060 375754937731 341688416800 292804560875 383931629054  31425206010 393725731667 177714000629 222182160247
 20 | 131746175440  20437577246 371962593938 549466530451  42693464280 384250820934 505711151223 332744732206 136452945125 263879650250 263977032434 244528559335 535679306060 179693362247  98866659210 234254344151  55410392416 461898084229  49194302414 492260054302  28483250135  40595726366 225476388204 457465678531 318288484357 137901355386 266295880157 116377615194 481776459716 234295172309 306472832455 119980729165 326922656139 198394194575 353115515787 255998737320 511785186650 218829955338 360629175408 306103550821
 21 | 502969259661 513255940458 207648319779 190758427321 213956231510  66349286019 492396452563 144114186942 333916988521 546273394994 446569417876 520632161721 149261084740  50565086701  75208421504  36780249001 407127871329 233900539129 487843410877  96368907255 175402492729 305961078540 169416735632 385313952401  21720828278 191413760658  91577008669 126016201649 144907417762 213824774326 501194263679 176683626997  36706023718  69194225725 380564087978 422858031685 293961381743 390601814763 407255976293 432712168282
 22 |  61855372713 133871935758 390536565490 101543770101 527851279228 414953889488  73568312492 365239380585 386431637557 280824290504 114273919834 336961282619 257511500266  79710553966 254752037466  30615804985  10399450472 313570473811  53324997087   8635855906 407698878183 376043848398 207280856445 212645659923 160686579573 463489613164 513715613969 215342642860 231639745631 417043882127 176250667343 398810835813 520961528428 539510039029 516597592934 524527852518 525247852134  98659115732  37212491576  45820640348
 23 | 124311503392 543288826205 232939263186 384818224528 177142385175 131443772902  28363001492 430585425574 468441039350 507269868987 140869463507 521261039089 301515907166 518691225007 413968588616 185989460048 360399790776  61045933981 114265871774 502441738847 386267481791 123970745819  55305860509 106011313085 317625256858 312353801587 412460873406 455421457472  84930019586 507707795994 319705602822 544837299089 122409537282  24473149088 234526380859 246931437107  41542015524 449651411998 113482467277   5634010304
 24 | 186370147565 143566609447 345368932059 324092081268 353249294775 323207803034 146765419722 292632469905 210221530028 354178092421 538170472259  47845789621 437541531197  69459802525 153708522130  54673071096 329590632219 130790459268  24113952388 316873295358 475292135341 274554540233  26416955654  39410459642 112727706188 452454240133  65129601337 414535237773 326295372920 180599414335 500644182507 339717139741 135538188273 354933764008 348890095338 127014662570 228281717442 292438562529 308014287615 354947425935
 25 | 410743118610 332156766278 163034814493 275814943104  78264351164 527269929865 490751422605 323516229444 300104897164  92603937598  57651099093 199550354933 181178765344 205813425750 327347981002 192991076644 361320558067 445322760125  17495583530 423869536259 220482704337 504950929592 303730695402 290474217490 457430602787  79662928681  64934273321 355696284936  23260210777  41047467887   8878733841 437420216864  68150501018 317966977343 402225506586 434272719972 160451283389 157882721105 280213060851 137309244106
 26 | 165658829032 544614098197 505763395063 517317830985 183120254808 539904770336 110517818737 413745959303 156050710829 457679046208 451197675386 109803696800  23011386162 324746174742 205017660509 307260419670  81477143595 133361426405  44017297420 303989206409 109723584535  46141476313 472667064856 253194441119 426327589478 364358401866 277392043183 447896397957  37927634053 147785556123 463472308250 452728869085 271606413724  17974340529 454872729763 331950113941 452894288927 121905796301   4540414617 341989609401
 27 | 113282110201 310888512117 382229239924   4096446158 445375346606 201058063137 174475901696 152200117735 477428473395 445577131177 124902028704 185526962309 228086010321 487264676115 124118000395 372779221556 312355549912 494017612208 131782650569 498147605251 483444903955 445427771647 279958368815 195409912345 450775665078 510923236286  37460987017 262407477760 166491234251 449317425158 166632851354 275594256758 307661642889 122135011619 239841021113 457831723056 220032900277 311555006915 405365349732 443615342538
 28 |  34998049958 369251397648  85241931343 334225302251 157243557478 358367906982  22994782064 199962302736  84394624829 303639573261 158462716083  65696751969   7383464443 221419416498 290797293994 445776146670 251352971294 252396983553 338769071095 305377828131 321117633438 541779959830 114031343640 430727968020 101637507792 310594772740 405735763774  42796766126 213084726350   7541971006  27930699447  41681295887 427274597439 199717774017  92109906909 119857125112  64457313066 202781632764 455493648024 308910897267
 29 | 372924691571  22413242307 290215550673 362790289585 204281160828 305408502664 440155906767 285405130506 280711900772  68713158256 384973318027 536294409712 248494190077 379576037246 124116985483  37153095098 191051237272 215735316855 220194625305 445169936817 317384542454 175163446316 326847937058 254638169524 465154822500 508770014044 102649354542  79134351429   4163675034 144280410333 160312818366 312759122573 131733983479 346697509177 359091192783 118144328015 510280139458  59357342280 355351632870 446808368208
 30 | 158871644070 125525020132  78495711246 129794926677  43673326962 261105078209 189066970720 439227004437 426115435959 241193136797  57291597199  63191661447 419281285615 132906810305  86360478809 530366764843  80534931950 150391845855  66931375495  48141967033  14071576516 277519884573 491050007947 304914017953 301218447021 313816319747 480259640131 402927347889 435048885586  66432392753  20340782800 130339939386 319950517778 491569341504  84346804773 163020243350 234028710805 108501381314 443897282797 301130597402
 31 | 275759444425 249353066909 287818392297 310395162440 530112189289  34018361149 129743356368  72989975539 203653584381 269585961177 499539480058  77678980668 173977838332 245306481325 371645170398 388628093123 344017196312 469566411105 112486839265 136992818058 102722764836 198170194480 447173488569 477489347126  57919122300 105904795326 527774983140 156053227188 445890166043 452247319184 201743904950 193044413293 223567543496 167379192317 246203071780 259096030668 285491428221 199414196640 431171746934  37106529257
 32 | 185154490926 506757111954 262985610715 156887757384 113254254289  88954268393  28946144361  40512150438 298142095623 182249703801 320369958942 455687648096 533336173364 223222954990  95237016574 409050164704 184627205660  19912327310 263963704423 306928587149 101804594118 464762963150 109145956057   1867322461 252065091173 216983012032 232108749040 147943517736 458713521847 103725501632 471509596761  12649216622   5837167849  46042537836  46666747238 490955153177 274605162952 211506655836 194715236227 115955328416
 33 |  75889712963  21110983213  79376868417 161518658776  10700198075  12678738216 122306328610 440906068465 465333737313 128791780508  60080891010 391157406515 474311959051 530987011727 246026859723 217132275353  95911407630 177999996812  36761276823 527972375731 312698429680  20611425770 287212458011 139352344774 397483976837 440155207060  13850635268 158143438916 136012122330 480123538830 490190381694 334874604115 239309997840 138103037145 191874857810 496581406955 469588912381 504983154374 241809464923 361685051948
 34 | 508384766581 269667616182 336065945835 413444787155 471978371896 368114889379   2491926987 510364786687 210329829033 185632261173 455019641957 118589891451 169221846466 378757466095 523404940496  87333978828 229015700858 209391917251 248044594715 479989322006 297189439360  38034608484 344322114304 131067266540 373490034259 274389262835 385016928703 476210066253 222728465552 408597858206 197528992606 129405488261 504930823209 399530833737 444816981520 454124302036 462822657871 475935753569 250015687555 402624458359
 35 |  98066865408 541780100262 130893517466 497041049611 533774662717 422143848730 317493697430 413681056272 466811750788 223927388338 362390541554  10274022298 332844709856 528979038473 387163132927 370220216071  33825621296 439971611303 122614866750 176692299841  56809990104 195412137865 531236896142 147493455125 390751761639 306786374247 325337716892  66272228680 408696099804 155041860827 413549672606  93140582559 459113057275 502256789300 501461260892 459894212064 368749013123 248575144128 161459958260 263834849994
 36 | 478721484528 307699171037  33514411818  31314953580 488818435487 208786608186 271451895741  77996059933 205107111113 362860622614 431156543864 316632448076 198537859589 489360989642 131518972314  34650528045 323517369627 281210249515 519431999803 363789745390 132292917277 104455279505 259551349644 234912692924 209738179753 192780551099 406917104897  39916028898 157564165800 333314083035 442189012492 290993706426 317769537515 509881509161 224430076586 314603038078 280839803787 516149739880 291545608240  13667740714
 37 | 323971637059 332320612565  49328705454 500713146077  28799748286 186703336659 502174842671 123290333305 350021624868 446014410559 432158762774 316960888614 542939981764 431513325546 513693096191 163344198203 226985110304  87327895369 342558287803 530795478782  61309650915 298470203776 128793755128  78353314346  40385542340 109721107309 163077442476 313109101492  48249347191 502109813241 313636526147 501898885316 106755564281 246366145653 507239617524 263533619921 208633475437 535703444313 467802951579 243992245087
 38 | 409541493145 325253452207 162531553308 175538881809 389458002255 339304048088 231075332936 421349287174  80495858888 360516525737 502887872088 341701728041 235138488953 341156084294  57168966168 437053316788  49338008368 216655161578 442152899948 109419193254 509891282445 255005435111  25806952667 343339585354 376349983514 315316180275 154979938335 108405032313  20663177563 302649761867 391494725404 534048568795 488247990595 261534637483 139358297996 247556491332 110755377442 515775479872 218627050694 126816298443
 39 |  16676658157 458821290667  60166056095 158348539199 286215122387  43269685628 162526349820 302771674412 525375884765 375044336839 524591905661 426974211401 342109857811 167580520664  76303472603  81574885247 298998077782 547656273857 161946076864  64578043396 463786471690 393403554841 293170242836 391797439481 272420270596 464165415835 275864477072 140323449400    244590228 243000912290 230393774673 138668706190 421532763083 257104564673 316745101574 483495999692 520292852650 421471196651   2399906072  85549443473

--- Zero Minor #1 ---
  Minor size (k)   : 7
  Deviation        : 5
  Principal block s: 2  (indices {2, 3})
  Row indices [7]  : 2 3 16 17 18 22 26
  Col indices [7]  : 2 3 7 8 10 31 36
  Time found       : 6578695.7661 ms
  Minors tested    : 637528580808

  Principal 2x2 block (s=2, rows/cols {2,3}):
    [   2882887664  311841251066 ]
    [   6094387272   55092514981 ]

  Extracted 7x7 submatrix  (det mod p = 0):
                   2*            3*            7             8            10            31            36 
        ------------- ------------- ------------- ------------- ------------- ------------- -------------
    2* |[  2882887664][311841251066] 386454062490  293982107310  547273025002  153960923655  535449515355 
    3* |[  6094387272][ 55092514981] 131334633201  149475454338   77413409417  259640003515  192217115868 
   16  | 173419926938  531856149408  363712929044  127737643199  331843811848  452113439895  385717700366 
   17  | 143417793558  464085565161  167360181810  513884239999  326560496617  541015508770  249579626487 
   18  | 415415781577  390402466790  410552953349  450158837811  129893986282  485448895963   56574334672 
   22  | 390536565490  101543770101  365239380585  386431637557  114273919834  398810835813  525247852134 
   26  | 505763395063  517317830985  413745959303  156050710829  451197675386  452728869085  452894288927 

