============================================================
APM Result
============================================================
Matrix file       : kernel_35_36.txt
Matrix size       : 36 x 36
Prime (mod p)     : 34359738337
PM block size     : 2 (fixed)
Deviation level   : 3
Minor size tested : 5 x 5
------------------------------------------------------------
Matrix total time : 37233.9319 ms  (37.233932 s)
Minors tested     : 1253288960
Avg per minor     : 0.00002971 ms
------------------------------------------------------------
Zero Minors Found : 0
============================================================

Full matrix (36x36) mod 34359738337:
                0           1           2           3           4           5           6           7           8           9          10          11          12          13          14          15          16          17          18          19          20          21          22          23          24          25          26          27          28          29          30          31          32          33          34          35
      ----------- ----------- ----------- ----------- ----------- ----------- ----------- ----------- ----------- ----------- ----------- ----------- ----------- ----------- ----------- ----------- ----------- ----------- ----------- ----------- ----------- ----------- ----------- ----------- ----------- ----------- ----------- ----------- ----------- ----------- ----------- ----------- ----------- ----------- ----------- -----------
  0 | 25998990672  5558900005  5140220425 24864523727 18654385695 27670733797  2505773632 23940500054 11131213451   492828685  1948861986   233969486 22119241178 22729616464 23557123854  6914333591  4419675452 19724379992  3021978176 15259249232 30283934628 11340411675 34087869916 25117411323  8740382031 11032439357 33110734630 26003666807 33297535497 17145117548 32361547568  2030072896 14531329117  1111359855  2872306527 20988807459
  1 | 29383391489 13803177262 29516444272 26772305849 33813162529 14230237356 10389555067 21396729366 30075248637  3160071275 12584572951 23441933179  9069714342 26007136655 16483944555 28517720600  8550418322  1404295861 27329021300 19243846306  7425132312 15726066845  5870058078 31613029562 24032049909 24595300195 32179568874 15141734649  6613517989 23244699146 25785755394 16094232106 10184308077 30050972141 27866753385 11466772386
  2 | 19557870887   661712778  3155894842 17847125194 18005856538 30198296486 21161086207 15515707659  5738994827 23525647501 13415938778 32507401882 26287231179 22059671860  5575613200 32721276419 16542442046 27056608340  1697556888  7351652106 31296423713 21914776976 12362928570 24326785963 17933558196 11944281967 25170817608 30772500289 24158310010 32506690258 30646995493 27119785975 22719021514  6828181293 15956883842 27867960582
  3 |  5447613455 32157853999 33063179332 17223038782 22635310051 13470151807 33332155606 29415947101 33399822165  3709968506 30218768753 11986073120 16568302568 29188329503 20565865604 31221859120 31983913363  5591881893 16785021467  8452406602 14319540748 19538814556 26934783892  9882947500 29075479708 19297900778 31485066556 17790772121  3717255342  4783770687  2651826583  3345586166 28292866074  8011952249 10093654079 10398617735
  4 | 33951316890 13296663063  6209080773 15758126267 22693487842 12388559989  9003820533 18408545645 11450321441 20989607181 34119517706 11230690834 32505696397 19524873125 33422160342  5349667053 10916587730 26477838679  5855874349  1237378518 32844148899  8317765154 31183114941 20081265395 25171668826 21963164881  3363269079 30666151297  4135920511 30916284743   720819809 28528353867 26278882382 23491241975  6384645104 12916048927
  5 | 12139425208 21711232120 32858660464 33898188304  1774827217 18066735647 14785954212 29385657430  8820924224 21847372185 30541169846 17971835881  3632403805 34237709011 13115959167 21340894979 30042594324 12273695822 29748879865 19412103561  7158658125 32024550548 21549122098 21067098635 28248870706 30361796894 24270849949  3706484806 16285179582 15597456321 20693761556   379243835 18435876603 10870811925  5936645305 17554274658
  6 | 17963228040 33686482279 17112339240 11606388002 10978580287 17755307067 27111019819 25197229249 31456475188 18941903558  7668462818  4002405573 14606041196 19421914919 15169319930 25229279339  9919445676 32944419714 26517800904 17624957007 24393182529 15547912187  5745354118 18005401247   367354107 11676541611 12803139158 34310055304 16504003444 25925502577 20178899173 12357949581 11703712630 21407828650 12828260673 19948882319
  7 | 28840720907 25031084505  2574761859 31577399547 28084199587 29034379772 23249936928 25479775320  3591027144  3565228954  9869165024 26022995477  5005218314  7251934905 18093029867 26351246761  9547365739 18534720182 16965376427 13242337873 33334982081 23983649524 32866131795 17170892612 23575773143 12084033813 23039585706 32578203929  8725796574 17552159999 19155386067 14481419615 32635258898 13122669045   111639171 20804351161
  8 | 27430027434   163653649 23556561931  1607287662 10834055645 18999014262   924293446 17229394073 33067952961 18982478791  8324833213 28984074528 30886338012 27295432186 21659667082 30492363886 14933160328 12213435153  3914207317 17638896788 17613866275 22146729359 18200933796  1762496325  5043904184   408296938 33273144973 13976220017 16839600365 23065929626 13093299625  3338920868 24136217881 30252126535 14966665680 31656120816
  9 |  1954194731  4150282054 30664105589 33228847230 23527435096 23706530071 21938734099  4087690837  7184790943  1897978885  6561426216 14077978773 18584242049  3504546080  7665120788 21816388701 14690286831 16640455123  4540209943 24224066555  8822605027 13837334750 29779802500 10196733824 26785735677 15859036890  7687719115 23372878708  8040864518 31144656429 21700773353 27546050731  1057309438  1369806921 27340614069 25185220943
 10 | 14682038487 12066785412   787066985  5433491417 26566574772 21743340171   453960564 27853712355 12976423653 23348189520 11985516932  5634275930 27048913569 30526032710  7057301240 10986434041  5349763595 22053016583 17941723620 26090448002  3695064659 19594692587  4096839396 12364785237 15109543362 21748160819 22896947037 24719031748 12862238292 13819053047 29596073458 11030876568  8169951793 17440977387 31550340849 27429628639
 11 | 16104635950 33589453254  4873997560  8685478737 33352653298 28812324564  5629873551 25530327685 31882742324 12142073014 24501662462 10943978175 18767902276  8432035365 31145896922 12640403982 13868903947 11432135982 24045279257  5977622739 10923773390  9100508116 30856256050  4772957063 28421118471 16512121822 29438677477 15997065798  4870483602 30880028243 11834626415 21382527234 24715352350 16690187712  9651343304 24331782950
 12 | 10340396597 26838482202 17067751349  2424480943 20866227723 25031032784   191784175 22386798070 28962777502  7187059887 27261297978 34055198796 27012085795 13721804696 27443308626 28161395742 10523793075 21699423779 14384131140 10605376918  1980464342  7603851082 16375197984 18297356586 32977012507 30430951804  7674169865 27089110242 33931082659 22597206623 29793653924  4668527569 27330457608  7015524213  6883986144 25463521910
 13 | 28470355540 32753147760 19243567046 25892975624 12460240851 30465579248 34351883519 22350980254 12014555526 13233585443 30086680136 30274887831  9293914031 33018967304  2054468030   173682856 23901134846 23508451114 18590218390 33766816689 33903761277 10301436997  8998254314   974886047 22152250258 15406778517 19636487526 33022677845 14381726920 31777720685  1332125129  7896973230  2270263183 14917444348 15999011698 17572207027
 14 | 21245693747 22396546785  9279229781 19239631508 16630074425  9569310474 23618910031 30747389822 13993680848 27548279781 32880405296 16786768100 24581525325 22356947230 18844768165 26852586674 15088541089 26341898889  2783822501 14742936498  1576283501 22872875657  2189779170 21018889217 23692534507 20165216980  7308096992  1869386518  6934214083 11363293823  5877568245 28354637432 28776852637 15913713523 18123287030 23511392228
 15 | 16750191042 14728768538 10415905356 26749229991 28049005656   198455003 30022496317 24737496598  3676061192  9426761439  1066323444 17184283092  9273527879  7920424410  9104246002 27081327011   851095991 25198438965 27165522141  4913808324 18008271494 12031973752 13005908883  7836391239 15642660856 26356395231 32740413375  5823770337 25491623804 13959405696 28136680856  3450887930  7450012569 18476272859 18409938359  9932322133
 16 | 32340401708 21754762498  7072301279 23462509529  7935159078 30842326633  8296044958 11378260618 30394695673 31698790732  5048617074 25337910982   512542605  6879140570   406801821  5302252626 14132097190 13364090813 25680865806  6083796372 13015692975  8643777841 33998063067 14183303364 14201594783  2863980727 21793728184   415415656  1412163512 33059487488  5403090005 20060700686 15290724740 21355666060  1036910490 16525633457
 17 | 23478407628  6005793716  8691979682 11051546986 17910103756  3709869332 33464133982 19859938223 20312550801 31139669266 16061925282  3688516868  3618104910  4093854865  5945878718 15972532893  6193470935 19008433422 19381306417 26920917250 11138018014  7203875096 19076155442 30956709740  9999255987 31333209204 11263917438 32322433661  8048857691 17724905356 14243837416 16971545782 16430537215 24121389137 23074533824 25837393164
 18 | 22846817126   259694795 29637460203 19859877501 31947056842 17501798628  6738785705  6831945909 11311375641  8612749965 31583833753  4541547479  2780533528 13589251594  7166487203 29385249749 27545057101 18126266067 22345604181 34019041486 26467809382 34279963235 11326785944 20254187907   547110294 12097127940  3571628561  2603080430 20061170946 13129703295 25805235494 28909007985 21153740668 25349653078  1971351681 28029502387
 19 | 23769588218  9178725949  6742388144 13797315722 26732189680 21281220210  1742978707 33175027036 14887551078 29301417365 19223393398 23802782648  9649531463  7794270120 10245193317 34193829693 27132704570 31581645516  3472611950 12774644984  4308673029 15525080136 11691066038 21111827265 14809775677 17671257289 15319159289  2102975730 26099955399  4198962985 19919026886 22545185098 33432806416 27914493958 28751308177 24678887484
 20 |  7240638671 14328013692 31613317679 30845316561 14087806895 31286342101 19359181333 15207423486 34265650622  5329713937 24187124387  2568099923 30679830651 21235807315  8666862196  6513310907 25740394276 30824217419 22854116474  3016650025 12281868843 16432983055 17351276024  2853476421 34129968511 17724490405 12340544968 13413380649  2593857212  3612439311 28622570009   481223072 26393292839 23884669621 13018940730  9506188879
 21 |  1059993504 19596606026 15754825590 32846956356 21714411058  2363499790 14803408639 22470953801  3710196597 18564506008 24160445230  3386857388 11546657697 26616687041 26899185975 10348753072 28979535194 33584863973   645334014  9202605774 27901054573 21579698661 29672048968  7099314584 14273472090 26301216965  1198505105 14995212306 31511220619 26045870424 17998706173  9305001171   862307150 12389944583 30826061071  1424103281
 22 | 11436085905 17689142507 18024200518 32668401370 27562108544 26667827406  1408978997 11319493685 13750968271  6956548285 22590138897 19424847164 24248229901 28641775755 22359583833 26930946902 27384389317 26772445973 24877333682  7743558009 17494273299   781182650 23652415042 28753960828 27702378970  9989977723 19626553869 15058082676 27545681292 21974577701  2818524023 30804867456 21568546894 24902980543  4636413770  9784627565
 23 |  7930094523 21067439471 17960807487 23545925768 22787505734  4485257672  1025129768 19715644492 24768246015 24260823350   669502844  8472323386 27333558137 26062324021 24473690332 15183480742 19240231128 15614545364 15822984377 10703871559  2839332744  2727449818  2716745351 17604943643 33299263652  5484354783 16106773084 18761646974 21928192096 25508832512 32936241026 18951963591 12405901037   580390366  3175679200 30284853605
 24 | 24517840891 25949290051 31238197618 24686561263 32168455312  7810282572 10928897158 13558474879  8166095620 18879599015 12914654562  8507695246 21896327686 12337602443  2139461493 22846363364 32459667211 31252371356 23025191448 24375574026 33546570437 10473781559 16891241984 30796502014 13888252561  8715341134  8673623640 13441226996  4230038248 11216989715 17012167366 16832243347 20508213072 20017993591 19548985066 20668513571
 25 | 34017087086  3102728237  9694709229 25601701562 32777888943 13319013342 11394873414 25094666741 13582077368 22407027754 29816327160 13958540679  5418257840 10880253832 19940525389 18426497266  3150013635 27935430136   153780159 32752816671 19756517996 33780027169 24584757721   150364156 18925278100 21061380026 33053570036  8810909199 15677749265 19359932358  6681478912 10595231181 23063174449 33801534109 27478667649 27632294971
 26 | 30619570407 24776567139  8459659805  1158002599  8624277636 30213025762 24608489453   828597197  5036712696 24175172144 11594410364 27294489487  1635028974  2581088759 23695177260   464480048 16399512383 19210225308 20540331735  5738659657 24105753869 18253501331   770387189 21687381967  8616354611 16988821291 12305697433 21929410310  1087391520  2930492686 32835603440 12881510207 14811295819 16964244070  9370917094 28218560143
 27 |  5017913827 30318679981 28452090749  1744688986  9535584286 12936000088 28479959961 10617657312 20950143421 14707767490  1035556063 18724412444 12392666380  9967622928  3424500084 20783405833  9737830669 28007731089 22697765218 15044182151 12211738315  5877772970 14589241330 30756016017 31701237276 15981885252 19114699360 15967443869  8239146628 22233965833 16156840651 10522761599 13400095654 32236608884  4469012616 15393368885
 28 |  5760192203 12272213271 26291857208  8942041178  2426164803 22894652470 17310406784  4771949811 13449656007 28700609174  9907410973 21980185354 10681165950 24655544061 12389797857 33421079012  2513764370  8750366132 20112114864 27170974527 11295334531 33392390598  3262508896 17704626666  3190157917  3691439521  1620413203 15714772966 19749685313 23352563725 16698220680 20856009500 16949882885 20569462899 14617171686 12016563618
 29 | 32972554673 19707518123   412423040  4030065517  1230011234 12686739067 21454283479  4939924703  6537127118 29565847246  3953157885 22896830831 13951393522 17216721607 21533797722  7960271091 31407109001 23579231666 31162766246 19530143008 22135775900 10922106131  4897789566  2743670267 14668521901 14287523366 32950211371 27518157998 14234922392  2191230799 11135255883 22565466532 14448194344 34164112262  8131262295 19611021688
 30 | 16517892842 11418433369 14237631669  3130520435 10884263696 31693283154 12338573887  3736422208 14994030082  1822200413 11827823315 12413541484 10358264074  4048451656 16908831267 22407067992 25373718379 18487505002 32314676093 30945227057 20495290550 34149390995 13681764905 32874962424 16701619553 28080220263 16161732512 29381275956 10885028966 17009785776 19951848508  6843345632 24708386989 30705877518 17687038727 15632721688
 31 | 26213067638  8220195456 32734817011 10518656063 14592323660  4111698317 19461818875 26300522637 15596287075 31611819392 23597816594 10163410027 14640198592 16046917338 25450490152 32304688706 23941937487 14709853233 29863471048  5862534856 24072962750 13898841646 32352452100 12202570555 27621408321 33222228085  6360663493 23710157641 24152956541 25015661600  1177757298 10893145072  1795881801 10123139725  9173221550  5626082735
 32 |  2742298130  6132770593 14811098994  5621506904 30578356902  4815874269 24872665567  2647199775 16164356284  8842168388 27167297425 25588744309 14743302868 23304174212 27877365919 33041823198 22482139243 22987149538 21503761485 18630776217 18947955089  7121102837 21127160098  5489478315 32368424712 19442473394 15312500970  1273234605 21721411889  5415249850  6309763198  9908097077 13507310048 14479685422 25469588375 20225218844
 33 | 22577784620 32849351812  8511795872 29991828384  9851079914  1913575039 24262672958  7982525497 16998060601 14161568227 26832355539 32759393915 21098442920  9539749047 24895878205 13155488322  7172256250 16305459921 20705602973 15368464669 15123149763 22749760751 17152006181  4103194713  8976015884  3246885546  6693288397 31497126960 18937704813  9009673162  6529642204 20958363902 10545688944 33920860861  6341332224  1346274116
 34 | 22240429720 29526778614 32609714821   287930608  8960939537  8338252714 23063854123 17087394040 26384153536 29802996605 22278500216 31025168215 23485721401 14755815530  8422107794 31475738559 15825580030 10729305650 21694193467 22538459555 27732559518  5956960906 17000704171 15434621500  2082964247  1095870962  5518774651  4518316578 32891895234 17815814301 17537521760  3642405911 18812603213 27455176680 22418766887 29750580602
 35 | 28584578533 24218940825 13246553778  5763942347  3396959496  3220283357 21994268575  6985043171 33651507090  9463610507 19881050248 24550184613 11459852059 17708642971 10216942327 22214216152 21944240285 30218450285 25727762615   596815479  9814571245 24562220083 10184680420  3506552170 24092328892 18738875668 33923472900 19789773185  7681585680 31755922438 19796535055 20775777941 19307654934  6628624893 13987679726 26811358462

No zero minor found at deviation level 3.
