============================================================
APM Result
============================================================
Matrix file       : kernel_35_42.txt
Matrix size       : 36 x 36
Prime (mod p)     : 34359738337
PM block size     : 2 (fixed)
Deviation level   : 3
Minor size tested : 5 x 5
------------------------------------------------------------
Matrix total time : 37160.3320 ms  (37.160332 s)
Minors tested     : 1253288960
Avg per minor     : 0.00002965 ms
------------------------------------------------------------
Zero Minors Found : 0
============================================================

Full matrix (36x36) mod 34359738337:
                0           1           2           3           4           5           6           7           8           9          10          11          12          13          14          15          16          17          18          19          20          21          22          23          24          25          26          27          28          29          30          31          32          33          34          35
      ----------- ----------- ----------- ----------- ----------- ----------- ----------- ----------- ----------- ----------- ----------- ----------- ----------- ----------- ----------- ----------- ----------- ----------- ----------- ----------- ----------- ----------- ----------- ----------- ----------- ----------- ----------- ----------- ----------- ----------- ----------- ----------- ----------- ----------- ----------- -----------
  0 | 18304412288 22163112897  9314006129   277747015 33679985698 15091649588 16954838613 13662479266 13242728003 22867683269  2208948590 21952311938  2619111754  2822648884 22812492067   383608117  4492431946 14030294473 13705535177 28204096087 26065350273   126185348  6565365535 19543801489 18221067645 32501518717 30424097867 29565166764  1895796155 13971491075  1038783859  9278374103  2198216265 14909143132 21582701562 22514776074
  1 | 15385655695 28089253894 28399232877 19744934520 29621678460 30414677821 20956952880 26175603191  3457660322 24385168361  7983486927 19183055427 30821092285  3603615357 34018343870 23854875915 12982308836 12373761697  6110872938 12922231277 27793129333 10482707744  9929518794 30810012247 24727733870 17378872155 14283996825  7523437333 33388925572 23518572984 17979660326 18418064284  9428464770 29230924526 23903601802  8807370817
  2 | 23249284454 20695193506 30895004069  7595991209  8991369641   660402313 30126669352 12947897479 33398176207 32020503418 25756057960 33545099820  5933197663 10246474306  5371591094 16133985313 15271218528 13577973834  2351126864 32767781214 17772729701 23877641612  7690108367 11209289767 15222974332  2762923183  5028062101 12793140394 33205513004 16984211164  5830987425  9844072479 12938248816 12848601501 21693998672 16365471311
  3 |  5657529520 29932929738 13473924258 17293741137 32113988887 16845101450 16756665203  6363615642 20211416771  1955773936 17427744523 15845915313 16513264963 20053295754  9481975320 10640808233 29665527969 11554957628 33869198994 27900345120  4041647032 16396429764  6853915362 11122547837 16742336044 25707394854 10256886185 16945602026 31985408465  6616833415 22057408670  3784970546  2384394436 20527444429 30214353788  6413380928
  4 |  5921740100 14216187573 10196259620  9088347929  2145293000 15176911300 12060603246 17067977230 24930537883  3904875237 15474923501 10760903082  5679822271  7057131658 12906863127  9282105802 22728480685 21392341605 25292790887 31317462364  2784920285 20627223813  9477862412 20887330257 32070777903   399566358 16715727867 33920797274  7983850326  7523420494 24159652699   663063406 10281157280 32510286347 17907995809 32629869023
  5 | 25201288434 33639905869 21091351595  5572629829  2935891107 11610540888 22480043465  4454000927  8782330325  5729412464  3676978039 30697921591 33003730032   280908897 32882563204  9285666322 11499371163  9283235993 29000392523 15179548382 18921641624  5632983638  3459949864 32751469081 26587286797  7747486365 30729692084  4541680963 29354555537  5954974212 10223456934 27113640127 11707415568 12143957161 32277784217 22509515078
  6 | 13882798372 14745372989  5928663997 32035605897 31668613440 28511642678 17600143965  3307155776 15746696314 21843764496 12779730292 23229067849 15883636448 33056042428 16890459708 32776903370  6167742653 26692580447 23548385951 22286172585   947977067 19374492803 19289128666 20577078316  7835178923 32295612238 21040924291 31664809631  5452817640  9621726765 21305175537 19872854784 25328887703 23825716005 25025771119 31625648861
  7 | 20401630200 10426057591  8846395766 19995100288 17180182638 16251951932 28993723645  7615630404 12173695142  3809701402 16078674992 12238763820 23750891381 27010711991 30625846299 11908471362  2783879110  8979282335 15416346165 15970141441  4405605575  5431254297 25876934603 25429839038  1337465200 26109159708 27504668926 20321475041 28134447230 19682087964  4883295548 20652953220 16135794220 16369030084  7386165659  4903907088
  8 | 21437442238  3720779401 22154995019 10095188971 11422775701 16371683293 12953329412  6236325920 22094079428 31513863877 27430501438 18042046162 28677079562  5542764268 16164793550 17000014673 31230687478  4494479660  5804395274 25994949027  8861443676 11808746242 25008971397 15541737972   445406677 21081184783 33386950138 16304802530 18829902044  3441250080   322461888 11504126878 28482505752 22641533646 16248204920 28737270016
  9 | 20813489230 17417613332 31857284461 17770617442   520732590 34041100745  6671212252 12490116919 25630285240 24872552214 24886407498  3567706796 14737466298 32671623634 19134772043 30357480744  9633723583  9117717431 21641518901 31114171641  9008673147  1005218038  4363567381 29942294539 12336455547 17403751943 24177624828  3711817474 17992993067  2535845991   238102229 28250643302  5703425822 18753176628 24407843573  8720096481
 10 | 16934585747 22890492363 14657931128 30113443141    52277136 32337241242  2154053386  1595662171 20428752065 12991466225 21561452869  3100994987 11996957452  3602813585 30441037848 16819067305 12408566309 24059086003 20349656175 25974755132  1512272729  4863444582 16100855997 28580085707 23358050027  3554729891 17391666691 23733346948 32341473326 25096004116 27564970280 10375500902 28443419043  4922800975 22222500667  1788858563
 11 |  4724647468  3708034813 13079140995 29468593124  9729933486 18817310352  1827910800 22619712329 30791484201 27915863138 11158036308 20876491865   179802173  3992133811 25218411333 19343261291 31482132511 26853327383  7216713864 22574317841 19497170784 20656078408   165236163 30392415399  6763339392 13999721846 15488081555 11272060767  3403922884 12960014090 33836289315 23540512151  9056598757 12048429166 14349267214 24870263461
 12 | 31748164272 30053858464 10617655340 11537219245 29875418374 14172374331 31261319387  1637029963 32228265982 19517668818 11274467224  5865262373  4046703040  8914363390  2763089681  1247728651   400483763 17106232946  7527293032 14988996509 20531567284 23739685280 18925942879 26795862436  4002213977 18491388029 15814805436 10509247783  4550412023 19137448197 18414324686 20193118468 23112717494 25653331063  1834713112 25953140629
 13 | 14923123735  5136730614 15199299973  5901594362 30984878146 10520141800  5902753150 29962808642 11869152086 32028555608 29990993585  4966365448 22827423452  9811405443 29332474627 29448213493    12022508 13361985377 23681285295 27094675691 32922116800 32645006301 29764241763   514172919 33551149246  3718919614 29608838635 33436201863  5623802737 28980797886 26833350939  6931596597 28971541856 24767144023 26895336577 19722896268
 14 |  4214554934 20737249424 10082486029  1556605006 20486918945 22676663299 23107519099 10472392011  1894310961 33717248586  3507423173 31803024553 15785729973 21048070949  2985026989 31966831347 13065367698 30268445812 10251017203  3652062118 20973380308 10917529930 33349971693 24053385074 11365844510  1396882493 31584945215 29356538995 33892648687 12097087389  9418030352  6893115970  1356137301 28744136080 13545921080 11071988480
 15 | 19286116349 19016784358 34193051007 12390036657 14031437043  8497671097 13668335100 15506894572 11362307137 34141204204 27660588059 15832342796 32803532749 32169062493  7032116835 33044084926 20331979184 29196760756  1764172190 12113291496 33413590685 13575099276  9600696368  7283157799 29778658319  5165951157 32413424506 29151572819   592503037 33618702976 20781503984 12277012616 32534940702 19772725005 27259312751 32082478446
 16 | 13247056336  3454171600 11305716467 24759586370 33699919387 13098921792 27793338301 24430469204  9298750954  1102937344 28925962744 23990934890 19915611907  4211194578 12923193466 13343407881 18961424101 27493447834 22742791651 18709327687 31726347566 21699638821 33242879229 30559699424 18256461375 22411424170 29268147393 16393466245 27071282781 17200527321 32222055258 28110268694  9289044347 31579330200 19025268457  9672270327
 17 | 10426283740 10601056060 34122482959 11197388077  7130843365  4050947678 20862726348 16526770222 18959761267  8105752989 16328779647 21335843493 28125811152 15040144510 22335982535 11989628228 15601337299 23979598503 13389676484 18653674227 25895246335 13385588376 29051774701  6556215901 10570802703 25181059696 25864880971   136681888 19329441507  5830991581 33766044165  7234162174  2790857475 33032044843 11700832293 32790169999
 18 | 12664397233  3864853533 21222234928 12033123342 13422234192 18088393414  3443363399 14900482994  3501376449 13460596966 20856617868 16592413732 33232357859 29356881697 12962983677 30585270242 18626828582 32157845937  7377339387 30603294313  2848495240 13329874704  6873902883 27909436970 30496694690 26583142825 22928221564 21176042274 15681675901  6887338447 13700247789  1540358912 20477559935  2736911954 30905702028 11324588650
 19 |   469059198 21577414997 11615947583 33810138382  4250196707 29418561970 21535467444 28338013584 15204082510 12053726628 10664117691 28943362690 20893956794 24276470839 23841092141  5269231560 20197158270   973461799 26576775808 29228317482 15707759147 30776676161 33958782957 31124233569 15059801369 12587825612 27798454744 18262415624 10905177717  2968921503 19395841230 32721135181 18980602881 11189392378 29174090011 33469093021
 20 | 15648310256 17264815737 22717160838  4443417823 31476684388  6550615783 12624197261 20093273223 24728778318 17927502322  6826430692 31770361724 11401160784  3400638506 30840681293 12993629923 11803019750 34130269474 12192617987 12354044073  2791637799 23875955412 34199727820 12930484761 18709659686 29577373236 10022523288 18747603457 11894640298 26064606401 18799173826 14032209369 10634818564   963810250  2011661344 14241361552
 21 | 22221703017 20480638696 20555658478 22327934184 22473893479  4011897992 22142039820 17853453470 27876471782 17683886249 26114642065  8895397307 19428878242  4023539853 18332950401 31626508574 29419535201 22759480144 27169810144 32206852741  5980507655  4412049031  7322868396 16183649787  3604592534 27541506344 34111526184 28045908522 17866355025 12072539482 19441087982 15540176111 19014306024 22145840210 27354032699 32308250071
 22 | 20476407109  4638341263 25168571686 30461006403  7718680942  5490388547  9893328901 23137200673 21971974888 17420138298  4332288072 21093335817  7286809357 27966161264 28699991889 33720881028 33631681273  3158156963 30457743371  6311460100 11483459843  9197179221 20523649832 26699131314 32744329302  7686648978 32607623417 16347145773  2598041275 10383124238 12302679829  1253219487 10808949210 25755556619 15567964955 30925530303
 23 | 23900786970 11545096548 31753516712 21406395780 15199345232 30959719767 20050490376  1245901202 30739323507 33628265511 33456248402 27985522024 23626108852 31305482211  5058080435 13424036762  3781040452 29408321367  4478553244  6787552655 20988629422 18444866859 28407270643 16025851528 30946324046 21175109455  3957696100 24990755279 10324336374 13950294883 30429960361 16394813109  1414948304 21124447628 18960041731 16762773068
 24 |  8773319387 17929950324 31221154706 28270963869  9678048225 23582906241 23044708180 16533431843 26412379962 12070275024 20182196401 31493697178  7065675066  6403117356  2019111259 13870005101  7515258284 19637984927 33389248089  7885222786 32027102356  6388184568 13488433862 10273860751 30834580055 11467783492 15225971279 31625317444 27434082652 30991982395 19458789428 34312282171  8317892493 34343961748   971322398 16578764739
 25 | 16029419960 25004954063  5869100082 33719829738 10996729928 23604979929 25502846043 32698253390 20744872436 12510432777 14791519174   611353209  9753547182 34319009196  9254714921 32741659064 32131044915   762054242 21889071987 19199834904 28503055393 12141666083 19243430291 13391783787  6016179693 27600845156 13683972725 26898625847 17228030834 18618765071 28607715717 10544084167 28090539461  8394689568  1116879027 15539203508
 26 | 10327631173 12747944596  9652537340 19897610921 13095040547  5479681264  7422041087 27357417535 24023053099  9778965436 14666040757 11203295706 30659527616 10190660865 13264866505 16140734650 12590763220 10647351548 17253820503   273113491 22157258268  9047882828 32516444243  3323399949  3662431475 25562530519 22139598743   160253074 13315385660  5123811270 25406264790  2203067822 24263116745  5386821498  7092965672 30742513430
 27 |  7306998962 12165410008 26261104702 23923678122 12878844256 17004172849 22203938762 21775634611 16741375344 12082208959 24460971414 17504422041 13346680139  7674311529 29021994966 29977843763 33138835326   668518769 12281249181  7560776196  4047879498 21010327824  4791204903  9683305338 19991812763 19617193306 23233551230 34016703814  8470332399 27217693360  7096964842  7502460426  7745682983 22268142168 14020723950 17572335234
 28 | 18082098521 27951805151 32613978199  1251113716  2132070818 29578624067 20080316896 21133125099 10733630435 27157934692  8670909795   449758847 30482048550 32717214480  8565098971 22466807651 27449179075 22923073174  1207261828 32511922924 26684138092 32298833456 24218873335 27039818948  7221465634 26573570446 24528631027 14381340277  2818553648 27704838036  1952677945 20962911672 32965609650 13420265080 28394930096 30716564366
 29 | 17003958743 25794499637 25875091025 28890957109  1219166550 22349236209 14984013182 16449328650 25934134322 12300676941 31299520675 17036759847  8542042283  7145044015 26189739809 29418226370  1448634154  6742642235 27271462478  7749744486 29371227853  2101653233 23305476978   531539255 26022052829 12428736199 18444566928 26994149611 20350488840  2234649672 19380031098  2840381036 19624580689  5925777249 12088590598 15780169564
 30 | 13743694692 22196244806 14640460137 24215129054 19535745208  7738651375  8242965796 20495279173 14198024110  3464175307  2838457556   208411752 20269634579  2545463330 23747639040  6506583368 22826863465 33398131666 12624679981 19562320198 15753721002 32141320202 30108411762 25334306967  9407634160 14505119630 11879205461 16261761175 26511830309 15716379375 26315654595  2019104096 18987799465 29670633311 12730831583  2167053757
 31 | 29938067251 21818503752 16609602112 33543484112 32653533940 30132979784  2392952928   833955195 18860430161 21202205233 10294730164 26935131168  1869929428 22414173705 11961021914  1051832733  9556532037 17956244629 12511632741 14657783577   627500255 13808214174   439015760 25277654590 16585146276  7804702262 15952036513 31164058103  3844312429  5028412719 15959809144 21348338477 26822770610  7289748089 17329195623 26314142206
 32 | 12484750314 23010423917 28573215539  4248835331 33080295013 21179027671 16138699018 18103358736  7077164781 30267135772  3039348789 22516599837  1435552143 26856392773 12096790588 15361444348 17669325007 13590417623  9970539158 18303268564 11037746241 14241384249 10865923240  5705701363 28006802929 31981481077 14407601752 28786288996  6348164741 15070360355 12613956659 33250449380 31743684979 22518281809 27195384186  9945315389
 33 | 25923253312 28541710620 20139067267 33768992237  4851831866 30103758044 11532004068 13292916049 32677542759 28683195225 31044173037  8635451264 17544281581 13789694539   774673893  8466121230 13280644793  4370362937  2529121604  7453841567  9012606486 29335730864 15775322070 14081820706  2669776719  3240195076 25558888352 20301800857 19926818774  1914147404 33684398942 11654891380 18475569333  5029185717 22984788496 11608224115
 34 | 31640591394 28738896470  1487727422 25052859190 11256206120 13131006046 22592249906 24576905989 23393647364 31252932772 26661988223  6539412386 23907259867 29503385463 32267134949  7107187916 29485553864 31909788334 16179471996  6652573414 29679323103 20338911634 25103380242 27391268439  5656300384 31351243779 18715420939 14195898107   178235169 29680404705  6976132677 31332227487  5505004736  8384550118  8459976546 21651723624
 35 | 33288055813  3204601811 33035710811  1929895543  5753627561 28020856867 26066452718  4419062967 22560840410 13555646159 24646061892 16192233275 32494270018 23732859124 12344671978  2905649250  7804408884 29597287925  9323590969 10284893901 24077228112 14744756338 18864023490 23656939473 31651083059 14003879261 27863983504 22870730666 28135229209 30892631753  4630337646 15394252531  7528861647 21805628056 27225876201  8683405649

No zero minor found at deviation level 3.
