============================================================
APM Result
============================================================
Matrix file       : kernel_35_83.txt
Matrix size       : 36 x 36
Prime (mod p)     : 34359738337
PM block size     : 2 (fixed)
Deviation level   : 3
Minor size tested : 5 x 5
------------------------------------------------------------
Matrix total time : 37152.2180 ms  (37.152218 s)
Minors tested     : 1253288960
Avg per minor     : 0.00002964 ms
------------------------------------------------------------
Zero Minors Found : 0
============================================================

Full matrix (36x36) mod 34359738337:
                0           1           2           3           4           5           6           7           8           9          10          11          12          13          14          15          16          17          18          19          20          21          22          23          24          25          26          27          28          29          30          31          32          33          34          35
      ----------- ----------- ----------- ----------- ----------- ----------- ----------- ----------- ----------- ----------- ----------- ----------- ----------- ----------- ----------- ----------- ----------- ----------- ----------- ----------- ----------- ----------- ----------- ----------- ----------- ----------- ----------- ----------- ----------- ----------- ----------- ----------- ----------- ----------- ----------- -----------
  0 | 30399168029   785711361 23088046991   817494702 31529378283 32112024933 26042103240  2024868492 29728951200 30403445822   141332658 16281249462  3072168166  6690099660 26221365486 25054238477 11127609448 10713206562 30825903637 32220947307 17770379697  1714156839  7779653651 20542925788 21229002319 27186810599 12821407390 21562902633 32608424754  6507331463 27092416615 23861415672  8038864761  4203775544  1250112810 29560732166
  1 | 16071011895 21551604386 15624232112 14841884563  2303656407 11707597570 19033459222 16143604466 11360304535  6235445503 28434524793 16909695482 20733408317  9561810488  8804444177 23300342926 23942618753 20160025594 13005059737 11150008886 12987856530 12102810892 33599440254  6731019332 12011107243  6661528987  5777491702   748346167  4304835548 30001125423  9952410925 13143611694 30668502156 20750842474 11711678637 29290026534
  2 |  6103549848  1429955271 33671729323 28585455954 28274817944 11046067793  3805035951   595775107   907526392  6283917266 17960276896 21647861195 22413508663  7737173138 14113068811  2288781659 30407407866 29525472905 20087368072 31613384256 21780130588  1675360728 12446114434 27483386980 22294593217 12297774608 12988923840  9834610390  5157103012  9945487704 25622706690 17880929261 17185950958 12435279621 13787201140 30308806687
  3 | 30743801683 21183742276 14657364260 24901685317  5933992480 18049150875 30664232809 23717335588 24672054934 19035855430 32282062851 16279043036  5774246946 18458442832  8793999750 24800561202  5431443247 14297388633 13609141993  3940228401  5379313604 16742165778  7315439271  2401827917  6703243661 32634220577 20337978687 28602766888  7895813625 29729451622  8340335480  6862815867 12143880946 29181830826  5875052531 28191983980
  4 | 25022840292 20954908020  7023239235 29737573229  7125256132 14443405110 14684406544 21441854032  4364926357  6778118096  7941044121 15134495931 11898843678 14454323528 18322248906 26195700496  8821354244 25732851747 19449233605 16011027987 19808724068  5081279600 28865653776 28745514371 16410441947 25214700060 32510679956 12288810370  9387086814  2900971998 27218049852 12676450223 30914821581 13517580757  9243042598  2620273230
  5 | 33126757907  8022955918 11506743975 21302218070 13605190758 20250219250 19974051546  7844327272  5999728723  7662172199 23001239931  7854814340  8581706716 12514500199 25782810305  4650247334 10665636118 11276995049 28729349790    91763892 25903175872 30007607669 12820517615 26026885200 23402762530  3175410331  2442984780  9053338013 15631560619 20529108841 24659704816 15631530189 32008267481 21023739414 30582871564 17385683350
  6 | 32161499661 20279845354 23771493514 28317690520 30586180520 19923189683 24724079846 30977639181 23853459370 23404755595 18132788339  4390616713  3948642003 29673164208 16423860488 21532265507 20949208428 17800381561 16898993359 14978961800 18673572463 19493680908  1905105060 27896432146 11848111490 12768390229 29273068971 31211420344 25618163998  3367168226 21599390147  9511251334 30334953080 28603707125  8042479384 23558928713
  7 | 31763555772 10367378242  7362020586 11322750204  9513984529 19970133012 22540116916  6793203401 11649495752 31401163390 12363338816 29955625384 29829028869   766423440 20459657782 16701000907 21705756700 34178348130  1370621808 23281512820  3063654934  5772980158 10252222710 10634922092 27369875363 21664275858 14845590594 24734060009 17275297699 26621383355 10671941869 14614369370 11981905589 23442515966 16157858069  7706427242
  8 | 12081222078 28717053874 23561361976 34210827509 26239838906 29133264907   156638944 17807694250  8292808318  5311806130 11939497681 12997038354  7797953081 20569448843 16795261752 26968451741 31972941737 27809034826 33913500050  8573432960 26516721997 13372379189 33894266152  6652043380 31929788474 30665188343 14198249099 13645059584 24389589184  9287447868  6518808237 22248995589 22509363081 15571832981 32638624279  7585019550
  9 | 27760799553  4984584054 33988079209  7118318532 11875937182 18201881548 20529449749 32838368554 24301485482  5236628014 21320785439 16304659270 11084216800 27033824279 31182484092  8473690779 31625885706 33033581808 17471710602 20073730191 16434113092 33085843547  4242854980 22224252827 21934161686  4875720488 17927349092 13162549880  8727838533  8813691043 29033825742 27854256469  7677598325 13145917233 25661042418 28059782030
 10 | 17515223057  7702157356  1543848837 26508475831 32881390591 17120332460 28906816923 27055583428 16050399637  9384722613 18814079419  5686924510 25327947516 30544720375 28614968116 32332479463 32236795321 11069315196  9218098074  9919258425 21234824091 11987122886 31723600680  9736648872 22826719252  3937356144   466507862 24693631718 16649339572 10185916710 17452825288 19111240160 12164390755 10801716406  7973497120 17791273404
 11 | 12071005477  7948585663 25848002968  6499708138 10259084825 19894470198 24701286134 13103465387  3168463476 34110023377 17642731972 15468993570 21835132760 19402697059  7188595745 33121384057 22102802969 14719001461 22644942497 11414728522 10660978027 14406822889 21114201501 11579236670 28147609994 33237632684 10970059812  9506316589 29007404993 20169154181 30394765418 11815676719  2993769209 10416192352  7185585813 12076643825
 12 | 23975236475 20453964182 33501059253  8313871075  6946551352 20124584546  1463223043 23270097916 17389920754 11492888260 23219445965 19383613533 13791530177 28516898648 29045690108 32750931376 22471710033  5601597236 25127573499 25817989352 10529390462 16420804713 31236188359 21380444033  7532538027 19205207906 31027451247  3445088625 28599770070  8663114188 27988527843  5631108294  8009560459 32413206789  7846561345 32200046785
 13 | 20020012493 20389008151 32930942653 33511940922 29464843547 32888352651 16929810472 10579192489  4703808652 18231850544 14871422602  6328961208 12657566457  3190775258 15389328670 25487318996 16935651799  1335951606 24178441536  4198721926  5193917127 23725348790 33626058690  8933395540 30816984626 28999927264 32696075437 20284460805 25225853154 19242348458  8629005395 22907321194 15153702564 32574618048  5085609343 32967566529
 14 |  7029545080 27732433358 24323436869  4615424469 31843387470 18579742688  2172865920 20271203329 28461938023 19516501973 18263240267 15982029707 19185349459 26468318675 27775854522  9688964869 24367332637 15963316985 19751953736 30218750587 18611132574   332099553 26076300493  8602135894 28833689191 13726425195 26512019059  3317032601   876641206  5947890772  3464631842  5938054818 31699585901  6806207718   438560417 26084886450
 15 | 17829722472 23012894197  5723105844 24678262702 31303943073 32837746575  9318867145 31366219577 17621667441 27296094021 14079296112 13802401724   670432232 21817945438 27443734261 22345491900  4132709995 14987039013 29629819958 30825921105   376162328 32747455369  5499094483 23437732180 14742672248  9434218668 14634097167 28213313952  7932881463 30212264358 29846500331 12581486347  2131453667 11683990979 28735212063 27403516630
 16 |  9784442842 21772141076 14076056653 17809040333 32294684452  9017639722 13911838628  3940344699 18825383395 25548184903  4743812761  6567772899   523833555 14879001666 32719067458  7415295309 32518204651 23490575775 28366715705 12952677785 18761419708 21540986332 15427256828 13780035185 30504085315 10595122251  9147888289 23510701907 23321048011 25439150247 20089236390   396235328 21516667754 31021973140 26262348838  2687155340
 17 | 25794664407 20166800820 14424926931 12931201550 29225680806 23827595977 15777352000   894904159 30194728832 17576714418 29410926660 32142461101 31493138023 34137523001 29880165476  8187594754 25428138843 19753397637 18841249786 18562648988  7621829453 20167691346 29423339700  5541849522 24778559732 25996808309 22214443613 24266211106 20898149797  2400365870 20339055985  2955178570   689422001 29827205796  4994131171  6416030165
 18 | 25516187378 18475656341 11601646880 19294919830 13700286274 20244819244 26862310751 15823978556 29310880239  6776723974  1462392531  2743033326  7741451384  1907317594   152797365  5209714765 26984557039 33057870431 18767772119  9740718342  4140994930 11288907828  6365653847 24916916777 13631962998 26475669558 12461033563 29246242686 29518819162 11197794530 21630952554  7397451981  4371736624 34212922238 28159808154  6274880346
 19 | 13652057669  6637624798 31030771110 14390343601  7307492401  2524988521  6830193900  4825474762  3078993173  8530755596  8278738301  7252496780 31947933491  4683828675 22642564210 30512725979 15866406519 15751582052 33665644403  2566448366 20191124787  8794978073  3714385056 24222684289 27440480560  5704169584  7518624737 20417785888 24270161202 26221430064   692449111  6610485899  7000545063 10961582682 12767170450 31380625229
 20 | 31265770618 22691979339  5411884804 24421523548  2013069647 21623428754 28943185978 22877808502 16997657810 17358852160 29104821236 33933836385  5040202527  9985220551 12442195913 23255666448  8299720350 33038099078  8517270079  4652000045 30384464271 34143294674 30221569815 11218644003 20147189130  8046902836  3457818038 25061647270 19671741110 27872927525 30045202003 11794810989  3565555164 34106119810 32563302091 25432272710
 21 |   500228333  2003154739 31246598241 22430259907 23543404468 31485879714  8117075950 12900800086 14061165393 13397410861  9239636961  1234457712 11690293272 16033097494 31128042938 15773086019 10393877502 15671828712 18422553680 12147484876 12386338513 29113414967 16161597454 23124789500  7422041714 10875626435 30212214027 20785922596  1963171068 21411251235 16816049307 26623053178 28142028668 23390994010 14639828884  1743764246
 22 | 14647806842  8767075133 12039710315 11410984436 29492991129 31065707555 14453264453 15459860514   950150775 27700430691  1703824026 14754074569  1959280112 12734730543  2698613840  1884996691 28020737231  1009831993 31738432132  6504591799 19707265554 32347788756 20290014449  6417339644 21474585534 16796833180 23045191127 11190957403 30843544170 27278306201 22562451283     1724683 12671236796 14601805866  6471183329  3986684522
 23 | 13707960413 24531951441 34201124774 15350467903  5478684958 28259464349 10490798431 32107421712 16469210736 15654341875  3403719577 11638041180 23207584677 32234959349 14699586719 12568488457 20119542295 28613082140 27821506460 10897324078 15674631533 19605729376  4008259409 31386473657 13290829234 13868536963 21957014030 33968808942  2069423488  8270743643 16368565812  1152919883 29258926079 23167406495 29380939219 28690793509
 24 | 17775238285 31416900468  7129849595   932607716  1092115041 19094353230 23788154938 33476819460  9447938196 29163329956 11243752929 26547904371  5131300018  9515417794 32763426673  2616017151  9843898864  7474758568 14787239478 33257045303 14033110709 18273945077  4102717724  9360248645  7803265667 17270474672 19628000621  8193267964 12478416483 27884662266 16446092888  9138337205  7923550689  6851154310 21890297802 29155172030
 25 |  7897094642   438549041 19502593063 10228877103 26481952012 14583906358 27796384452 26475514070  9481447181  3652582249  1619369859  3571419941  3821149067 17932144816 20571024074 22072852876 11624950923 15125941674 28931425095 22781599609 24861977795 11534808524   897799105 29426298577  1640669813 25547632267 13047691363  7216426703 19697285074  5150381563  5067982216 26084157468  6182753131   193680869 11962694069 12279947361
 26 | 15903556822 32006364311  8786631392 25380815650 26256185975 33155795703 24187766273  3535731977 21592072898 18549958119 10674227973 27690857769 32344660590  9524833403 19686317051 20500731874  1377257562 30626693583  3668569977 13342966522 21650342101  3549416464 11938694999 33760185058 24265921858  4015274124 28932680246 20707797791 16437115817  8249683669 23242471715 18192621173  1314985633 26795541509 14637808660 11113971327
 27 |  2570296148 21500050177 31571299923  6547588103 11037204168 23944761213 28250905946 15516627654 16532062099 11605049496 26882121181  3245595854 14511202912 28607597837 22389923009 28408396958 26980040676 29745149469 22836102103 15933535519 23317785433 24592355963 14061987942  1396072698 34357715555 23645770382 21513036794  7844307380 32513770855 21098813126 33279985420 28553390610  3112387442 32284169932 10756089599 31448533364
 28 | 18853954335   271651877  5670640554 20061560499 26568211811 18595293910 10902581784  3275872568 33009801814  4097383988 20865577950 24705764638  7861521731  8073087868  6462768794 25143122407 20887946061 28854585772  9913336878 32679953979 12699212856 23986999580 25403165267  2697439683  7066380906 15080226519 32177485260 33381885287  5771042827  5306144427 11780787343 29264887639  8208279913 12171295179 17012980576 13125642842
 29 | 11146873740  9393065748  5473218194 29545669444 11412259906 12847173010 28767896575 28156113078  9322096612 30535965104 26166982552 12613868290 31037526998 13525231468  9149321854 29685869479 19322304683  9888509175 33995538508 22246108658 26254913432  5527230094 18022844161  6254978310 19044526658  5506371991 31501486521  9173770769 13334238384 11395395534 21963157006 19766880560 30706189128 33971894375 25782300163  1899792949
 30 | 27565586067  5436450099 22836526624 14404724321  8799799990 14175673342 25530080415  7933100343  5686093454 15201463008  3729171793  1219863174   668572764 27085433310 12067552123 17106295628  9034290076 26378773450  4152590354 33853486701 29208316943 22287809944 13516676701 11727701231 33648038187 11595961363 17681056989  7859637928  1979415682  5444506018 21392348607 31930338696 18073913905 19166280572  3670716695 12627457442
 31 | 13518542558 15707032362  5456953077 21309810810  4861898275  1825261470  7571916555   237940514 30704675963 33458398233  5561760730 23861068453 33916970042 19225048939 26540626030  8960628722 23892190576 22186410844 23370000795 34257327237 31965113816  3143538618 14875780122 14397570461 21747134717  1102781205 32479801680 18547752040 25324089719 24153300172  1402187942 23373250671 25874650015 29583300147 18327980569  3668151102
 32 | 33626164207  2275486434 29974019916  3450215284 31000540543   427694823 15639380353 22132206186 28434196290 14577576351  9507607243 13861253510 17027706570 14200186096 30608410857  5643625821 11892759024 23483966133   539420006 23463439189 32069790118 33228135701 12195710194  3539032984 33668977757  9872791726  6676679449  3032250734  6700863576  5700208760 31686994989 11225891001 10780001838 28346675635  9013200867 24610931210
 33 |  6572196786 19635629734 12322093354 28548148701 21823494260 13446367605 17912898072  3257370100 19953938552 10752283243  5151554872 23721442557  2954306006 21051632611 21213957730  1424593506 12303202822 25179206671  4704017585 19929096384 17605463456 13295919034 13670774252   126047273 27961166892 13314836276 33508559347 18953089969 18805979155 15805450792 13959798198 32253282442 14313455401  7171857066 30304545213   386202850
 34 | 15149017539 12314307009 19184170091 20123423759  4439126209  7421698979 26460670908 28065758448  4540101789 12167232253 22472257723 19663791902 29207397450 13873735005 12317691351 18660298969 14667144645  4481769219 30226186498  6681785377 18257937366 26268417020 15426362532  7875005153  3859154779  8723740177 20889371474 18811450186  8401146725   173272105 18133378385 18283002260 11017421355 13872690278 31529629298 28899457499
 35 | 21232302011 24778257524 25588699444 13441584187  7189005193 20136233633 25884615169 12055254776 14155131786  6827065448 23798136413 33178065770 12335458071   495936094 20566225183 19275002130 17023892938 27222860575  7819786331 19467530880 27842187463   485769700 33214959205 32457890170 10879657872 27289122694 15650260424  3978058825 19070958551 22312101764 14280449548 33704151222 26182072828 28995235658 18350441597 25206711931

No zero minor found at deviation level 3.
