[[837294 9197823 14297998 11844387 17900178 4512298 40887271 34249303 11751818 32778395 40013184 6915304 15124519 977216 36409455 33210108 38893678 8830406 2308435 6798477 7504039 37645239 32529968 39598206 33443074 32429691 11828395]
[12515445 20893800 9870887 23034442 29227481 17281778 42009483 21196630 33285937 25683924 9299341 17135570 38756289 22939659 3185747 38252023 18842110 24407030 10757446 12036132 40899824 8059742 7477611 38691629 11351351 41789702 18440631]
[27205378 13669429 42896690 26884991 35196117 4432338 8540465 25916382 24602570 17589829 875174 29162551 29131845 921818 13297988 15848025 36782076 15776227 694054 40511684 40941399 33105043 23273491 7193321 44339459 43450837 43726801]
[12918817 35422328 26693051 13543932 24679944 24371485 16920374 34800704 12149361 23375682 12637972 16133611 5731889 25383470 25885089 17993817 16866527 43454565 36847345 12015592 3362164 24705279 26411629 18894492 11384024 17219340 355018]
[3666976 4430597 18142934 37480951 23254398 30123332 22683229 33022562 23042335 34856658 14354341 11979349 37322331 38219227 20751731 26438427 23758640 31772341 2618088 10900661 41026763 12836752 41384499 34472885 43444280 861885 34955335]
[13389411 10934408 27261591 35114505 5242795 37803048 9500306 34046510 29905907 3710363 7656680 12002636 32411128 25325805 35041501 22746287 24930476 36734516 7267048 36499608 3228747 29079546 21173702 39880703 15948704 24125893 43688169]
[3001518 10914433 25253034 40699570 8877691 34356146 14766075 22418868 44312582 13035294 22851269 32421940 37318808 2813048 12674877 5269456 43710265 32546915 38159606 27005937 18556012 20536527 2475122 35099868 12836313 11910666 2030143]
[3892061 36372983 1198996 17200680 573090 14737045 22455112 33002987 18487516 5311390 16093241 27526711 37847906 17863756 34545416 26096189 18564681 30514715 20900502 39795749 44167395 28052844 41155730 34103490 44603977 27899430 3705561]
[13053568 33500420 26227695 11603487 16686230 36396606 17476209 30984078 8573358 6257475 15990288 16721053 13473002 6437930 16155435 35131000 36070063 7866771 22654436 19315180 26840758 19588148 22554774 10780969 15643284 5896641 14322629]
[37049540 12418146 8834116 2534434 41807459 25992033 22239204 10384837 14670662 10691394 733584 44059133 43890957 16960569 34863154 6310031 12653087 26475303 23658240 18713153 35483175 37357602 26489036 43169946 34081595 38114316 36770387]
[26900171 2427871 30686536 21271954 7059264 20954319 19148452 33680118 18230247 9779577 8265763 1317691 20653176 34076875 32221930 33511820 20186198 1916150 18587455 25478246 37522041 619013 22162744 44709651 17592071 7681207 8196279]
[41428416 2827420 1873306 38708722 40207784 5545106 5099932 42271442 33028369 24607510 14917665 43438042 41685057 33440951 44159910 27450761 18435785 20370031 12382536 1500219 39494942 9320958 40958262 3241362 11777566 38851428 41992445]
[40469546 40435087 1860113 21814582 32216823 26871560 24341532 42370871 29010306 9145789 13536427 35388699 18745878 23161942 22135027 40293289 7905410 44679013 10014796 28464835 12556398 19885629 31588965 16289497 7984196 13240690 13776228]
[29303123 10680871 35695515 42526832 27989155 39384828 3258245 19880086 18932986 755118 1502991 26175657 17291648 36645366 12566822 7337575 35584334 36375463 24428834 17883755 41900179 27445959 29670391 13088917 17991088 25778303 40597597]
[14308094 21858750 42981516 2578629 41597204 7504547 40346563 18163920 32355307 28493990 3217738 44051186 38542380 35560530 14022226 6313737 10112899 627923 43575124 25021417 20861839 14932254 38552492 5844606 9178894 44719161 42142062]
[24528814 43040253 26117212 32263635 5017312 22965406 39749958 9379482 2759873 18254816 3409799 34200038 36730090 13981179 27155027 14700399 4142714 5994076 13064084 7216050 4173262 23418045 8984891 31507971 19338182 18778032 5018271]
[8676883 6168940 42047180 19183288 16193729 6683128 17560204 15147190 37393884 16371360 13219859 40502350 17453665 6711739 5423055 30962341 41767793 29937069 38628894 23139192 15773786 30362920 24663889 43140525 4343109 14713771 19702028]
[35903268 31047332 23404737 10976768 22259870 28016516 32319816 11166094 1237183 20059382 25483953 26930099 43355417 31960108 24997037 36508870 42747964 8494013 13000479 5309731 3282827 13967113 19021394 21036149 36808145 3632157 12278391]
[43625591 16902596 36643243 15912424 21478134 40291774 23287837 25742297 24230325 30691776 40376679 42913640 1097214 17009135 14650644 21063501 11781266 14897153 229465 14441874 39124351 35669847 13921178 35162000 4092692 44895229 33544878]
[36891035 17434504 41052553 42618609 42191939 13968607 28073968 41337272 29211243 13773770 35542705 8163721 2888064 10016308 2981620 31203473 43454872 30763146 21361624 40618808 11784749 44806486 18503505 38223468 23230461 278788 37665214]
[26320684 16551483 35115313 37792514 25644805 39745555 12136322 31285701 36271022 5517311 538826 2868243 15728051 19383550 10116806 11663238 34827132 24078380 1517605 41638218 15269481 12157562 44836187 24200845 21350604 14005393 22154872]
[4219412 24376254 7872720 4049523 1512216 1257512 25989380 8842564 19297672 1866309 15514577 32208691 532275 183003 27663690 4307060 39140316 20349564 30652388 22808936 21256730 35967414 39454915 41389218 30289401 24920470 10581445]
[4972848 2101804 36660465 11123178 37456020 12700730 43090698 15066160 32935263 38679113 34814921 26775051 36584464 9489448 29305181 1911655 21884211 9615135 1680980 43807746 22464885 25749799 17593341 26574315 23956937 29573577 4222897]
[26184386 26932297 36873710 32848374 28500571 31496039 13241643 30788960 22543386 10824913 20081552 5125546 29221032 35537245 33537248 19172011 43097756 4863759 9125630 23451084 43555162 38744534 19864577 10551557 3310861 41247618 10177969]
[41325625 8469183 12717295 43251187 35655110 41877075 26081097 1208325 44148694 21798226 7238741 37336975 11003930 32181536 3869631 13323870 23529063 5225824 26601001 40965376 41999369 30994142 22289179 16902807 21340117 8006138 35228871]
[20432307 34033620 1000956 21352467 5709325 13908657 40718617 6801517 220078 26811606 8575417 22755399 21440811 18116589 36077689 3599405 4465984 19594299 27315536 41750604 1222691 21901617 38941868 984983 23335678 5655496 20887118]
[12000679 20147196 23240754 18143838 33598714 33000469 31613512 28118388 13852832 8642206 21522206 16535238 10519676 8317774 3487733 18310978 2237642 33043777 14166459 2613793 28257650 26559069 14170388 41161259 25432051 34289981 9335274]
]