============================================================
APM Result
============================================================
Matrix file       : kernel_28_62.txt
Matrix size       : 29 x 29
Prime (mod p)     : 268431881
PM block size     : 2 (fixed)
Deviation level   : 2
Minor size tested : 4 x 4
------------------------------------------------------------
Timing
------------------------------------------------------------
Matrix total time : 169.8479 ms  (0.169848 s)
Minors tested     : 3449628
Avg per minor     : 0.00004924 ms
------------------------------------------------------------
Zero Minors Found : 0
============================================================

Full matrix (29x29) mod 268431881:
              0         1         2         3         4         5         6         7         8         9        10        11        12        13        14        15        16        17        18        19        20        21        22        23        24        25        26        27        28
      --------- --------- --------- --------- --------- --------- --------- --------- --------- --------- --------- --------- --------- --------- --------- --------- --------- --------- --------- --------- --------- --------- --------- --------- --------- --------- --------- --------- ---------
  0 |  58958099  96003818   7928525  69444654  53747469 161299103  50802477  83222700 159607538  81770499 215733853 208729273  58924820 151567244 126772299 213867552 218038689 265137803  66452785 127263158 156525531  38921486 184526626  64914473  92937938 104154790 213329341  37948234 259875995
  1 | 157789151 209881343 105486224  95739677 195754065  54537578 184533440 231865468 232555316 209828920 256402072  91007359  74063582 241352338 122030195  29123949  92612400 191576721 250491388 101896214 201715424 237316770 219055224 139845029 147674475 213346084 105121364 107144623 105532908
  2 |  20718669 229508509 252578442 143712197 133308636  41905536 151768400  46158047 241727425 224874572  49973544 160831990 128890535   9913358  81528084  50013930 105145043 256989675 209947292 259975587 145144391 264457785  50353042   4044394 102052647 144595675  85127537 214399760  65461790
  3 | 161549506 125526912 249669445   8980632 118815346 245108936  25440189  58560470 223404898 175068790 118898797  21355383 178426437 126778564 223066087 112447259 216543342  21064148  84075398  67334910  54979557 131917837   9869433 253827021 223888144 187257221  73366948 181418043 231608696
  4 | 153140375  41447351 162508044 127823953 194217035 152919150  63321349 178575730 197701943  96474803 194470422  23510320  66548945 212784781  27125083 250104298  66379477 258628005 203491075 193418137 257763967  75739693 128050561 167176148 161370771  48967843  42284430  53678211 208298022
  5 |  13967391 124134612 183044388 161752027 234268374  97309251 109778462 243055075  62053902 229976788 262423464  80216050 229787100 247193170 192653858 158361496  14510857  80792194 220982507  35339966  57002557  64815441 259735181  44846206  67593258  75331559 120820822 163278913   1309656
  6 | 184190452 138395665  88330095 121907320  64673434 215801463 257860193 260405210 118793365 186000007 117644008 240005919  87572106  57599656 103556967 208519521 208116881 126019334 120102733  71567851 259233549  10852820 192005303 167690204 100410836 235575192  47066757  72859478  91168883
  7 |  41959108 118313282 158818047 185543558  56516802  62396930 106971040 153202976 199224599 126984591  49074609  33937574 133094495 157576752 142285407  76259355 194448241  55977486 266475741  15186492  34091956 147575295  96204966 118422691 169876178  62678173 175126772  15741428  27231872
  8 | 181751700 230163457  60715665 116181270 151214988 141054272  98560641  95554296 145032774  66825878 144113294  33194243 148253083 116022632 151421340 107551304  44359113 245981834 184640106 211765023  70248849  68764719  64570324  77014033 236705275  89434764  25191928 229709260 159230412
  9 |  12868642 218156659 256384692 223431397 235277973 251814839 142273947  45705790  33502508 220885777  87812774  26869478 254527596 241318910 179742941  69116791 134757378 101653498 265652602 151165636 108333398 147513586 198091916 183412098 109460134  50123613  90666538  92474001  31075866
 10 | 240198539 108903650 156835376 145574366 131164737 215989970 225346512  68358410  35983934 212681354  54572481 231803040  11503211 105176549 150001529 253502178 198046438  36416602 236038959 157966376  36029484 168395224  51704643 251248753 180725973 137286119 235835592  56259010 216157731
 11 | 129860044 267003313 133241394  45938882  37703844 180382454  32190028 121432440 168091496   2879429 123140916   1835183 249724804  53399385 194194492 201298111 224900602  54785770 260457341 132584315 150575912  32117098 197881339 129264134  57329781  75234541  12077887 102749808  75797866
 12 |   2762154  67984816 100873574 133144664 173173373  52916261 180301321  17544824 220074114 256615798 102807675  49290057   8366884 171059223  27426562  34955440 102918443 104157510  94481952 130004371 223449640  57274048 149598066 204978390  24280343  24559629  24621178 249663877 112944584
 13 | 178777146  91884827 192991945  49724458 112818083 135461809  13858526   7800767  37250046  98564378 193845152   8075480 228930660  29099197 112441974 256197302 103954905 226413720  64010365 110604503 254249982 191748686 265823075  39458726   7074218 100493606 251407029 141224318 209525440
 14 |  25861640 128884519 231257024 247156860  32431345   2798662 266411768 265289057  36082054  20741128 222767706  36647645 155750955 189064774      3079 167074948   7411806  88575127 121021873 111689706 137445772 124806466  20961901 198974924  82960719 174729580  13645463 239451248 138088963
 15 |   1933330  64002675 106367305 207176712 240323663 256740983 190476883 151350129 176711952  72476508 182044470 264418671  39669981 189772082  78345292 179833477 126072649 132747489  25714991  46634999 123970872  93544921 183181745 140005450 126674662 141597114 218469640  12999779 134963201
 16 |  96169800 249652013 214884772  45916662  69464185 112244037  75201803  41362981 234028632 254979534 192991429  28742843  69595722 169686640 139448866 142748641 103514382 240489034 132096394 187546116 154167058 150781778  85384024  19036630 182243355 160794579  90535057 147322999 194584930
 17 | 200399422  59842175 156996961 115830197 117605852 155587534 230312304  72238230 171671984  16658106 190290758 138057582  73804343 251008762 249839018 229137567  25300417  22881457 240485340  58871994  23504005 267282033  70489536  13463627 268037634 222437352  60765182 180425692  63786830
 18 | 195839041  57560880  40077735  88707717 113059834 127809699 255941487 181825312  13045895 235706097 234163817 160524910 123241319 257546951 196295349   2483138  76786095 121341472  22884151 252443087   7167904  60511918 200707841  63046069  69239473 234823055 170134275  39085868 108877025
 19 | 230939381   2738061 141116283 187666417 160149122  52704472  73204835 120824090 143170101 251851573 260649132  77258819  49395138 232897850  14854942  13187883 262630346 114573897  61674185 129940244  64583899  30983513 187245641 246797043 169442767  65710474 261473704 263442080  39666705
 20 | 121495845  62524686  91014839 118892381  21259684 118126392  57002312  27820499  29899866 123414175 111495250 142154756  18475794  51423546  55692663 136722790 168339368 192903469 214898363  53554004 173248095  71903121  79392406 101548041 215425820 257898406   4969195  46577769  40371589
 21 | 121383321   5405944 268421640 102232668 182616401 248712462 133865723 155580011   9002328 244700906  53359327   8785411 228406042 265420139 265616374  80208958 153684571 253473273  76001958 250696451  63047966 144571956  36312267  62457889 225006973  51063429 192009845  57286722 215248128
 22 | 173126787 248372104  94801238  81702714 116078101  23556462 159413148 135602213  16208627 199723468 224573488 151968563  27279973 173201041 241336968  92456878 167981634 184556917 244211058  61849561  21739465 239956319  25798789 171654868  99068808 204964023 145101436 225455908 170838512
 23 | 257326853  57606027 177873866 249733947  51046185 188900779 175210863 143069226  65864418 132614227    482488 206330593  94573232 251936496  14553996 124996432  18610016 137574813 101101762 267842940 166809361 174927712 106140544 115054563 216146350 249289598 242560094 187937354 232577699
 24 |   4914893 121663378 259605857 254422173  81965184 194969494 250293928  31580176 213341526  93616532 179583349  88760519 136022521 105796432  23250204  76925397 183152244 180988819  55928644 266581841 112954075  22619449   6389033  38312477 209317995   3520698 130594573 178739703 114768386
 25 | 119232078 203158019 160863002 179365703 265210641 121375196  84359547 251490194 208683187  92579524 224178438  54078948 169044154 226011115 167395178 162717264 252718952 185346721 169509596 259092242 266550850  89123897 124089049 106186741 184251817  70524104 217281595  55789605  73866616
 26 |  10701414  62438225 242443826   8348804  63455245 264901536 210846095  57075679  48456981 188565987 160257463 156940359  71272493  59385847 130463745 172356497  56180397 260399208 113372814  89365416  88042145 260897740  57329164 187927854 233946283 130545047 216089569  38695915 149962772
 27 | 254622075  42160984  84066497 170025797 143796700 225952281  52468818 123104516  16526519  39271011 137757943 106037867 103039474 171717578  99375730   5199789 247615411  13716832 199483324 139914127  67632200  70527649 104131934 141086538 163770611 236713974  38347395 105365868  10749425
 28 |   7258555 125640829  24616967 177973486 185941838 232402619 169823412 157836296 255442875 143176539 120786614  54518235  59801814 160767487 216249543 201428788 213475600  92926969  46572134 151217178 132145976 260754816  15998938 134202160 255233012   1797636  76394168  92889138 179307425

No zero minor found at deviation level 2.
