============================================================
APM Result
============================================================
Matrix file       : kernel_28_28.txt
Matrix size       : 29 x 29
Prime (mod p)     : 268431881
PM block size     : 2 (fixed)
Deviation level   : 2
Minor size tested : 4 x 4
------------------------------------------------------------
Timing
------------------------------------------------------------
Matrix total time : 169.4229 ms  (0.169423 s)
Minors tested     : 3449628
Avg per minor     : 0.00004911 ms
------------------------------------------------------------
Zero Minors Found : 0
============================================================

Full matrix (29x29) mod 268431881:
              0         1         2         3         4         5         6         7         8         9        10        11        12        13        14        15        16        17        18        19        20        21        22        23        24        25        26        27        28
      --------- --------- --------- --------- --------- --------- --------- --------- --------- --------- --------- --------- --------- --------- --------- --------- --------- --------- --------- --------- --------- --------- --------- --------- --------- --------- --------- --------- ---------
  0 | 115770979  61823750 133768999  10407808 177600034 227013760 153520957  66786865 104064464  46302528 242994171 155379149 131052265 102497686 141822276 265485848  44727609  49041267 210386717 106458638 159658949 239448032 135112780 114132378  50559390  87155905 107986705 171741136 114066060
  1 |  90284578  69592764 240248239  26234332  60303599 100075715  38789877  19570523 232758205 265765348 142611663 186261104 108280249 114528977  16442165 200088211  55878530 136315220 245297270 142304142 154823109 197257759 180371812 257257781  77580454   4999201 185095454 255424415  33735685
  2 |  14458543 146013290  43803932  86563295 199155618 260007557  59483923 127232124  83520010  85933704  49638432 169897674  34235413 150468009 171268446 111114705  71561351  13810983 258933589 235981349  30387734 264142521 166782889 125848334 211647533 117104361 135576493 222779460 102887474
  3 | 119983426 212565259 207449885   1733514 256500432 107227810 193074649 111341354  84213392   7887486 119380217 203926924 188931101  97085835 123154030 128624231 249071545 251333644 243045266  36868849  80274509   1098687  35464834  59309797 163108855 235434853  78614360   3604390  14633024
  4 | 134024067 130489937 245453467  61714462 196281759 220048925  51484376 158806869 218396788  91288321   8309371  19536557 124336138 233753879 230822815  40491935   1697128  14232843 188240637  98146645  70798782  70698852 199337909 109335188 230171395  92472835 138290024  68281669 167972130
  5 | 114259697  58018446 122002359 262164447 149236565 109644904 132413249 143492542  40298695  39714279 150039947 155265276 236634149  74752387 147203819 146288364 113471282 180758188 231485953  23835613 178240511  58398358  15379113   5652876  26669630 216688086 198595803  18803301  23447932
  6 |  11590922 133021643  94230297 200979383 151723568 166583858 236874526 207486029 151708447 161691965  34876000 131539936  52540070 139942361  14717351   8327129  35732661 230040273 148823148 235932843 245297180  39079862  89695182 250656456 151053699 205079937 130901875  24955312 148487775
  7 | 209981933 164279187  89839746  23117190  31231195  52460659  23482769 153930769 249687592 126188099 164675927  83468176 110084927  54390883 125756077 156049628 189994816  10221748 103212083 131067296 179323025 132902329  44786002  67045340  18465230 252254203 195482094  56770868 145718810
  8 |  76078035 170696154 209332140 180784052 152827642 256986953 144830833 234121657 258904041 126171683 160505227 255451822 133254511  31480320 220207849 192095566 244855219  18208652  12414177  68959605 213383769  15071878  85013663  98686080  26654970 163739468 231816172 186447017 242364894
  9 | 165090177 199313451  56941268  66931031  76401316  78751313 181985714 186388317  36548240 131797767  25855444 146750812  95430808 217358695 235150454 135759123  32663763 161425328 236859256 144661128  26745792 245828456  13003415  42753207 262427487  20831498 103186840 192274172 164600918
 10 |  33512500 223734542 167921490  27722226 169343312 246715712 261096356 137661271  72446930 265672105  46123376 112018458 184838368  83348577 162095457 116439113 200332801 222413963   6906318 139567133 107365713 264707064 263481408  26120004 138018446 218155883  58832234  44659268 117920664
 11 | 231311326 245949586 202992537  21328555 218135269 160882567 253170015 216915712 223797141  53205842 128069628 108534988 114204204  39656109 201353559 220777670  79983564  33401689  38584518  58113006  55386975 210219754 151527067 174712835  85867780 114195845 134366712 136079224 196410202
 12 |  43286556 259287271  75407390 139425422 208876216 223158334 130836302   4000315 267451730 170694255 169431453  61982353 137038673 199196817 265685229  48780304  32821083 173878814 260265312  46278065 261322434  33604455 213125125 213529677  47796866  64872017  52366399  86623480 108502766
 13 | 212106758 155328665 177256036  47340655 264150869 256643348  43357379 213906099 166053127   6525204 189448122 209714858 142784757  83595864 160821090 265478967  52810658 192666478 264706738  77620245 216076705  88455495 122426719 130576891 153834376 195771762  80983142  37358656 259664820
 14 |  35571407  58882123 205253034  61531910  77572903   6139802 210952248 172546411  19271742 155530923 194683969  56975587 226499494 216925993 104528969  94211456 114387379 134813616  59506703 208026835 119359788 149077381 199745503 160711362 107305325 175659032 144885369 242570640  74878186
 15 | 177684141 114173266 244695925  27520707  91106357 151348303 205811154  17107797 188060118 178190517  70166853 247941842 205313684  39773405 153303128 246061186  61929968 103768065  46692394  10152065 209974957  45168321  36208555  27534080  56247145  73659097  56189295 256590948 232606049
 16 | 199552533 167804335  69015946 178128349   2355137  52997752 231373405 180686559 111967786 259460942 129872271  57218671  82048012  28354167 194215705 206379793  48669968 249496268  29388614 137101576 261061383 188348948  42224985   9231813  85033124 255436042  32752359 131961978 203702460
 17 | 126674945 219791878 266751315 154708261  13164444  13951042 260415074 142734114  17084035 217160819 169877275  41209107  13401855 207971323  12564333  32237868 202206803  52667273  80163323  10771626  49074908  89512314 102845552   8971225  29251291 167162233 137622169  50922958 113193071
 18 | 257302802 130241103  66881506 199710615  80856785 175221727 216022501  33120996 256514953 164482468  68507239 191102232 191106332 176652577 106662277 154549461 108251997  33982533 234973556 106333698 133675625 191415752 262198351  48429940 160172847 155513247 168519463 170896006 108220674
 19 |  88042689 110176412 200470371 150209241 115584631 230262407 142552778 117408482  59347946 154345622  86366136 240824369  30975829 233471730 234842149 149394692     61903 244842130 197730677  67746903  77988001  78881662 203779744 100607866 191591991 116782591 111216785 130465327 143944173
 20 | 267757278 193798819  38541493 129822862 155854551 263876493  91527921  20863703  53334285 247530377  58031138 181267690 177615975 208169292   1805615  33576874  71006036 257352717 177433122 148433695 194553351 217279858   4124799  60688880 203744931 109715889  14075317 238458569  43338076
 21 |  69374400 239649989 221898128  22905394 157785954 132377222 146976076  12432835 225130758  29135670  19262350 124132257 223450067  21223452  97751624  40575998 157936986 206552064  68034301 227287822 247936893  38085095  96223141 192734625 219208692   9535598 230134720 166092068 251262560
 22 | 149543474 208304362 250629660 232746595 111496547  74831454 144488982  74950472 244949447 159407957 227106196 255268638 195798722  55081023 236932220 243469843  66569400   8387111 227787583  81315420 237964948 193309908 176365256  81927156 129144022 197495810  12291849 222208096 167905877
 23 |  25821074 255415874  48226694 144911674 234366988 196172711 204284489 105639457 241419446  55525798  28254493 188370141   9644261 266099968 182593449  58455733 100504951  41339753 246675393 164008209 189070336 207598222  97586467 103359452  50503782   3925426 185837907 176842098 110911186
 24 | 133566659 115967176 171362381 208363361 188443541   5506702 123534755  49883300 259438188 161715984 225828333 139535371 145559205 262621061  67936442 206274402  41696153   2637518 157329015 149231636  86211610 157258519 243639525  61439808 264466415  81950656  20228647 113296981  31940993
 25 |  24667862 130487447  91203515 156374488 144225355 223037127  20990421 186928627 252799375  69414360  43867624 214768792  71581179 248855971 139519999 232165556 207658345  12013738  58503333 152299890 260094816 199194800 211319839   9248445  10446891 213362091 181878119  53805635  48524308
 26 |  35615162  22994685  41659453 109088614 214813667 238608402  82615632  37388830 227723803   8243156  13110252 199514158 130553270 128043086  36463428 163468298 236519870  37831769 155350708 243677290 125254238  93180727   9371467 134870162 129326697 151513913  13002341 155492973  90043321
 27 |  12005767  10167020 109412081 102209478 144639795 245274267 124910696 213214618 249507918  74615300 231584746  54530030 161497503  97997804  15064894 178328613 117148029 152147387 115967147 141785680 198005881  80681512 182807636 151035307 174227398 169636370 122634412 248511924 150742263
 28 | 177752886 212278967  61889116 251417408 154961017 108910625 172147381 116473558 156445886 179942181 267478512  38488069 160106676  84229016 138937943 168415762 163963764 265449716 115279597 207419956 127266103 154317289 211778981 135121561 104091477  47073430  81720364 173581819  26513848

No zero minor found at deviation level 2.
