============================================================
APM Result
============================================================
Matrix file       : kernel_28_87.txt
Matrix size       : 29 x 29
Prime (mod p)     : 268431881
PM block size     : 2 (fixed)
Deviation level   : 2
Minor size tested : 4 x 4
------------------------------------------------------------
Timing
------------------------------------------------------------
Matrix total time : 174.7041 ms  (0.174704 s)
Minors tested     : 3449628
Avg per minor     : 0.00005064 ms
------------------------------------------------------------
Zero Minors Found : 0
============================================================

Full matrix (29x29) mod 268431881:
              0         1         2         3         4         5         6         7         8         9        10        11        12        13        14        15        16        17        18        19        20        21        22        23        24        25        26        27        28
      --------- --------- --------- --------- --------- --------- --------- --------- --------- --------- --------- --------- --------- --------- --------- --------- --------- --------- --------- --------- --------- --------- --------- --------- --------- --------- --------- --------- ---------
  0 | 195998267 103651310 123643542 261632804 227067655  39387296 202915608  19669736 244009593  64091383 119129572  68233293  85968688 110865849  55485429 195716375 262144608 203820376 256028833 192282404 241158877 245102883 178901425 241921506 125577635  62872009  46348622  51898950 211937384
  1 |  77616152  58133836 185829474  32623155 260670068 114441284 132853186  46733987 200647380 122920603  30716428  72888196  53051223 112250250  31502465 131344803 157122474  83658949 121773561  85040400 260639112 123013945  61819681 195393925  46356815  83188410  84619761 203317909  56705339
  2 | 169415700 261477398 196668902 148303802 187793327   7704361 240253689 221593537 175860985 176617867 243965387   7586424 242440356  50546110  29521692  95906036  42945180 238264849 250168341  71802839 207148387  11877235 123323331 117610224 177924640 173328983 122954680 123692781  59407423
  3 |  29668260 243991941 200446264 257708451 131704537 209018786  24720407 218846054   9360178 211016847 167790711 255431419 190823977  51583493 181006344 119331468  64522103 217153656  17907982 213310493 161145466  41484626  64530241 166398194 140492966 111865091  81184094 213466784   2735994
  4 | 200840207 215550447 228438174 249336029   5320684 249969367 230832358  65966181 247227308  24652233   1318905  58661655 241391104 251411826  17115616  90835429    732066 243292520 178043488  53516807 265691631 259134030 111336029 216847730  32400847  30208379 121021880    476265 201305639
  5 | 201759068  92651538 112597389 145546265 226857579  79442892 100789492 180145999 193583966  64885450  41726048 126751786 251904609  49640438 209992439  80031399 190915546 191310527 101627581 162714058  99550844 238195548 108979473 236686209 239940774 166856034 230204648 161767868 219395737
  6 |  93723221 203706864  37882063 102113796  38015414 224675568 129500947  61605142 192065404 126408639 109776209 150069075 152808209 158931745 132197913 208541585 131303712 131007204 264845449 146986391  13645000  86659840  42183221  76472164  24072581  67616390  16202592  90689053  36880407
  7 |  37933136 159687420  48799221 218793937 220829251 106538411  78758583 231295839  56156727 107500585  52984458  39318409 249341119 152864888   5467761 173006252 246900007 116581447  82575668 251152790 182654615 195124588 225226148 223645632 224317005  49233637  53011436 194699923 245142680
  8 | 122633251  92115663 170711855 125420151 160370572 197326659 101089432 147203341 105918158 177824313 178943210 140927278 188577740  81245502 249603620 106206844  46509133 267949272 142139891 147616046  40608533 207130490   7151361 172764801  58093627  21085794  18409517 199323585  30116379
  9 |   6808224 253312462  36409432 184807764   7723183 171997393   5961273 188125714 175908949 135978663 186477745 221885721 211164940 162788560 119979432 216626590 192621647  82708761 210334902  38603863  22785924 238737473  56335213 114697874  21874303  30432789 249665255 191086353 134942926
 10 | 155631096 140897384 175866125 228258803 193176059  44755639 228749913 125577174  56831397 217105482 169326007  64734503 167225451 195384948 105738823 112737233 239901537  40697208  14887651  56212284 150274427 116390228   4271594 176041833  30571927 208888047 245224592 267113176 237220451
 11 |  62139687 102177900 175606524 159631637 125623059 173600419   5185290  17781101 251797219 255477463 174967442  32957635 102726278 204292202  91252574 225246540 202055283 262098880 157307762  31296217 139650370  66533505 187457009 142822414 106949236  49213315 105852701  99281681 222153557
 12 |  38813416 222280701  48391148  69048969 151548030 115990594 107545557  27091559 121541895  41653041 112777397 234382534 233089757  71742614  70380451 143380400 248437778 155145946 188515184 160590613  87263747 163839017  28744601 208006674 185247127  72217569  77238469 210774034 238500702
 13 | 131019512 149144523  36701770 194163105 155373014 197370041 178791569    878804  61809150  87038723  13734956 134778936 242680929 168574671 127071596 214033058  34486899 180915352  32138120  74628534  38762912 198268608  73102481 121567690 199083892 101894641   1799579 257027281  49593484
 14 | 220671743 104415258  49857991 203216632  59178910  21022152 165054001  67717731 157320426 141007239 155122683 176244197 220581827  33963138 133707321 232235317  42531515 188220717  57483551 210442436 136612182 126063840 122987525  59244244 144694715  42897965 190100137 155645908  20404968
 15 | 231041570 181763508 112281826 203320439  65577798  13562512  73195357  54881086 205356649  70094729 172760903  67479285 101619519  66984403 246218306 153444623 230696445 150396829  40848341 112169677  22294813  87615478   8708017 228124247  73572413 185894725  20048582  31913748 236084005
 16 | 223878860 251713734 111196729 181437287  28645637 216970986  20993118   1471739 169514053  51013153  50764456 266505950 184829481  30637812  11570121 208861999 261211206 164535372 220470842 189983270  16223670 118866175  32398422 192220155 173134447   3142949  96909831  28296589 162307728
 17 |  75615059 112463932 162641395 208350024 222890902 233403710 240832796 153479052 231320728 172841025  87969261   9375658  52687083 110611293 169705473 204320935 231930844 138962034 102676957  68358199 162246947 221792377  78542143 197636496 258686751  20647779 135890856  49794421 179206161
 18 | 205086923 216828162  91473563  43351071  84960396 169152044 249271600  64794605  87571318 110903679  64185222 196447458  89947565 167903341 149418873 137677513 147565327 233564720  54396728  82556595 171049365 155373713  45850704 239407813 153810184  73849240 253504290   5352437  40492426
 19 |  93482119 224139891 143398177 183475633  75312687 248109388  58227238 140047812  63303232 167913214 199733922 173418712 115843573  78857769 215048344  80256971 146546245 236233927  69212655  48604282  10846329  98245583  99029488  68610616  56893401 149780252 168899192  25191535 159859028
 20 |  19554961 259281541 208634429  74253228   1366592 156039665 145154135 261056878 108879724 151419975 187381310 157715381 203757213 221222525  38438319 165949645 172077091  73261658 185054516 252778186 133278434  95585272  66217241 121879337 179532662 244754912 107103992 174754896 115881114
 21 | 265013455 192344180   2092836 268080959 104792670  10186280  90555233 204973817 255105619   9071081 105736171  69699836 260161886  85752388 156787655 142893105 134828962 230707911  19683538 250503672 142928047 197192964 118016874 224159458  86270645 135734361 103093242 190772181 232014558
 22 |  16905278  39270947 130238975 125504941 175987367 155915229  77357056 138285595 140734893  81614112  93019452  59519040  90170748  45033134  82890463  87119468  81047428  36357027 245157767 211935484 133659422 102956880  37385042  58077894 212257712 246963873 189442835  88621747 138982057
 23 | 133439817  25970551 118408721 179848461 193076248  32317070 243494655 152075952   2429927  41017756  94320011   1362075 251512619 154029354 238868322 206255428 210907709 100839304 171115831   2844534 170835496 196896602  64701080 253587969  34200001 190751152 156724918 216143701   1215786
 24 | 156673886 235806105 169836134   5585317  32777788 101210456 151602556  56524948 229668210  13486448 162138147 237031133  93302015 209821263 118398046 223216183   6089979 214901297 212740764 198594523  50041575 203036150 207243290 167466239 186322637  42592357 172288452 220985392 168921991
 25 |  98609365 252762241  24108598  31489961 168342176  62959804  90544381 218744787 233546143  72958241  44397197 136278996 203051489 229979459 206901263  78681676  64017314 108314051  48383147 214159885  22233353   2620484 246089329 101506567  17061798 211380781 130115217 262816435  64224359
 26 | 220533272 205603762 122335918 153919841 237409553  49993427  97816300 146154783 242608696  83934127  90883716 267020133 247402929 189078535 229795380  10541093  80763267  62471946 158816548  23206194 141854895  38838695 146279289 201081006 106011630 219053541 234238985 222664238  19113488
 27 |  85919876 221967792  60615722  15033922 236382104  79818618 241824732 147127064 231936879 136246592 165424474  83228614  75415775  23614589  31883000 110148230 129328860  96356720  31692018  45830119  60008029 264185322 256078899 199081768 180125590  33574144 208561981  36025266  37759735
 28 |  20490253 228299922 266485489  43188954 183779652   6747946 229185261 108994532  63096947 240635904 205757217 259877042 192136926 206945936 237264870 162748213  14134818 233924814 132752791 251621053 261219545 232614966 218445439 229462150   1568925 197657534  71622428 109886162  43379627

No zero minor found at deviation level 2.
