[[290351260598 531680451571 92083178921 248630140941 242399639026 434988437271 386324243057 394003655409 262419904332 201812498629 346314155236 396779855059 219329208010 189290475517 125223667377 146016111242 175141836048 168825332895 258208181936 415871029643 198456377132 121507731266 123576203363 4544595158 185311065072 48035386388 510747734659 366945091918 520107147941 166533375579 92968984797 363888652969 93859085163 204918946359 321396313281 542112386479 151793213753 117201408151 245819625256 268309134245]
[489236321231 273376046406 316288467039 316428901750 95409855299 237736406764 379478171939 56081444592 62195190268 75506545733 43783139490 456760871357 103925951301 110525512199 222738886038 417659164713 411525853067 315878933333 65056768229 69992715871 409272438482 286048039640 112772165083 500325795556 546447015243 536766191335 165298861646 237207222404 174627833850 462134086147 208149398223 506915566478 271588000380 292270782488 17775687061 290992358264 488877737191 270939411769 434047989786 498702670495]
[144474797063 236339362910 99772084275 470423092473 294467669326 454996798930 500059762518 463445607069 81113240488 148927274061 435830086979 67480034528 368869413873 337895212390 360076328960 486735163076 295854458117 279216310308 83704838981 264095724160 524286926134 194988180029 387217686864 209705738651 543795452094 536096715054 42753556744 143305312452 258896914314 277500890937 189935250424 337018274609 542692120210 501893609047 441541776404 53471769854 196692629039 377156028551 475725209432 23943916744]
[489551742311 15915521659 347067413346 279907052093 433454304872 131931620075 190419160510 318303012523 355874394974 169472575152 471776498291 111182734431 396603995259 262514779675 122512724829 85240597844 407263072290 111182234691 467387289983 541240074385 367701506556 489777148401 100233793861 266940141860 371706788970 68215748788 470011137889 313554203852 421173767546 427804550582 443712110407 454563717694 390819181307 213801091942 318695214858 318111804394 311051249720 384730064959 373590453195 6065647486]
[526415871418 441450426755 509290859920 337310998854 387768444863 182370224640 419680869423 507567751279 442966190118 517732071749 398842770299 494863265764 97824611894 232529741617 463506478161 301309310032 216269052475 314970392356 534884047044 298972269026 500186678083 140604072811 515839358311 379238370463 428054929884 168522603928 12696076522 385019458747 290163866899 8693665358 403405888184 174947605799 330317537740 99261966521 492276849719 142333892360 313202845066 141625496209 216404526992 409859591216]
[135407934910 486435424863 62269306374 40667065319 11762770197 310968309060 38255628785 13224606724 530439894655 7819239370 523510337406 129372145791 203751176073 199287347470 213122843710 39552174566 460243609726 541543381366 112372482794 399927133551 104247143032 545159885707 25188876555 367309039482 461964026799 93750484554 437854469441 352146094874 243737849340 28219428167 242951523055 505111229101 517967152373 190495079584 440692237371 172475071451 271264189769 427087063615 235192117969 528525154171]
[24638032564 492596480941 323820114896 75889913098 408293458673 34988119839 263519989791 267143082059 86570340627 366054901677 303748440937 266142556349 180991962938 415873209933 30238931432 367826998873 245209827068 360628501664 103599673774 392145094916 231166847100 287062930106 288826599980 440319407859 326805573078 257799793420 178234455836 370402777864 96741759077 364893295681 441736217363 105413981072 442728203741 529398078246 155188845248 118891030145 134507291569 484584201622 174698060158 84714890435]
[541862649444 398729267143 25630432966 252861400046 99215446107 644986040 309010968939 533521047378 251596814013 175207044451 391312113770 361721742902 400284008301 517995087577 346834507691 103500961807 527196508241 401149408902 418441479982 282661793426 452826306324 405837574002 355821767312 376019271120 13945274824 69388807506 243321651535 414507710084 42763163334 149899989348 80624567344 113076557318 462797201604 384654637574 40384497549 266082608086 144458940594 463834102549 298127670196 201445472663]
[157821102976 58410622743 335254414918 311585134188 445870633154 148204836609 21491031964 127440955844 138938193222 500470339579 210015830925 445317757896 128856662781 256263648233 146961703600 420271152989 129471553022 125805004176 262436353153 145471914931 452367948073 362415714033 82507919754 509883349070 263472428010 339719105100 176674803047 480251612176 262166353323 91187092197 247419057347 112846287228 103431649300 415633728829 135667030841 63096764705 523434131992 281211655466 222341183744 125207624041]
[372542927776 77970845228 224889312081 179949436564 514705296198 328242380020 101251785294 22301393415 153067541239 364379898372 257215133545 196057562710 204620744869 350908372778 208201794957 413884041338 334741674577 492725311368 431926604004 538234021003 467930484211 155626163301 65948958665 456951281242 528587162573 430727128262 121829468331 461556362730 123941797673 476882669088 170286216534 247388648592 282110305443 219015612109 381707851946 288409313685 491688848207 459282790523 175088785847 127247611760]
[84049461529 14809117058 118135513886 116231172948 349566489887 29162900282 135069475961 341960975357 208724982133 279255799107 344483672488 395465034996 59534126404 547233633824 519803790010 164293233034 289298428539 59550266519 129525620366 105805404904 395825195388 528033069390 512458088583 220315327216 105772877568 388635611885 258150973155 434101042697 38780916692 155085266429 348196968017 77205378170 23004820834 38631072832 208856746880 403367733382 453065863387 329307780832 541137291062 37922484763]
[160836574841 218085641993 344704946033 105021490626 347353190129 41903758681 189126314373 33788631443 433744644595 163837187460 222696618207 418087443311 191563255159 501064102016 534389168498 186869704165 531265960104 86014686780 126223206126 432214216838 246309295218 77241522579 196087793223 209494440775 443573810407 490364080645 31100489014 115038347718 467696116739 36960190731 499067311368 520693356796 61432602359 113575968606 455748174439 425206690879 87913117628 414559626424 267719440437 250696286154]
[182629046338 294981216330 147718150824 84483076383 458623424621 415398424879 482061614914 407624220462 32617214592 246029369506 92726111329 101467841619 282167744750 127947434342 488392628454 76622477713 530321286515 501533017875 6816036147 59790137180 448646827872 527362091071 482225958594 364691804007 127812254827 161612780060 47921224298 156905936647 206126017830 148407849782 448023579651 217939984970 370596069356 17364822872 56862747904 137850215199 259686518931 346484871300 97192284564 215849212842]
[535695494239 171074490442 267240152103 512673878304 361765777762 88922127293 80025951060 256086315405 60932248760 212793471402 533007694618 433603552384 522461407154 519099848122 81127313327 44562672834 307856091167 31134063913 123328477478 415186954053 461488601551 177602590730 235585193217 295085045538 430880430675 366898445795 50151613136 202699471941 249124973291 323515322488 169909607809 94190900503 512759340718 351921639486 185913047598 272655853014 479829087454 391888634444 203595773222 382981115702]
[287083626250 290772483725 450913261606 113793617887 461546364891 342110355775 1340095200 412823612003 244043877813 218727831180 334215944868 508426873074 546882340978 366613427462 340232925022 383813880604 281602878149 436610825549 407790277016 75390799387 524848436951 191937926433 27303319345 520441336442 140814812113 508180999834 154344876443 220132763476 66482878975 336042657588 6766186110 111242576063 486020095934 514500290013 252549258775 187496064520 322836937237 546628188522 256520453757 2283936578]
[125846427216 16671240869 29038652657 470733426871 105077014130 321624521866 443731887789 113134190288 529546415447 180566174759 375242305095 144698155402 83227112510 229202949110 242965452461 31666337624 458863700345 534413485295 157828324389 118935771177 219905634023 80149983647 113053991479 231673189198 95373901612 235505220628 230947382474 94136266079 142918975932 369165411754 487567360334 364282210029 382873568171 405416075160 46412383836 400417061647 448567478242 392669810764 415555769473 462543031969]
[36468680199 82860246840 286977418309 432504639973 214968879721 370861384891 482252403503 508380963232 326154494235 39983285340 224248936228 520486503146 255426761279 127251202432 357478987237 261270440234 69667595967 194845772553 36726933500 78818545628 514780016046 62772243629 127610472871 429678748889 313112515090 129083691786 255874567011 265254966480 214914585066 516560153635 99899052246 213620050479 457428959396 60442586379 176916563174 529833114044 541712518648 326438301509 124074077118 330067637139]
[312539509147 170030116322 203646623579 279314887646 249919624145 430343123602 88067510537 135131218957 234107268335 219940525400 365920302023 234666846057 347573819676 226733554251 163764674173 386661813392 340748886595 164829687129 285149396651 498750152829 126131739040 158909689644 375357055593 178146943320 23569002440 332635615635 137160135986 158486659186 9960064721 444663014474 324138099556 196548991479 295470454831 175528608901 356602457407 298990199574 499544069181 16683344952 384085033996 177761462880]
[533649775388 475101457880 262546589778 473561951812 227512366819 398161955134 300462354603 329139465409 355342995545 253182010736 187689952501 12987615479 178015159300 385570130075 512778522773 264412175254 204103120707 488964425982 177692184609 296310684818 483269126167 339384909031 155024010464 33908430232 48856875363 355959625006 460913743458 174798400594 147915402915 471327358291 127573971420 316596679550 248867738221 86319483536 126383749056 381182458414 466086542514 270415267450 122160810286 247243151951]
[296103697616 199752257814 244849214599 460299648454 526737862833 388706346634 196024110118 217891878026 324929022830 164461262820 395066309527 187966855665 341946146792 233174933701 461263367357 486046406490 383636442523 450465265556 398194831043 496770107432 403304590123 286963429963 449718811498 386598310181 39337907234 156890377899 190806290846 335966790770 68395019060 188599868113 184737310703 347128382811 49655104117 246562154844 118924717334 183960135027 505080270043 193926604458 87839330656 444626280061]
[367559011189 489776090572 252726813855 109432974438 482460332307 42069090325 400244000160 227347101996 8571912789 49200345435 300140272257 309856707830 18671603332 474223121649 110451502109 235831901856 419888548150 388338901421 232963153489 205633479346 418821285798 92830874010 265496024264 504249788353 128770064289 389483199339 489248499092 152321784721 261341827166 528674209135 514592706010 140555476525 441147271052 319307215334 543946762770 129069707567 479346785695 350421731678 537545180407 304242249453]
[299050933516 340502637097 17706518518 497072914230 63919780851 226753228287 408070110448 150363876884 52186523974 24424374135 24062502334 43467202076 298282519655 292021130896 248768740611 305635059492 538614157962 342727801192 507555404478 487991545608 235578759656 66280884410 34207234885 209454592814 182938344422 369761200535 129658882370 482428448173 85007377553 394581356896 78021181067 266818853404 262022081658 197622508748 415183355722 228653006784 538357682160 355038291414 180854014800 482859917582]
[197895476142 408627147300 201519602402 82097231067 260205790018 473350380320 125339040708 463327941913 286270156432 545555543573 174572656236 78911343069 448728056003 234565102079 445159234386 433543645294 173546846668 318247524287 369079178970 239141557936 153153365104 487576502645 274667165624 223607427674 530984885741 52210032646 186668135622 318985329472 452223291838 508045543278 88963217321 171189842007 55012228296 35880570547 275395986663 175227978356 74782711092 229759975420 260276059600 19652083266]
[80396022801 388627319354 39402701562 86003666952 30862656554 121314962893 7830915311 94711610350 175328707821 120346371337 474769036711 541026891186 345759149208 472024729903 156932566495 191807260214 340843495561 80357130145 199382875386 205934292656 354217443760 121340857505 172090520065 322317881372 473109678265 331851605810 119389288571 48684040301 81051004007 365945758233 399099856076 348291816477 363158245099 287752137807 426206407399 56011825016 539871258011 204682481783 397345327236 187154514815]
[279988507261 407271581206 198498396111 96622516720 34773670585 493731104851 247467498635 204993435080 513742022865 440289813049 369594733998 23009814350 495338019448 49517581550 523843667098 66905105828 513491161890 273112208722 409795720776 424250791223 344672040054 467382509380 150307133606 363591826493 342797108798 411265303581 381467147405 268168974981 34188189470 113836105361 378081404056 393088430338 341166686780 301585325568 422813579166 177718551329 351254205557 372391551960 268331441668 537033032058]
[220351159666 216334686054 353607273924 273170540913 430466298285 475007517097 359897240361 246347606558 192763911079 446594205648 242045668316 271079631684 135213033337 403337728878 156395347251 541401729628 267892603254 323472885519 247612754841 257801181875 452032507866 526259635543 181550338881 385129971483 442707783617 492776719388 245783371752 60705745400 23850687872 529410396172 302089408246 31080048200 407258667006 250009487247 517979878491 126945023276 80966304869 138834993130 503418536145 232595036374]
[309897508852 403828133133 83579174331 35990232530 90993810702 85017481181 191695787537 450967937245 161532765280 220984391104 494834349435 28819069027 290407016620 431976312331 377616185873 158728319257 373233827712 102985004348 326038762705 291870326974 224111638890 109118126225 23777369325 417738844139 167819583741 52583008640 202014157765 262240549266 388748502004 249389697795 259568198708 499916504936 176577760076 198738569875 59917912992 497614419571 320530795056 186071851307 273945238118 395153499341]
[385409064068 15624789055 465750450531 210354587102 181450326901 404558822347 468133330975 205614034137 185892162470 78973329874 436835962174 183860367124 409005743711 10037815650 456477835952 153941824436 454085680783 510388850628 241508740989 435471022181 183506636720 28346113761 471148307162 279041036986 98590197675 68501188238 264463382953 177790366686 323515654014 65464324332 409692954045 381855712793 207645955081 413297084857 482956727138 66031619600 207550925471 171393579679 466264994616 429170060226]
[481704585530 117500244042 98551120891 410469823844 419319473021 525552555225 200774368466 80267675145 313103299379 347498992448 253980167568 287317632995 192995983626 412106686543 477489220321 203133426521 516535969187 392063404659 432697621403 183191900020 45453191255 20691774462 333412257379 340076645535 367940102692 28562157473 548942694472 516478382303 83770335792 289007201165 58747534585 222441626955 222582286738 364373129432 25380291090 199161823893 495596984214 220452310116 190139087656 56223359238]
[247357964405 384740220063 232083290315 295235256707 320830170765 90069424954 332937805934 314077520678 485394563537 53978052546 387861954565 544126995879 285829792779 380239978041 97976823040 329047738193 193167357692 427591978044 406936027445 80343806801 1846426297 87908069876 465093131581 403578154922 335525035672 347587261032 414712080627 454551298965 90189300495 522082961030 448480253362 236946765838 54941067119 146013009975 21075506793 2729735491 35564935029 241682905738 103134243439 75474808456]
[102725602569 251809861402 96748666629 18944057813 180351617439 181081204893 4068067133 8037543114 259443728663 219447768208 127337455125 334899906011 393455502559 491209456800 102641780346 23308520475 210478071948 358320469997 182416264333 184807821453 97974066952 93265195796 405611354491 404693419648 238806813411 296838262688 24146725952 478552814644 49591408523 404662862002 337548253312 54854551544 438603069867 208301600505 345448302599 22967058857 416341528144 380248253681 317107039566 258250762470]
[406926931086 472177176461 442969520399 21271301681 20770814327 177550017561 20915063044 6988397742 28738762749 330044233622 307751886785 312058210365 385583888922 27059678523 443692072220 131421225052 200528095253 317628114101 123674889930 398126474052 206341931120 196169605386 117844380903 215733876539 356148313583 151100596269 328093852299 201443374937 507101466741 519876640585 460837422845 87798131689 455945420361 225481997333 200196704475 424213323360 314756580444 213160961097 162513505225 545494251765]
[251025728452 50759145179 140895406687 298834564368 268920573558 143432468548 453652086557 237212092337 475350263107 364614485089 437092684964 119491539527 411194672914 40997421283 94375846588 54977584848 193259491667 256404432659 505157956358 519428904387 507134140119 52197310068 414988516153 486880377313 261428149058 255935972688 492103817689 281810406942 84125369487 86273476641 433677633669 276463342481 51546175685 141540166632 446381727240 156169231285 163611163758 85502334354 310723424146 174806331814]
[508989414766 365482572156 479576621056 548341826839 393007669698 244917568576 149751815787 289284767817 359999121917 339722835975 544221486880 15351277628 14772866643 427685805394 245726348504 181669563419 167968203115 211545652576 6041283823 547729807034 30145606205 138104422475 143889939359 155245559240 10981474064 528114927565 165519435070 18804322454 227488065002 401112443475 256340456807 44257752152 415535226178 222324575960 55831766353 396414612209 335475216770 48414788999 57937820143 27075809088]
[512245416166 239625626021 167087701687 135924460253 139096090422 178095839126 94096869355 269742922654 451111050386 164662908825 163087197974 339014421733 178684330039 388408777552 350741712644 353358036546 79735346702 126433134011 513299618051 146392145855 283831885907 171734994827 171610226510 86733041366 375157294740 506091966289 172160569299 234457209337 309143780936 353699036890 300502928789 129204169702 28284495461 195383634051 266903521687 62697329884 460744518694 102133880987 195257869118 304603745098]
[479999960936 39465806780 354868235899 485974613402 545591053676 215003554960 31669112104 351649125779 412070343699 207100517655 399932608176 99866535087 435468403964 449714402855 540611365285 242423746255 423287388913 479147974579 333373030466 99035554380 371524663202 346345482971 220510663366 504610433111 176164390546 144063457893 23154285509 146286604911 361823722157 254616631321 403736159888 188252163773 204795139069 132420685591 257207432846 515167200931 218078330482 209440581807 258023183057 296061625358]
[282802019640 490794165244 99724005557 213747708387 348968621345 254262957673 520891643571 548698711421 401458761058 148767346974 221617320323 409038175147 164963361468 484413878737 22912806064 60634763792 249184212826 436295069176 232073779364 215201716872 483880902678 538611534998 186375237986 425196751658 153720514279 171222851909 338216900701 90716124613 278961518465 133253474887 290509218871 205039113895 181362390389 247743035617 179037556295 395349779018 539088794357 35623470920 409426416296 164402504825]
[38617488562 543598570828 273628878035 252162278102 267574871805 388850714543 29862265789 408104741847 58923331332 326312170423 83923630134 204467120506 62402491281 507900404445 392044376057 300965618800 17753316592 15430365857 490544566272 158665655250 3771495680 430533957457 164880901398 490770295761 112243154668 544699128451 129083829748 368943032252 385318344269 426538953262 504342389021 204842660350 426301170997 213959424737 185857800340 240963200542 478221605393 123457777977 386896902911 368426588785]
[21233935884 226994377840 313806189218 263779777015 143583494097 218500264121 280553717011 313215563319 119117330672 523298097578 348851724454 538122364423 199944920861 444326294250 33645373317 137440570822 142457114507 128266795314 315164677620 168092532485 252188774523 270813146187 376547805203 12552619357 507527148007 247303736733 167416417299 484035552275 350522957499 343781049546 363427972894 245131537562 243839413730 207237067746 357280715912 47892900610 29694772729 171710670873 519967262211 542395990022]
[336343140443 64957504325 329948824877 287924173504 85117368182 154565096677 160784911541 270216506015 380556016573 82038275231 10467113468 68239129423 505302461690 112889291379 200859122378 416004975702 288397878904 283085217394 516186326032 400001839396 428452997228 369280382447 134064260239 306536732563 112678978332 136294208539 423918944558 500123406774 537646394760 301315524123 161864894979 14204168616 292634487624 438277460149 182649847196 131248080030 321834192569 269069162113 81292986818 491092005301]
]