============================================================
APM Result
============================================================
Matrix file       : kernel_33_58.txt
Matrix size       : 34 x 34
Prime (mod p)     : 8589937303
PM block size     : 2 (fixed)
Deviation level   : 3
Minor size tested : 5 x 5
------------------------------------------------------------
Timing
------------------------------------------------------------
Matrix total time : 95456.9941 ms  (95.456994 s)
Minors tested     : 811852800
Avg per minor     : 0.00011758 ms
------------------------------------------------------------
Zero Minors Found : 0
============================================================

Full matrix (34x34) mod 8589937303:
                0           1           2           3           4           5           6           7           8           9          10          11          12          13          14          15          16          17          18          19          20          21          22          23          24          25          26          27          28          29          30          31          32          33
      ----------- ----------- ----------- ----------- ----------- ----------- ----------- ----------- ----------- ----------- ----------- ----------- ----------- ----------- ----------- ----------- ----------- ----------- ----------- ----------- ----------- ----------- ----------- ----------- ----------- ----------- ----------- ----------- ----------- ----------- ----------- ----------- ----------- -----------
  0 |  -554197704    74636414  1792203508 -1526689687  2041014809  1026831649 -2122670823   691647086 -1462848110   714395632 -2108650939   779809522   498904297   345128652   813143788   810202643  1131334983  1079440723  1060415463  1214227664  -754546017  1375907341   781998318 -1397417167  1042703504   402861962 -2073920212  2138234069   230459073 -1575559184  1842746088   483274978 -2066653062 -2120466332
  1 |  1173005902  -539514166 -2029543712   862343948  1542446434  1726883940  1159929467  -811351460   746826836 -1221359433    23736824  -627444152  1871301311  -952682544  1148929515  1240881498   774211730   240912406    63121118  -716062635  1163388289   950909777 -2090614691   -88209766  1545972846  1788110071  1832245280   855326982   523806961   335826431 -1984651715  -406296041  1635100001    84314088
  2 |   410118089  1681075051  -791332068  1555486491 -1044321932 -1066113385   656244101  -246178446 -1225600490   929238544   -36455742  -329258645  1887816557 -1636689181  -858599394  1771066381  1605865984  -767069591   733622445  1711434519  1030889237 -1874567568  -301597304  1675244070  -856455417 -1876114885  1162222311  -701051586 -1446997235 -1161358060  -507552311  1613379095  1541974658   543212992
  3 |  1478532558  -673006931  1192118013 -1089654998  1552189933  1860762614  -907470094   141798992    57177060  -687823928  -993962747  -552728637 -1315646193   167783431 -2053302246  1026548403   443512081 -1886039926  1020199899  -673082587  1631724106    65350951 -1081879836  -809979675   -57968726 -1213922486  1841824751  -393108331 -1094451722  1505822277  2030070359 -2102712642  1142305740  -796987775
  4 |  1934164950   794358885 -1067039844  1241955573   580529346   925484984  1529486895   320412867 -1516367930  -981978365  -276595579  -467352602  -439053002 -1484045831  -550011491  1064750845  1650952084   159981831 -1138812924   632985430  1324034907  1715912518   163023439   830352239  -180025612   643401891   -52348984   439743270 -1173625845   718915484 -1028238512 -2010518884   877333210  -163246454
  5 |  2041374977   377167018  -631691088  2020819808 -1957796150 -1392974224   702603346   520764043  1638469429  1212388770  1851992679  1930440247   147230858  -913856289   312061123   600457322 -1677093709   523135567  1219866408 -1368674121   480926333   552110367   -38959992  1563821557   484405125   890055684   602470214 -1615739610  1900622029  1815290135 -1658424556  -808238555   609573076 -1396342218
  6 | -2033215714  2093138699 -1289850018   564959762  -944613947 -1574336184 -1903852046  -593925350  -848024672   855254140 -1106741642   739533402  1890053270 -1574542527   306770718  1492411874  1439558232 -2035925115   543067360  -378408171  -657047586  1501010274  1690126196  1579492152   336084720  1717615649  -272155728  1141912868   294628506   205475625  1769427018   349457462 -1211415731  -360942149
  7 |  -909922277  1869230049   214623746   789645882    58053129  -786958599 -1175644621   129045056  1117626657  -274910369  1352262866  1278277616  -226995096   464407198  1419305045   436119862   630443777  1726414484  -667962730  -770480535 -1884381149     4182869  1142522707   363592008 -1667964884  1675540667   889421230   380790360  -978322227  -381180938 -1655234380   -66047384 -2030795231 -1115748755
  8 |  1719394232   408758566   -69827887    -8354908   321275788  2113883139  -892901865  1787959535 -1057646097  -547226623  1022697793 -1755506303   537556111  2114599268 -1692529485   764997065  1557420498  1610036509 -1071624634   734468998   913994680  1396465459   575253795  -298421162  1301991043   233088530  -604320982 -1576515782  -805394333   783831750  2103708422  1579638554   295107294 -2121132102
  9 |   -13276151 -1488554250 -1767678907 -1562194877 -1300290437  -238170971  1698941441  -222080299   286637856 -1522830237  1699148566   678603463 -1064219737 -1906380077 -1369928913  1428300083  1315045436   517664700  1263693116 -1433380073   675300325   374316294     4437895  -929588347  1588384845   154060748  1246255077 -1100396527  1017791780   557945591  2041567274 -1275131914    10967553    -5774652
 10 | -1869353405  -588026491   -41320131  1094145688  -487673250   -37258245  1671672944 -1210531254  1068900446   378224993  1856221040   199398885  -773103363   101477807  1390851250  -284992854  -731338729   866930071  -343550893  -664524489  1825941223   520457009   972871509 -1220748306  1284336112 -1653175822 -1139729011 -1236930360 -1818583353  -188719181 -1549147598  -169308221    54133404  1691444681
 11 |   712641652   977671038 -1425576182 -1551671104 -1076697900  1902757125  -746097619 -1617769837   869697026  -970156327 -1772208649   373590646 -2109178238 -1003389140 -1185380882  1429617219  1325851728  -249785351 -1215481418    63636158  2072282302   595714021 -1326935116  -530414553  1490547279  -854256794  1359305635   995389582 -2093581175   456282210 -2112333209  2123806236   607856062 -1479077387
 12 |  1437025337  2028872134 -2083373953  -557907866  -746669837   463275526   310502239   714144351   268587124  1221301490  1395234618  2124858352  1387699911 -1522582121 -1246518012 -1932563096 -1252812641   -40543268   509672643  -416383248 -1392196571 -1836444960  -425178996 -1645198781  1012223215  -696452164  1906796152  1914701531 -1596175185  -324055080 -1867251090  -201915402 -1104290789  1658697532
 13 |  -434754486  -668703987  1676531456 -1779764964 -1095211177  1423570743  -320554807  -526474662  1250858577 -1595120312 -1068615806       73563 -1294087135  -665241223  1686224877  1590400158   -50167687   206363708  -207118156 -1630025397 -1006988748  1839344057 -1067480597 -1473871305  -796166502 -1932128606 -1230989024  -199588577 -2108371311   119217775   272559592  1480903146 -1906282397 -1610329810
 14 | -1330857490  1926837760 -1576606758   912463438 -1439994787   762890799 -1796932097  1073167131 -1696499972  -122820470  1810453098   510674322  -368656324  -397287984  1946925697    13562508   912313108 -1061183359  1595523582   255863733   143402612  -615564556  -219123418 -1750232078  1200256653  -145911446 -1447721357 -2010120184  1309366055  -890828042  -310669249  -747936500 -1503936437  -888783786
 15 |   218580103 -1834851745 -1442368141   157989392  -679109437  -905105163   568200563   336021243  -406034838  -975206335  -293204259 -1921879130  2028961247  1973172358  1208373963 -1337136792   179630214 -1340230883   205673115  1372535988  -353731600  1023183528   927901047 -1703286611  -604747369   601581720    14381091  1375938444  1564204069   977676302 -1796711489  -935961471  -797707683 -1520905062
 16 |  -105398975 -1763567982   635943622  2078609747   788184304 -1837172927 -1740552391  1558386282 -1967523978  -290349080 -1119937110  1551233046 -1698587641 -1184234771   246665458  1151884084  1382885110 -2041641364   928183541  1559230151  -210350959  1023075235  -181571792  -233058328  1606782329 -1602052234   -28285725  -384681287  -713364949   208873423   528317739   576234263 -1634939795 -1506679750
 17 |  1256865582  -103860833  -739836672  -600582618 -1890483848  1643523171   847125164  -700665761 -1823451382  1456559273  1165409334 -1196190582  1115699208  1128355416  2000093570   610691567  -965425532  -332396669   698433536   141295933  1224314614  -817872632  1130502786  1980049855   729623283  -778842521 -1099692051  -313857514  -579187582  1106449146  1530275702 -1691425498  1878810493  1423620635
 18 |   185022473 -1560259140  1626817225 -1166203872  1032656101  1771669752   147183328  -805828170  1831639606  -617790372  -254148966   841226753 -2033568937 -1957081927 -1937149215  -785376120 -1797328137  1808965207 -2140410673  1757248810  1107539106   868211124    -7904142  -835006222  1259645866  1543806977 -2008651306 -1999734244  1937102974  -387269298   231428054   339774131 -1291748513 -1535543383
 19 |   614094626  -119012660 -1995626687  1905237644  -841488934   279989747  -961520269 -1065710460  1350646063 -1840298203  1414432905    98994094 -1818121706 -1140372341 -1521684837 -2012832074 -2049407857   672113025 -1138539271  -561758654  1567616248   -53630243  -374605008 -2062358354   675059223   328781545  1683901635 -1807568331  -395191834  1956111153 -1686136029  1074388843   792150845   515212325
 20 |   675487931   962870727  1332108165   530284783  -378688259  1054529579 -1020889846    82516050  1944044346  -190340060  1382084144 -1534409667   339330155   -14024306  1350880262    87228537  -144427331 -1663214423   765603686   144873009    59832746  1232949805  1087325661 -1192715652  -721014524  1671338746  -761425522  1544671666 -1667371966   396375851 -1860564958  2082814253  1108032750   460649995
 21 | -1564983214  -455042162  1205494162  1828354100 -1984934409   168867396   893757898 -2109453169   -14864810  -935916764  1272886330 -1576482855   -53867482  1134221043  1827190436 -1090425728  1060216594  1267051839  -150902875  2131656724  1234919259 -1412636470  1388692033   504439468  1220495729  -488783487  -563616950  -528921780   322283342 -1220825090 -1235351546  -631018014  1211838378 -1330068408
 22 |  1084445248   481848240  1844963503 -1241710761  2136603820  -314027653   401398945  1693061101   987492111  -572164569 -1969616210 -1208622116   357642747  -120736856 -1176690651  1633979942  -595037150   936386959  -223405486  1408268115   808741001  -895187026   624065781 -1882165850  1092571966   152379154  -683304901  1641129934 -1624096419  1805736737   735865517 -1921377025 -1765139088 -2102077068
 23 |  -133024235   319578286  1818326352  1964762288  2104719330 -1612972086  -877852161  1678581892  1725517154 -1076641289  1234865350  -640616901   -22751370  -163494716   -76375705 -2147265589  -229574940  -758346391 -1508394935  1566824620 -1175291322  1584024020   954218037 -1108755579  -471326152  -178051508 -2136157130   337890482 -2063976787  -734999665  1575043873   444752021  -778089738 -2009238646
 24 |  1710717070   884487171 -2066898546   846323622  -941558097  1457377093  1242134179  1054757477   -73080629 -1659211191   866861578  -615650706  1346876976     2629126  1323337578   651669410  1433044561 -1732994457  -690987560  -606200786  -904194366  1519795999  1487513056  1438758468  1723676981 -1452209612   -91318986   308560500 -1090040611   -12610900   121856168   744792613  -777630514 -1385029320
 25 |  -664652233 -1733135962   122187627    37174803  2113127690  -189211087  1724481478  1294899075   467460527  -926290668 -1381633626   521225284 -1827759778  1553061111  1624525440   272437878 -1925689054   604070321   482413138   393069133  1643920330 -1367944881 -1563395290  -771992969  -626029161   693939614   324648922   807689966 -1663928299 -2146185231  -745960674  2107852593 -1786263082   339834893
 26 | -1490524371 -1415220186 -1521069093  1261395552  1596481794  -270407452  -673358583  -383033410 -1139493444  -614763766   803188732  1234599263  1751215051   778416446  1713134206   731472080  1024075354   668084421 -1478562018   965409159  1856240111  -579620463  -570740152  2069154023 -1489532755  -180553116   164102347 -1240491069   817869026   812010254   338485901  1830276668  -847399163  -973058966
 27 | -1211671783  -119003140  1085854103  -662765884  1601159388   142080312 -1866246543   459142914  -525232677  1645028380 -1492269886 -1501445906  1916740987  -201414701    31142501 -1779678049    74978099  1846593816 -1084701079  1581258112  -322148773  1838845856  1922188809   -63278063   837911723 -1755736519  1502775293  1318918808  1576014414  2103174709  -103461580  1516346979 -2139622498  1938714920
 28 |  1382618378  1123004515 -1851458306   122843515   652038825  1585709062 -1874520209 -1421147221 -1087430212   -56848699  -806506354   304910371 -1203463099  -364779938   895760482 -1197684816 -1993262322   123541342  1416642412   364611098 -1764746903 -1499655953 -1130667426  -872546503  1162995734    32653807  -788078705 -1131656876  -671107631  1351563705   605288272 -1519413989  1982029893 -1038265697
 29 |   977592510 -1117110685  1792358678 -1479181103  1177660386 -1901711096 -1554604134  1395727073 -1558521329   710946443   832760961  -602127180  -637155576  -624175764  1100240823 -1307349256   502209172  -633662542  -237000799    38567023 -1735474678  -201152248  -429180832 -1634788160   481981580   477921655  -462389531  1155450859   224857134  1704452244   912366957  1785093842   986861824  -154525506
 30 |  -952503594  1697337422  1691771563  -980111492  1639140341  -375799640  -224400192 -2009655709  -855020564   -64086694 -2038411698  1647952900  -969393180  2053780708  1532938505  -536058145  1402178408  1168169990  2133553624  1868754879 -1287435043  2010571691  1132960062   546039768  1477929682  1358066260  -567177562  1102882947  -860544324   775843226  1554825618  1950928552 -2138448618 -1318997776
 31 |   333864953 -1793543565   340517954 -1485975384  -650638758  1201794391   779903904  1542418412  -589696582 -1466404300  -241001383 -1264129042 -1330174048  -591469839   778445341  1181721482 -1258152720  1119674068 -1717433290   563143580  1915183217   276702583  -636399770   419683138 -1576995109 -1196078587 -1650471573  1650822824  1097998169  1173425216   733188083   876458020   195436969  1899658027
 32 | -1734680366  -763029516  1145241553   780007587  1792696750 -1387810379   254846317 -1793690871 -1316291698    99283243   919614132  1527670528  1002308862 -1714844248  2123750813   -51766728  -579769771 -1199394266   880696352  -573777785  -682314422   493182114 -1691554786  1514086847   569873891 -1753250389  1175492547 -1150291271  -695320960  -689539395  2085556043   579807889  -669278436  -122717900
 33 | -2002215298  -284361453  -342136390   818057025 -1915949230   886477568 -1450510736  1691710485 -1591353620   870205640  -966740725 -1212110114   237931696  1204022164   870670907 -1553557033  1019086276 -1717088396   191346177  -813461161   953826632  -371811537   502485044   714844739 -1259612839  1253547214 -1317061710  1991432899 -1204127741 -1150616467 -1055171132   608033020  1165814814  -695127717

No zero minor found at deviation level 3.
