============================================================
APM Result
============================================================
Matrix file       : kernel_33_86.txt
Matrix size       : 34 x 34
Prime (mod p)     : 8589937303
PM block size     : 2 (fixed)
Deviation level   : 3
Minor size tested : 5 x 5
------------------------------------------------------------
Timing
------------------------------------------------------------
Matrix total time : 30907.7119 ms  (30.907712 s)
Minors tested     : 266332160
Avg per minor     : 0.00011605 ms
------------------------------------------------------------
Zero Minors Found : 1
============================================================

Full matrix (34x34) mod 8589937303:
                0           1           2           3           4           5           6           7           8           9          10          11          12          13          14          15          16          17          18          19          20          21          22          23          24          25          26          27          28          29          30          31          32          33
      ----------- ----------- ----------- ----------- ----------- ----------- ----------- ----------- ----------- ----------- ----------- ----------- ----------- ----------- ----------- ----------- ----------- ----------- ----------- ----------- ----------- ----------- ----------- ----------- ----------- ----------- ----------- ----------- ----------- ----------- ----------- ----------- ----------- -----------
  0 | -1095676922   344202011  -401711303 -1571810185   363858569  -636644368  2004793874   494823692  1251737182  -267049552  -138308401  1970676749  -351708704   271813770   740312949 -1786088773   684168093 -1315135986  1659352338  1329166121  1378012170  -669140697  1910800523 -1730527844   464538107   797782823  2130918873  1982502321 -1749114331  1908864988  2117293165   454756068  1619674044   125490707
  1 |  2085849103   334253125 -1770197619  1233539367  -400906670 -1312692042 -1081569710 -1135758425  -384129234  1153952765  1656671508  1966384535  -283023624 -1646241618   764287092  1229035629  1238897975  2031965222 -1687142248  -516583126  1650537354   164165721 -1918703794    -6316935   945278628  -919860276  2058614905  -170736669 -1566604742  1030642373   850382586  -868049188  1021053792  -566257415
  2 |   139137159  -162675573 -1187878839   664032010 -1981429903  -236267718 -1336147318   437969628  -862699357  1006445477 -1141532553 -1102176590  1636037593 -1729170069 -2059172403  -181682908   973090161   938703821 -1602708757  1138857748 -1097120617  1901817541  1299540203  -607591156  1691495003  -522553702 -1329144713  1024050856  1410024794 -1756175989 -1359186752  1564607490  1640975105 -2063835496
  3 | -1341808231  -333293621  1478223636  1801297921  2101206564 -1851670228  1638023285 -1270527903  -856996847  1564749686   708087368  -658167717   689881154   914323723  -316613752  -954233568  -655705498   473161586   821391556    88578368  1791132482 -1774443663 -1978924710  1480539123 -2080666131  2082610199  1604107044 -2104430824  1961454635  -819358936  1710185426 -1383584226   996705367  -744079452
  4 |  1184548584  1734744385   553203179 -1181452202   956346239 -1085267494  2013983930  1018303536  1506382716    30937951  -135585299  1741959481 -1445672905  -979733891   997256375  2120712958 -1759470714   -94569344  1022084156  1401370714   536360978  1821120989  1542455774 -1989232135   703230045  1592177878 -2098996475  -216666239 -1544279819   794515388  -157758574  -855889586   390729280   242522430
  5 |  1855052848 -2041754638  -243160870   532205625   881809522  1968126441   699116605 -1413820682 -2088185601   813460728  1763392735 -2042699949 -1933052145 -1434476371 -1258076013   687601273   500563718   220155902 -1288747460 -1513513806 -1407896450  1102687794  1992089001 -1525237574    34405856  1172080439  -141760632  1946560210 -2124709275 -2132599666    82597653   -16940010  -845942282  -924838517
  6 |  1290208894   -47204251  1600465319  1738080655   661415243  1490064268 -1667150007  -140809348 -2078380386  -158532937    64144885  -925889191   840026394   562653208   872953297  1246685717  1598727395 -1749425440  -731241223  1722015646 -1178266284  1003128653  -520065038  1203530782   384267872   612576952  2139952359  -224136048 -1632987237   686594637  -519611161 -1895072978  1847108444  1645904803
  7 |   206715027 -2080349989 -1174430744   359299827  -718893554   124029616  -286256124 -1487523416  -255186959   730276286 -2054730141  -803153097  1187238360  1359518077  1102091728  1681720093  -602291306  1545681673  -159500411  -477604971  1071374946   720275677  -273110367  1223226923 -1904210093  1257541517  1020082010 -2024512405   772116788  1571961863  1319014072  1987310004  -277227854 -1717805896
  8 | -1663035110 -1050722751  1565254654  1159743824   956975556  -952910725   -32956746  1703170038  -995659790  1234188386  1446841141  1813110503  -352092430  -793783314   666217874   160977100  -644935951   239337398  -785556082   869108391   704846360  -880595815 -1952345293   198151572 -1481206409     2468518   413766330 -2099844859  1463493884  -456029349  1298680349 -1051561711  1871935068 -1073269818
  9 |  2009321068 -1830728964    27338373  1790064900  -947729596   -23746592  -677031999   -15618159 -1459855677 -1239064872 -1503572065  1213583233 -1400554612  1746422984  1544725648  1904977916  -247031864  1670258038   918517903  1313328117 -1364397686   283822386  -472535796 -1062483369  2042459353  1887979733   635900109 -1017528545  -225298183 -1895539825  -198130491  1039395063  1638904871  2062130964
 10 |  -608464437   878328709 -1812221572 -1239895715 -1967919684   570913119 -1287759859  -252998225  2024213130   420843658  1454227309  -644367146 -1519822235  2028752475  1525626832   124541711   992188060   513070899   327345783  2139211798 -1260655436  1364453010 -1337149520   -73659032 -1268933144   813604432  -945320240  -936792064   304552767   495363030 -2126166241  1813172974 -1034651285  1795295918
 11 |  1861212554    79876045  1236366898 -1903260721   692250880  -300656614 -1285836057  1442051884 -1112371671  1830401787 -2013903272  -510322960  -238154119 -1793599375  -662223359  1965706815   -34060095   375803908   210046331 -1113329220   -11702068 -1030802313 -1294479439  1417660110  -949188420  1153506016  1985829693 -2130654823   111468173   780279047 -2008106707 -1087911858 -2027162378  1222923658
 12 |  1638143272 -1678915936  -117920197  1422188662 -1820692579 -1840881451 -1840816960  1157621892  1255121973  2133056146  -104135152  1497731567  -766722784  -728887649  1287810942 -1633231391 -1911001799  1818927262 -1596603777 -1479239311 -2106756797 -1606072805  1973320629 -2000898924   141846357  -827903164  -261464259 -1477992188 -1320518193 -2025974046  -644997783   498049139  -278935625   567758772
 13 | -1971818581   120022489  -663586052  1350426380  2094193797  2072226009 -1023027705   640820001  -195945639  -198760149   826194716    -9664810  -887717990  1605484782  -286600448  -364255266 -1117972277  2135763447 -1712209198 -1803716991 -1148163570   785811302 -1918447085 -1987799946 -1407981466 -1852524861    92932345   635715416 -1718638304 -1323958011 -1526969893 -1940705753 -2144527726 -2089440584
 14 |   -49224831 -1083266871  1024683674 -1643941758 -1126515771 -1245511012  1323628139  -981568285   -56185094   457617605  -846724472   712261116  -644921162  -612794717   -34143143   872379847  -483428594   851628461  1335779289 -1297854322 -1010087257  1121978777   698657063 -1779688854 -1383835625  1661761793 -1016548350  -697050907   220944639   489827828   396804457 -2100396222  1595775677   304074000
 15 |  -456175690  -280240756 -1162818253   276647393   500064146  -941857265  1782587981  1482670017 -1190870496  2087502509 -1811093079 -1659150719  2005331340 -1343330684   936480900  -777922985  2058650004  1868068932 -1045330536  -592451265  1717050243   873425557  1058230602   496505643  -202382057 -1759621620  -769840806   -13867736   626734089   236065815 -1009358269  -837164400 -1272995170   524664474
 16 |  1053282919 -1471296839    -2060362  1697349007   984528345  -529505794   767336433  -247566241   101063003 -2034745613  1951079711  1813872995  -936971463   188562715   856652791   208626987 -1184381764   258601208  -468336501    11886434   300319242  1348793251 -1794180290   332840170   647764299   418530733    87279143  -555498330  -740027974  1763454413   770317453 -2136236521  1209006494   791619035
 17 |  1703812495 -1629255806 -1631330518  -372271721   579989917  -848008748   477530062   988642993  1138877416   150679733   859870325 -1568907735  2093444430  -494948377  1938651463  1000663471 -1656000366 -1726917355  1981302663   136643480 -1889441834  -284648017 -1619503446    58135547  1146101381   660425963 -1220402833   269040830  1174497035  -752773053 -1314050127  -150638951 -2023640516  1491077842
 18 |  1541395825  2142453104 -1918293693   747690442   542709506  1102214991  -829336809  1914460420  1445800002  1684947228  1931288002  -290485820 -1854086875  -349485615  2082665150 -1373281220 -1476024880   308309785  1988327644 -2080075303  2010645125  1788870489 -1423541221  -856837260  -801314178 -1392976785  2061961290 -1870122334  1733837261   214954881  1155070535 -1022810211  -464056888    -5772393
 19 |  1579161212   490155421  -956441107  1660205644  1854290503 -1916093734 -1160147621   484942348  -365254036   579086216 -1354911699  1730519426  1917058255  1974738164   953372310   889710341  -840316859   619825017 -1584064443  -221476854   686171950 -1717999514 -2009033604   351898439  -683530091  1039699390 -2035028950   525944880 -1343919036  -356415035   717270013 -1653977759   747614723  1061810191
 20 |  -894612940  -920426193  1160819391  -103253527   171208073  2085999245  -147320788   -89400027  1912246059   968307711  -733222532  -204534189   751534834 -1282724373  2097935332  -333246490  -483772618   -61728006   337463678 -1533805966  1331540246 -2036531514   192430904  1025933763  1124850728 -2101767827  1087683373  -165466631   860366376 -1676605292  -271351884  1437666865  -796884344 -1695378894
 21 | -1318254939  -624102584   -89612472   157833533  1158036439 -1500512886   387292981 -1698172266   343495716  1135246585   702803152  -435420508 -1914712488 -1763592935  2125427604  1482589129  -136690819  1910622236  -597008741  -277702539 -1791308136   601583729 -1390793941  -309473832 -1919101059 -1411022480 -1188706056  -217046468 -1020481792 -2072052664  -260165786   105711514  -561612995  2017970400
 22 |  1503825848   614180530   922835844   146599270  -705002218  1053084978  -377668026 -1375521089   608452310  -302818166  1358297498  -737146986 -1293516989   897035739   831191581 -1132594848 -1125721024  -654548000 -1196060196 -1135799622 -1728477085  -846867061   189298725 -1669586089  1933529311 -1472336196   665086299 -2124207170  -873813912  -443420480   535049017  1243610226  1032404260  -296178011
 23 |  -354945065   -36891047   747493871 -1463616316  1843159292   560739334  -970949948  -465012405  1300506840  1533098083 -1387012619   345469577  -191796137  -792299759  -739083518   381428930  1301364528  -259372840  -313065376  1091194014  2002847338 -1168675754   631660635   191704820 -1806913816  1526025247 -1523194633  -766399980  -434176356  1261579225  -632966090  1500354755  -769113528   894855320
 24 |  -175758378 -1928914286   -50565947  -338420672 -1889153538 -1640229997   919283758  2081729431  -207234293   562554456  1486747494   599527473  1497772023 -1092977266  -680936153    18780953  -898410026   229021817 -1565171011  1168644046  -668638851 -1060247465  1412777147 -1443368731   174090655   175137245  1423273084 -1261808394   824497389   495839680    77243392 -1539952919   745392190  1866197207
 25 |   499706996   -48989256  -111085827 -1038408923  1355895434  1730493361  1913648834  1908005327  1196829984  -976187955  -400540505   148656675   713128282 -1504480058   775902233  1116245683  -138721651  1807780394  -295734344  1418179399  -250129074  -511556564   192128386  1166540928 -2071921080 -1895841041 -1221213491  1344420744 -1473757009  -131750042   965783632 -1369116100   380883039 -1623896151
 26 |   855453909  -183616553   436859782  -806034547  1277039144   663907717   475870621  -507046990 -1213225764  2054793091  1799182953  -474542375   710749042  -599320684   -87528350 -1987734787   -80310709  -170019496   882666156  1773400036   664998782 -1926817294  1782993655  1089134075   -44448680  1268428307   405071438  -498226703 -1931484798 -1359674750  -642673467  1367653635 -2078117116 -1377890312
 27 | -1415228371 -1408999378  2048339756  1414910063  1912846740  1444500327  -280364949  -279010771  -204416050   180107320 -1988616523  -347350841  1021422842 -1916830965 -1481351654  -463341337  -832848960 -1907591041 -1819597873   262650591 -1271427333 -1363130118  1015451376 -2097484005  -227750712   967637334  -856555899  2098967686   -86358967   502544473 -1129770855  1451329235  -606470690   905528143
 28 | -2061606233  1581064971  2096756085    -9575060   115801741  -232772283  1308862234 -1132044435  1253294662   235128664  2011845741 -1338147317   786306088  1941128989  1367389982   -42670163  -155728742  -390071070  2058829102 -1251347590  -402665668 -1505088391  1268889470  -110269556  -377820129   797998550  -594894861    60201773 -1690684654   706820749   928959184   586873817 -1728969955   177465242
 29 | -1248293178  1535200714  -656327254  -991256241  1009193198  1961884790 -2071672337   916217915  -703111515  1458187588   565172622 -1635058688  1789553045  -351244971  1303954602 -2019601976   788514079  -709537430   625782268  -471869294  1150040609   434260724   620400299  1288788113 -1179926662   462407213  -823196332  -236894782  -108933186  2130847228  -910798841 -1643603091 -1319348470 -1946554776
 30 |   199995522 -1182331714   938711152  -590214002   341528325   433403229   512443758  -278304675  -707505486 -1200068654  1618778788  -142061901  -504059107  1321459827 -1799017512  -903093879  -221169441  -854761101   926833512  -569443558  1153323006   406985660  1198208591  1521541878 -1902001413  1162746393 -1408313919   889607418   217739409  1411194870  1395209654  -567596746  1539230186  1615127480
 31 |   705704824  1559919715 -1331845539   982131582  2138933405    20163854 -1953989217 -1043621842  -381589441  1289732221  -528563278 -1309116011   298975206  -481002944   706415361  -591426425  -997026620 -1361072516 -2110985293  -623811142 -1922796888 -1236940322  -926732688  -498170580   151573807  1378714596  1001633460   390387191  -206030633 -2033156634 -2019308429 -2100020197  1482082523 -1662501789
 32 |  -962140193  -413381843 -1261112647  1790560640  1910384588  -557450137   420982587  1697004356  1471325720  2091932519  1904400768   908576790 -1658109017  -223787611  -966075199  -271569737  -117338171   929954112   577385421  -192620269  -888998685  2044828283  -138700387   141093072  -910316187  -809266859  1341651266 -1601156269  -688135824  -507229618 -1704901274 -1162469722  1281298534  1150954838
 33 | -1059068959    79842454 -1773354706   735693481   910172678  -168451860   311451332   495545852    47429316  1615952084  1967277252  1875966933  1639502651  1203253311  1334900264   954635463 -1357175221  -743361830   423227296 -1721682706   297592990 -2090741527  1542161278  1677173219 -1255621002 -1718233572 -1412700855   715109880   120346581  1442159340 -2011605786 -1431937476  2073621101 -1570725603

--- Zero Minor #1 ---
  Minor size (k)   : 5
  Deviation        : 3
  Principal block s: 10  (indices {10, 11})
  Row indices [5]  : 10 11 15 20 33
  Col indices [5]  : 7 10 11 25 32
  Time found       : 30900.5020 ms  (since matrix start)
  Minors tested    : 266332160  (tested before finding this zero)

  Principal 2x2 block (s=10, rows/cols {10,11}):
    [  1454227309   -644367146 ]
    [ -2013903272   -510322960 ]

  Extracted 5x5 submatrix  (det mod p = 0):
                  7           10*          11*          25           32 
        ------------ ------------ ------------ ------------ ------------
   10* |  -252998225 [ 1454227309][ -644367146]   813604432  -1034651285 
   11* |  1442051884 [-2013903272][ -510322960]  1153506016  -2027162378 
   15  |  1482670017  -1811093079  -1659150719  -1759621620  -1272995170 
   20  |   -89400027   -733222532   -204534189  -2101767827   -796884344 
   33  |   495545852   1967277252   1875966933  -1718233572   2073621101 

