============================================================
APM Result
============================================================
Matrix file       : kernel_33_97.txt
Matrix size       : 34 x 34
Prime (mod p)     : 8589937303
PM block size     : 2 (fixed)
Deviation level   : 3
Minor size tested : 5 x 5
------------------------------------------------------------
Timing
------------------------------------------------------------
Matrix total time : 94901.2471 ms  (94.901247 s)
Minors tested     : 811852800
Avg per minor     : 0.00011689 ms
------------------------------------------------------------
Zero Minors Found : 0
============================================================

Full matrix (34x34) mod 8589937303:
                0           1           2           3           4           5           6           7           8           9          10          11          12          13          14          15          16          17          18          19          20          21          22          23          24          25          26          27          28          29          30          31          32          33
      ----------- ----------- ----------- ----------- ----------- ----------- ----------- ----------- ----------- ----------- ----------- ----------- ----------- ----------- ----------- ----------- ----------- ----------- ----------- ----------- ----------- ----------- ----------- ----------- ----------- ----------- ----------- ----------- ----------- ----------- ----------- ----------- ----------- -----------
  0 |   549990621 -1337265066  -563114229  1702618266  -599706719 -1729273925 -1446336174   680236287 -2107562590 -1789140244 -1380473225  1168876197  -376804619   966004510 -2041201895 -1854217317  1194146979 -1756181362  1503325467 -1035261101  -745917396   818968606 -1997263178 -1102514158 -1817325371 -1675302874  1604883880   -32900522  1333779732  1773990051  1839467305  -666075411  2131389576  -979754947
  1 |   598076136  1952971564   653961435 -1185472321   767040882   643873998   379230927 -1370894218  1015073938  2006964755  -677401233  1391747617  -610592747  -427728110 -1263350377   110338123   762588627 -1151450200  -891536741  1816303451  -752667646  -273396607   235743861 -2101730292 -1984600921  -652394023 -1255268852  1187208902   921222110  2028454380  1532149746 -1454829252 -1172691200  1161179310
  2 |  1269057452 -1052289092  1979917643   951708625 -2115109656 -2094600484   688965294   786576513   185304087 -1739669444 -1288818695  1773759941 -1230722678  1337152811 -1749723107  -389901502  -824350161  -677071922 -2135681865    -9734490   -98902495 -1076801361  1744767326 -1240333627  1207707365  1460300664   639417598  1624937183    85851746  -304154442  1709906970 -1211965256  1056940727 -1990581222
  3 |  1496201534   750110432   229336142  1595451571 -1515943548 -1947023353  -713472663   288494811  1111717893  1942805786 -1349857668  1541530086   432343789  1315642299 -1352830060 -1371829861 -1521299113 -1968957208 -2138886243  1751831423   682698259 -1352010716   964557483  -960440332   783084397 -1849423106  -524245651  -167591560    92564734  1946585763 -2132422377 -1736576076 -1570449116  -826448201
  4 |  1144743265   -67837713  1907029790 -2022436904   792480458  1097710709   778691446  1569988522  1990023050  1974538556 -1602782323   186248963  1773687197   -70789408  2052594524   629092565   178838334  2078766343  -757426146 -1598811091   864261779  1732813752  1083949364   859852906   117875816   -28552052 -1516678125 -2027161193 -1113229986  -441250803   956887416  1200515601   130292733  -298868340
  5 | -1385780451  -771401669  -451288798  -136969414  1467713302  1625681173   113952643 -1610477173   849377825   843267129   767471882  1706479376  -435380280 -1099069479   803615998  -701519162 -1159053135 -1766661138  1056906049  -461737716  -884395112  1028537942  2039052999 -1259396865   474257616 -1551774974 -1069595039  1099737600 -1702574666 -1956048442 -1421466944  1296109777  -153958049  -284075762
  6 | -1047109899   -88151578   391983687   750737127  -640106651 -1958446021 -1315445090 -2035314550   917470433   515964951  -325471942  -358282097  1542860353  1110596185  1699956413  1911260486 -1816226059 -1389557375  1033871058  1298079225  1869316002  -840848587 -1310356376 -1852268686 -1640060726  -693970572  -258425946  1780144421  -442815179  -994583716   198395087  -994438986 -1985084425 -1011267370
  7 |  2073790937 -1377952151   693822617  1297705566  1901076090 -2101671195  -170476683 -1613198017  1506414372 -1810865618 -1255666087  1359494997 -1274701844 -1578391074  -449241422  1950969228  1277642176   515059462   -46451777   147573475  1630028106 -1084454979  -302472306  -281653423 -2038922268  1718485985  -368576856 -1164468154 -1733937424   479722567   846734937   904340844  2088282211 -1202072871
  8 |   131088274  1621869172 -1969920052   312864798 -1211069929  1406453091 -1836669393  -733350406 -1940477238  -801917881   897097794  1703914308  1910637048  -812727631 -1806828657  -904176544   208465777   782145858  1285736567  -234874198 -2120026749  1430684258 -1112040541 -1709511903  2134066927  -789021757 -1255414328  -357401197   322772819  -693609375 -1940763925  -912442070   172838406 -1840968412
  9 | -1052207154   887276899  1586202732  -477665393  1245877955  -759187853 -2069389148  1354914757  2064061004   817406133  -140649615 -1688092896 -1513481840  -824511693 -1465020014    -1434766   -14983594  -840383044 -1521342181    43491237  -383594621 -1260512990  -417579903   877215167 -1287478762 -1858917968 -1408829910     1247628   509002387   180006809  -799777491  -871088464  1092570706 -1676459755
 10 |  -625619637  1341083683  -159182291   874916464  2094850412  1213957975   658786716  2036838544  2141090380  1894142138  1147331620   104139998   719727574   661439453  2021389438  -749502887  -516503474 -1779460702   175801974  1407658654 -1599180827   149599620  -650548063  1054130561  2141254237   533176131  2078235582  -939558131 -1856335770    25703030  2082198780   -59049686   -86079716   896756119
 11 |   157398725  -673653799  1046222472 -1807200845 -1306662642 -1073752364  -962327139 -2035011011 -1169772277    80949120 -1135090019  1688018225  -266349069   511018623  -208886247  1096756795 -1610494660  1055426679   984661806 -2116109482  -860540864   478904231   891288087  -495769964 -2106672289 -1831544312 -1814248547  1133517828  -889730015   164323243   730931524  -982704858   500164633   110679810
 12 | -1745829220 -1915706272 -1017327763   354494611 -1374550263   733005108 -1458121543  -443658771   977623402  1829418858   511000998  -955810336 -1324847069 -1393787114   901558055   146357278 -1917532004  -965146174 -1877474805  1232908098  1265927743 -1442907739 -1596771369 -1022557136  1160847857  -978990515 -1982263052  -569536051 -1275575320  -671711173  -769072912 -1475870740  -836719641 -1262296933
 13 |  -180348465 -1376224970   261433542    76574352  1158975909 -1120238476  -155119308  1205875624  -370168713  2136712121    81578893  -963503127   738487324 -1792844263  -981642422 -1393138659  -430636682  -954915483 -1796779376  1436809654  -504641899   559136344  -728247364  -439556849 -1305013528 -1379482836   160719661 -1607389334 -1849173127  1524847237  2048706854  1765640342 -1384174380  1520903194
 14 |   346467956 -2044276898 -1284136807 -1642771863  1146810410   370714135   777103143 -1957204292  1282684392  -903602170   538659053 -2028312771 -1301156211  1200027842 -1728775155  -184395515  1652832089   820996773  2103017174   594639692  1053439654 -1553903524  1758287255 -1290868740  -480239190 -1860098457   167922973  1082820293  1128552274 -1132098190 -1130552784  -234506860  -676314601  -734855385
 15 | -1878003774 -1619175921  -438093246 -1174252564  1071207620  -873069705 -1233816174 -1498536545  -724029741  1028036155   387574464  2019305784 -1614625779   647760811  2063309424 -1933324665   968385368 -1288345033 -1268027787  -429633816  1976972230   838138357 -1721041247  1634420273  1918364653     3315153  1705708886 -1813649758 -1014328336  -489306304  -887842450  1522679503   294978781  1665799897
 16 |   481835301   688895417 -1633668490  1558926955  1796179368 -1874820238    41489952 -1550701234  1171961126   260606118   446032885  1523796535  -794419174  1913809463  -958050274   449365702   -47500372  -952321225  1938407209   722316834  1764428649  1175347166  1220815851  -415749370  1708932958  -512398328 -1339526574 -1100924524   370221934  -669041222   312628498   493701947 -1240630490  1964449367
 17 |  -200984934 -1282179610 -1431083349  1435147018  1215532355 -1482029678  -700276697 -1257664304   305034197  1262638687 -1031303906 -1084413328   379694731  -266351710    78909974  -457583268    23724685 -1625288207   387854546 -1838030038   182192492 -1883561094 -1821416117 -1648441007 -1358976067    -3218050  -140713541   657220544  -814243590  2107275897   843887829  1546711384 -1629401147   800272339
 18 |   748882539  1303085620  1151411152 -1548382229 -1048237274 -1013570337  -436749822  -828957965 -1272635184 -2063043134  1417349984    26987767  -445421525   398651476   508604954   952757042 -1101073588  -231521576 -2033959819   392885194 -1984452096  1428999597  1600767612 -1654612840  2143498590  1844505594 -2078672656 -1282813027 -1923580909  1084806319 -1852981883  1873043442   -89650369  1025579466
 19 |   731706801  -970244863   917787378  1492981346 -1109093499  2112906633 -2096903142  1086938481   689667111   757740971  -442849271  -278355524  1043119518  -574121883 -1098733499 -1920579978 -1133790252   928919888 -1758783485 -1209805731   659681164 -1534220572 -1995378278 -1817683733  -599868092  1736385950   792989881  1201588369   463076959  -491005543  -113055784 -2040283605  1271342415  1776485629
 20 | -1385139673  1679751194 -1425738880   447748073 -1735256487 -1728292236  1680379941 -1053161532  -849584526   109797751  1426554961  -113713369  -803701743  -110832094 -1542479904 -1726113214  1588676761   464175957 -1058154119 -2041539669  -201198235 -1980693793  1990539552  -771127786  1242482438 -1707766952 -2037966459 -1512271713  1920368564   182199217  -639461929  -912671130 -1396258385 -1588684086
 21 |   657331650   156705366  2099399373   122146835 -1573148439   308367780  -627893646   162471756    85442751  -650201418 -1877543776  1960489037  -752848935  -243532741  1069881296 -1957976361 -1989357372 -1855392270  2144423972 -2016996011  -762335933  1582179576  -443761857 -1491734159   275434139  1903379785 -1297798672 -1703463974 -1586656339  2020640667  -731381778 -1135638727   -23811464 -1659833245
 22 | -1746908486  1206303025 -2054593752  -534584158   626496414 -1926990203    27303068  2096331650  1961313228   525612567   866878120   539775154  -900846580  1509386702 -1259378958   627335260  -520521411 -1513955221 -1653087230  -689806779  1078922835 -1898466891   919050555  -865512177   915532240 -2029361726 -1242601908  1857907493 -1002242711  -182567395  1207646276  -237717569  1935705178  2014500655
 23 |  -380752311 -1597535641 -1162619929   -15798059   569132662  2072474899  1746682654  1513721259 -1691683125   160733015  -696268976   288098536 -1032904199  1475081215  1861510672 -1548728749 -1525016523  -751557151   887064147  -266211118   302704102  -999737171 -2046194730  1325000811  -758979753  1593659598  -867156323  1580183562   -59941722 -1896741502  1652908075  1712107466 -1678100771  -280441889
 24 |  1409779016   563682053 -1396241340 -1592323029   347445620   612701416 -1174367150 -2080538186  -195792176   940646393   998475895  1963069143    36415610  -886937758  1686587987  1911356835  1194754265 -1540726039  1786960665  -839679354   910052216 -1681855118 -1177343752  1888518567    -9444358 -1330570540 -2057407433 -1830552423  2142702233   592137528   883705614 -1183664617  -386788937  -380929061
 25 |  1955297820 -1307900831  -314326345    62055044  -933466868  1486360395  -679580567   610968603 -1949682139    32575720 -1925890277  -207023081 -1488147439   841718285 -1759114101 -1672576045   988420781 -1947475557 -1364002564  1882960044 -1298667695  1457679100  1950299004  -700975255   857292412 -1440301058 -1027932094  -264908859  -960340059  1265714969  1738953530  1132694814 -2136975800  2056744433
 26 |  -274707871 -2034456639  1972241765  1809412898  1895194145    19997777  -991657852  -590154086  1985125118    65516100  1885403384  2073060228   783462797  1176829752 -1960578004 -2019588278  -344424963  1954227761  2002486810    66067477  -868835458  -549276152  -781074944   737243665   728107834   666113145   455033221  1873301276  1528285115   717243064 -1591341409 -2088477188   138544961   558929293
 27 |  -909707333  1547810765   265615005  -152972226 -1933234853  1140550548 -1478458448 -1554262474   516532976  1674262411  1603241605  1445661514   101351173 -1391706190 -1392946970   288469138 -1887399679   842985228 -1482843090 -1954392987 -1725210577  -213848895 -1680731605  2051076255 -1637896995   640223621    27411634 -1364406753 -2050253749 -1454581409   -34918951   573880102   541386558  1313292622
 28 |  1774020080  1293852804  -843234200   148948200   152079371 -1860721458   978159249 -1208538103  -409807953  1196699424   205909750  -831160573 -1972355619  1694776157  -249873893  1331083036  2000697170  -607499855  1510012709 -1359606410   478113214 -2125408290   358942394 -1405893322 -2115874538 -1488736470  1758000608 -1967352780  1147503423 -1526918918   366179171   184051883  -634408361  1059943038
 29 | -2113375139  1032765430 -1307624339  1840231811  -819972977  1845948438   956451719  1541220652   119233621    40474428   975182435    47146514  -325515103  1290354244   715722667  1747962668  1776598888   104131050   601901790  1635040459 -1096856362  1140348311 -1218873649 -1539446488 -1792079196 -1327888863 -1569266436  -990997931   126102743   857720508   371161560 -1523223720  -767962074  1312964270
 30 |   394713158  -598031930  1776700211   396010039 -1895850388 -2042377724 -1622937420  -362574155  -194331916   -14390920   444484197  -517274244 -1521386361   -83894856  1117438884 -1788745364  1810869750   738368489   772912241   810625451  1896559752  1544686701  -941700350 -1178936946 -1810888087 -1443828789  -506798153   259200723  -148389619 -1953322569  -170579302  1043247793  1296651575   113327824
 31 |  2064424712  1651653979  1314436156  1318770457  1386687663  1850031902    -2164010   222749408  -162198431  -494646707  1693384620  -953506778    54913857 -1093624586   192868481  2123056153   402981760  -837888859  -540135113  1736157531  1938021982    29808546  -312357034   825085771   348238467  1158226805 -1418649415  1671650127  1707627767 -1134529844 -1882791603   636358677  1238032341   414136251
 32 |  -231888993  -740623332  1933742503  1549312610  1118840894  1367780700  -437572244 -1149993225   885677450   705914275  1116135631   439448990  2017858664  1532572643   200073673   659440893   434108550 -2104552229   425612619  -407830068 -1774746047   954801577  1528121181   624640917  -243973412   574921993  1943427946   954334146   616063978 -1868177340  1267118291   347706365 -1153183399  -553854004
 33 |  1238493718  -834175919   581023893  1143636338  2012447116   816376643  1673521112  1620392704  -989343983 -2055323721   877267219   192789004  -463638505   -94173710  -873885523 -1425818833   -71828029 -1472116225  -167657549 -1419768411   675992098   661438548    57209692   915546043 -1967220688  1558523816 -1425378992  1485120502  1496088345  1446674604  1999642759   100353875   -14402578  1782465020

No zero minor found at deviation level 3.
