============================================================
APM Result
============================================================
Matrix file       : kernel_33_4.txt
Matrix size       : 34 x 34
Prime (mod p)     : 8589937303
PM block size     : 2 (fixed)
Deviation level   : 3
Minor size tested : 5 x 5
------------------------------------------------------------
Timing
------------------------------------------------------------
Matrix total time : 95547.2949 ms  (95.547295 s)
Minors tested     : 811852800
Avg per minor     : 0.00011769 ms
------------------------------------------------------------
Zero Minors Found : 0
============================================================

Full matrix (34x34) mod 8589937303:
                0           1           2           3           4           5           6           7           8           9          10          11          12          13          14          15          16          17          18          19          20          21          22          23          24          25          26          27          28          29          30          31          32          33
      ----------- ----------- ----------- ----------- ----------- ----------- ----------- ----------- ----------- ----------- ----------- ----------- ----------- ----------- ----------- ----------- ----------- ----------- ----------- ----------- ----------- ----------- ----------- ----------- ----------- ----------- ----------- ----------- ----------- ----------- ----------- ----------- ----------- -----------
  0 | -1160679419   724777820  -481173445 -2116190521   924229872 -1378447632 -1267122944  -439031524   546087289   200446533  -488899140   843859925   129772362  -262712399  -982863489  1409958109 -1235373049   500021911   471923334 -2090276949 -1422550574  -677197512 -1764835306  -953438893 -1145569661 -1580242065 -1549880275  1502172068  -511154903  1172449349 -1518794655 -2114280691  -379803528    51963983
  1 |   232187758   810306432  -385285732  -359114129   -97719785  1281892920   936728716  1420836577   829216255  1945262648   390279192 -1526990653   267785467   741746444   178869977  -627820068  1943980946 -2079725185 -1140358578   719202244  -188666744  1509334259   565130136  1818449972 -1868789156  1775457846  -842087193  1724356519  -806510658  -193486280  -666944042 -1349400884  1593749602 -1864733578
  2 |   247428623 -1828353931   961123049  1085552636    54816952   221272534  -823941119     -953439  1469000237  -277134184   803931003  -999525860  1532680933   624802842   216045777  -948674310 -1865947495  -497795767  1724603971   497781714 -1291085457 -1498313582   -84677771  -238730839   376032982   798183540   496832360  -401746840 -1617505907 -1198986641  -772366640   631916515   -38107521  -645399895
  3 |  1735687414 -1491969629     -239058   282827709 -1021562692 -1239109979 -1068016688   726707020  -263792842  -673043657  -346815962   257509571  -967832154  1480152234  -581686576  1442573213  -347947760   511589166  -910846249  -668224398  1277804472  1709392600     8912601  1314264150  -283488940  1261844033   146118539 -1783196670  -104259099   714553595 -2071843716  1994163774   605047100   761351822
  4 |  1983754858  -870975518  -978717918 -1516709203  1165339983   192620861 -1023511090 -2092085467  -983153552  1938972347  1654234100 -1047608546   359027945  -711301598   -80156619 -1884702220  1766121159 -1919100031  -916000853   537413305 -1751290623 -1319683642  -496079507 -1834784798  1407492291   -87759154  -378399393   781323968   903581919  -429512400 -1003786708 -1580553806 -1125297937   694599676
  5 |  -185244166   826142939   465857160 -1655495681   535130801 -1019624421 -1804381726 -1731103359 -2074163511   748219715  1920719882  -653895806  1001364521  1631300443   -83633072 -1107471346  1697123965  1808788410 -1319434456 -1048158763  -890623477  1112428999  -498070295  1682987327 -1218222932  -746751800 -1315273310 -2090288829  1486444684  -675221724    -5927894  1663024165 -1980984412  -951052872
  6 | -2007264154    -7380676   603987651   724932389   759425541 -1895881569  -282302292  -151101472  1054574326   414809459  -699661867 -1460987036  -306599089  1879530725  1846909071  -516638143   734330599   242827341  -313486292  1571795931  1559779847  1735724442  1360200223  1687430768   825905022  -465379580 -1419971844   615270112   629338329   -32344936   685069551   684377541  1211006601  -333456075
  7 | -1727116549   745715277  -641600434  2000098791 -1951124131 -1381964741   308667846 -2098652408  1416412295   186839775 -1489518758   910093710 -1201307211  -459038194 -1134497123   192747501   902983088   297587008  -835999333  -579891956  1645985989   -88093157   812995599  1960269885  -381772809  1521130846   631402057  -967190937  -969669625   965169480   204809087 -1700784739  -587972049 -1478300734
  8 |   209124495 -1510486281   940147928   357380240 -1272441523  2114965829  2070942058 -1315718268   617773439      828711 -1147360731  1441067839 -1038692495  -752322021  -730856143   185051106  1578979936 -1614190904    55404860   -32896315  -153591776  1681368261   162610224  1867432337  -835786696 -2130176698  1937208830   550800918   164644158  1785412089 -1727174019  1735470631   900283723  -335403537
  9 |  -606217113 -1235427383 -2139517484 -1112157926  1492937757 -1269178273  -928603274 -1557393534 -1148187728 -1141133815  2000939205 -1311921431 -1163802906  1540736279   589649054   944498392 -1489608772  1942644712 -1490756817 -1162674168  1838713133  1888350956   791036319   537683359   263060182  1670244846    88834739   192800414 -1377225835 -1014045293  1464398918   900019562  1262038718   502060906
 10 | -1286716985  1481660220 -1696646515 -1586426903  -896142654  1392388603 -1634917631   448332789  2089046138  -746052732   167980291 -1831655171   382792657 -1096827261 -1087984361 -1303731647 -1485724296  -360092484  -778583371  1845031523  2068774098   309463300   231838382 -1203236440  1309340281 -1910514425   539831343   396117263   592997892 -1895310651  -214059206  -370802376   947208013 -2054741519
 11 | -1647364432  -602842794   160078611 -1154698449   261236621 -1087759655  2011612639  -418310684   438836597 -1070724533 -1584901030  -347184046  1501927310 -1962765409   961484393   654921371   612367816   527091340  1536691587  1861178566  -356621013  1451321134 -2013639136 -1672900450 -2081949296  -561892874   469358200  1536670904 -1260093645  -933270391 -1745431503  1583694767   506256411 -2021682383
 12 |   -21258338  1741906899  -194900363 -1283123507 -1452312840   864839220 -1672117724 -1177789877  1432338382  -534543915  1502466940  1841241167 -1170189123  1208804495   866270731 -1141404170  -996329362  1403019793 -1947171398 -1106376000    85607437   878756844   766234946  2082173889 -1216248565  2020004097   753448066  -248928652   140300988 -1789828250  1254274797   437041492   946871172 -2131107450
 13 | -1818205361  -817404633 -1120396267  -979420411   480213870  -142451856  -247884073   508572865 -1624556787  1344066903  1575961628  1616553058  1654200795  1194071580  1456322016  -627814827 -1841872954 -1095996260  1794250702   316201516  1369233468  -795701749 -1624186958  1644132365  1293531694   225141673 -1588444099 -1168264362 -1227458474    46372823 -1238436917   694917584 -2036074590   134841831
 14 |   364315749 -1265311259  2144677318 -1321962935 -2005307981 -1621562182  -934968059 -1231667292  -933109677 -1763198997  -499851803  -986887431 -1541295717  -678632637 -1693264350  1196209117   894850034  1431880653 -1503858943 -1604494890   181043090 -1734910845   355071105  -244808618  -938984687 -1045882511 -1861622403 -1600794486   191184528 -1611710672   522940886  -842570974   -74985035  -990958808
 15 |  2124755685 -1440129197  -306233553 -1861936405  -436169035  -946621326 -1142180806  1671792582   881358793   769048133  1933506622  -401783454 -1556624973  -595452280  -630504718   439723897   930223427  1483365880 -1990610660  1214655501  1610080602 -2124185595 -1412586136  1907900857 -2051962767 -2000821906  1458340519 -1729879011  1711839726  1222929228 -1335164691   553928862 -1312850984  1058786826
 16 |   953220182  1335451645   333840691  1268300999 -1253915923 -1184900601   180686144  -127680969  1137415210  1947125033  -560004866   434216814   480208355  1166763664   637507226  1143468589 -1459448633   489839564  1814758643   -68123894  -110123400 -2147408832 -2121081059   671555377   986685741 -1790373385  1138675269 -1381462731 -1645736614 -1205117441  1510415596  -726444111  1099651461  -510431150
 17 | -1031192569   636052513 -1690613236    86081782   783845788     4570225 -1423329528 -1645044112  -838703147   439946516  2048410356  -307902588  -111758186 -2048083209  -638400521 -1329606122  -673320742 -1508411024 -1069946013 -1698816666  1561289978  -697258266 -1205585811 -1548084352   300610617  -705953732  1961959155  -351702718   826508850 -1838676484  1611217274   442769244  -105842396  -163078169
 18 |   336285792  2011545045  1048824103 -1984842930  1811205765  1499588931   216076321  -429247779    53658636 -1939397312 -1249300017 -1118082497  2065023593   296373050  -660816903  -319113019    30185756 -1318595254  -115496025  -298860155 -1347473953 -1400760152   896970040 -1461405462 -1956637514   632478570  1505996376  -503927761   219565646 -1013961231  -256884682 -1363781205   -68157840  1318978035
 19 | -1263448512   679693778  1462614795 -1274241886  1883053179    -6157345 -1760388348  1590753323  1396152415 -1220967416 -1536767119  1572341055 -1874932459  -592345576  -301885012 -1636644719  -736127493   747237255  1924661801  -284359989  1368365942   534322723  -842191102  1251381613   124422558  -623046639   593955443  1451209132 -1355742389 -1653950419  -411031491    73943554  -522369024 -1758127158
 20 |    91627019 -1741506741  -774603630  2040076036  1199765717  -922036455  -117105234   465286975  -876611196  -191608856   850218470  1621270101 -1477210390  1229300491   311638636  1715646539  1226219398 -1466445885  1200393741  1238524143  2020348560 -1183691593  1446055551  -223236465 -1225955080 -1186635274  1357084688 -1500394598   214499793   138278081   620027491  1099836935 -1888888507  1436705260
 21 |  -980379443 -1679236465  1416129294  -352892585  1336206688  1214967010  -369715398  -220652523  1581943404 -1276435003  -809400031  2015213147   328284686   989067353   912335160  -714052081   583607634 -1196617984 -1649653151  -527771241  1244057826   958221536   -59483080    35735987   360723580 -1760845237  1389172652  -663125048 -1861828688  -650449064  -788819031 -1470113750 -1714368486   412999653
 22 |   662058833  1769425496   173479465  1797931763  1217704044 -1980802299 -1152177820  1603407366 -1633765745  1803394586   727964392  1303459551 -1568736176   164172031  1910835039 -1550048548 -1557620648  1579882495   375034047   -87977655  1120493986  1755805603 -1532854782  1931600250  1874133262 -1462534072  1992935236 -2111615054 -1440928095  -237412266   437192288   331735567  1374781268  -865256848
 23 |  -832802850  1625108490  2027440449   -50311474  1613456378    81830336  2078169074 -1100793415  1005164617  1510279118  1481666258  -442880087   -25382074  -632407765  1282609150   473406976  2005717771  -484787341  -928513021  1520517657  1839736267  2145041328   -15695731  -619116407  -670893054   469858226   -49904403  -103295698   946024707 -1883488887  1398324343 -1676769508  -357500229 -1068855721
 24 |  1937136245  1685816918  -951186598  -134454378 -1716716124   800390253 -2086004581  -214176299  -497334767  1066944104  1540104623  -880237346   -83779680 -2119634836    96892675  -626991721  -792208458 -1717314844  1383154668  -540486125   461072374   620476029 -1019021165  -433235510   938430707  1394435673   476354256 -1398208528 -1213012776   676474833 -1246704064  1729596144 -2006112136   139001131
 25 |   944346323 -1303122098   -15525951  -951120839   152268798 -1616083630  1626921500    56250425  -253611924 -1045199688 -2032154255   569969409 -1670638184 -1415186512  2107422277   564233753 -1579236259 -2118039727  -842119251 -1013737974 -1048802124  -428033304  -232194195  -741317646  1321332075    63395951 -2128849851 -1192104885   960110242 -1479437472 -1555383099 -1941074178  1152773216   930342973
 26 |  1629409438 -1226504967   966417474 -1478973784   204884526 -1548600942   -16414605 -1893624228   -67322361 -1344128545 -1927088930  -676795737 -1613450254   402662057  -406606512  -863629113 -2062154457  -500187656   290625336  -263046545  1336931037 -1139462521 -1433036364   945998499  1577438734   843364077  -218087329 -1006551602  -682889104 -1162195628  2079879312   750426069  1146711961 -2016603319
 27 |   214970124   460558318   413026875  1832359786 -1236344497 -1951585409 -1634014382   949621097  1719918600 -1145302912 -1844240388   844454216 -2139828927 -2135435387 -1015078402  -204238439 -1564119088   976765866  -891548127  1477391710 -1426812737 -1833032996   985955555  1111890823  -477899165   329463358  1209994071  -257471737 -1408253377   356356284   358919348  -576806693   194512778  1232486819
 28 |   235906607   238116781 -1441523568  -482794694  1016367708  1997339775  1148775178  1836214247  2099925866 -1153074169  1886241542   939748743  1232630109 -1389569477  -928331212  1472297513  1367288471   177168463    71544606  1820591581 -1328531942  -367980380   210431707  -597162798  -680171757  2016042070  -649026656  1213657962  -510986948 -1582360482 -1579391528  -479705277  -760482945   812995321
 29 | -1009038758  2042794870  -874946291  1161882185 -2071842539 -1366987289  1502585993 -1743592122 -2123506256   -92820319  1875185547   492811743  -802162304 -1641799997   151454097  -648043704 -1425403494   673546867  1768232349   141984481   161278505 -1463899543 -1816081639  1897324251 -1409994292  1629115592  1349376340  -823500914 -2129091949 -1632489216  -504066245 -1166907200   902957004  -372783750
 30 | -1171003398 -1092728875   672743258 -1722055007   121759924    10098271  1023841015  1873635833  -496187801     4944862  -916135762  -514894012    55726485 -1975137408  -786190367    19020372  2093599462  1698778883   768541970  1876692983  1364506786 -1103050758  -156263288 -1626460345  1633173385  -171218029 -1586756341  -555956022   137044795  -164971501 -2120134654  -861544510 -1936515976   144360577
 31 |  2000293463  -918515657  -898361192  -338531593  1124411253 -1813192809  -313022405   111049147   614555677  1780319197  -496198845  1503532957  1248237315 -1091915449   755310131    76419428  1146583088  1582089357  -147520068  1655067560  1045159977   165396226  -532119013  1819580388    92709243  -106749905  -521589333  1726158278 -1949231427  1815547261 -1473107209  1379360548  1984240600  -582380466
 32 |   498387051  1784722465  2112426116  -214321282 -2000365848  1144587588  -919695555  -300266464   -36232060   633035183  1126402374  -918382713   369077113  1908104196  -589569889    28925326    -6689143  1383524749  -244555112  1416192263 -1553537661  -552145664  1119942302   220505852  1011326500  1615705269  2059908899  1391281440   949653934 -1330442079  -417254015  -269176941  1370891953  1022246369
 33 |    42570876  -876219591  -733375507  1427986810   401134160 -2054578662  1383573192  1218914901 -1922466252  -886493683  1836278025 -1080202213   704232751  -778041956  1560870978 -1602815068  1041052357  -304504187 -1927481000  -446946912   333099512    11994062  1333806854   131313320  -274838027  2112827697  1334634126   306744476   438308183  1578910459 -1388700151   955199813 -1606120309  -160749669

No zero minor found at deviation level 3.
