[[305987111 241927192 916307070 26783482 332650094 732121876 754778464 438315421 1063718749 454011702 885228427 980744588 623861900 525639012 813984733 62136383 106427826 83701466]
[594839858 542134755 410841858 188922553 159390986 614126144 293403541 291115992 936036622 370236597 1067985342 704420253 501803469 488776419 716304972 944406145 364169342 1014381485]
[421552248 474120736 722153868 89320952 307135306 61342164 596472952 497499296 108200654 309935464 321188597 985258519 697192474 54218867 98291140 596460995 675019892 837342550]
[555331742 728944682 797318657 292515458 748674149 269354122 433664211 1008681738 707271685 347881149 783412395 640586478 259708019 487003629 4487455 976362581 492773023 321714249]
[682732191 977884999 642218184 160849153 1033491030 734303241 98704971 811421514 207350837 528465515 599963958 347412132 876657167 781798735 730797494 602627334 469787737 363013768]
[111031922 34302641 240321175 661801031 685746533 209720485 235180824 159472318 1056567102 172266839 77085929 919625763 1017860185 514309794 705137284 596286082 670896276 540039820]
[586665225 1027560863 457945163 62266593 28568026 905589328 283026135 1041320852 32406902 609763607 146390404 623103972 488051639 473648091 144269672 484415353 198521936 703247199]
[306095274 401004350 691928094 872834376 469138348 928401245 133558693 42618420 819451478 397495605 221274883 702762045 800066605 13249065 1034874068 147728055 771096121 787236792]
[334410485 610427497 501295912 372282436 722445309 654824118 357677489 370813740 849704837 200577390 908336022 863389158 734528764 1009879133 798507841 1000497394 1067696531 773850284]
[593597734 808002431 387698374 107466160 312584014 634601608 544602268 251954831 489015111 915994651 668662048 68173448 449798808 897535792 284182141 351576780 157772077 280803691]
[25737540 391525343 315385768 764542324 106579310 483386479 9144731 391434802 527423246 514345119 527799122 617983759 201885441 1005168871 533244144 1071178105 516449675 183234396]
[491043417 69533613 819793780 918580136 1028053827 667786096 325823753 105112356 385502524 88298194 446208994 447305547 964683198 141671232 858235801 628300818 451930827 91092934]
[458434128 289603407 835226779 467355612 149348978 174939353 449933822 288331213 94875615 590726808 64777927 638212785 177916243 139215397 202714767 514544919 985219645 75503176]
[620943734 737754484 155505203 614131832 29071191 289213114 1023820346 1064737382 912810733 404909382 247133198 328737001 540983044 345849109 1054385871 473406967 1071468655 246477364]
[657388266 819126987 446691001 365669361 787054048 771534036 731798157 163017539 563467698 953500875 1060971220 657416253 941215910 17079879 719927036 962768309 261175721 617994122]
[857919043 255245113 359343484 827585560 642278090 699546084 584996817 708265888 854604835 998897353 1002402997 633484467 1042868044 325127755 762734514 631789073 427453312 22404782]
[728346782 999327320 686132153 280519786 894598116 616961792 943126917 914905273 409756783 271586359 281825162 616329620 789206360 1051900776 302535438 261402329 703146728 937891151]
[532418180 18496046 1070275994 670691956 937181768 137248554 500626788 911287271 586542201 77684808 966173676 374436804 998085251 322187954 668853028 83569474 554082913 914582541]
]