[[41841189 891753205 1004107135 635907655 141806208 758653631 370768327 803854172 96091916 598306519 818459683 139767333 746883836 33672254 984113944 700167618 941230415 845750442]
[985823262 442527792 778968600 55438156 736492695 445110637 908452908 1055540811 804906237 17306227 89943421 848335538 542768699 813650173 217586617 1023541678 1042840878 597750898]
[132041189 122635107 988817679 648434142 254471264 1028819781 851462203 593401043 385150963 611797253 987854941 852150867 954648289 267559660 306552397 672196637 31784199 516031360]
[307082177 1055976245 456749736 220759394 463937050 152893325 46171200 617603184 73986224 60337951 590445336 154645065 109085128 77098118 150328221 344277961 217689272 44734022]
[717489802 26151437 1010477664 928135026 16835769 540650010 871928548 172611972 856044789 1005502642 796804091 434127590 937398456 1056356058 444111172 325626488 113518851 197376596]
[64639129 560707604 973494815 9751276 994413159 46388389 1064811915 10119085 818315224 855461577 726203646 395665104 814884006 632332515 462683903 325017324 251462722 821177956]
[1017412608 417817393 284313191 4486393 1012732420 630298023 709516572 75019196 848253154 726162255 965605246 991339048 436641225 228063165 942866026 670906478 99808245 727892049]
[505095986 979681290 554888127 143842498 838704178 855473161 101217395 59965194 156892810 773537946 866908199 1003584599 184600679 1029795708 521418206 780800704 234940753 349607603]
[430507069 467353586 81743100 967167739 402512199 242313564 340872649 175898561 40395078 265825154 247285485 1007504206 262008349 292362918 645034435 547974047 295734655 57705783]
[405760076 1033701938 411732466 678421215 684457640 78312096 548806330 873858562 212018046 681358281 1007949136 362160189 687390346 309627333 875296923 874147309 168495714 1004183369]
[924055340 1064649449 906691404 293318563 733202090 798478455 929110934 232074630 857955397 454983695 568310685 355697974 315100190 419721739 1067966990 892328250 517529966 765929314]
[163515448 832086145 108028565 341776100 461735708 612898917 948168365 513086084 156022853 653569517 603998906 232712804 401677607 59590477 924141831 584075972 368911941 125845340]
[832658060 611826172 945991484 192514550 488180331 158040133 395217121 499171870 243353091 253159483 612420701 965807463 404985776 802253856 195401449 231118086 720603688 822695746]
[630613382 673381909 952019384 710684365 529574349 766845274 874041348 109022388 174668267 73197764 793867200 998384544 555198453 497169354 340078152 395079839 723714922 453099747]
[372254697 728914972 985960056 911368262 587493256 996191913 57182317 684270676 797589051 817414319 258542664 292255440 247207001 528633130 288243465 412844552 774655881 137504127]
[398442921 484393294 327778372 218903406 476967684 927123634 681860802 947775408 298185514 134019301 206241611 900952082 437874163 958938365 220616000 568707096 601952605 42872707]
[139318407 836238006 156478532 660134760 203666909 365984733 419229890 989107710 276572716 240409432 525733343 291093975 561309430 946241437 284887892 812086822 1040554774 1029091386]
[1029003480 964313898 133622944 364699368 967081565 505532749 790055747 973193108 751311642 78040213 777551238 247487234 832146390 400397492 968090470 486694189 837843020 468376419]
]