[[98911279 240989400 455742819 737280244 539319496 714966235 760747659 367227757 292383538 724559019 806747158 8169886 940875805 10798727 130131552 511125412 649100997 851186623]
[412947092 537548015 680944652 1063469983 424022912 898210876 849201225 1021446119 40618386 1060668304 575847236 64309610 307267428 415648148 296167487 322411129 807188829 177228735]
[243024400 947564945 138838063 235058084 974937173 204439887 575197748 675141845 725477536 228935155 928316794 645979425 326353065 1016475929 40586062 870073921 5034677 950816809]
[219657354 134650467 540677153 454773043 402875770 1002933317 340810150 817688281 405784694 810905964 400668862 849141481 881605567 29026098 493692416 582849705 288699035 70036629]
[489651899 868683027 55392957 949979764 585243896 613011350 181330549 325851899 516307300 691336760 1059847035 428675176 332221251 508161896 1016305941 509469037 832379599 560690449]
[822306937 889777566 41221798 964512846 75848829 1041700946 614334099 769314020 1024582970 365265993 662932580 739324602 857607823 736949696 35202097 604651936 330037471 923198341]
[994334693 460551821 395430182 103675394 431918501 576873793 482487183 461017965 601894357 94005638 495666247 950998868 620155445 120969388 963282348 238918050 1041573963 708036880]
[580382571 644217768 132172980 894983369 570324397 271303378 431565418 571304030 301119006 255970665 615824701 340781182 634397740 473820049 938046838 1058569018 301107445 874323406]
[7786173 824317562 753247158 414615203 249183966 71836868 603110126 609911324 639154587 488629556 980416767 108117621 375696852 757712620 516273826 17763832 268196188 713215315]
[233599626 817413671 71366227 396671095 475861937 990438293 118961546 227723058 738123236 665724716 22750818 331666491 664459891 49931112 245312919 488546111 681110285 915324713]
[908185657 720703195 613195022 506025129 6979071 580534569 550965727 237427186 698414484 185951646 621188422 798586157 57955524 272418166 692761383 1025448349 501069822 6345799]
[503375081 730774948 315443052 210551941 309625176 509710224 515607951 891996889 683213791 469974616 966443568 701914833 722810926 993783787 407335441 675020087 902340342 281587492]
[165254789 634860288 932358541 551705817 92908708 471562112 336945277 65578799 25281595 364259168 974651391 636163774 550302498 862880321 192585452 76823490 159357442 717652505]
[771676187 263448542 626971625 741634156 321911929 29313053 755143888 934854626 272453765 205919547 566422792 292134085 561480643 456663586 582601347 632950971 811085549 351576811]
[132781529 130276164 212593899 45235249 967527801 988271605 385859347 852075527 79058559 832267186 816613872 753670151 813717061 228457186 1049819558 185614394 132208369 917761633]
[376429854 999990125 371595323 948442755 579970596 549217778 1004262867 701866575 121617925 881213202 213901326 581056692 799244988 149988542 982752485 235398670 328047461 892456502]
[838059222 904987917 689225580 1045718343 300347796 932165477 1000286017 635216183 461054164 837395006 16812955 319325362 223387037 888594257 988359777 975781787 790870661 945705680]
[478849233 53341116 1055436511 908711351 366952690 1019737579 655480576 402747530 608037113 270620841 445882875 797016418 1013199222 603002319 679216642 677543121 352310957 107466441]
]