[[245622325 168286804 1038738223 107491716 344226470 641979873 790073714 719864433 594496286 234144083 576231175 53372953 295969770 930307039 129089042 508388240 625087371 920432271]
[758282113 623044345 479793084 1060939617 9548679 991528194 426964081 1003398574 1009097304 736989962 589690698 597072122 803379294 231113765 756587911 214942395 970746231 561035555]
[267008730 72366738 832582964 715070746 777077573 719977839 363694592 566050472 1049702466 868710571 608606477 424560560 225909639 217832667 245556800 1044459619 362034285 385847564]
[979677804 138657818 825738390 212736304 326190296 70197190 825867278 1032357402 744896161 511923131 373269503 659553729 321381752 479655290 460379995 835883709 889912757 468960044]
[147096826 717542388 894277302 83574861 201039801 709200128 868132254 357394704 644996965 793964815 952328667 332260820 586531172 519956571 321231026 26068803 356811422 781948306]
[163984632 6290561 26312418 335231725 527146637 676517230 976491573 433565705 810208683 1048965564 313327077 374344814 434315095 494106261 781908435 633758978 299544471 824910728]
[890035196 9430758 762086932 157758292 1040187876 293890917 865753141 411058325 1026395086 233079318 387761388 319837509 1010534820 761018991 974609799 591063659 862011520 567640033]
[139865840 962264028 197713056 749222378 849592543 176619338 618310333 978253444 952683057 120316818 773487395 299135815 908206100 870870263 974414969 254550432 857273552 980954579]
[229266340 1040252982 440932025 590653692 1009716245 265730333 296259246 791114249 547298728 433216926 312344902 536063233 664089324 348413309 453782333 380598158 951661474 5920050]
[19671780 71332214 532102431 974401917 888062787 582951155 659684894 828773725 398205476 663304121 232353576 648608429 622766758 818104383 71509800 141294778 337216552 283565570]
[1026246034 179114743 294435372 260032455 828000004 188388266 457793375 818271932 206827223 708006852 1049216073 43019106 637661520 187573510 975139196 257243619 1025349839 103415929]
[860796387 912486515 867028948 950193338 1015881157 943291422 1004072724 335028540 691061645 455479088 593063419 730262599 505579002 593050122 778996578 1015028169 815783763 176220014]
[202024303 429952931 214948807 412682878 328751765 380615867 502849772 512010517 690835768 784716527 480041432 23197805 457316953 253017889 937222167 924524808 362410908 310718253]
[544880485 948583807 920411062 15874384 656513255 290359029 381329807 729730319 472983018 580678975 722358295 710234157 311814126 345666821 352981185 749435603 752917002 378197601]
[535651149 772269616 809274435 770254671 25724943 1024410678 937364161 110148527 248977241 966339916 207699889 602964652 415224391 312329354 693907846 660051554 195191318 582956985]
[1010364128 706020421 19867518 712051410 373169710 506996607 965722924 641481517 659914956 333564855 742364498 773489006 273013734 902941870 619020940 900284100 906676040 651490263]
[421436667 805958846 592537492 403725943 14472043 617738372 706137763 528389081 329969499 429831695 674056482 786818473 321397246 29434908 26422364 239731762 182388509 681597535]
[242445387 951158377 941679123 16802378 46096576 100889730 229962380 1015709457 904697699 8379255 374694183 293067815 795569003 633526637 932036637 184244859 840783940 131343719]
]