[[3716077995 5295967276 3121826389 11727750618 8152334788 3893720825 13478352265 4975404167 5538335161 418287021 10055821685 14057482039 6810837089 4229755418 14881160761 7500935484 11991351318 929275503 3000456235 5300158887]
[7964155353 10311716004 5146470858 6142638669 2447339700 4552274607 9463652126 13326049996 13917374619 4751438111 15798794897 10072478978 645614566 13133674444 4492006608 5973699813 14498768749 15662962134 15099030154 10975897445]
[15907920713 13570205022 6617408448 8354855938 4424371825 3315320253 9576458807 15724478834 8743947736 16946536853 5994990927 7572586220 13258625911 2174052429 10873273307 5117193446 1704155245 2257004453 10277899487 9737656766]
[4045545726 8268017091 12340171279 5983612633 6427152511 3789310067 2589256846 14557861502 10029992953 15292254968 16171574570 7028979067 7267351379 1233031461 7098058561 9548287463 7350972054 13726938602 6713464819 3247792325]
[2558367438 7077251784 12049107224 15453163663 667478655 13469763225 13695493685 6367205282 3340480143 16004652447 13228204664 1535097138 8470394786 13721603797 15252242589 16127174967 12825220401 1663437965 7713030359 17150168618]
[8864220546 3212340118 5725852871 2346788274 546307742 16634324874 7597549990 5481345094 3899664454 5735042203 6167983008 10799351518 16706872716 346202720 10572969655 3479049333 12968052501 13294141899 13298806010 15139377861]
[13090076689 1035065703 743552798 6616095658 5944239028 11236409183 16790905686 3397018516 11876094270 9840376029 3072387242 11373393788 8017716605 14929158968 2983629568 1430520149 1246906796 3576467223 10904540985 7357076422]
[5767004965 15081441764 15730031026 14928129983 17026561137 4443712984 2808416612 5743742366 15743938057 9859943252 2432456633 17151844467 4723247312 5187394765 13181709933 3158500183 4182251330 1945214840 2438190518 5202744459]
[12776620255 6167141393 6864095510 11885025015 2823270850 13347121137 6740884195 11970336369 14405450567 11892857051 11052781880 11639488955 1368255842 4093221696 5343376506 1645145216 3750631060 12839819202 12538773636 13818032051]
[15125471629 4794606543 10888256771 9431590758 3614408211 1270664306 2609163821 15867292825 4463704317 15124809999 444345496 8908606185 294559979 7033120125 7185675773 6568334373 1865020785 4973546977 4982521576 10267272586]
[5788790970 14669318803 8819567391 2506267747 6293105193 2141632522 3352038770 11751675512 10922893781 5756105848 5963448610 15005125257 3769143559 9724305857 9673627212 7845029161 5292623673 16994840503 8070221526 1913779383]
[13733352444 4174852202 3575387473 14849210417 17063020377 9341844325 6420171173 15679210295 6034945884 6291572778 16767508785 12820477358 9198530148 17103343285 5927743222 7134783398 5875635163 5207441367 8583725617 929476054]
[10447785618 2690247791 15522113154 5025567059 9025150547 7247306824 11119358130 14997197977 4615822936 5575371848 10630328041 7372638750 5105004276 1785508823 12763294111 9979997842 9927321337 8282045393 6782033722 9172325693]
[13151771617 8982153934 8172301956 4621476075 6160242282 15751703335 5417939117 14065838288 11864999565 1576077498 3247831455 2904979876 8449062562 5479991964 10756934330 16981313713 10216376197 3259548424 5803106165 4532060027]
[8687010132 3400718730 10328239128 14811771548 4906395436 10099721427 11798631675 11506410623 1842285759 12793162566 5266121895 2832042855 16033215799 5968043560 7730944129 15189670631 3313897632 6969615023 4605455926 9375051339]
[8842620059 9378155554 8176749279 14191410392 6005640519 732385937 4349493069 16209684159 9350575308 3717968348 15814039497 1575395707 16302032799 9984443606 16428342460 16874367181 11720542308 12558121648 1041466028 7836488227]
[15132986846 15237268215 194236481 6452644744 13826808129 5677681824 8348524338 14477367794 8883449911 9048438978 16126095833 13087646040 13182979872 8403636777 1426293710 3014771583 6432167671 2473698023 2543132713 10753746464]
[5423132203 947764257 8183922594 1378944722 11143940171 9621520842 15950976911 15718345637 13100666865 12537112633 15204824633 12552629432 1131834663 6364585841 8256676844 2919603598 8468378948 5113584727 11775665150 8434431837]
[11696248056 15377978028 6788161002 14111647897 16607205850 12335043600 2546175299 1706354402 4909756238 3082797754 10537529952 10883108906 15603734177 3446310140 9635949878 11438454199 12846607101 10862275248 10002222626 1651652820]
[6647167968 13491556397 11843855755 6619536441 8056748407 11309662244 5347525810 12237792338 16026265542 5091436834 4519553408 16742265705 3463730165 10028086715 2103938088 12939736796 5046415739 3282077292 12215940726 16868249681]
]