[[1178291628 16818416514 12492107810 2756727188 936484709 9864820057 7053316437 10510284735 8675239340 10433078366 10272896526 11116412454 13404126055 13960381520 9961504964 14580852431 14771971601 2701682898 4237669370 450874729]
[16911456332 14746638259 9207706242 9307779140 642962836 10224236142 14890690123 1998087584 15957459813 7931486017 2754080836 3066549072 9926628130 13640776222 2306350745 11239078513 1216971416 1533996797 11675504536 13334161848]
[13944703103 16464825887 15935126056 4500091232 8240000972 4526710448 15030556127 7804799122 3242197280 5468884597 16614887911 7714868289 7783359810 15777550657 14674989018 2509071943 12664827505 1912323553 11837009131 15558586563]
[4523791892 10857846405 11313559737 5480907849 11957279700 12694131334 10392312472 5826668894 11857603936 14560785331 13214485595 6371537469 11002684947 9789736513 12506653457 4731382971 9597933534 13058622221 12736997418 8381159800]
[7617870303 413073876 15692990991 6345152884 9795061641 3490784352 13079025226 196579440 2304724770 12633733960 8088670369 13069378124 750482133 13785001971 8688018509 12492710767 10860212530 456014725 647472858 9072203404]
[10333882698 16025826563 6240705302 3116212875 4620504930 855849882 14916771690 4645631651 13221373868 325413575 10982527470 14630500601 15624988069 14699219347 8454525420 16933470620 7415134328 11802922265 14819169898 9366581605]
[11729572413 9295650245 9761624053 15517424031 8297069031 1656482410 13293074283 15398864053 16244980814 4736077806 7592179664 8268621861 15772632771 3087785930 9159784788 4522485136 12733628522 13246564195 9757273241 4840227438]
[5976135382 10434652003 7099500676 12320984838 10778173391 2271762968 783024123 7641303007 7738960957 10276287222 11990117359 14462021538 5547970676 3058582885 2094515552 17118413322 16768805608 15329027530 7766493606 1843302359]
[3926246889 5977545987 12867846157 7393078495 13566884026 10147811609 3648793953 4929680785 10153477414 5847974922 16987999817 9231951089 8414797320 3049894360 1998897655 6425320344 9216965250 17119188044 1547997209 15607812703]
[4292241598 6374694059 11649602928 1178080280 9126416220 7429758667 13316548292 4203278581 9635256989 13066079486 5110819212 7037773137 15044811767 12145540282 4724243710 1991703846 6388150510 16608125919 7012909856 1999473376]
[4951856262 16408486398 8792222349 4043099930 13072785664 10575354329 13541369768 7785770434 7129668594 14518996269 13785703537 10902272980 4731226825 11366464580 6588894255 16076174424 7290237882 1421778511 8953727911 261323101]
[6612011160 1444101721 16013549045 16947692246 5744330060 11370744862 1577766077 13969133782 14695697140 12198445832 14545668328 1468386960 4596472104 4017843428 15838391823 8110039247 1411449783 9688231512 9591826819 2862777060]
[12227937584 11665075705 15846887844 6286064045 16679596886 10616484810 17014975772 10872253097 2015461764 632511602 8564046893 1300265833 15938776829 11968432049 7463071258 6900576306 7597336933 5013923677 7042204642 10563644717]
[9004758376 14165064918 16612768085 1544151059 2782736276 9874766463 7335082288 15050859616 16240636755 9520152616 12922478522 6247320715 15218477910 5987415036 3871975739 828260890 15108968769 1241851549 13590262080 861231271]
[7503242819 7360040496 15206684692 15032605244 6900534108 9778061392 14138968392 5908890586 11490397302 12012905 14476353353 8612780480 10036350160 1318285391 16883254443 4394395746 10594226451 14838533745 8381647255 12568247344]
[607032249 11933885567 4037798889 11188187335 14818787619 2391504373 667678706 14921646721 10547540930 3678002391 10589349985 16212388046 16578688656 368475553 2730442850 9033254538 12077574042 6590003981 16491150256 1221315731]
[14655216089 14053001916 325997268 5044341639 14374915655 7048510719 5417245562 3119730216 4289414950 15741549248 2361058028 11821281256 9016959464 16027532984 11113026778 6646025757 15718290420 10922600660 5596069982 5973415708]
[13255556455 11391979826 16360803152 11696755347 1960584995 9388141372 11404824404 11702570381 5741437448 5721361235 1663751484 11698250394 3808414674 6491354861 14764893552 16610940814 1748411898 12929734542 14045044155 2779429350]
[77429922 16309133097 15892737810 12408869147 3456681799 15009158705 8920317667 4877339134 801162814 16167038102 6165457133 493652880 16641475882 13013740591 1427202384 11514953375 600644847 5250389219 16571991558 9412226850]
[12382368882 10423284084 7682782742 16435074213 14523946713 8728743853 4125948281 1949002026 15478405314 3735456914 4883813618 6578858227 2893009599 2752396554 16598944167 2741270508 13919075412 8068633260 16346789001 7524374425]
]