[[5672242380 4063667234 3536317839 7642407044 2146142228 15146346581 13420543769 638247056 9567353211 8923092655 6635482627 16523714086 9465275072 4468717373 12791427339 3903985959 5251672250 5575295805 15048577349 13788523989]
[8900524805 13282804434 5224789580 2555128878 13579794600 12083918085 2203133690 12765232341 13924961014 13997326526 16208608429 4931938897 8369055545 14817129158 11429461972 8691515237 16998999364 4859599773 6861065899 2913889642]
[11998079047 11252000530 11876092768 11167169158 1429163650 14952050589 12646203246 11620149045 10156527761 15214018674 6882156678 10204541377 12775069299 15139818429 1965264292 13606964829 7080459819 8562333500 15247046541 12858073184]
[9591942919 1828461131 28827192 9252266459 10584020070 4671797420 16452022327 556721046 7753438928 7860860659 652271286 8893146664 9787193893 460435870 3904340940 34730308 41426853 5799126108 212638933 15418707205]
[1115358881 9903258961 15635001859 3990662381 14016426686 5166042023 4711100509 4345366041 16880398055 2338928760 16578964242 1943453698 6716562029 15153075636 16642333049 7239441797 13035003604 7897145175 13249136673 14247372107]
[13657700267 1330265531 2076373469 12616039670 5755379751 8962003959 15010913018 16497186749 1516848218 9409361793 10181910493 13536178881 8005251747 7061639835 16885503781 3375268644 1852222997 5717679941 9757569285 15823697035]
[249434546 3559739623 10119245318 3548713430 12619338123 760864036 1285972238 13634937620 14365539966 15720463278 10345567948 15202737137 4749606366 13678953194 10326869580 6281202564 974051909 16044982033 14478651431 13110817798]
[8374347685 16726706839 9717915094 4345280151 10842740096 14429992969 13808823715 5236410625 3699580374 1539722973 2263323622 15064442114 9799879106 11480168388 11414731802 11373520297 3429092740 13701776527 1070144857 39455456]
[850755807 1993947282 297471866 10689020323 5210816499 7916359908 8605445782 1116775974 1169869640 8728502194 2281850718 1049755694 8187292469 6052337390 12870845478 3625936103 4344504792 16481835974 2253847775 16261843590]
[5116111930 5394733142 16063941047 7380000838 10606838571 16823976185 4203117187 9062858956 14099106921 15500270574 2125144266 3989670017 11255868880 995052116 15850360038 1928346634 13068378627 14890394864 1982197938 16999952923]
[13744810772 11270325984 15982992143 15773194409 8583084587 4298925559 5552436051 5628813037 668803932 10726759585 2090597005 14669921299 14866295100 14846707547 11567997379 3927970233 15470305497 17018204089 15053898130 10522474917]
[5441242569 15407822847 15734498905 9776597434 16480601840 10162295336 5499834914 1873467373 10582763041 12422741127 3961621598 13384451513 3336713317 14916800656 12356090361 11183706883 8798164034 14531659949 13254214438 7980114821]
[5745295715 15895150353 14846242699 5657697420 1714705840 13247436840 8312766363 16679182085 7157530605 8254101257 10478156009 10691836414 12554807648 7913576063 8331603527 8643043602 3889599206 1574506557 2819434147 8346326211]
[7066548239 3768448257 14624449655 4990890175 17072908243 2614851211 14477977300 12666176805 12957291041 8497781844 6786992649 16084267497 13811444702 420055996 7309901625 13749277364 11874339742 7444039781 14682810145 9213675712]
[4978297581 2179783784 15388965354 15868523847 12933241071 4327255047 7913974994 3100924526 980220940 16286327255 9469557472 333270703 2419979752 14347862324 11388381505 12147622705 12885778922 3539933107 6413717322 6516183962]
[13323551987 14644247516 11637585652 3581329534 10518140668 6955812436 7502199576 2627141321 4878578020 844534269 6465883644 6715229420 5313442848 5660146991 1469030258 7462967409 8913668735 3698517729 1401208515 7775268924]
[10097121794 11882156362 10550212029 11271352725 4582290290 4308889906 13509587964 12957680173 1777804842 1810718707 8863276550 8481435488 3489748958 4860339626 16319005337 9048420820 16232561742 6636334616 16848942321 6905771812]
[5884662266 4280175729 14024670885 14038769046 5728107755 6172943327 8291177885 16904653147 11865052410 7570929004 11726173146 10870364828 5857819189 7664240126 1601366981 14555332619 10610239478 9493428202 10932926575 16009424009]
[11281545969 1022853669 9805006608 11536858018 3897544388 6893590168 7709626111 13064629412 11297934994 14255514683 14654753011 11577970223 4974384119 7713184255 10692417115 13192874779 8688598254 13098447674 16348725157 14050610386]
[10276730817 196327325 11213556583 10509854919 13707678262 736248284 14571252886 5754211212 17116139109 9550147969 11343074573 8776198756 1949985029 5164258544 3175997419 12509993774 10568362737 15441413154 3941950957 15285362185]
]