[[7962039359 11843838933 1455838011 3721002525 4405222501 4579670362 2204286840 5603727108 1665509329 9008017144 5331667872 9914458652 11473484707 10448956778 3200198776 10108061648 10115679645 4816261201 8086470005 15035052865]
[12089583384 4790834005 1268571058 5115545236 14075994879 7667876603 105467879 886971363 2758471998 15079506465 7124019404 14690981768 10620299688 9189393705 5192997302 16826897697 13711187300 13196780439 16077785555 15497643206]
[14996351193 14635750309 9454376234 8080632292 14496842043 7194277568 4404644575 11260398756 11780656473 4169239324 6758329787 13111608887 1321117535 13289418630 3089422255 12745319072 11533102554 16568630263 13475189832 12219080164]
[5550815845 12621023744 361894393 6740851114 12507321106 3429934008 13697361652 14091949401 8475598284 14102169086 1307403224 6238847363 2087736000 8020373673 7985918416 7243103617 9450108482 15374605368 1508025314 4854989793]
[6431417706 2155205033 7196671793 7387787821 8423896056 168727256 6378677004 12842443316 207652210 16194955701 10200506007 8221402147 5398772637 15466450845 14869336597 12740879757 13523260993 670031033 7231121009 11966218478]
[11953842812 1222318925 4930727558 11180235807 1863531225 14583668055 3631072613 15795770760 5050681107 15500610952 7702292969 5454503117 15097484728 10096745123 7940480703 841049359 10779577090 1717007296 6968417115 16374181216]
[12063506773 12685488078 10970864879 10305160754 1816753125 16551751321 799039649 15099147773 10787900455 14598125867 15194182237 15037060907 14891136799 8698317309 3405174551 9988018468 13427557278 16832461101 3906982595 11761427688]
[7505451149 5566932776 2136491028 13097289605 13830663451 13163268054 8883988536 15877431173 12186196944 11012787145 6685839547 15223228876 7482062437 5604108148 10801765938 16330171628 1667863991 11391533184 9134866000 11690577132]
[9923728572 3643841759 11862828521 11857456488 3792201005 17068481899 4274796394 15503229126 16113706317 17070116048 760978221 38790527 3650570447 3545663212 12986668745 6454476471 16726724535 15048807780 7377994147 6428479610]
[7044297416 7491822117 2960798472 3160144357 15178875148 2854867512 7898517107 3899480084 1587383794 626171565 8589846327 4259497696 1952165210 12380301011 4813958882 2732228049 3473271293 8752919590 5066200814 668551390]
[2985778332 1421524965 13465423414 3229302976 6317965665 13840793218 16310098628 10871446575 8715247902 1027900925 15843187916 11076547269 15143982185 1019090258 6512032993 16945864059 1019410631 4734870370 5157603506 13769673860]
[1754103460 4517314656 6696949792 15859813845 27757518 7907975953 14000720753 8540337927 15249676941 16799419740 14031383245 12983219917 12119456361 5613213448 16562933956 15497654233 3179430181 3333451711 7401876731 5341928809]
[12507253004 937003982 8613692397 5900125657 9503686038 7102481601 9852498447 5541317691 12207712005 14168122599 8411903881 3876138615 13086934621 16004773276 1822877968 11074267619 16331915406 5838462646 13943076690 10337387578]
[3649763657 1146424607 13205651447 10370847156 10094341138 13247068066 15748875379 3890109674 8434749535 3762744154 11307465708 13771110301 3755021785 2120853028 752588310 1905838856 5515550437 8397545256 793264866 4348025886]
[10487958265 12751888642 9923081145 14211746847 3360907885 3805311178 7391399605 3882441409 223414341 14982482013 3112858435 10813859395 13136166434 13184139128 15913311230 5375549187 11774074941 6700391168 973167313 1525210346]
[7861390779 5989336593 16755979391 2126519916 13709009086 6976340562 6904213843 9850022617 10974424761 9503897261 12064974046 146615009 5792693571 10996974285 3774300648 9755355607 5146633572 14183881274 13733195255 7956799179]
[15477385461 1001208416 9825333987 2178367381 1434390104 1656454913 7568706261 17098204164 8123706860 15867475528 6122180784 17058858692 4768591737 3129081472 5927978085 4445655954 330715907 14874689301 3181017542 11155760691]
[4949559177 11247357804 12529630248 9453382846 1636665487 13776665175 1875571187 15781452041 9305585226 7502011564 7203427758 8080921610 16765578953 6519670427 12975451121 1152160449 2583926634 6595056032 10788046777 10982743565]
[2256897908 14366836667 7510929339 10355534441 6612424285 2726694902 2391070110 6705642251 11604657455 15959538408 3154720375 16748628098 15159034874 16638138623 14806323976 12975644185 8272386718 8440888182 6396713837 828636114]
[10488481541 9334007761 3995024013 5387360580 1319676514 5328322209 12898762660 10854538230 11871711376 9066810723 15968577803 12842319053 15848586306 9282168403 1794518150 996556239 31340684 13699416457 3081055936 5401126851]
]