[[11325509079 2711547108 14004704155 1884919687 2652423683 7682791791 2642326517 4882772486 12835132268 16882588634 8731301811 7946949352 9167122979 11654317000 16414621771 10815463978 7460005213 5664163754 15979136213 6404205248]
[11352676413 3520225968 1520295900 2465637970 1292454383 12239011728 10975649930 10152170938 2439726917 6822127971 4954182460 9558887961 4655523996 1957456498 14184039294 15516059332 4372316073 16917973493 5466179276 17069849096]
[1125076991 13013966054 6980491151 2453851207 10555829999 1918872988 8449475824 15016211962 3456188128 15833933065 7947224421 15590751396 11756464772 513457398 6667520547 16287064445 16852170035 12240704737 3498336322 8570383459]
[1607243205 9886963064 4663258033 13334264699 15075680671 6104549833 15871131657 1850821964 3660805828 7559318895 15320518194 7469035166 14469219486 5192346077 5109929545 12833445646 14740116510 8693799689 10478093417 14063724630]
[42785251 11089744526 4338323518 11943639461 4652224381 8018377153 2372927873 13429124221 8206076770 5434832206 7546434298 14891355634 15768620142 564185732 211471340 6086909116 7672047998 111781516 11874706584 10622190966]
[4652348620 16710428120 15822144756 4402582853 3496425240 16599761889 11388985854 877460279 9165734410 3628561701 724525643 11137805971 7251514085 14268923005 9396700378 954758863 5718033064 8354685378 16492448994 10085745247]
[8547202975 11684391214 1073289332 15993628498 1280858982 11334438574 14290235104 14178843768 5428555403 6126859359 6602553346 13397469675 10561717697 10578353250 3043570433 4652904724 2451365376 9817440837 2712838517 6774300138]
[7874720946 12483020008 1388660605 7924608994 507802145 10575594015 12607567787 2200546607 5759932820 6618766891 130148187 6611323695 15110046192 3661395809 8422304008 8583466465 13968155604 14191194256 9002003081 14744961789]
[4994845661 16569947201 4655939309 2787580747 14844335348 2324184827 14837612757 4600372146 14282089624 12844264815 14191253516 3326670214 15969414933 4299688281 14457955666 10992628334 11378202477 13175482921 1055826556 2775273846]
[10085549316 4788941593 4874416087 11515918414 2153649935 16188112548 3732752520 1058815967 6916375385 5383533194 3708723122 650066351 5238600052 11608670821 11074579462 5458703021 12517398762 16265668867 12807262588 7254608255]
[539802418 14029786752 16336318118 9273503117 36828416 1863630623 2174040381 1907526515 968799076 9757615715 3661596371 8484188910 2082723892 14181580132 10694026563 12750080573 10245475396 9530398448 7596645077 11370739237]
[4733466985 14486585104 170144093 10246321393 12856827451 1223668741 14205992862 6125896653 12933421515 5740874259 12204163260 16493187852 11564179068 10067148567 16335682590 5908645975 13262135911 15466505964 13729499244 10710463798]
[16283546630 1430169970 12507736606 6325948728 5076210517 9038537360 7600775193 15323902247 10591149053 9892418657 14321055094 3973218029 9460995122 13302442989 12425218932 7129699159 1392399876 7960243974 15484477148 10609480697]
[9446632977 1239182800 9407704308 13495918500 5676405401 9253145932 15550711940 9500984694 16845096466 13241342596 7226330603 17098788090 15301302213 12398253462 5395376099 16324817745 12161121014 508579951 4135690190 11536243460]
[8965645776 628445503 6910819684 10509668820 10319415438 3379620509 1535522592 11803383704 6809196500 13036602668 9677088766 11373547823 14740893763 9181179497 1621829738 16316749271 7182303874 5080864823 16962726417 3486274156]
[15285294985 333265556 6963693018 14198922351 12547639480 7817667088 6074504368 7212149831 1709247482 16758577281 16665135761 10604953568 1778977112 7654001783 10378596112 12015138008 16186925781 3406171559 8918527788 2124705131]
[13168759510 4898160284 2635117525 7089051828 13993343609 4454507716 15058491359 14284001453 3028864235 3959662641 5127606206 4219650379 16984352069 7150002341 7839317045 14514455542 5159431887 10088315227 11876488427 12484090513]
[9556962133 10161403456 1144760072 1082256211 16364851426 2734984233 10390596945 4680053777 15121123315 5538321770 11260356376 2021511878 11893966285 10539302757 4956387173 12904204375 923290095 3726909371 8732752750 16024238275]
[13728525067 4475248692 5854636956 2029871275 2852879985 14764099198 17164795110 7041746847 8274712140 8670324002 9257906236 6767588747 9868867249 11088790738 13338408397 4831329264 1224786386 1458024177 10832231030 4637666777]
[13259548446 590138354 12281191328 4034203875 2450191715 11200427582 3829394425 10408831220 10310273670 12128459072 1740579391 6032838062 2150894295 12173204497 3960471066 8884294827 13545939747 6790002483 10484824524 14885631468]
]