[[14783271095 7892235033 11141003912 5717251504 2708942086 6202534177 8909168861 8052629319 16372187174 6915867919 7038195829 11650293267 8054202331 2492937181 2697420760 559225916 1693715454 10031496142 6207936482 5686237513]
[16860513551 6273271644 12608884082 8850011529 14578130172 1753973183 3057386744 14957150312 4982151323 9360010215 3234528439 14812116288 11023782053 10103900934 3952102570 17070158960 13886369558 5334938034 14158022252 615659874]
[5352967972 1193279910 3669396998 13199244652 437335339 5826793269 2018427992 14070731549 15335557728 15322932442 3209072334 9630244867 14377322914 6557663495 2562957323 13821271833 5250800237 16624207164 6201114484 16615980328]
[6364269046 6810759666 752955341 3191970353 15746643278 11987455050 11537827457 890262136 2441929104 7043206673 8948885916 16797737305 7240793363 4521679244 8681110609 11138932310 12145630 7763860148 12415599100 7046564935]
[13761677588 16795801812 14962684154 3088605512 7274497877 14084941652 14255945960 1021928061 15237999958 4260642062 12831640581 9737896109 2491289781 9820556985 13562043828 14404294846 6496634709 16260472762 1057957829 7624516396]
[3202766933 8076242438 7949434326 1257163094 7414038895 500299219 15295666768 5573710109 4649104501 14837630402 3708486536 15656665564 14122803405 14765663086 12885244042 179737070 8339304566 3107012533 1478853035 9479302073]
[8765851930 493070859 6851013178 3751044612 15907823763 14634275267 6191570361 15867674871 15510612039 15241021976 1827121317 7122967217 1128044994 11372259065 12908984863 6355673796 14750278933 9752886270 1231706483 1054439525]
[10464941171 1453780622 7724899526 1268810023 16416873976 8622434235 585914703 15461457565 10904106006 10184580565 3902523106 16665786404 5291580748 11252974933 3570551278 12295134027 6472428673 15936295830 13069818981 4799047457]
[319427640 15110118968 14272185605 6969447227 16821045855 15928762 6144362589 10006457541 3194591656 12431415235 147127141 12140075632 5167276749 14966221836 14186962264 15276796960 11434993979 101542476 16344423395 2592931477]
[1747891949 16909194903 1168929529 3858603622 9191864903 12416776878 2877341921 15913560910 13362936337 15198180004 16067136051 15699418630 13190303389 7103267370 16644253730 5897913239 7605644825 600888619 11524636959 1244397912]
[7084099370 14555475698 11695811090 11904700648 6751708080 7974866629 8469614936 10977378864 7618224893 3971255043 10095666204 9695263993 7885052805 10197126099 2621591064 9792019879 1988953855 3175840422 2868811743 9018070208]
[8172413025 14540034544 14187621279 2569385061 16833521183 8390908170 10852641545 4903989129 11623623692 13996748212 7409856438 10071254161 5779653553 16150828864 2347811721 1648777163 11632427104 15874764498 10386690880 16618301259]
[1499485612 3401682526 1446938940 12004398672 14904191041 13925009198 12136591320 8720123946 16759222682 15267701630 12011110788 12449020414 12176821575 14395942249 16648908630 7819393651 5733900514 7993952946 9828656824 1721949866]
[9026562650 4815308013 12144274917 11348770853 1338710627 16818545228 10447965181 9062155876 11341915981 4202580302 2217510741 6832066087 7583657434 6471083488 13427102229 4323888481 1749455263 16394067788 7865929083 16478369641]
[8393739492 4674574206 13979685246 11189872715 10605727307 10374722480 6617516825 10717634199 13832447501 10773540100 4743096812 531194085 6975434171 16933184578 4233361056 12052413441 256371954 9947540007 9294770494 3890787282]
[589026367 7759265620 10579527424 15348209061 8294357255 10747739431 10177784693 15136713171 13109849971 8909758124 1938938422 17131338680 7432022957 8785986847 8374851772 13729857654 937482304 12595141278 14718543552 1599758691]
[4736640093 9251994769 10729895244 5383569707 2012789747 6040476720 3417422596 10102198525 4473692663 10540337847 2458112821 8478793100 9723149309 14296695812 15512690853 3404998968 11783000751 14715805940 1521694 7505309766]
[1395604235 9464298013 11439523505 8160004863 13772222634 2011530344 5066068591 16703994948 1997340987 11967693685 4245438804 12373673799 12093356532 9960768516 5552595828 17048780371 8155253866 6719274454 6551902827 12871069475]
[2522195019 8131234096 11112195242 10732158544 11368549239 15411559303 10493603792 8638946491 9675982481 3972888207 975054277 11546370020 16134641512 5787136535 6073545138 13567306228 130207225 15791166767 7586248879 11710444576]
[5695783897 13658776543 13712872404 3662751238 114927393 2718299912 372760471 8217905567 14388556734 8944156777 4059506573 5188423682 3689048440 16211734201 5405783931 14474394903 16866321630 12578481251 10427768331 4132266522]
]