[[5209358735 2580352821 15652180652 10882818460 13008834011 16579434798 1119655258 8197529432 4298748064 11132833310 528256326 1690365203 16470494936 13001073281 3034453705 245632457 5504879146 3269599281 11816227786 13485022445]
[17028464580 7114217114 14904874307 15258976091 15130787455 3885827562 1843212362 164246232 4960353430 16965273231 3745208922 10364175869 10433395097 5595673255 9452721810 5694582818 5468530754 2986971736 9629160267 3190308365]
[8514164144 9424905707 8311947711 8888980686 9341574145 13344197330 3793565190 11859899792 11255357430 13516250287 3454981364 12531977029 4515315237 8316046302 4029012966 8429844010 8234148974 8998438854 7705915732 7658288355]
[12082681545 13597473962 1733300222 16512200530 2521155288 11260758360 11413413301 9887010100 14924983401 2190612273 9641715544 12796935862 3340259697 15267209061 890227903 13334559139 9339658831 8097782080 592818715 13891008548]
[7057731324 15098685866 15982246145 14782021640 12646368412 15439818202 3388822273 6335738121 12361109886 5150409767 13538616629 8480382356 13108581355 1838964293 11503658756 9900799630 13592905543 7159680184 120233697 6167393571]
[13799821349 9232562634 4534640980 542392184 6032059609 13521275250 13913742254 1569678081 15523385137 4347187654 12614402347 8592202453 4574161048 8801666261 14950146676 14067914614 15761054779 9712992505 1576609648 10899560010]
[6598105700 16731987056 9595130392 10734482567 442561166 11762267578 11233868093 12953315402 13011882677 5395696187 7412737628 8515138416 14892939472 416084735 7629852441 8808017433 977328040 12859047192 6168224029 2454216185]
[295459258 10542968394 15385011327 11979552992 4577854476 2653528062 4852940496 5751098864 12616692721 8354975879 12063845079 317520989 1352994192 2506424277 11691315311 190066320 8249484499 15715682934 16939925263 7047884703]
[1418555939 8239857585 12650181945 8322377849 9366698562 8901122747 1135840347 14007233127 4202650685 10148269754 9858294507 9362553134 3409484748 2178050981 4638442565 3271893025 416615924 4243491304 1798543424 3842046018]
[2323579883 2131965926 14857908644 13255350891 459885213 12666926573 7514427851 6773676870 5197435771 10261309123 12118683493 4637233222 7813281922 10123699592 987889672 11258116633 7278117362 5736936110 3160968099 13897470788]
[13722307704 3661431446 4433144717 1994315354 9269293335 796682370 10611589445 734995045 7597554186 1079158090 2744307202 9470407817 11943680948 5620826369 16252917311 10965401509 1616501780 7186146761 2968431517 6730813904]
[9486753350 8957866200 13628961029 47946496 15771334753 16109150260 7316294945 8472370898 9914322894 4127554450 38353221 13583898078 3924279025 11569564790 13913467531 3546119302 6050246213 10005833367 4319131246 15667601736]
[2884955939 6299722625 5804452254 8026837834 4850736574 10248911877 16788903335 15353293150 11215186349 3489409630 7051950978 16077961948 15140354163 4026970797 1012693694 9458669523 15833017529 6773354660 9711816350 635508912]
[13651972818 15736247616 571243500 1925768215 142260885 4350941522 2434482279 3013713488 12244082366 66639653 10603768486 13433410902 12291127383 14404374695 3038597381 14793264928 10523381637 1767589166 4850146772 11154961796]
[5332568090 3600031766 1462950008 16061799784 3380543532 5668170346 14442742248 6637591547 4363837043 11164465979 14694849313 1154329728 7989932725 2573999664 9759197045 13577565371 961023117 13094018943 3912578845 10370562719]
[4056113128 12855757137 11694746134 13831272994 11929283127 4246145007 3026343386 5434871829 4408465985 13908375537 11518715701 14818860329 6255675503 16985518205 1354219777 3428288004 13617195248 65289406 13141350270 10731785765]
[16270388279 11217932415 16420697973 11660681615 13914095257 6915901446 279054579 9975616648 3862317494 15429108090 9677512211 16609032831 4025074515 15493024491 14288060564 1139783445 11131026245 2394373452 12494787462 16163055271]
[2627889495 13973464657 641350478 16767144622 1895556230 16340903849 8051430896 15966806455 11500815879 1539045219 11251246378 4925711613 3994980568 11988078953 1060985051 6346785012 13708375891 10346164211 4657842872 8809541304]
[2475176223 6658945761 14939914951 9938918427 2700593370 3844457427 7633796652 2786047331 9296277155 15604992707 12165568134 11336011382 1772942799 6248872824 1684660565 4543025000 1686146562 14913173704 11772559379 7052671878]
[879785123 8209866173 3816009850 16494081057 4531243093 6854583110 1921250735 14636145162 10452671228 6682345061 3229650756 4846917233 10257828096 14848190838 7229245670 16082510787 11606413145 3637415154 4923784878 4432637645]
]