[[15777228397 11727123804 15153141509 15393968870 6133841095 10275472100 11232031050 5025955836 7559857919 14777806882 13387358187 12812389010 13987725526 5009053940 3740704366 8445697999 4507955948 3145418055 9675061517 8916362175]
[15169942834 16533187186 13854417687 11417844865 17033010922 14549647419 2366835501 6237809563 8227438443 15867814093 7588903186 5300111008 15977301965 6690885511 13427533121 6707555501 11201368344 16091839700 12085595376 1804571005]
[3036421527 2121109195 1413407118 8116570198 14840057726 14980635911 13040931478 6953261769 5166333895 11297765384 13156041490 10994991843 8995521048 10225856354 4878323889 15659133302 10735196902 16778215737 5782671707 5928433615]
[58090631 3032584915 3091812766 8407302826 9230361900 12672583576 15186163408 12982959387 13670084149 11290825645 170563424 16746701410 4558870076 2040594346 8308636014 4161293814 13940996283 12817984521 2169800680 309965800]
[13383279253 2584885355 539916370 15609577438 3102032752 2530188021 11825045486 1959312525 12428690773 1629520536 1668535255 14461971942 2725784716 12391686367 988744700 3648451338 5090751554 1662574757 8094599867 2867161901]
[1965013797 9860853633 2326100854 629565640 9757393389 8363976062 9993201738 6674013623 525147637 16472766714 13778994697 14705066701 6822185728 16504594707 4535420003 1059877256 1165339076 4994451417 8948465706 6746906876]
[412758719 7499943198 2567619047 774529550 2884645118 9523545088 8533750099 12598605443 16707106489 3679305915 5716522500 4408960163 7592350800 16618172283 3516610249 9730039415 14332893842 7598289647 8758371729 10008712752]
[15094600298 9666591340 13136534132 12658705960 16896173806 13333861475 13076956877 7409518546 10546159815 17077856192 4109681899 635196676 7279132282 230088774 7567993571 7966531389 9054124614 16029456717 7790323256 613012570]
[6906878591 14450706061 8454079 17170629333 6731159238 4848658533 16766091309 12247454705 917218403 8372225944 259874914 13464950115 11532811788 9720339252 7695935544 4449062954 7422451989 2246967444 9853998295 14793916073]
[7832744419 8387883990 15577210553 1271375613 2867901094 12354819397 16515664199 13888628172 1600123240 14160279383 3082133078 2913937377 5596778754 4101958452 1446096706 9013697945 7798615441 11117566009 9811717161 17071726455]
[16985430335 13968866487 13986521759 14713180911 16613855008 12570304615 5686107204 4043123982 6899802135 6957787554 7017079890 604613165 6444008541 11525811225 12368951445 12878904665 1150757994 8787269941 10519629603 1894760541]
[15441188201 11305562813 10638123001 3821307656 12318819459 9014664280 14774753024 1952022488 13790388895 6224283123 1121353982 9305637350 2338761427 15770915286 3362078212 564584121 11700003014 1293492351 12970382953 5357942373]
[6186004754 2254678366 12455843871 8365589182 12145203473 777496159 187173371 13044625060 1269914749 2194661900 12230855222 6342378328 9471901528 2995178303 13193332964 4111629996 15825767310 6368921190 11190340625 14718998446]
[2245291083 12194418358 717282012 5313025191 2493827913 14205914613 12052047971 3732135302 15542936330 10458621137 14340475891 3086959699 11182877059 2371543633 4896333986 3117324301 15622143934 16058805682 14758234971 6220632849]
[15374206721 5270412856 6965930761 5607642071 9466283713 2561718580 12241400747 12886588240 5758579337 6125083071 2517001452 17106422727 11151387434 15426174465 885542752 13638879493 3361112292 15672307778 6894759028 11724125294]
[11193696785 16879175063 8439802005 5757207718 13579805444 6555084579 9454027727 6117643900 903295688 11754927217 13070715327 16984819778 15799758118 9549747900 9631721512 5384874203 11066983324 148217530 14828090654 6187346663]
[789927543 2169451012 1309185800 2303520790 13705729366 1986237977 543444125 10132312867 2668054616 13888947196 7735941160 7075264923 6959751193 6998819673 1148166806 2895442690 12013995444 8086507406 14350230838 5255771143]
[15284031400 15545926276 16445750776 14477874926 14152655746 826545564 1453702029 3069843228 4063721034 7725332638 11310065143 13706827515 8939271230 14081572741 2775354239 8278408622 2259468347 14464130364 16585089918 13373166434]
[12819587481 1574214472 5085226531 11067124570 12181224262 10918240806 8786304539 10057741955 3692103014 9156780774 3209224892 3669851882 12350530802 3081693443 4497958246 9069863111 5020368261 2861828439 2255361990 6017812042]
[16488270729 8583033496 3752856435 12665843818 17111412778 10371520380 1725096840 12404762553 13684345958 4782403248 3960476521 10576199811 15008949057 14526851330 135861875 3705258492 6042424371 332573381 2811921207 16078816732]
]