[[12305588473 10394649445 6727043041 7034641992 16204856839 17152038485 1498061512 63803413 1608531989 12418576338 13661829487 9470169542 12717999795 695360370 17029430849 13559715804 13808300101 8111097314 12582320899 3952601687]
[15809415343 8563147434 15076951930 5335886266 2152965166 6779932355 13770455926 11123611174 13442712725 9230130648 6939843546 13289310605 7417537655 1991873377 12230821950 11435444478 13889950348 2507563625 14462301108 16454635902]
[12614028607 14613587343 7909505835 12506169111 10984420242 16225682479 2128018666 11026488846 5434734905 1377497261 15702024630 10888587838 9546314837 12478608381 14077390501 2229617518 16162150552 9142003129 8493398067 16567984136]
[457361955 6453051752 2999602401 16982334631 16252479323 11860630580 14766734835 4486923894 8007197838 484444036 13725331990 16543579062 2056963513 13630659410 2132644286 15426600408 5077683205 3505213872 3331388513 7451021099]
[10154882304 8471696140 14101720187 5897268343 11891266678 7777124925 4381338187 2533596391 14574300099 7508750583 6175729922 13866597372 15760415922 10192419999 4528651294 712454256 2155211298 5281948896 815786791 14749836492]
[8453461219 2664830403 1820874772 5376183062 1992671264 15955617790 11808875124 8296562790 8734621294 5639620840 9818251667 10654447393 9317181309 9797988889 4146205959 854582788 2852530758 7599876498 6326382744 14322472816]
[6461785591 12195340574 10848079933 6976512665 13871657563 15332606046 13142060811 7893148130 12727928079 12372022445 561646478 14752841585 8934911482 4668391810 9172563203 10717909485 14236905818 14340052090 3087286025 8202836160]
[16835452586 10997631332 11969724206 14458482011 11936578714 8759961249 475734374 9646337118 4512500838 8994287718 16886793811 7645664043 11428153937 10565472261 8520581111 8093752068 11391998534 12208560438 14819234887 3513545496]
[6016296382 1103517595 15206169065 8802777631 7849848094 7120101078 11239028311 698125770 2709750329 16428885547 9096730428 14667986795 12932934663 7246413348 9530598893 3720434158 217329202 7876642584 4625603104 3341372419]
[6873550793 15571540653 2488474486 16593815318 16425233295 2893398354 4204018157 15291044170 943401029 8040045553 2078608769 12042162378 5195769561 1081276353 14481591173 3044089535 10026107401 10892755366 3480350470 16709740614]
[7536163575 11638881648 16940023538 921412200 8468415595 15435883837 10058154400 10431526529 12422512929 14114882558 15324197837 7997247503 15752487627 5303938408 3700367733 2198528675 14212745641 1357933636 11704600882 13950177059]
[9682383400 11881367165 13639661298 1149813875 9014370226 4361963206 5242992900 3301686341 15451705718 8209744894 3802917500 6461395943 14130232260 8330589615 3186412359 5424155185 7985071620 7820106689 10280308817 6330873905]
[12804761026 5002669244 14903911459 6867189155 13897619512 1708418073 15417544278 5269835147 14922202212 10223717003 7690984218 4507192920 14807508900 2718116348 14324452631 2052434130 16141159543 5304841165 5874816568 1655508168]
[8836408476 4963315508 15124060835 7122640823 6495063641 999791053 1493641019 3994794333 5718021099 9652573088 7196139790 15549845493 1359979305 6779700040 12203151468 14602196942 16984124814 12755392700 16582999664 7600273981]
[8332795579 16383050833 6509743432 10199494918 3527917051 12891186081 13455754958 4177140758 13717941599 16499104990 15523108395 9365446839 14778989915 2067082479 15986447502 14802803553 3750701390 15191828346 93492921 6053763968]
[199399717 11888925066 1397380843 10139791187 14051218604 9100067269 15966564149 4733926799 4089832036 1853484486 3088402658 7267801535 10594325906 3399636593 15885582451 1809297015 15971610182 9457090926 6811477041 1084591374]
[3289472154 5438522623 13815268257 8666481948 13152431202 12370325400 8200465148 14812424193 13591765751 9995619926 8234652387 13232051245 11429860627 5685944298 4736709062 12414233164 8434756323 11468911809 13783929140 9962908614]
[4631231582 6795881854 12094270764 1960426092 9761873918 6264299478 9493493815 13377865896 6878472096 9125837101 15898849829 11559730945 14370985124 4524417912 17046505147 13735304994 7465122500 12088080521 10342513071 8782370252]
[4578435897 4674558360 7110482577 1360896337 5096211088 9801873686 910162296 8919212801 931054636 11509438638 13805135865 11745830648 13991487779 552851685 7897892112 2838795502 3979196385 16424766031 11788071647 8687343145]
[12497905633 12114610895 1747671151 9166404557 12505601992 8647272794 8857357466 8153452407 4203422305 11282409218 15882741048 8637285698 7849583249 13034176344 6332661493 5863545665 6915357882 5175325264 16701965403 15969430792]
]