[[7639905371 12842964510 16727931053 5156553278 14522011725 4070982489 5000410630 2709279184 6484482041 12012439804 11882069865 14610649572 11531312541 9681828009 2973426852 7030984672 13541368211 8632612266 595259218 15958824967]
[11286104607 2063904898 11025794552 10658872066 9942313169 15170715461 972244749 17071957815 5877130857 12137461411 11668965568 5205735970 14193560767 1509734818 3270840360 16202553000 8861665705 16158960456 9006159623 13397293229]
[15663840240 17124737675 12175556758 13135664919 6542347345 14282560697 12870688210 5240137702 14383965285 374245904 5225467590 16103891255 8280969478 8131788951 10522373882 13747979309 12571628684 6460460752 8065549302 4747459066]
[13003461643 13547000495 11151549851 1302834323 8809318748 16823837246 8617722048 16739751429 16632467598 14009272451 4905476320 5282128655 10221003392 4636714220 13136271459 15585577060 13667555633 15274118263 1792557245 10234491708]
[9788567292 11044002688 12920874391 848452716 4620649956 14552942212 7803643959 9002275395 2170363240 13712322772 15727823258 15078450474 11255192622 10151159712 2069037567 9929056812 5317334129 6755919366 6859888447 11348900457]
[15942987457 5099737296 6822036833 4509912968 1580273919 7393045125 4763130629 11855851190 15143485390 9468502791 8760026172 1472243521 12632131604 16109610249 15658502127 11051221698 9568808392 7768304217 674226068 7729542402]
[2394888061 9219267723 4925700153 2320814498 2795116043 612147941 1046365039 3966697126 12358937200 12379077642 6228556684 2124552221 4360787579 8075624120 5764558829 3664266079 16351950409 13728365861 14610747510 15015871255]
[2868434841 8749573233 9981930587 12102467492 15208504842 14862134504 14811650218 11696152024 6891766576 6805490444 16084930272 16410264652 13634195863 7557127327 7977534825 11338665410 16272500174 13884392253 13151917499 1323091281]
[9277206006 8540789337 8613180760 15271557050 14943380282 12502269703 1142420132 11076427363 3812530142 14090869530 22830422 14513250944 1405286504 2607572483 4721751443 6771515766 12777234607 564123505 13023403299 6848851066]
[11192202548 11382748876 1253300673 12050391211 14483913441 5449139841 6932898781 14255935667 5215092582 8112852401 5827230884 14014574322 987722763 12375795913 14774141426 16329949947 2714781261 2698083643 10533829503 13876795999]
[2563146294 5008290664 13521156670 183579170 10627957514 12181605829 9000762554 6745447772 8547261497 9376141479 15200082501 304869992 16693119563 16630327565 3985085451 12807579809 9181543263 612770841 6424304802 3090208350]
[5061798520 12945190951 2696975612 9416155957 9039807959 5893238883 11782857020 11818388449 3534074250 4737320852 16666134883 15315049763 16455641129 11019634191 10010323098 11378969896 10131775617 9362751537 91332320 5990784048]
[2582311083 734483841 9619857562 9681738895 2109793572 9146596592 5456612689 5814197555 7687925517 10150345000 3217681793 3053547352 3511306478 1147434457 5375030174 17174619138 12599522341 6766241278 8779883045 11190100775]
[7910118622 13941216607 13281902735 13363255907 253605716 6363560936 466854786 1260175322 13157988178 6147089510 8546318893 3547126890 102705458 12609913021 6000709943 12784038361 8546826310 4024973221 4274625086 4776610593]
[12257487960 11661734305 16224063507 3631907748 4456851170 6227888325 12325575116 16417079582 5282586320 11151878788 16876847591 12648255912 2576406643 1705487556 7386203021 11094319662 10631966573 16313522603 8846724175 5950775437]
[4657608992 6746508286 14094121774 6669919267 7334714915 14581779568 10172209322 9150755611 4631909645 8247899267 7210213649 14339931486 12436478418 9621535982 12552247610 3423564519 1687930333 12696341950 1446952179 13837398334]
[3840149778 3013875518 15784824223 6306144851 14908378708 16300494692 11687995381 10180440429 4634128940 2336029212 8932415254 8101897490 12204516104 9638806197 5700974181 13999143009 11538193943 4108569232 10046099435 10728334584]
[9697518806 12370549306 6374303754 14629866714 13989175081 1400685958 9099833193 16716451524 14337104670 14949153647 8334702182 2899042738 13078828611 1824146774 14283553667 5357443242 6881592089 16669780081 12564410429 15381031367]
[7305941513 6823757151 8449355690 13739931258 11487543750 6828097143 14047682192 15191187318 13842510125 5334764885 2049420271 13902502882 4642993120 1546140539 14454617546 15631878334 4388429685 802639936 12962439013 12662540124]
[12112070529 11015434649 9194689887 14843809427 16127573043 14091710568 1202499835 11764372617 5518013205 12489823918 2584366158 7595294678 3031502711 12448882243 5538866055 6404406166 9309272444 12355920432 5913948284 5126726108]
]