[[16333750820 8868642334 14075346270 12894003857 5765155387 9796737955 6067969386 5444250193 15988624765 5903421624 8826635724 16000196885 16721196839 11039150873 3243253126 16823038164 12159262960 9484405821 10783675652 11373916779]
[144095565 9843242149 1980220559 1949566475 1927783435 4886338176 10386354542 11340890001 206577660 16086004535 10006795828 9748978652 13347845206 400720618 10767287096 13731301231 6601092539 9060851099 3791822065 4934188222]
[4565797244 2121049369 12952839802 16740532010 2985313229 194180965 15218060417 779017503 428398325 11678931665 5113536322 12007936388 2662195477 4911447288 11073326279 4206780813 12381321928 15740598017 12850470345 1362273937]
[2143648216 7278082695 8214218345 838355847 5725134531 14265422870 9849910845 13356036762 4711843208 4909078924 9735420296 2781652664 5975637227 8557776454 3009943467 11932596660 12372514070 15659257566 1694868463 7637592526]
[7890929490 15656199270 11109561743 15022726362 1086250650 3614803369 2722699549 10578466093 8021669102 3029776568 5369088188 6297631884 14146823571 7863036640 4072200718 11602065753 14023361139 11080027692 9140166160 15644336332]
[12260428499 469235060 541260728 11099348977 122194695 1943545230 15801341153 4235124255 2416315765 15800756003 6843262952 10458956949 5360669834 10776518290 9081306123 579993464 5076140188 2327215292 7185749959 13590687874]
[2538628754 1932001121 4837141800 9777375714 10943783850 14601914227 13794566320 14404349134 3397444936 11469052908 685503767 9868447936 15830215881 14692267261 5816608074 2212150755 15372893931 7485153809 1534162765 5662560152]
[6337941271 8834920042 11093667872 12549236284 11378222654 9684376543 3571145717 3746165904 9198786712 16781937640 10887074598 14381468757 7194966360 12865915779 16814951549 13619641139 11400228434 3077703941 4739174321 4300831938]
[17158899409 8935617017 4339403000 10666088270 8987770602 210820112 9089283914 7673330184 8393956209 13392567214 7510298656 43224542 12829238189 4523256502 3774030204 2612081965 1291276228 7646413715 14615497751 7274323184]
[12079064818 4071443088 6443565073 6929641402 725928427 16939607510 8403569179 9093902103 9764147069 6376977562 16677665195 16658454817 3451219780 5149232581 7797803693 4776188142 8439847871 11341604816 11611550864 3930940617]
[2637564880 1965886616 10975324922 1233254249 11137037044 8339095443 6395084089 6322158430 6723212430 12320979014 7629586100 1688005612 8154033997 7781308051 58520962 7307302472 14629002228 4017208241 8597825860 15130552274]
[16878880928 11055118799 8194509705 11351541839 7956492034 4610076455 9076451807 15817422937 15412400326 16618675706 1483920313 12503295080 9100610628 9981498691 14386478544 8041715520 230051218 2931846778 7467012666 17159778220]
[11209483075 11561912994 8458638614 2597001571 11366483355 10828601249 8012310941 1169612348 11950751363 7193436427 1054266495 6778767818 6085455895 5747040529 17064841967 16662206618 14355697315 12704731432 1911827046 4702156417]
[14560053357 4446166425 14914442241 1035555378 10341216461 5805528511 2084840680 15204030841 7613519282 9834338727 7738971099 12061184374 5260373517 14047644310 1098979156 2201153240 43798918 14354229621 5340299875 15206371036]
[3358949572 6115842014 16370569563 10278456063 3115229097 3974733678 12768838413 9824498612 9051027645 4718762932 14071285664 715819845 2658616391 10770270383 16315289143 16728633487 11160919713 10847736235 16020424891 14371173044]
[16211843238 11749356201 12972919021 8612573307 7979893761 5444053650 9833586816 7893576788 8346434241 10808089934 9632011065 3304147027 15824935215 9537481488 4411811315 16237190943 2738868637 4182362884 645635129 2400871945]
[12740090741 10706344430 221091832 1684882838 12529708141 3165513524 2104004477 17008166618 7535733023 16655362414 16832472587 14447459889 5450223962 9680771629 8628261062 2149577533 12139944627 11912036480 7703709940 857987447]
[16043721653 6366188372 428057699 3952158150 6277122019 11665952605 1563899111 15597457637 10115296686 7020165779 8557128676 5557879228 9990323023 13326871991 15767263304 11523265877 1797690957 11685605755 224691541 3129937179]
[7210165569 2877445586 15587531364 9780610212 10908431750 17138232565 12805756765 3602823647 12994425075 1292722474 2674053008 3433804780 720571282 14483694010 1408223726 954178420 4627184266 783151452 3008741900 15750194331]
[13519723447 1462900045 7194236776 11260663264 9239525112 7396778356 11623890356 2926292629 15697266747 1685569636 9184768676 1149694390 5995870299 111642448 6641636675 740530175 10066732697 6927455591 6935939389 8873072944]
]