[[14162800562 16964452248 4597981243 4017255361 4039586385 1846088805 8540552604 8502642005 12614398937 14009966042 16965788761 12787097649 7504593079 16565509867 9183401170 2643276971 12686986783 1280755966 1835700136 16911072535]
[10420341261 16858221164 8560865544 1642136934 3302241142 13680554790 3544523677 955593370 1087300889 14631902321 16774812185 6792580412 14164102513 5923877745 4539507717 5825803484 13978543638 3308053599 8977677592 5713256430]
[2822957335 849569744 15484082533 5840164914 630957407 6856851017 5545874351 2664170832 2339944155 12956241933 304566622 12301950643 809292145 2436359444 4875508451 7928759960 6943811279 14947902808 16412773925 10205660050]
[12476909546 531069175 10157773926 2807037352 9269304872 15976041635 8453684021 1088442450 14354337661 1738182305 9820504232 10583960025 3972646288 17118628045 15330546056 13059897061 3989556172 5646389035 725318552 12576838567]
[14925130691 13488243732 12055383577 1657855692 15495335415 8422918533 7257371839 9477900345 14509357970 3543566223 5967708766 2422666849 9818131229 9121098792 1668585446 7359265679 1582753630 6611324929 12857094782 12637214315]
[6752184814 469649445 9954340977 3151608130 6545060025 1642497322 14974141619 15904114759 10695658474 8061619938 4008818621 5033571541 15574544809 2898773525 5267685127 11963135618 2440122792 7318546777 2491771897 14086124986]
[3192381575 3932421155 4884631410 4160964333 14827599350 14988022454 13228994485 7826445739 8371200341 6849765815 15683288543 4127935784 14320286054 4007906876 9723747430 6645746375 15544656202 4231462178 12936147659 10567301869]
[17125630030 16950965085 8590937941 7438891443 16238085751 4466096979 16018246346 6100942786 10338846452 14316679759 11320426363 2036735046 10086741882 9866024482 6187568928 15110886460 14833237794 3781321913 5340069609 4559397411]
[9825218299 4513929383 1295683793 1963527740 267431351 13185453912 812625299 7887649127 7333909748 9157033806 255094396 653996775 2702644322 15668383230 6046266176 15526141499 2294526410 17104013825 16424933703 7433292012]
[8073373975 6488399726 14859158917 678459857 11679863787 3296544086 11614881316 7161175616 12848857618 7035014042 4755343720 8212834067 10214702176 3130814438 15551360641 2575157855 12468456113 3030654098 5390523216 11316382513]
[8610135037 16432717011 1750030263 10462117715 1078264046 14646763366 13150697641 14479974511 535584142 15331671644 2463818154 12218970667 4641303618 5633312206 16470570316 6483696396 14666418327 4929657930 10101044706 3980144644]
[24117256 5233087160 2692993273 2181947926 6791261790 12473966664 6486752079 13386998009 8118513858 2823777624 4626439699 8421106359 11171350486 5230528280 4675020030 9462431467 2834519212 5461546024 9967761985 13430329455]
[11955849633 16651603361 3402328730 2906313979 9664394045 2177728619 8362348669 13914580897 15557967204 8951818161 8145006601 8970015642 1326517691 9466223578 11222365829 6103034595 3122002130 15256260628 4207313771 8790561839]
[10070169291 2215352418 17022470820 11635326807 8020993910 2403366882 10032284352 15778733160 10830308230 452273747 15347707377 16759965689 9074701709 3260705347 15084547227 839717924 1888379714 13076474893 1454634021 5307255201]
[15099477429 14681982788 12889761839 1941664875 4698720735 6821671786 10634128559 9646443147 514291680 179392614 13920815420 10722375837 13862570187 12982840802 4316902316 312816999 14452746503 6395197673 7740767315 2793417115]
[8636708682 9240422473 15477538015 1582948484 7063732210 4700288622 9764726238 13715508768 4288028810 10232360090 8653603250 3685478362 12021636256 15399224272 11726078794 256949865 8197306372 13216999770 13141593407 7745950024]
[16020743560 9488272704 4650572958 1548955866 6348423849 15689051724 11729555814 12116904394 4456555827 2715428939 7796539274 9626760888 3223019588 7393932800 10928168880 15647160409 3353310749 12877147403 15100693318 16597633649]
[9665063317 11612457682 12885714814 11500687470 7900187774 13162850273 11411767854 4586986729 9087390095 9912987242 14929284867 851885410 10976202355 1479113113 1424648537 484154607 5371952779 3282843470 11692934314 11986796317]
[2130182813 1334725035 9304528066 17155754465 9200245685 6203438505 11151835941 16434642352 2850675352 3278505618 9839102598 16721443457 12864223249 16358077213 7955086298 6686545747 3391372850 10566989574 9375688088 3722643984]
[8503673901 11054448729 8450212430 1415422307 5396063771 338280587 8489336119 16317894462 943609105 12304409655 10838328725 11577274279 10076845049 5063681319 12491183082 15916859726 6744822630 14402260397 771703774 2481372063]
]