[[6870949120 4854126898 13192416789 1530045941 2455867124 8887122598 2880207805 1873320039 742276176 12616851218 15190616631 10526645363 7930499197 1744619814 15595288180 15554665375 13184351428 14745509697 5892096908 9130030873]
[2543886239 14849071616 10891101374 13640693689 2675401581 17088567707 9387455406 3230548831 3974008942 11040331715 16734427824 1736488309 16106781602 4614812628 606345045 13062177126 11121532156 15666516663 15964949995 9064181565]
[12159820313 3275047247 16249873244 14847629983 7490619872 5936630655 11505136877 7027505110 8955227501 13046859635 328971801 8788684276 5029823977 11330517789 15864374635 16998371447 11817418560 15075222613 1865142281 11557456093]
[1438642058 17081702737 2320571011 16203774569 1812312782 9786670499 12894126919 16345752132 8777869591 10430126456 15876396391 1742941163 3352392017 9762248352 11022715193 5205616808 15411411788 4534278449 2646159634 5174135451]
[6722164070 4651955161 14401972327 12724071208 3347185422 9416493848 3500802205 6355685144 7785365550 5336746953 12092075863 12103103085 16927771181 10297441064 6006825250 3309643587 5968955689 1326735874 11201765755 8080700822]
[6403621407 14766865617 15093387573 2064776822 1325309120 9626607735 14491594580 546373271 15181189880 1977454897 17023254275 7520091901 4847552852 12685858237 13222819679 1183475535 14046529261 4629042497 12332328099 16587099356]
[8415208412 12265341331 14449646280 6419798564 5389205973 4948234320 11368176010 7172061302 5499691711 3265483838 16296473838 13904752595 8157916499 14883252899 10180193335 1180182073 12203525673 1919958494 6095636183 2496433277]
[12598501919 9837028458 10117778398 5359247744 9915325201 1696249933 15045284219 12930008745 10084892816 8348439228 5478060583 12711305242 2346917891 14348393489 6774800318 15621287648 13871282016 13800915411 462120659 11023833640]
[17030599833 3347980367 11882133108 15780251828 15781992639 6668437317 8964626012 4505740201 9619708682 16416339440 1940317056 3605542727 913588176 11420468085 16678286371 7248691892 3561517030 7861013192 844294050 5134574157]
[10227917261 6950768555 7451809848 12905261820 8692269218 2226645278 10137777664 8642888035 14121860443 13119236344 15797290633 8854942655 7684831391 10271901454 6574208942 4442784818 11348165463 1979150185 8613323212 5034343797]
[11954598629 13533687481 11730828439 8602568139 3853132043 14405705132 6672379834 2074440967 7285640668 4684783224 3437262832 14596483821 68609965 3555569685 14020899254 4710709431 5014123338 1660839427 15716627073 10550223772]
[14616175635 6478124082 6450722054 16664560174 14957170369 969521011 15649329941 15025738224 8973140435 12290568937 12763300261 12240200550 13281994008 5709793062 11615575441 9227346887 8066234395 9840724243 4494612005 14797648472]
[4166038131 9393426865 12354061005 6693484537 12800568273 2270328959 10088332226 16017422591 12524635177 11327303049 13705705929 16362647178 14290031074 14722159716 15506551947 13014173154 212010421 12319792994 7741710192 1325377937]
[3385903353 13696390357 7187097152 15282247039 14345817442 11431031413 13381532868 16562853795 4444662565 124828758 12032763098 14631393955 9808935605 11671291462 15613109753 17130633611 203426148 9899965720 8119571343 6531820094]
[15833111773 12991807931 7883102208 4350931925 1315424866 7035017645 9679811434 5528041767 3919125936 17135792850 4316037434 3530011226 8383888341 13627958453 4596229072 12856727774 15950106845 10817567873 12157949228 11321025281]
[5960754877 3017330921 6267226587 5387148211 8200091413 186273768 15407494681 2849472206 106195627 7888788868 1860791938 10697453005 10034305537 9577923613 1743446474 3666063548 10938240464 12108223437 6736923441 6064898023]
[15258871620 8825666654 11229819054 17150415686 10749178160 14348660146 12215805602 8323848760 11020571075 16678226541 11719232396 9443461819 17161188213 13446341449 8651336817 14834258517 1469775563 11911758895 6099838493 16846316890]
[9712561945 428320049 10920738512 17157043863 8917660575 4618400811 17151756244 17120932165 10617967469 8732536615 16740089172 10371280806 5055951057 2791703119 4649901938 10676351276 3048889658 5560227648 2438708042 3814979217]
[14808659643 15161676029 8303359690 7056350563 10813598284 5813593773 9903630477 4478358651 13994832377 3872829085 961583369 15668933820 14273149817 6367976377 8875774732 13944593645 10574315636 2633062858 785719049 3938676087]
[4377435392 6885490216 11993194296 751624287 13701373365 3571517904 12412277535 5496399700 6166140220 13120565492 4465700186 1836024770 14586809063 8483800369 2197465401 7640111246 13461177358 6003595041 16481292176 13258036238]
]