[[5411428593 12472118892 1957930504 2355912056 205626633 16068624974 15290486287 16757655404 15334460531 16908495040 4063190186 7537014639 6734892790 1094198599 4245884257 13143516586 7892311771 7948225915 14189825667 14796264482]
[14243030597 7086958046 13282199433 8355092234 14690516756 10156690565 7102628289 7701751498 12232405451 2726467023 6088147194 10879750482 4368545955 8691388955 6497790891 11507048728 13197443640 16993795636 16790476367 6856159663]
[11373849543 8585955070 17128750448 12269953055 5580483620 1795888081 10833782991 5444068690 10111495235 15765130240 9780627453 630079820 5576097216 11675273988 617716596 16348580044 6654125249 1181220914 947660297 13667788987]
[9268865198 5594422962 5096073326 1075178641 5682270003 17097058171 7764242450 2133582853 14594579146 1975642292 6273860216 5806918204 6679353938 15657285535 9214046810 896132970 9509592846 7186775998 12034508375 10769092985]
[16828958445 109396439 13638526723 11600048657 6037980397 10406190112 14754544267 11786961306 165461630 2855641647 9889449267 9098198068 1008102388 1560780187 14934711247 14065487957 14570948439 3430558563 14080487045 15585391623]
[3363305053 17036338554 3357534633 7216223910 5576716036 1413982233 6718181108 5749335728 8140198611 3753218602 1556315351 9754741307 4577948588 15503200655 13547762759 16355951329 1928782481 13500300462 2037563435 5867403972]
[11463124163 11775033621 15749679796 16391024865 10510938392 342409055 16042353973 1049997995 8942514905 5063591887 3392899957 5168996845 885287547 16638545029 12456388411 9084609553 5197018054 13828791784 2518216916 13098945954]
[15777040353 15031112698 11051481743 9399328422 8122265471 3150928073 4334076608 14889774033 5714046436 6539489138 16897114797 13436354520 5477964874 13394949822 10741684648 10871708117 10599252916 14020322649 2269964481 11553388655]
[2367704053 11636642454 7208409039 3058781293 11433341962 8063394112 14284752935 16480931321 404789259 5167276264 12179506361 3947305864 14095710928 14763513729 3549103008 6912900711 9634596714 15727236740 9731710863 13027760725]
[14614666536 4060006912 15855886422 944441991 5524536269 2214344534 15784619894 13553585509 6330495623 398729568 15319484985 5232374802 16242279292 16614803677 4498150686 16243565567 4638536740 3142590438 15684479252 8636079901]
[7879041053 3790556623 2294042881 1688400547 10786385188 9743933951 1340507071 11320044748 5929208988 1271200705 10524005574 13433474712 12551574936 14675764885 7235309744 10561823855 7379890846 11630437701 16968668477 14165817271]
[3891218950 1586810180 10431878013 15160678707 14968780363 11921919403 6594707437 2100641698 3784173981 10739657773 9633786678 3870106905 10357222332 7235787421 9380164013 5033277754 1934680929 9086804095 6022021492 8967803923]
[16534422963 13209207273 15552922682 1128187624 6915756376 11384443205 759556498 882583674 11502795093 6479693237 7665096153 10618516443 3917177350 9898801676 15161336102 12377615076 7022797523 7685721196 12279914912 4203411416]
[12717403722 1799734770 11524820925 1226831116 3797650408 2137874330 7363654354 15855582645 2679923018 1483006355 14602828853 2398384315 5846377136 243234166 14393290678 8746926743 1049335516 16205145982 14781260169 10233222896]
[6388600085 14991172643 5757050653 9729880847 15910349862 10950699572 1153658967 9312502233 11372178955 5616521631 17070456514 6141599192 13695529979 9633316855 13941884740 3788361613 4342866378 2237174527 15732065313 15255909966]
[7171865054 7756446168 5602257022 6225370531 7789545026 2611194123 3695266276 11146534542 15254497281 11715867772 14658473785 1116166325 9628385150 11427850323 6424535120 9818616718 186513806 4515326378 3218035364 10068422719]
[9787319581 4278965068 8398020320 10945714299 16937265724 9771714704 14185985906 12886697211 8739685837 16608118515 3298879757 5585971456 8776763080 7055702280 4382448351 1578285331 3970708753 5690510182 12661558618 17089520792]
[14768947315 7266870786 5056379835 13365530893 2603363392 1604677178 6836242751 10017828114 8348599625 177852780 1545851274 12188232724 7429521247 12042077201 10023049421 4851948411 12072276925 275751539 4832546003 12683028919]
[2184498363 4253125316 13317931560 6501067093 3899779249 7327174154 10185222962 2170920373 10438989531 2448907207 3800656358 14691782741 9604930245 11140560161 14551969235 4563776077 15625660909 15639171788 14743475650 17107982301]
[14323542575 2661436820 11691425506 5883577857 11442518520 4242203474 10576008158 6896825978 10131460967 5014358651 17090379067 2702683246 13945011400 4385437155 5088897192 16928314089 10621793502 6263602123 6963559009 3948049228]
]