[[16257866922 2219005123 1524743335 1984944533 1607145074 2862735692 14485495061 930099416 4824329459 14844112096 117714547 3258533868 4714973116 13847911859 7180217286 11330208027 7693216007 16231760867 803221443 8498370157]
[5178454808 14374606873 15414545462 5454785724 15205257817 10088457749 6564923979 9494969968 4825128100 14345571467 16359576150 10602191876 1085926423 11054185812 12614623384 15579209167 9601678507 12159347684 14417719220 12847862802]
[8794862870 10748362799 8998360111 16902677435 15191146735 8045401784 16756816377 7142948670 12399193306 4560884950 10599152171 9941872194 9685725522 13283057003 3400716366 4165370940 15614183115 13662434266 5446094756 16331898209]
[14070634936 13020611249 1362788389 7945026360 11649532142 2729810256 2210285248 6461373878 14276242652 9094054363 11884237310 15612455819 14357306260 12905098833 12937503329 1755889301 6330717174 6982586130 12942180964 7008837909]
[12861221988 9742488246 16868791850 12839684629 11938212936 1698869678 14897796895 9609689275 6298087358 9524005969 2787910726 4310869089 10229927556 11486931297 13125753732 5528674738 6381216583 2345161985 2041329074 472528877]
[6331094007 6143334597 6460844260 8332064858 6876649380 976865853 15708451228 3008359378 193896287 11851357719 11367717788 7492257300 9136205803 2733732020 15076495068 10639472760 9264735878 7637923875 7236555623 2703992978]
[16896088475 11623417641 8645935717 11312619135 13077594424 15401840113 533053686 10830073572 1027343157 15513184068 5913659847 9672241472 2695849214 4547151762 4232065759 6482045916 15417096466 17064443537 14446254583 6050596537]
[16648706591 10562858288 1670864840 439623405 1311810993 6330295426 4822470989 8104543 11153889131 6354607916 15217748309 13089682321 11164105952 1749122854 4857955358 112656515 15390556257 181696857 2092988267 2541802036]
[6552897085 9568373950 11489021800 3092034151 8168819193 5542947306 14656579183 12056929001 15433292393 12929822409 5990030200 5974855127 15339915904 15687254760 17070659912 4564991826 12948435855 6514204492 11821414705 16476941733]
[9085130044 2860363467 1442426837 9552766381 6793013147 11193269054 1041987425 8504003128 4386474360 3505099724 7429087743 7675650556 12008769763 14208764862 11267932546 16503051638 718081238 12272912832 14227084136 5722007989]
[12131506859 14885275735 9895001317 6054804333 12141271999 5290597471 9263722411 11778136027 2834273673 12673777931 9920580498 14797008821 11907052810 11279891195 8990418672 9485987431 8369407442 14538820276 3541611303 5372343161]
[4925788307 13293296230 11714850402 2574523815 4906596552 7334623560 4026297852 8596446613 419275809 1891799559 12714700724 8185309029 1405436135 2224998372 10196078978 9887047194 7205214432 4685874038 11426094221 11709816477]
[15513803963 14683196741 242723056 1426191427 5641014162 3189669023 13987635398 5902285372 7481078855 13556971083 6847239623 12671202289 7540692148 7553711279 16450512937 8509917250 15631820713 9363519436 15301516251 16669932127]
[3835029169 13345058965 10918878597 1790033003 8064755650 9624746464 5897622622 11327417378 6063442970 6851287999 10517709237 16875368329 3992134849 9802769461 2267482574 2797585723 8098432353 11175401720 904191458 14719663072]
[5900354643 672712687 12550306188 8460968271 4293919100 14182547560 6958990573 10164408523 10305810836 7282128789 8354270160 744036332 11538650872 11287145737 6547362138 7747759116 1249718040 17083548922 5954251931 10279737631]
[15904748739 6956324537 7900612482 6935964783 8625858023 3559827167 7666243081 5198179458 3038213602 11963698472 16905877929 13722763291 13196768081 5436923169 6107778228 7985111933 3939458360 6542171208 9548380543 3564848813]
[16640370476 2056088227 124864813 6374627575 2806807436 551147892 16102473683 3457936682 12779353093 1264923951 12715475109 10726594921 10875938984 9067157872 15199602852 2810720563 15981462708 8231406612 15297317568 546889793]
[10686010529 3344460064 7163448613 14653432931 12250667383 1175114604 4560441371 16129401569 8325068810 14831984157 15138320541 2427897369 12962336389 3079391542 10514802165 11063747582 16645595132 925289523 15608696500 13083942819]
[14408097072 15479827816 6620184065 3692504633 1316628416 2255904914 6319890921 4165167338 1561229905 16737711312 15567372331 2171930744 9101421598 8914627035 10289204582 11837529654 15697011838 10495832283 4120077831 16549062298]
[15967580093 2891428244 625279394 7730334610 16559846051 8278874373 548184522 10077977949 14773975048 9274385860 5714596135 11291763525 5835929443 2530212718 3129016097 15412662053 265783033 14078061231 12512537675 11279606782]
]