[[2120809846 3443204066 2835373761 8559569485 5429224710 8839768597 12236820240 2265802591 5005705731 13314351799 15309245205 6912829275 284937212 4400480856 288956210 7889541763 2743722018 15287230520 1460425286 12796367762]
[11724207416 10434620761 1671739614 6229973649 4564695171 12187503938 11914447623 17127531626 4506593256 4453086620 8544320378 4417276240 12483502098 14512393500 15530481819 1538972781 10920042814 14339862440 5390570778 1988425119]
[9577342276 12360838995 10074997655 3163967121 11570421037 3391711203 7922717638 15475690236 2750907960 16736169070 2664818036 1479164941 8418951890 13830586137 13052073433 12655833237 6972041152 8227254970 8928497801 16531396772]
[3009091350 10155812540 9523183071 11485709547 11384638565 524321150 12255876343 2273948168 4976655189 2754602183 16773639351 16644834893 2488008507 15333438568 16528016165 11162757227 16519505589 4942553462 13808287193 8098633448]
[12606042691 13163463704 13466910520 8003477548 16112264365 15984800968 15759922768 16797696424 15202899658 4669946958 3810886915 8072984017 1392358810 6026209459 467550267 13705153412 10128945539 7265729576 4474036356 12047520185]
[8654307561 10371245500 8702287510 4238499460 5336438545 16872811045 438877355 3444898207 15548039789 11739141389 9898072430 179978770 2950077987 9505935702 1223710853 4984081858 6494826826 7187246727 9800643945 11458566838]
[13757670065 10560462596 15294917625 2109259688 4773302868 5565072664 1780588701 12407175235 434355686 7019770314 11922375020 7686400304 5857197000 16776691808 13131868161 10203795065 15367839287 12601345097 4485093531 3477725155]
[12071648919 14535744392 12316954691 16496053128 4770100278 5827074065 2071499646 2887932571 13716602645 13589123049 6384430875 12385993347 6924963629 9416842324 5033004488 5788367259 5470802971 10516414247 7861583097 5681866229]
[16616145333 5845422647 15385984066 4767986342 11942884299 2681435178 12757983938 16928533498 16339624788 16562563827 10343650737 8977442164 16258722751 16525253436 12124235477 7269694231 15501541506 2310937066 5262221870 14887473275]
[13742425759 518794855 2448276168 2823727567 1153810577 11029173107 4883966535 955214957 2640691096 9608147332 9403012316 2429629274 6560653121 10703561632 2573791586 14306486683 4534955843 11937177872 14760419067 16353866599]
[15574094479 5843951642 1159503296 10626023084 10829208409 14716245347 12238451122 17047652291 17090666026 3029106506 11155877983 7449683312 3027802565 620612512 10913682981 2232499045 6710848789 504808957 4719732590 13181921507]
[688753985 16901941316 15640396230 8041364461 12544225793 13418935472 8672028711 17031985552 4381629914 15748949701 6605728996 2858253362 2912091128 9123515843 1760571901 894955963 12440854429 7042271513 8297118487 12344710199]
[602725322 10567160807 16982395991 15899386853 1971903596 15349215587 16705036110 12356709624 15485721402 16409712398 1307509681 15981540442 8890801518 5811198115 2293563596 8854308124 7454964193 14290072104 8642525412 515745431]
[487886348 6434623119 5331761231 6660745542 11660012218 3024060672 17030401700 14015042443 8986892947 7856090530 15367201881 932291292 10971090162 8457780385 181308545 92735282 10994323404 878801168 8456024795 3989592514]
[4724129166 5293933690 6236812329 4158679311 1390658558 1124793800 5909462897 12733781768 10888835702 16463335747 13066413944 8681487540 6816673688 4894787953 1218960959 3395882094 16471459475 7417956900 7923729819 12807063358]
[14142950736 7469241424 16577561359 1851431751 7149305735 4365088826 17087798781 6981808743 2236879234 10088048989 9709227170 2959007912 10525060547 2683375327 16378763830 643135702 10384869449 13974163594 14080662609 11480650088]
[8937677178 14719191390 6924496036 14158408718 6280915908 2639457857 10294063566 11517182393 14285939403 3291785767 5154867620 12815383006 10570316270 15248731525 16317880155 3922309148 10867000601 9332200995 6255908394 1973268126]
[15410749435 8298024426 1469973948 3996647674 1444547857 2302936382 5503049505 11456838374 3045810731 4995005714 13681339496 9741789374 9362219377 4545723306 6495534859 9083826694 636357830 2083997658 8765970266 7447613156]
[10149147004 1833923523 10331749569 5134740555 1558657238 4047885543 1274442555 14809709464 7234528982 14916877890 942472501 1908752946 8998774032 2768057154 9335678332 6178744654 7847861930 2437204860 16367422238 11662406019]
[9609497633 16124075470 11065224070 6274807380 6629308275 15012120038 14423272226 11608907179 3445764893 16376358604 11953299517 6482023015 690975569 4099313320 3423557315 467026535 12065423879 13941497297 4954178409 7925558761]
]