[[1505234906 4035738151 15045312495 1665666874 7554536360 12624896887 14334453796 10855827923 9759816287 11316054226 1974942094 5543075164 3909638830 9043730489 11601911845 78038591 3298899105 11238899986 9364093090 15336432144]
[6963467761 9734115123 3085636977 14651580914 14171208766 13034696117 1068050945 4373466852 5493338131 1848052659 10405578004 8588555386 15181789487 12121770027 15550697582 6458153042 5983568124 2293932150 9871702927 15130114430]
[3326614365 2256546197 16992492871 7976089930 5886588617 5182259193 474041070 9433050069 9127651795 6519892823 9707100813 13881359242 12770467499 10304788933 4038532550 16383127293 11970947030 8737314323 14954972155 5219389646]
[6580436598 864803148 1442366327 5293676405 4807755288 9503216952 9927783888 2043576197 11381433816 15899529805 6266321531 4170911832 2110815288 13602063070 4395755562 13208310147 5089168203 5024577329 14692961250 667532209]
[11399399755 3857506607 2089611795 7766865078 13860475086 14634634153 5160694664 16620486682 5501699302 15272999095 10277802254 9775642295 7520762488 10952421977 4875382301 13556164656 10554398194 9318969047 10258327438 524219135]
[9635480906 9645468121 3415830075 7945155835 10834860222 11277618470 5114262220 11538095884 12608568851 7659344095 4412802704 11665060616 14237351104 14608415609 3892253827 5645547785 1782270412 7908506296 6219244137 11034401692]
[3540290499 10271727166 16158268802 5773495047 12068564364 15485579189 7410369023 14921757541 562061287 3661677873 4236868970 5291051996 3838208689 13085213843 16699578312 2311079437 5793505175 12547594661 8523693234 6774782542]
[5875991957 5260207179 12509459570 4896258370 13070054513 7120882696 15799928734 6642997081 8129753817 14395068603 8106865325 6015062071 13439683341 7583425999 9571118309 11232556243 11678025977 6642559778 12404012737 6905593650]
[10037056095 9591972330 4659362721 7116646162 8964430925 3983569999 7193402368 12454200635 15528643539 10828054526 12415631407 5555925381 3605960826 752800917 12891709002 16992910997 4672935401 1915674000 10183108637 1211812919]
[7729067315 1823862013 11185453870 9270281953 6583334248 7232115158 14142293307 9455617969 7370603710 6998560253 15359668599 1486883863 7231262689 4184265430 13719931094 6790697569 5320688345 7883320665 1845732019 3860481212]
[7480841863 1911218494 1856644661 233710106 5580021287 5668004757 9204351188 653768361 12295940677 15622507916 15543457109 9817704309 13662526432 5050943707 1700575132 11746993428 2923587793 16313812295 8078759444 13199454837]
[13033484502 4557268319 14598479898 10485059939 3206090369 10044818102 534540701 1095993442 3687129195 9534923985 17091040146 8816290671 2436895584 14046562015 11478763957 11083748322 8325501663 3307025520 15075631620 15132396679]
[2721402730 9919259450 7500988400 2593208168 16859702878 8003482869 1096031568 2455663932 7521650493 15481378860 10215968450 921363888 10628785439 332283717 4660082689 2507480337 12176119733 9097149852 390575702 9383918508]
[4973175857 2576905803 10786681005 6331456848 6057465517 9042801486 6759875823 15980299792 4782627535 4191676902 13274491773 14606857638 8236411542 11938658185 3610272543 14626010965 11950855574 16520276291 16355531901 5495052891]
[8919487553 13378751922 11963295482 9905363523 1782838873 5703225708 5800289739 1284215552 15046455236 6431588032 16079753552 9113215007 5409118888 6313594202 552834148 15942834191 7087084878 13717113840 2073051209 11018167014]
[1173431860 13128515044 5912164985 13212232387 13946730692 12294961678 30809942 15693260883 8152627091 7286707690 4044994164 2391130451 13636672695 7813640903 14496956383 5274420324 2914581070 5519364700 12017764023 12102725109]
[11510322116 13328413489 2955136653 13632087199 13735621758 11037598148 12842385188 12904493344 1572100133 1979633216 846716997 2351645931 4450248263 14678337172 13766708958 7601404359 15381326733 8495803718 7595568821 1464479396]
[5213114217 4372390544 6058301229 17155256147 2080946686 5840937771 14534914724 8400551418 11155914833 767243742 7217406391 5781032309 12019733581 5350979027 596573837 2990048081 8281025977 13101089488 12312983612 5828311692]
[319787308 14688368732 14446794878 9850405348 15856476703 2269897769 5125429855 7494606202 12865480335 9813134161 11587371074 8953384186 5413275701 6441437881 14235000044 3499357962 11658077554 4720764396 3562845821 271283329]
[11370976169 7587524998 696897503 12401543669 11979112969 7386151690 12222363647 5738919068 2333024144 1869726840 16037401971 12812026717 11738513159 7397709093 16901953859 4221955347 13984705161 5779574738 5261838164 3277404345]
]