[[9599612176 15605066269 6690820667 5817733073 9579813183 6295584052 9275016650 14799188826 9842559211 420812409 6357220554 11769057293 9736034829 11655896275 15669128544 8806142837 11676184824 13478341108 8289547456 5549073245]
[11930718606 4600676051 12499094669 6298970753 4412977221 8016528180 5126328198 15372826446 16094127406 14233239880 6177675384 1061342668 3252645162 71163926 4999429708 9294443556 14204170176 7191706116 6860315795 747790052]
[622412037 10930495639 15291528917 15191791418 1390140190 755095091 15346369800 7000511774 1411868938 3329923604 698869241 2128532 8491080831 179866262 13100286810 12308746686 4399637959 7738904822 5307313025 2273939407]
[12222784257 3635891104 8961590856 4113594920 1708331889 2403542061 12225374303 9444189789 4120331325 13195338486 9205830857 14463985267 15213616063 17007231268 5071079434 11965020458 13886867869 4689613153 11381696738 4266312859]
[13463360468 9652003424 1581053893 5123723707 3509010162 14184190373 6312689119 12808707505 5886646694 1479766255 8804520069 1186193650 1469052996 4594836536 12759465403 7921630667 13593206358 4816011399 12740006079 15380788265]
[7509320709 6420712641 6809906677 6891691219 10900359816 4654175168 3625386917 13528495199 10723916770 10756693174 5461805387 15496435645 14507794489 15251616949 15234582339 5010297186 3325563752 436588620 9138102902 5889342225]
[390232376 10199884337 13348917422 737266441 4060760089 13117917284 15364209244 13198922227 4631299330 13778433228 9786550651 16735007369 12113209690 908364017 15813340063 13053075354 12366784097 15087245603 605977480 3813576575]
[5551654252 1333249075 7746138325 488391673 3535792911 8615391176 9898576987 9735620406 1277980872 17077374207 7106917234 3054436218 4032240881 13653286279 9836131995 15779238005 13798663834 13485810836 15877838802 7000396504]
[16234057411 5058488167 3788130323 15452793334 6634562053 9250483436 17145012341 9515732798 6094602235 12191043659 577372630 12159477859 6207486288 13539127938 2981546033 12941487995 5095636631 8757762631 6129619161 12998034356]
[15776403545 3521327120 14918476853 8148503715 10510709808 2197741085 10755959314 1045403059 9325212827 2356194260 1611504204 7911368425 3120070023 8521940538 1858228864 3941069537 1582203510 6780101640 3319099727 14458452660]
[2708608729 5771373694 10388167839 6240332444 11761055077 464942039 721820292 16241792671 545244120 3336170061 14830325049 2878833198 14527509993 7216280914 901491523 10526201289 13655991217 2393340896 13979513601 7388143804]
[16367101331 5920448839 15210017500 12931453590 12272815038 14177315829 1493546378 9651824496 3103142108 3813045584 5966449649 6152215828 14596256163 1938158272 14906651571 16279455932 1315502643 8855098151 2201384547 11256479116]
[6256866331 16133981963 15557877034 11177645734 6191210049 8436981255 5195410678 1980669963 7137349006 4425891158 3664073393 13138887198 16823259761 10519369905 9303814480 8361587763 11576931700 2743368778 14118408164 14097357520]
[15463264394 1229860830 3750427042 5355490406 16177465370 645584608 4884349562 10165457856 6073441183 3979772306 16690314670 16098860388 6360073393 329045638 13046189359 1203680524 7193441251 1435358362 15859100740 2646337947]
[8075761870 7279498105 14001727821 1891387271 1793220439 3393046298 736612387 10368374600 6581708645 12168046157 12827290443 8560618333 16016424895 4592878802 474021933 9312418798 15473459928 11526362904 707536188 8690294862]
[2156274803 2926284591 2015817652 5772101927 109780173 6430855145 2798676472 2058273335 1601813593 2930021699 734205411 6009657137 10222504981 5242473175 203362337 13594179836 4548895043 12784823410 13500268110 188578394]
[1152630286 15895773885 2422111990 15901694993 2960884347 11377299219 6637038628 15263942131 14270378319 1384525688 15457869431 11850021908 2878317267 499415548 4260894332 2844405573 13103469101 6653263429 10760401052 10827024390]
[4254167864 14920101090 12996150139 15963908845 9837656743 11079455473 10988149014 5781281941 9696051680 6194996433 13179380094 733686093 16056222273 1189000314 5323575005 6259130438 1423813844 3139592135 6836547970 14301044973]
[6540768528 523104564 16458438846 16004474020 1688712771 5915927839 12419504533 8924282074 1068342906 14515898652 14848613950 225121841 16017943570 8734289580 15484070640 12077434988 14855242874 3960263206 9594453915 3646156902]
[10772755964 2166892070 13286713707 11083075879 978389093 5991083065 1298326545 7211880952 3980937339 2188084438 15624043464 14104219286 8663110478 7550427068 849073225 5222245817 3127824515 5866961083 10346732757 2850993319]
]