[[11422919780 6052125063 644011963 2343363388 16277881333 13577019549 13800583647 15294533318 11856385330 2440443894 359627921 15373274587 15777592303 4845364391 7807022181 5610822530 5935340521 2148865250 7076561682 1650442931]
[16321851227 16899233459 833377346 4613380806 16890085395 2107343216 9261884812 8504357756 12777001438 13973066635 3889150461 7606480045 5972942955 11994041093 6985402473 1548243700 16208708079 13042971798 10557600751 3837600061]
[15899940844 16977892769 4263682802 244184405 788611390 6904590575 11691364049 632367881 14140103819 13070859779 2039333240 8419457675 3265186852 6217828180 16511452903 14312619030 6485119377 11502067364 3655301808 14318303345]
[10150783533 15658209945 2522108942 11128514972 1067231587 13344030914 4698982801 12051237772 6616278128 13115804892 7002751872 12326297005 12639624806 9704928189 15838461676 11316649383 8892243645 10852332302 9393885692 11840791907]
[7852433046 9618384201 5564262690 5582674241 9758187234 6122135412 7646522366 3237655721 1266735687 12576649314 7543084503 8701868455 6482577315 12507019756 9096516905 6503494968 13720033454 10604569513 13183922463 3326680865]
[16665720955 2432362196 14057735906 13190529318 11296731402 5157650066 10031347459 12940120370 7729969074 14074115185 2596777164 9966458053 14513473662 8151591841 6697159835 3981530709 14687293880 307685832 15099253730 15666764248]
[16863955426 3935995455 920382711 11982807082 5838886140 15547594451 2049893283 4585107236 9056210043 15540082872 12575684464 5164468010 2091353695 5308876498 3104908731 4946970735 10279526493 13845875203 1056587464 445433605]
[749535989 10652385162 8736292585 13313821008 6028898376 7326101222 17047843451 16849514222 11055565702 276439941 16738332640 15766634518 2028068854 16880497249 5738998280 5043345296 10141478786 8330795973 11710411068 8645688305]
[8143806897 12899185619 13631935867 10457573653 14752505988 3069802097 2642778514 13427328146 7605190054 4599453457 8404878638 9976095922 3662021287 9610908151 15338990139 4570384160 4164239866 1337335221 16968066327 15730527329]
[14759167127 6543259696 1520953740 3370560853 16515594782 16182394263 15381332307 4696064902 16746448538 9006376146 5216307929 5545593455 14793236783 3256009476 9836406273 3047685189 13340291435 3752296303 10558854269 4199764815]
[7088987366 8125624248 6252073510 9679585689 7602072914 4969296523 4126627082 10487948337 7364212681 2866655895 9864231213 2815514540 10547511811 6818665614 8277464016 4338729025 11832521368 12720662332 6580421131 12979008542]
[15993311851 14428792043 12424900786 14392874801 7873513674 6966525634 5074704474 2378541844 3535006253 2486163261 9617223559 3579614328 9210147518 1232960216 8174558041 9353083525 2613623575 11430059564 7267310598 16107127640]
[6974267882 9238271136 4856585386 7934476995 14482179200 9862883661 17032702812 16095089474 5329051889 5449205270 11698045027 10034013973 15241390881 4138804799 6609295207 2558848126 11420409176 4907310737 14120944363 3776893027]
[15287021360 14833431255 7737991207 12857008753 11172447099 7334177561 13633543789 6303604712 12197599390 3775659577 5959856730 7797135921 17111282062 12880223347 16307967360 7652912123 6574139319 4765382311 1985389146 12577791954]
[9784711382 8345658497 14458064538 4490730033 9409151674 17019150731 3588594944 7639624050 8208984130 7236315490 14193243065 14536076522 8553475449 2674891602 3666720275 4254322616 4090170753 7740488147 15506606835 10913894342]
[9450896400 16910836841 3011333069 14169666094 16346433659 9190666239 13441536279 15380363943 3492585136 4154836198 11085423810 2157706366 13320769412 13885633104 7030475986 14932960168 2311096547 618392398 5171579862 7838841495]
[16062977026 7664020632 8699118912 14531626483 14205102863 3675526317 16604739639 3379417897 14694518993 13228658881 1388886129 881799138 1421778290 2344014569 9763215028 7378333718 5382586917 11649075984 3987689493 16002626124]
[17099610340 5944380187 8198561694 3754223573 6709072015 2925090532 12593396217 42481741 12059034390 1855783125 7198094299 1151673599 5368315249 13309076157 8344304430 565736466 13456698432 13044514544 9396600727 751562646]
[13900915848 4427864637 16567299343 6643779447 14663952838 6558291653 15480739375 11159491560 2199101112 15248464857 11907319472 7110275349 9906406049 566083722 5614582273 911483381 8274310844 7955891921 4202770163 14546874685]
[1209651710 4734657537 3723043611 15688559427 13970290456 4936841093 15851450029 12569479823 12415612812 8585439670 15906147563 16762259763 17135956965 7811993815 2887038380 5644559679 11538452230 1732839899 857833332 13317134865]
]