[[100967041 7392791993 1196702969 9560112820 15179275171 13457128788 143172881 3231107935 11822575213 8498404342 2414807352 9577099003 7237593623 11002774729 541733769 16735518596 14665142564 952061382 4845622276 8869592186]
[8040199171 1213350460 14298037797 7034852321 3262204006 9885596511 5366306301 8533710851 4359498630 5996964353 8631614753 5365421413 14555270795 12074795239 2448805579 12457650143 994253189 171727334 9049361136 3243266080]
[10401936241 11131674461 6274428722 8581970801 7328677077 14699672838 14613434746 10992771507 7053719932 4766064865 15639060418 531447428 12607292129 17009749798 9102878967 5343316352 7179918488 15281956864 6498038157 14774142240]
[3445412009 13420174027 8294332732 17163590006 14917441247 7150670031 9672555365 4213109297 9010343518 14698260183 4259705760 5964686014 6124589523 6910413645 1288273180 3968949581 9755005333 11845733532 12897096075 712251421]
[16216357024 5757947606 10474895157 9667435270 10866920962 9580942269 6159743447 16278362192 1058741020 14118674467 6179901324 9239523709 8401788679 12821153400 3790041765 10892195201 8220198978 4453355751 2321327214 16524178806]
[8282771395 12006965510 6968880598 7571115300 10619171900 10554565399 2134833350 4663471051 124169318 2352113629 11758492341 15598840151 3726336121 15601293873 925004594 13923162804 12891221645 9522354730 5678802794 14779959754]
[5196487076 2754076031 15407426514 13760529239 11795998868 6135146916 13917337095 13781558632 13568984112 10814107012 16093226121 4819030950 9306412140 2675159228 9842591348 8390356294 1164116816 6258919775 13026921422 195183402]
[9801407388 13699665291 7424428877 3906681091 13932153598 15290461418 1889483796 10736541993 324556811 9768480992 3339949739 14925150533 10224579820 7252646869 15108933410 2751439564 11517519015 11261678091 8945277311 13718375678]
[10847777315 10474522561 7415640683 12248721182 13192394051 2886229909 11205688117 2519557187 14282277757 11788047756 12496285481 16017571081 4092830576 8071160383 2232928845 1087059867 6308491097 6493359649 1625345168 2639423204]
[6084655905 6189326943 16247166811 10151511581 13328874678 9081951611 5113568598 2526138101 14813858857 10073496705 7764978659 13080782104 1608915833 14102601566 6675194766 16109439913 8014436957 12826294134 1610368749 1727636126]
[4422428924 16342516683 12907851301 3192102225 2545571472 6237196773 2089662887 13689311566 10587488592 4139668144 7694220861 8772341430 3126155574 1973146870 1495978189 13502307632 12415250004 2495561937 35777898 3904918164]
[11272263586 1998868736 263829287 16360390617 12244921258 8806868399 12773593095 4132908916 5728781056 11025818218 3012689764 4011505873 6464191802 7780753130 15336747546 7578939649 6425126403 9903205044 9165811072 4118309344]
[1089103586 7534644275 4176828952 14522705430 7086421378 3610683748 3818464152 229406726 13338139388 12482715366 1942118408 16170858612 1197315519 5764471021 15726143132 7804601966 9122507683 889690006 1794362201 3088991821]
[5549816228 10372033664 4857250008 7857709627 12489633924 11563845565 10677762483 13992052310 6180643226 8522202760 771707559 3740547478 11837181298 12920043289 5078791979 1728354695 5890458673 10762101247 1889414576 10152177472]
[4720021863 3927227486 6971797816 9730823788 2872341733 3127581413 1829747993 4906188476 16428405826 17087912121 11872849413 11984870670 6415109803 6199226084 5233489471 4113673542 3156374371 9192461955 14700817792 6805353276]
[8880044113 6784798464 6255891192 16076636431 11361025860 2080629022 3206734901 4168252283 7394168451 2763992741 8304367328 2748208104 6086075820 15834442142 93287 15899636514 15706904048 12365853111 5072979365 241246798]
[6232001987 7833448606 334866283 7652330778 4450617906 9349256096 14084859437 16154280258 7086859219 14688902658 4501115212 7037027594 3495713791 10545163885 9283408936 8447194979 7409472532 9305988822 4022458725 5652899364]
[14898500137 7146183715 4608239656 10203051902 14501537044 9233248138 4372704200 11176587138 1709966776 7994547555 12046957196 9244714656 912819713 3196808734 10407821703 1821278653 785231678 6821400875 16399480258 7926446569]
[12334637717 4049383236 14643893036 11352682823 1424217473 12242961153 8842120128 3381641758 9687860574 12684456023 6129076257 6509232180 5486193221 12096419822 10853133368 1782881806 11370429279 16510007917 4762295753 2111082636]
[897293478 4782612334 7798828741 1430511999 11133000472 12343255570 8335152048 7284670449 8601382411 11855742675 1362522779 7856520891 2845213685 16659874070 4356369630 3039197815 16857834662 2291264058 12177581678 16428370699]
]