[[763860092 2870843167 17120879141 4696270205 11474542911 9768334856 13488684908 10006087142 4204326962 3062030344 4696169341 16469135525 8809236594 14557702415 10211990508 2597605215 15602787363 15571009552 6729413548 11168333422]
[14815077862 14786568803 2599125689 11514564356 12303557863 13410135530 16903890061 11615405346 657801081 10980291235 7339715334 4455557429 15346961734 13176644513 14459046889 5989963594 11293743144 10028927317 6914519483 11349718109]
[250804228 16658920007 6561523931 12602584071 11233363906 109454274 1787246186 4431309931 12095001212 7706519124 1945146644 12613376682 12757675787 3025765737 1287300658 8837056876 12821549883 11366282282 14392543246 5708461476]
[10520631185 5710184477 7986393299 1020434361 4421820026 13089485892 9298431195 11867141923 16154189746 4975547033 11979689636 3875994122 9868672213 16538385200 15167565921 758019825 13896904989 16912917033 16492809701 150637750]
[4175108389 12601536221 15558830128 10409360571 16310474610 15906942298 10967892051 9154968743 9802320615 14195172517 5552685136 482510944 8119206211 15589316900 5468024003 4407766682 4193130040 9766546649 6075330192 15054749747]
[10473116119 11069071909 431929413 16921356450 4805088705 7456791795 10775544502 15958472959 10778155864 15011770748 6961800466 12759080823 15165257684 4174685789 9198327545 5792491488 2138254375 2467397679 1366910633 172241554]
[6802022164 15269175215 3153178505 13706597745 14286662238 6058520684 14930510479 16686340265 15319384617 2893925977 3506823759 2999074300 7060217856 5710601883 12572544516 7158196562 9080685796 2971403479 11514627364 6535085217]
[1713389482 15795292497 11447705446 2245563052 13094901732 6889113667 8040695674 7233576543 4731392476 3210094377 9432305518 551267422 1651032470 2117519526 16630813421 1669642725 6244333761 12154353521 736331937 8591344909]
[16486074117 16528942777 3515787437 14313859396 14515662983 8837487730 8820134328 4076671246 2115835832 15910536047 16265997312 11238001624 16817505249 15595771477 687479721 8169865659 14552570736 378425413 12598965225 9834405739]
[1452322550 6251691113 11095590061 8981683223 8445522781 5204977175 14035656017 15335253671 10398641463 7847433278 10855702335 9980980323 3757329091 10116164812 8662515997 1985449192 6850660378 230717151 1875513017 1889535431]
[14547406889 17162666022 3416957176 14396757984 9254168030 1547762795 6893127610 14621632148 8044838071 8288834224 9521262461 5083186078 17028827635 13126275955 4746970469 4010391287 7423440405 5826177782 2942562051 3643963768]
[7526726635 11199135649 10899142944 3864734946 14363251851 1524794845 2128713156 2455238376 14925141438 1710027546 16241812244 16209459795 11825161840 1290254004 13717534031 15033074234 8831050615 10033562457 11420567731 9334798047]
[16655653324 10944682348 12101366110 15902985326 10244255323 8823620938 15742155721 7505390086 3748987459 3262059969 1931263685 12727749450 1462434303 12145302214 9573741181 6336200754 16213375792 11176077141 4904924159 10597147835]
[12809081841 12396662281 7864883511 15636852728 14991499964 7562799933 5883214191 10950500192 9984961383 8076330816 3302761658 4908807218 5718197356 15122611216 10459860594 811371041 12100403181 15715357542 7050516064 11426164020]
[6073910763 1150217203 5688223829 15581440971 12971791196 16241626662 4140085139 10577278946 16473017544 16914973554 2696567686 7628711449 4637521661 13935300216 15341086187 3866681672 5746291563 11454479171 4917739650 2719506588]
[14245884890 1150379972 723909870 8880985581 14676184039 13122263156 15168779930 13659216640 15691625329 6607094083 7126048484 15231386819 10801681047 17151932316 12083313291 6003279811 16035532268 7132122312 8672304889 2349826022]
[5261418761 12986930749 1224785960 4706020948 3049222819 7916405227 3056688594 15092594688 5483036300 2519269257 6596964745 6189532709 8772352548 13681964855 11704647139 15065045799 13998294196 1390700889 15352847639 8046028738]
[3250865575 798298110 14126435532 3106683048 2845689004 6656946180 279790606 6971241903 6549970612 6439658504 13356956798 1435275645 8429909235 16153191541 4330947255 16734767165 6038214384 13613087322 573015162 16011419772]
[7740186618 6281166234 2480779398 2458486655 10942408631 11529526533 3680512541 5553866715 11186687001 13322790627 12764638216 7981338146 7591741991 12937451946 1416872292 8219279979 2828196168 4088764785 10653535458 5268655176]
[769409132 4744680898 5449646940 3394913199 5147436718 8853744787 5422513855 6360218741 14542535308 10950030581 13505117345 1938928223 4906100780 9446306948 15040284318 3604882718 10035830802 12285985071 11089156124 6892695751]
]