[[11775432615 11829727242 6044250447 518114813 6755963736 11124298539 2295457594 3199185395 3863102978 6775608385 4735497833 6940647061 15473522642 13501318582 4062373283 7756987569 3773551751 1182093117 10940288599 3410527946]
[2295410183 420667691 6279979120 3299154772 16922932484 5983360391 9667843068 5967671407 13265992436 17110200749 17004923451 15038512054 1038740463 8474588806 10590554359 6767095243 10143132607 5135567637 6095917839 12612379870]
[12028321724 4221050133 4260577465 16854548158 5308746095 5560567268 10444124977 16092956202 12521579259 12165194406 3119531407 6936865462 13768165533 3020251324 2507310709 5185979206 14581604737 1022772143 16012429744 4730503454]
[8113669708 3663832086 9326735037 8426254145 5492002929 1098866091 6575214359 14669397015 6457927888 12118716671 2639373180 2396990072 13845666977 4839961308 3542779070 10926670394 13016209394 1733742022 788800905 1514729762]
[13002488826 3718904624 5371034638 10920777264 14480368960 5763352682 6906497166 154388795 10005029683 13740796664 9817532563 7217992871 15466821560 8039828355 5975751570 6127455389 10755046279 1394688756 12855187503 4972861455]
[10585511214 5182009368 15760987219 9976691452 9638795802 11516211894 14551599671 2276558030 16007363731 15852921261 651974032 12916902420 12469143654 3792195978 11334209069 16392155926 10676040763 12262428764 13251772116 886830684]
[16257605046 13725360217 12127340058 8406452230 16291895943 1967466994 16069782239 4750366383 15083301078 16538573334 6298953483 2423678406 13882471114 8043381111 15669159617 5309408578 6162314629 35046607 3984932442 8960523812]
[3979111683 4986707170 15287224439 5492617629 14241723897 13614416470 3032251144 10833507597 7486728405 11245088105 4009952828 6429126295 10740717495 15851506502 9094832495 209757185 6827784954 387626329 6801430175 13167934869]
[1488013179 8585815337 1086787818 10816729827 3158278489 4960689420 5366591594 1542583897 17075115133 1846506458 14993536557 12855471264 166259771 16604068276 1349722402 3192341738 5025441265 9379225555 9444843862 5937234867]
[7383005940 11890411896 8784756358 6166501743 3050933879 3851899295 2579068085 7170322541 13346858000 13063139040 6196268147 5865677123 10547001862 2151351871 7212101470 3669911191 2004719131 11787354276 14590572026 7825187528]
[14134781777 11397238218 9498212652 14297368135 16042577826 8186593065 15870031755 10128192199 4703759487 7016935721 10804086577 8921158325 14638698769 13371367653 6658160043 8940336123 8832471366 9635689372 15779082063 10932760991]
[13598462603 16488390119 4079971584 6536324266 14711669013 6700356415 13597068783 1406237487 12794398965 3295767948 3668885619 8019462778 3001598901 1708800473 5179470018 752096862 16026549406 16849990967 439146586 4828203700]
[14710505000 3041404940 9833658914 3229380851 2861400915 7707234849 15736544732 8221729589 14242374888 2292118431 1507417836 14418841449 10004110905 16501718524 13078848853 3763578256 2309313494 8517321054 13332203854 16641372]
[10910972889 7475870723 13085809215 8149955588 1379622378 13322377293 1652627125 3256595625 2182457899 8028728131 7494015069 6150231158 2660929364 6163466045 16008369569 7183000190 3941994111 12861641551 7693892884 14893270080]
[8760840919 11410414755 16881534165 13499287870 1031481259 11167450259 14559129399 9394446671 16170683597 9496443009 4952882124 6832440091 3188527761 1223695160 12842595859 13242441218 13904507790 14905466291 5963718306 9090108232]
[11686340468 9155275631 5476064615 3184818055 8310269287 2085066242 14614028180 1882926340 554533312 6776241678 9350479603 1561304620 4904297819 12940288944 14431531492 10774284478 7368676214 1415744313 9344159013 11411356678]
[9205539723 5128866940 16688464277 11405534106 11254462358 11604383097 3022677068 11411088664 3263217191 16729097758 6880959978 12648521203 9468321877 13930579369 6330784431 10235784892 4485217498 7827738608 4357462915 15929118661]
[13016656083 1163131260 14080079358 13354638040 6818832851 6934464059 1769317111 12948055407 9539689933 2716979652 4115462841 15479966076 14791282016 11329629271 16747115117 7540469871 16995089660 7215680247 239271826 11780708684]
[14520820967 2098214116 4047905836 1916793015 15247221034 433022594 9449383166 14321296141 12965841330 7642679491 13113371438 9350138687 3930208334 11277473371 10494095827 3366759990 12707088017 15651588298 10015187515 10130281994]
[10082954069 13813855392 1091262924 15904985485 13093040984 2040793606 13418798441 121945904 2234597901 12437434429 12956379311 6008283087 313462286 16813178078 16653890216 23284401 9371979437 6668944696 10482889307 12088959208]
]