[[16153363711 123730895 14658534631 5397414738 9395013560 16229076306 16242328445 7217405946 12737295221 3149328492 9628918415 1812238663 5413064428 8085579692 13198639400 11599529342 14674690116 8377500575 12371509899 7674447023 13337942392 16458207856 298541542 11004029601 3740140443 14142600299 281353012 14988266272 771587684 11371667554 9752821256 4067991293 625474740 12608277368 11357894038]
[8334358053 2978834142 2145582273 891034715 10818790619 15285840664 6333841769 11735905126 6255867441 15381917253 9390330649 359370588 218658264 4980129762 5231835645 7971631631 7660178426 11890871637 11087009697 1387157056 2308432662 13972410006 10134913264 1972676247 6766404286 4593808084 8081997361 14535227327 10323930792 13803241744 3434210061 11026574005 1470818969 1407656924 16260274472]
[6813968761 6421454123 6689624689 8063664077 8707365551 357940282 12425455927 2759169396 10699886573 15594500076 9083515610 10007570755 9871923749 7353182717 10692341427 3055344081 3543667346 1986315163 9029402766 7378864027 12511773880 6084821996 11462551482 369364916 15534199496 1498097674 6892619368 5109345598 15565097435 5865616385 13496055511 4668861171 10621449897 16694731699 5321653937]
[15069959710 6507150642 14814015284 2302929860 335338063 16376331903 129350991 10102235436 16015604832 11060056078 15069666190 10288363587 14248876743 1093090624 1592870466 3620455737 5936262418 8166033776 6219641127 2722461967 572200492 13728981646 6279843433 3804433145 8583642173 13140153712 9070007203 15131669886 3031410327 6329930957 16171217307 15756141644 1648225939 1722126837 8907612478]
[5047453195 5074046187 15277883427 14086995321 3561696666 7659586148 8701388629 14735930595 2588475004 6514716587 2076099076 14990138722 12108203416 2185706910 14637333297 13066436819 8036990072 16835792946 395599220 12382474922 5619772890 6690423859 8751312690 1298820687 8596413140 16731390023 5612372530 12828423543 14657184278 16060755363 8857405570 13445887644 16316062214 594090862 17074587322]
[2244355215 12197716555 5323262171 7658066689 11539314980 749730788 11729004725 15032565085 13190486539 11463138637 1247916231 9106625756 2046484933 16212252153 16051578073 2223917353 15852781702 2235118577 14393255275 4368642644 15374023988 10315650108 1125099823 16733452119 3057461519 9578627343 2668391658 13390791574 7834900535 12910083268 5188437839 1533598649 11310755456 10431506064 11484246842]
[1307395038 12020542384 9130725271 11016185009 783561353 13972638911 3438713334 3113762162 16619979227 4767822530 10093915529 12336650931 13101857677 10043144815 12638605542 166415116 5510944331 16987834309 1503647179 5046696784 6536456223 15101633301 1400333570 13330415011 10740898223 4727179477 16924257088 5690345394 4643490673 11741429058 1478989180 6315197460 2728718263 199514539 13415179067]
[16410259850 1963910287 13974540835 57255173 8478311344 11368183630 15552552027 13571740844 7186599425 11060693845 5034622909 14537637177 3964923643 11269071778 10405759178 442012407 14161054734 13492515841 15229400558 5696047262 13946087297 7936710950 13005392116 16075389498 15230691534 11959206542 16833584454 14136465612 12869565854 6608765730 16973318049 9851750535 13922174537 15488742211 15188661122]
[3901539832 13440298774 7277916541 5120355417 7601867425 3233392536 17083533520 12829398383 15353483270 6786327161 10978047946 10088502270 14821536909 5283784976 2448259664 13247783925 13942940389 607391381 13783932026 2086448111 10013480561 3392264816 4408256908 1283783981 15334892032 9982100712 11663326905 2982225058 7792899376 13973466807 3800270504 15013630366 3673207150 10371663111 1985362142]
[13942195000 2712714261 6620628867 14751152672 16864397843 5055608921 6395890835 12447832851 14717655646 6398720782 1170132544 2669246159 9513276706 164748498 15773941818 3229852627 17065673321 14553046193 4533182247 15370347053 10725693907 15976622005 14060772135 15524793946 14796589268 13320501295 12671291909 11879851822 1128560274 5234536627 9346416540 2388101359 12405667441 9451850819 17101419922]
[16305806774 11740273154 11789649521 15077353259 1962701727 623715455 3198153503 4017774466 7336054429 8253248089 9672334276 9358990032 7999526804 16073990152 2154127683 8467154094 12831367554 11303020960 10171255019 14059020375 448051104 7512209187 7561673394 10564470029 12761516955 3802135688 6449460053 6684490277 280136991 16418319261 8303970147 2632073386 1132745669 11482042367 15043179788]
[10575804642 3795717990 6775902548 4243103299 10852691197 1853903974 15648026714 5401444116 6949447048 5477682643 380720645 3486419788 3793060890 17004150339 13430515240 11988791404 5115892243 6172475271 17158370883 10570625821 9181519340 6620974924 3464715225 16117901645 9254497554 1090055603 12070396288 8930652868 3231356255 7799015188 9527446842 406868879 5630683578 8938397633 13368176068]
[7129547195 8008923957 5856184900 518557006 7572099972 13227169700 2226282360 5107271444 1885827116 1656961150 5565739033 14132653158 8211323559 13346985927 6251964406 885732609 10320173103 14821321374 11258748874 5727840969 15167037268 8314832343 15249815061 567010390 552102911 4315448161 2379303657 16408387667 6115653126 6482064972 250678481 3370295927 9601665657 12397014672 9585428340]
[983440549 6069916202 16975939730 8706014862 10743686514 15211585924 3430099341 864194972 6926094293 9349458267 2034996822 802844655 5019978716 1040600478 10783246640 11376387687 13087451303 10364453716 14304113617 12352007264 953970564 9532062956 17065930221 13696646744 4666369079 17142557357 6368747484 2742149656 10378828682 1732226931 3692851056 7420397396 6290022922 865712926 12853262827]
[6455709549 14119639128 8671545539 10626866531 11278533479 16999938243 16759930328 12608334535 1361347216 11413108989 12422679470 7737206176 10861152423 6162339417 9715029405 4983075296 11123340450 6256374339 1366294536 9032908946 3701668943 126609369 1839527015 6719510162 14485182398 14177063291 2067607389 2388977315 845917705 15964787900 1606915787 2442677744 10272537661 7368419923 694479987]
[4936151389 8644004138 5200153193 12697570014 7791521512 13633979283 771773706 8667148422 1923102259 1278633170 9468120971 7713947711 11595144141 14881799409 8810172507 13642712122 7784986103 14341663217 8850285798 11404720444 13275867635 5748773478 3102102373 3511927715 9727687711 16861449854 10036734346 2823801028 14885278922 5161100225 13581590873 11342009254 15825770887 15912767490 8942910615]
[12533409242 226152879 10890729542 9579906985 4161613236 15966217759 580386221 15517196070 10889886549 3199482262 12406805302 2951786068 12424068431 3027569365 14605183943 15453339961 1413251207 9524730207 16767735743 8513982544 17093654114 13847571759 6533531325 15286121269 11312407837 2455488284 5484546620 14840574088 7216370857 8511660212 954274947 17054645669 692880432 9947420679 12211823290]
[13568086702 591044972 13764941376 9127624723 11030570221 9274484191 8425916884 4264824654 5329298473 8961348714 5254509139 3721711621 13212183825 5818600723 15257265355 4273172101 15453135009 7086141012 2235327796 1353092088 14578412192 14077305636 4946774323 9196922699 11953973465 9964645774 5475884095 15147337646 8547650466 6536488098 14206158565 14083190963 14515547213 2734410051 12555174028]
[8951461502 14293316687 10244407007 9465461996 8225175795 4812802135 8227360506 7830995242 4219327296 7585007097 12775800165 11311200602 4234401924 12620032686 9776581001 14341537451 8569054609 4693867955 2086641061 12487270916 14543653324 13912951208 462184755 4424548199 14852535209 13494190104 4995447068 9562259738 6088113352 4295626278 1252051895 7213186680 1254512690 12020164489 9053668806]
[5983892832 14452309180 16230822371 4968015620 9709719015 12699384241 2620229783 9309850427 6415464053 14979665221 3150843951 16640853772 2039264482 3655703649 10389203719 5057798893 1995959545 696577940 5836703834 9781376473 2885079328 2711795206 1882894181 6190029594 12750299791 7875749811 2525966434 17148913011 1029343736 15426763401 5797059585 6760262345 15090436834 11385279490 16882682929]
[465497845 7431708851 291492157 8068742695 619611904 14925832050 7866337788 6938726827 9745968431 7953491268 7104259310 1527926289 2018487935 1486793757 2855353274 3895502373 9720046585 9643940777 16085455718 1944112745 14952438461 8257895457 14569283932 5915679949 15183661442 6531329205 8793003737 7835180301 14544463585 13532779917 6949335063 1545473804 10590887403 13680994083 4807139658]
[5083794077 4868028823 15536263533 1444995776 16858184864 6463499829 5386834787 15660492099 3475088778 13915674081 14125298922 2544197094 8612911957 8015743015 2917038186 3285381869 12648710538 6818333929 4250364589 2465552535 9144037282 1882416923 658035517 12113232599 15732278504 6796762602 572391691 16466297412 3826658589 540562798 9126760967 5345628835 5403913639 8670830991 15034878246]
[13923600068 16641349135 2240487042 8026610267 1559786532 16087293879 14655064498 14675370579 5629298973 16711877621 4118605230 2297221197 16570531599 8926585388 6797193593 8076806054 5085624771 11582812752 15783620638 11315174296 5974535617 8136955435 14640230657 10203266493 1940226274 6581751405 9861387805 2606040343 6025502745 13849183153 16668759337 2938224775 4747629320 3303101701 5154909538]
[9608953339 12753742816 2794167478 1030838608 7986706630 13249989983 15299893051 15213508763 15057475871 5386668013 8093982406 514082586 5785032573 12977321075 1292062719 12037649365 15943792832 3980051001 9991145066 15985865389 10513196349 2187328730 10632702415 10610411655 3597340597 8282574745 15282449919 11778253350 15394820539 10419740196 16393731117 13464051256 1435996381 12620863156 6864264507]
[6031066227 13571244836 6882016469 607524837 13089967790 9598478666 1826078240 4510539436 15637460126 14919211930 11633102469 9711773546 13306396608 3985450033 9170544862 3831059696 12543523110 13970574543 2973789329 5150940811 13950566876 7313240873 10734250370 13684984363 6253392391 3822128943 5597327943 9339199378 1373173261 555666483 709136419 12056266363 5784578539 9019774345 14384028579]
[6668542830 1363658185 6842470329 9482815928 14169440336 13535110431 7504824731 11261048914 12929854629 6254897502 15299845875 13290266833 14758341628 3747813197 8461517749 7668330363 6729892243 6471317969 10215939982 8173058246 12694274724 9876444826 528297788 11975841342 11342373513 13025110326 4887010977 4031950061 12978748231 3896158664 318003682 11240049067 5711022471 10062108577 13024962858]
[10293043972 16526512423 7221135526 1114016999 11202390366 4986235647 11797645663 12497698854 10407403849 9205280928 14722659124 8982401020 10193943122 7240175577 11574490677 11602903999 6708727954 3462866562 2217400355 4891377921 11505123410 9434466408 1533219033 16179478380 1546752656 13752257837 15934862451 176503890 15268875464 3405704063 4900685771 340187999 4996394612 8291333424 248781003]
[388820898 1739164557 2397718109 11694692307 4738554107 9261117723 6578623104 2011009122 666897795 10950725005 16503491997 2828389843 3104372694 5073802223 899706472 12618332715 4686207299 4717751903 14907435320 4389663863 5122995628 9504260523 6322628396 8788484014 10655472486 13950455681 7364288168 5047536692 12513126456 1573515064 12495347230 3122194134 14764013189 9436119266 11741412863]
[4222190423 181579246 7151789019 10853484050 3026664694 14244822871 5439992874 8822644038 162725527 14368625619 2629138832 2270129706 9304960734 12484575293 5537625963 12540639836 16863613452 15570570735 8955756772 7204826935 9774183221 10375573891 1914430984 5109613960 10348652764 9149799228 16104805740 11777826133 271066271 16191381660 3759886445 2916464965 5869327762 3774601521 5545629372]
[16485314624 7998909587 8507984227 7352456745 11723044779 4029298029 10664487083 6613769364 15714854147 11073823088 13989146092 8017950325 3555013723 10566813034 11418300112 8618930130 3434645405 3711267561 8724005316 3743843571 14063922008 4785167481 15747407723 9168283161 17016936555 3901504276 7876406939 7750755324 15791128808 7457603820 10918312847 14067812762 15766252753 62117839 15272178047]
[15699808655 16299129088 6355113652 1967073061 11609859694 3400328328 15133112231 11266991900 14944542970 5240562416 3151167872 13543748591 11347834531 13585272184 16156098064 992983231 13389949068 721346581 2791805767 12166013733 6680261658 7847419425 13582376678 2794370254 4196963365 14970556248 14614192085 8215772820 5793582105 14203704630 4223419590 5810038815 281894146 9941895399 3459933931]
[9805852799 712398472 15463249257 13321931770 15043867396 15107229122 4626403564 8171788934 9870106813 10405136421 11992785210 14471863161 4845201471 9947967755 4532139878 7087137979 12753234016 15440676833 7537161069 10986553406 8639943814 6209737181 7244895449 13872741482 9151333658 6022970246 2851364946 12243317304 4168669489 17100375370 11580687692 14977838899 4379723492 4112073060 6458609611]
[4675527178 1321531575 14626683356 8158683255 1403327460 1212160386 8278056400 1495125450 17142536897 4315069381 5340539778 4017006356 7146390929 2834275770 12605330362 6403937958 1680660165 4416689734 5640443517 6932328902 11166066235 2475098892 4534020489 1025328475 13418295746 17119731184 11934918974 16258555689 8104080386 2039546382 6586321749 14065572898 16907007294 6842250274 3906660573]
[16738325988 9466441753 14163696268 2952390537 9117264824 11526987994 11301757221 5749051344 2730303194 11304052983 14454545435 883668876 2419722185 7257873826 14096095523 14337358946 9232224487 16948897225 15538714659 1057918030 14707380774 966901656 11860552345 7892354688 8500908363 8897613518 3471360159 11759568092 15768879857 7232193900 12837509807 11742810698 7041715693 16089308217 11361957205]
[13074448379 6553814292 6643958310 621049428 12680567104 15156111758 5171478101 6205027377 7513804105 1140924950 14800668682 11546348185 10684667251 8981050820 6928144730 3015175533 7490045266 12823491828 2893263464 8334094704 9101321302 288458159 2329185518 15199815789 15283702431 12758972891 2296083522 11660752294 7070477284 8249009104 13665237052 14632717507 14891718447 4299271054 244786457]
]