[[2025169933 10546598750 10421626674 5282451049 1143530059 10815454998 16635586085 13793164986 2920548059 1041763452 5730381025 13645289927 14814124285 8460968643 10235598481 5287332941 14824856413 15149513038 5452030827 15780815991 2584039464 9715240445 11984608738 14290486995 11098005951 7030088272 1596368792 1007952505 10342647224 15041456963 4267737311 15456402075 11516512567 15252238079 15666647474]
[4517726343 12598680573 5403679588 11493611652 879448051 4363771966 5392369705 3245214311 11951561754 1519427101 8666668142 4326256036 1698012186 4819830859 1402201091 8955518776 16460750931 12428767580 2649629641 6784049228 16430553908 2881244139 9033383907 2783368645 2207556742 16803710939 8025372334 7490299521 10563490786 15638558854 11665550477 3947872371 3294815837 3343869657 8443568614]
[4446353777 149747035 445285989 336510844 8346033253 5757401142 3627694076 6270364245 8891310551 12246604330 8658080472 9305839169 12837133048 5019923067 9840141027 1756247644 14301988302 13061330737 13443524431 6901897479 11444230191 9516002963 10492774698 2595809147 12132144259 10990229204 16559375207 5955017453 12838447224 11582262601 12105164998 4536389536 12947171757 9676629923 2789237979]
[14116194398 10186785833 1139813046 6550145996 3230179955 2801204115 3986132927 7686392988 2297861696 1668652953 8534785964 9806971585 4117412584 16636761393 6342001181 2927860129 5085792388 16024078448 9430154302 7478175669 2544662219 12963223339 10357666295 16564947523 5368709514 2783095855 4014890946 10898551428 6350263156 13610026286 9512608905 16276704526 15004518048 5566317839 4476410793]
[51601127 12971612573 2545544957 13154725843 14823476638 17050726478 8056268081 4455237082 15085141300 16569830207 13309086389 4546788205 3280384208 13401231790 3989977764 5281494962 5888812134 6488506312 15765932652 17042544019 6429893064 10704887887 4253322849 8069272841 8115477555 15797100032 7979729797 12887650824 6319393924 8393188368 9861832530 14866598900 2386102260 113902184 7515798581]
[1349659153 13130449937 15173385100 13418454688 14755931361 6855415618 5203993488 10172615230 6655685024 6786344419 12412196858 218749592 16438953397 14526601715 6498567833 9154219373 8917829546 2761078733 2148909878 14163778849 975039816 2600759543 1799283152 17146369251 1063971165 3871965265 2290487562 3470992539 12037229114 13168413055 2909428147 10225244694 10716573464 5950950520 17022760597]
[8862742038 12824569897 8135998391 11448647826 5869648201 3834623822 2958823670 16376220213 12397706087 16829619624 3540973434 11807376265 5766210565 1805830577 15443396774 3934561865 11157179887 2422271186 15868731933 8067623764 14234988857 10918547781 13283717207 14251581688 8269412840 11949603631 2983110094 2437772041 9329294767 1042946535 12797753502 16997466796 11299787195 9951593946 6799505750]
[11308754602 6474886345 14216888299 6162649789 9725064776 6872688931 10776933901 8961173239 4794927818 2363114234 6837654103 7738132818 14116481670 10094043504 4938082036 2186296697 155253289 1579775492 10206386570 693468253 16221836304 13680415286 13792956897 8093181719 12086756759 15649023339 13203281502 4750424941 8135824993 13284667913 869855434 11239866818 2685624247 12739880308 6290388581]
[3562164147 684456059 10371488975 11450468074 7742419263 13836700604 3278824792 15837174818 13454003831 12221080800 14966981121 13350867964 16588039963 6622085575 10559005826 6580917221 15579723600 1049348625 3555508608 2484772893 5684842095 15708424889 6851844935 11884148278 8581532136 2789090190 10408292583 16224596454 12662036741 12939014564 10390253500 5543177419 8790321085 1156836603 6772234491]
[12982513905 7296224546 3508864864 4977154965 16857565329 7508256888 3977148528 16002366334 3668392613 3746280537 15372807925 12913100331 2627053776 15695123277 9216792398 11519140652 7409845658 2884679549 4497985126 9498981551 382392720 15624570659 844923297 12659718452 3766565709 5013505689 11650040922 16542466126 3277683351 11994761033 3064778360 5873059265 8581506764 7474960946 11927137516]
[11951324456 8182786420 11596077987 14128767638 6382692115 8914956833 12286752385 8112295003 12114985476 11231417981 1642050203 10780267623 6670728166 9418675858 16121114679 5829754751 4330527737 349477112 10883662830 14416493779 1838128668 15679153002 1271809169 6522603187 9208503544 15625428882 12058368676 8252902218 11758061292 1700926515 1100022476 16084470669 8745551297 2073034459 9332032228]
[1188171292 4153141174 5805011348 2334237271 2554959677 12655994816 3892357692 11354026655 6761380966 799919479 13427736340 8841429481 8202172735 8643275812 12337974018 11943722941 8846926362 16302582482 6721649476 2284444312 12966525631 16075168425 14797126535 1620695170 3602328716 11748840515 1285073949 6400886058 14375619779 14839209460 16555129773 3230183931 15098766918 13433773986 2608548783]
[996966870 11515464739 6603790306 6734453339 1463757298 9533638754 11362511429 10765694500 4692346936 15310281609 12045732015 10710916037 1367914155 7941542560 16277662990 11647723278 1512845672 15437667925 3990499959 12866296439 2933649940 6617405415 14846482249 9998804601 2288375304 1373748478 1327328269 7766022239 14923450925 14295161695 6018685326 1982876717 996018170 11316201913 15184261958]
[6500113350 14347698008 6719257259 6038306085 10201030372 1451819246 8779375804 13323313995 1731274003 10385803670 13005192271 5843194749 6461169027 49247816 2378895025 316488588 4765371932 1687712026 9966662173 15242503421 4830086723 1257219544 4593191959 9395334949 15182188436 1018618725 9749505497 4855340291 1283485712 5312799557 10822760678 8769077281 1827248350 7395003106 1470404352]
[11071274695 6962891667 16274687570 5485955649 1401280465 6363579960 2558027329 2252520857 10631528322 11569667426 10640714334 6809325548 13175542405 5476058867 10890469215 12001745213 7913060716 1391996148 13872902487 14944636760 15471958659 2392027755 8785021836 7777465344 15116403033 5892772970 15641850328 16269648505 1804016585 3078612782 784231402 15553007347 12396826518 12588034119 15931455301]
[15604042924 161534786 1861306541 16245729665 8042840477 14505950673 6908098168 9802492816 13097510906 2628607758 9841703583 120881784 10711810930 9775550695 1019966222 2095135454 11780959548 10392005885 7935779875 10584650149 16494213189 15552145700 5927593300 9979696346 17036456219 2269754033 16858996936 6961964722 15454515053 11269832861 7099672619 3362698864 16817407110 2301915727 5362723528]
[11389051729 16727424976 10263736552 9850768278 7206050380 4530442442 6392203951 7363657610 13711089663 16191507535 6865702765 9122830874 12087237474 13489319913 5233349314 10024129335 5326742244 13448973388 3570245150 6826000977 2572342848 8061560774 7120345785 14222935359 7043852811 12227002707 3674975083 2386122210 7493840500 1250784487 1716577972 17120139154 14570525526 5645330958 7756535953]
[11532170021 17178038101 16835767350 4434318222 7068895884 13016063241 7840327497 16869179144 1192711 14820013024 8599030201 9805992513 897748723 4600217311 16505762327 4701159109 326756387 1791880451 6070399849 3892422731 13119806018 2025231641 4296267669 4379856329 12564607841 3535540983 15822187838 9010631822 13880352058 1791083496 8808030440 6191095940 11223089404 5671212571 2021272583]
[6680223810 4452719373 12964329834 8304894801 16960891411 12873954707 6027408543 4629164178 5199412779 16610217287 11254595335 12889781332 13045883766 12687801178 74896525 17031696273 15742537495 15097179665 13706126023 10773953725 10741617360 11705044797 14213999770 15837914052 7984749722 15509180608 10741005963 15865584068 8762723295 193113342 16984394005 14843467565 6345064126 9635652783 7045003288]
[6805794802 5768382447 1962133771 16515389417 4148826036 13344461750 3957570680 5623345757 8104323596 4403686047 16623457804 1019996337 16621692945 12798134995 6738695740 11317754679 8696168562 2354193345 1782702531 12144461117 4988770975 12507063344 12424088283 2513027362 2169601173 5152413 8734148353 7625933722 5609867616 1308911720 12238688304 13389722927 14265845368 13501199675 1130742413]
[13606863437 9610222238 9901801725 10951872092 8889757969 9980236599 9763899593 1804230472 12527547247 17055928885 9777004721 8142286273 2290002756 13784878282 1155949570 11022195824 1549730150 8213230694 15758096421 14363659943 7782840472 4000546199 99313463 13184439618 13888544826 2647720009 10864440799 1605066520 13549591678 2122524321 16344065640 12003971508 7821444544 14586990631 13156537658]
[12549840433 14313776213 15237787697 9730609927 8661983269 483508999 6771793337 710211547 11155765050 1052755379 15400023533 4167793913 14873928598 2045928538 11498354967 1317738120 10044278848 13451442357 6128730179 5176671212 7686435755 2695975331 611822827 12133820356 10623730830 10149995957 3552257491 7122421271 1090994365 6763981235 10998296272 9031842447 2171700437 8518865186 12015532776]
[3431738246 13585536919 8122487899 11261999001 13481131516 6271835015 4349845261 7211395526 9390472921 10280175230 6965938671 5644504566 3382087203 579507995 17178555493 10555976385 15414763144 3210297505 7866286014 14985426522 2450408490 16795121357 1997656906 13061085947 11763647112 2753724100 6241213210 10451925198 9510323665 11305959244 3645019066 5156482248 548059136 733411688 10752834232]
[2690410384 3756086237 15903707835 5979297720 7125166641 12549063292 15568192842 5395224643 1787478737 6676719145 336872662 2889879463 16319641521 11257328795 4427821891 7035728957 11559043277 2122838507 10897396575 10053026642 2168006292 5215235474 2270695935 4492008505 12513118196 12679838930 2747627529 3140514927 8024661390 14800804049 3183953881 6244614127 9408145537 9761341815 15782382140]
[15586827710 5871277664 142867707 14034149370 8574401191 10566666962 11505495773 2450322277 2770252953 2669765400 6606824542 4789843366 4443857689 13819182154 9887333379 6314621911 12965815632 9775066664 11743818319 11396615920 15600952811 12320543304 11840800687 5497770015 5222566817 3630682087 6617046434 13560862011 16536617133 15022959334 12518846059 12634544203 16963290639 10922681747 1133647021]
[9132153985 8590215840 8193005920 5264897761 3007621007 14488174915 2406572966 270998676 1912461660 7193622130 4567377058 1737365240 14432684038 1073810213 5094795248 9408503711 5384370809 7162155864 10012350024 12836395757 14871266166 8283044145 12055586522 11707708950 14124219972 306130837 6110011235 14006944516 1773594626 8747688110 14204393925 14211914038 11524794798 3380671183 7463371452]
[6542136695 6902227745 1186037530 13580767045 15462186842 2874347203 1777736886 14934856941 5415976629 4906290150 15792948208 6170453375 6084789355 1012708882 90152940 6976573008 6312804574 17037520041 15956800522 7809532465 10314429313 7425922796 9180243891 9046088282 8007221853 7939884587 2144232089 250233027 6520838540 2386581697 13971196947 7043837143 10395917945 11721699859 11583657399]
[9688124828 362584504 411070300 12291796641 12396982751 7146325051 2610313634 5456218372 16194493669 13162756064 4349527355 4317059201 13128884879 4009194117 2129009428 5815096678 14453461015 1487265877 5976241307 14098405089 13258059151 839331054 16626268643 10420482446 15923598634 11186996114 1727323107 16496483671 1714875839 17118491425 1596409286 7413676012 7145180920 16093784422 7173053956]
[11061726426 10366577419 14068562391 2985273422 1738706987 7353391382 4648378059 12605812148 5707268391 1937721038 7957508070 9673912163 10070797086 16616743969 1362373798 3706198164 7041933404 626082733 7364098863 7566143291 14755313597 2676730417 6892970429 9503859228 13673594830 7795054788 15489691980 16478885643 476834073 9343652587 10815610230 552499389 16259858251 5527059408 15821574339]
[11904115500 12359206408 682722782 4814589990 13640165453 15166995819 13114583529 8598415149 789627779 9374893087 14889594484 711653456 7441326610 14451248316 3657993202 9902242036 10581746708 11203827766 11748832306 2235815463 8700100640 12890650403 6106373059 9302294982 16379800389 6719481680 2053966897 15442434126 12760879638 13171361075 16652393841 6290433022 5286211669 3868534171 15901136211]
[16646000433 7063697541 6403926921 966396878 11738846790 391208137 17171817335 3182052450 11415386714 8229923816 12663653221 11531106830 15347725831 10138404416 10291157780 16077610713 5125737031 5438808980 10055822857 8256827625 10457272145 1401841703 6654167371 1084859573 10697819380 13491858512 9654965846 15725042784 8317513158 3931871168 2147955591 11419277021 5158879478 7766849519 12249471265]
[13966114593 7433625387 10096543708 16053263365 2797949627 4506601536 2385805211 5694288421 7904534027 7217449789 14521131927 4394546766 15976582628 4762209171 11073255609 16925522684 10590529875 3481172936 3935739539 9088616727 14212011940 5303721119 14697274650 7076139653 2727655041 2489815875 8422430704 2496129076 16915441773 10426271628 8370557263 5770275985 12478451535 3244506202 9099654848]
[8191756921 106466534 1118590593 3029528432 10000949345 158599440 5394075057 8323576813 10370069674 11439306054 6603676059 7782953282 13292884899 84199341 15210755730 16353305732 4426408449 3759939368 3863555801 10860875034 6742315538 9343911015 15225260442 13698095800 16267734077 5383190145 8378547026 2673767236 8578357076 13664647999 6421196582 8309192277 3985057765 13275769049 1934217456]
[14758852642 3892848655 3486337100 7777944772 7854857021 13840987661 16974108024 3865251787 11817652805 368277023 5579892857 11009228346 1323877111 3959411691 15033316780 16268293611 11013295317 8662204677 1236513421 9809950190 2267965129 10000440595 329769344 2634459167 14330772051 1471974040 4091978626 5787613254 2490639196 5989780073 4429228615 945199937 1549286995 78788991 11178339407]
[1260025427 3298866200 14372009249 9672755669 2188038019 2032652986 1579814494 13384424839 13329076127 13977068431 12411783961 2835506164 8355193186 14171607763 561468485 14016517826 4743379931 5340243781 9381720632 13958469721 8401056412 10099882133 8676691656 2540552268 10370458794 16351144046 13938264582 3922271102 12051332593 6173768270 9351587180 2307020460 13803239401 10057703105 3212020411]
]