============================================================
APM Result
============================================================
Matrix file       : kernel_32_97.txt
Matrix size       : 33 x 33
Prime (mod p)     : 4294884101
PM block size     : 2 (fixed)
Deviation level   : 4
Minor size tested : 6 x 6
------------------------------------------------------------
Timing
------------------------------------------------------------
Matrix total time : 1078773.8340 ms  (1078.773834 s)
Minors tested     : 6930323575
Avg per minor     : 0.00015566 ms
------------------------------------------------------------
Zero Minors Found : 1
============================================================

Full matrix (33x33) mod 4294884101:
                0           1           2           3           4           5           6           7           8           9          10          11          12          13          14          15          16          17          18          19          20          21          22          23          24          25          26          27          28          29          30          31          32
      ----------- ----------- ----------- ----------- ----------- ----------- ----------- ----------- ----------- ----------- ----------- ----------- ----------- ----------- ----------- ----------- ----------- ----------- ----------- ----------- ----------- ----------- ----------- ----------- ----------- ----------- ----------- ----------- ----------- ----------- ----------- ----------- -----------
  0 |    48126636  2115939835   856012088 -1728427606   708466421 -1827940474  1253585927  -135181626  1872932601  -386051472  1157845380  -264964433 -1431079009 -1297069251   230221782    77575338 -1729314547 -1799332812   317873165   468991419 -1837734860 -2109593127   763348395   312154394  1938703741 -1113099724   140683179  1648659596 -2011714980 -1959409252 -1987581727  1293542621 -1960914443
  1 |   545413965  -323113396   137859450  -375942386  -994865783  2085645165  -932592325 -1036597031  -905139836  1752808493  1724600181 -2006634518   326112327  -861373574 -1846579802  -625496510  -703849386  -873326648   130369417 -1513318553  1936385990  1865049897  1285297172   923868858  -580668733  1325683360 -1569560032   103731979   869176475    10537063  1699779030 -1551373527   226780978
  2 |  1584059611  1079125079   -94297451 -1846814897   568881265  1478970773  -123967073   840368289 -2115473750  -434223739  -231262322  1849256454 -1185250552  -486001769 -1124676182   493916946  1971492668 -1861614585 -1204180727 -1464660442  -732106850   953269864  -618839766 -1326494524  -479546868 -2107201143  -487973708 -1054157246   988473285  -520560417    44522794   734687909 -1991164963
  3 | -1351937464 -1703363166  -439088378 -1846208797 -1979713438    16769115  -941011638  -474801375   662695929  1740858499   367743617   694167356  2098481261   752084662  1849008064 -2011519239   816748143 -1757393721  2024661416 -1495204043   -72531362  -946658751   -70157347  1926232751 -1047971776  -795980479   890144821  1975090605  1544361932  1176105959   571986810  -267520030  1407686870
  4 |  1774571685   595180039  1433706128  -240081030  1259033976  1185287287   413551132 -1155696045  -387610992   877517279  1930594085   196279929  -884813302 -1228010384 -1687204171   186363235  1849756190 -1699289723  -104553809  1328669410 -1435380363   -91853274  1824024148 -1880860780  1287078326  -998921318 -1823357443  2136615487   924465899  -183764353 -1855399125  1581952443 -1436334504
  5 |  1485936877  1989550153   134315671   402828515 -1349990149 -1744689622  2141306747  -249554986 -1319549630  1550309816  -353313652 -1171862517   783808533  -730787778 -1628584505 -2007932678  -239908762   321902359  -179500654 -1079654804 -1920808117  1300271938 -1831343290 -1398392076   820842272  2048859083  1271706983  1102515072   415778625  2141994402  -795644959 -2128617742   956578726
  6 |  -822997283  2137515676  -826263339    -6567490  -924185305  -106055859  -547266634  1666077678   139717009  1883365461 -1724257347  -795565977 -1209705974 -1035917268 -1230661628 -1374489575  1498529775  1584118243  1011351774 -1428872577  1943796355   -30586650  1275380030 -1276350573  -525514010 -1357863786   887362128  -157729457  -149685853 -1124929841  -380016985 -1154619215   688589645
  7 | -1071843379 -1407452038 -1460374614  1396390891    56957308  -830726045   589204695   120232039  -473148155  1261913153   583660232 -1472776884   -41636750   989078997    19142214  2014389515 -1186990976   572971220  1722579320   947283733 -1851531693   952596430 -1610038829 -2133446310  1745842551    64325473 -1964835557 -1640706935   508779962  1555408810  -385130889 -1950748834  -176460527
  8 |   537425184  1411688854 -1037847525   452659043   -58265433   261953944  -789111807 -1202951284  2038880173    -9646237 -1567933837   635789836  -181713398  1533091057 -1000722760 -1553885185  -461907762  1132161405 -1734854277 -2138423750 -1977284917  1371288980  1909202356   645510774  1302733101  -278007686 -1730839375   456733965  1376692475  1301696125  1210542603   380948451  1657153514
  9 |  1078660065  1132657517  1920085287  -654432219   713338618 -1660676990   505953980  -367974120  1716267596   424751657     3575342   230555874  -255209798  -911885792   439092317 -1645734520 -2042961409  1771187334  -475558813 -1716837671 -1930973551  2086944223  -489506715   618274163   199558790  1302134905  -998613903 -1500093364 -1481056628 -2004737766    58107427  -877417062   -28722040
 10 | -1033884128 -2005046678  1193034600  -160322630  1294215581 -1172032664  -839125859   -77227869  1500181558  -107342725  -489046920  1549529292  -242821689   129147102  1692221693  1577146989  -810355190  -357820804  -679989443  1860276546 -1864476707  -281292134  -678990805  2035186035  1587114011 -1934710971  -659994879  1110465925 -1503032590   667870269 -1777978419  -199913062 -1751049238
 11 | -1513359319 -1712154070 -1977987999  1625850350 -2089591366 -1198736013  -468987325  -171451292  1469394535  1040389204  -537291884 -1281206282   304585522 -1753598421  -448741459 -1378093853  -298009509   788307790   621143830  -945426941    74595582   180150681  -620405171  -579224253  1701231345  1455632041   582772623   388180469  1272136358 -1067650443  -573052165   583826527   937846400
 12 | -1678605379  1440382982 -1321532833   243670865  -320854463  -417090571   503101502   128493158   990586051   420432527  1232918365  -670490987   -11580262  1192480776   355817511 -2088538808   -74377914  -525072022  -148684694 -1899866278 -1972920904    23409255   435863153 -1499340862 -1904535090 -1374293895  1546684545   562848745  1411105350   247757585   677024756   950548965 -1550673454
 13 |  1280103550  1235664278    95468781 -1691880444 -1805361413    26942155 -1843886866 -1175055931  1201774866  1177418234 -1729734698  1241480115  1162478852  1625090422   504609580  1097517700  1057856682 -1565481097   554831774   283604156  -550153063    59844697   540036523 -1055355519 -1452858338  -137814978 -1705512815  1164787274   243975122  -592045345  1576759348   654948616  1766005116
 14 |   404905965 -1533194867  -220621821 -1567600889  1872872321  1801845663   795664880  -633472647  1788723704  1793585437 -1074929696   370368228  -939379727 -1055786159    40565356   358729051   152852835   201574217  1570979685  -932777526   526847947  -736261254 -1423134415 -1225372638  1278240441  1350060402   223927564 -1893188053  -992326333  1635534995 -1606075316  1314721036  -184641064
 15 |   997155671   942065274  -222924852 -1869860269 -1562530197  -644679728   418564310   531127251  -126357843  1653868438 -1057265745    45329191  1940221626   -12534684  1498073294 -1129667558  -852526875 -1188405605 -1086075911 -1298932209   735690227  1513016327  1337042166 -1359164514 -2016664756   935694420  1039561080  1300100919  -259552125 -1248368313  1189980435 -1602524619  -718910596
 16 |  1325669172 -1202810952 -1410744006   403150276  1885237365 -1174296529 -2090890889 -1688156518  -171311489  -619650774   788993236  -877518764  -673318810  -144207972 -1066952094   529071386 -2039919478    80964112  1565817039  -616938797  -493373560   184930347   868233756  -927315549  -582525220  1374464909  2134214725  1585988347 -2146399332  1264508775   172171623 -1027819510  1681024108
 17 | -2144065065   728501522 -1181769388 -1290855798  1223716998   334894679 -1282193974  2106378565   102649253 -1487898987   372376613  1617925951  1525188836 -1563573558 -1397532162 -1307865675  1400834962  -344542403 -1803928393  -424893275   329963921  1582804648 -2109237479 -1399639168 -1417517178  1156050506   858894736  1220134863   834200912  1202243643  2023071700  2135501296  -470925543
 18 |  1320254086  -919519304  1959853841  -649341218  1627194355  1256247289  -788076791   -56974891  -242980670  1634002096 -1479571343   985966752  1813020234   505309694  -304746587   397120164  -724938651  1999067203 -1408889190    66355098 -1373294748 -1803053458 -1323964831 -1978468775    53842946  -125484299  -618954271   739707248   789290477 -1706193027 -1791774787 -1862008609  -582666357
 19 | -1552172082 -1717543316  1340457372  -381294679  2146669946   473298980  -239793435 -1390647347   934179860  1324924799   976833843  1258118696   550324823  1954669892   -69952184  -540411176 -2086849336   139353368 -1612382658 -1068412396 -1629984348 -1273061685   744794520  1404933240   530320174   453394732  1161230233  2063216438  1567103490   564274912  -168593137   734636817  2076652872
 20 |  1881725643   866019914  1849878421  1875039171  1872647382   679875234  1057286796  -113365903 -1181294578   818710485   113814407  1788509205  1207650989  -970456355  1722886920 -1337813211  -729441139   826673666 -1667196149 -1196224288  -572961481  1481700397   822991674    72844578   590092622  1713060380   111914883   617804746 -1927969207  1313877172   233018344 -1566910252  1258301902
 21 |  2114419351 -1047377273 -1242635051 -1423914260 -1166945878  1036856422  -670152366  1519302645   836190075 -1541999344  1232845330   667598475  1182145949  1877948966   558159933  2039888759 -1930222275  2009516977   533288228  -579007745  1575398211  1241531590  -113904902   -96341161 -1543658144  -526543275 -2037125934 -1915002834 -1924820709  1151469531  -604790040  -948207123  -827843892
 22 |  -996879581   782441588  -332439850  -786054867  -943083715  1189710062 -2042589685 -1761066442   465400844 -1185544156  1328826917  2105717988 -1994322689 -1926401714  -425772742   143367196  -210774728   343056435  -274299535   -77261978  1018649919  1534056799 -1478509228  1333736509   429565352 -1939412212  1207515338  1748944558   782362168   528357350   108483534 -1995741614  1269433789
 23 |   395336559 -1227151562  1629383670  1886278148  -877445606  1440853304 -2097601903  -902544299 -1717503057  1056082820  1689169833  -257580224 -1278898439   794011346  1541482747  -235693273  2115416845   322901249   748505800   658852572  -492724074  -512024753  1484195420 -1628011607  -294040370   336023874   144192515  -772193795   486528458  1714112827    83539085  2146707015 -1301942328
 24 |  -116996972 -1095164931   390745035  -286928159  1579232395 -1281935886   943138200   586946749 -1956282545  1747279037   882664997    79086146  1182661551  1403815174  -340095368 -2018418135   859692646 -1815372851   261775823   174328742  -535924195 -2093829809 -1890165605   183616070 -1396790545  -103780210  1800832294  1100366249   871441414  1967896550  1115111171  -261943311   905649127
 25 |  1980781106 -1514818552    32077921   528184946  1863730812   347025476  1740960498   -46738185 -2079491886 -1148815336   864049116 -1694282121   334598614  1812695197  -225964429  1135308686  -678865050 -1988377149  2053411656  1284095600   642937839  -225368598  1066189242   838957738    94103899 -1018607369   389804175  1545667994 -1936689332  1779779678  -148376282 -1889745466   671399068
 26 | -1687821073   834537472  1175230464   872231583    63627058  -643970726 -1549120603   -60278535  -866528114  2003053759 -1655485020  -943898807 -1981115584  1046890038  -190689707 -1754277771   195453592  -351458157  1581941903   789782067   521242905   468905544 -1058009335  1342798949   710414176   377161237   381784611 -2135318880 -1034991322   110584867  1292594675  1392696900  1032705388
 27 |  1398744598  1421175891 -1474168503  1216144924  1787964275 -1494183419   896324561  2107149456  1986950048   926851031 -1728035348 -1946783684  1294485144 -1406045300 -1472064102  -520163321     2679473  1494044690  -765066684 -1942263757    68137068  1187043395  -439104009 -2135700242 -1508626575  -404338306  1655754681 -1889263782 -1726660709   574996181   856717660 -2008581433  -735009668
 28 |  -472713582  1956363876   179217391  -654970356  2122136804   483759682  1895769422 -1577177416  -250538650   832821510  -241059094 -1531112057 -1768093553   997250648  -808931902   499754808  -362999542  1880866745  2099592367  -461289015  1537835894  1064212491  1818367143   481238179 -1521894548  -913961232 -1014693902 -1991888649   731591226   929428413  2032348711    59401238  -836441759
 29 |  1200359610   380785900   687910551   433168576  1703279885  1678501872   835966416  1381516434  -459778830 -1439661119  -645261083   783117667  -469175664 -2100780529  1098329057   156525084  1090316619  1419215261  1588945757   567318138   375347782 -1351908472   974080743  1971363653   686324700   574871939  -162461780   -89408920  1732532875  -322957910  1081956097  -943386074   122177199
 30 | -1728780065  1602593123  1537339843  1667156555 -1588416013  1060755167   426816749 -2003831028 -1117537109 -1143214655  1768358090  1983574223  -847617344   456587939   375251911   665671567 -1374767864  -636648403  1316526174  -866826833   987456017 -1664214509 -2005477728  2006925168   501530136   817516908  -214411153 -1110659422   321896886 -1719773510  1707565007   884393305  1856111621
 31 | -2135414194   147319119  1992425409  1776204045    52485677 -1139452473  1560120937  -418304412  -597917435  1504944928   517394134 -1137535772 -1619371042  1172893293  1458084007 -2051239437 -1406506173   397575491 -1176590654 -1916439739    53739274 -1318143778 -2055247779  -336503299 -1341673402 -1116529484  2009716190 -1422211066 -1570489416  -547958691  -222594622  -798471873   202308365
 32 |   475080265  -434857432 -1789552659    23776853  1980013929   685155290   238314099 -1535503916  2083249213    70095664  -270925131  1559415843 -2044725155   -78167145  -472869339 -1549675548  -107711753  -225884238 -2020661570 -1232764387  -252294062   985737507  -234933119  2137343479  -119795178 -2118441566   909783078   203196139  1189574746  -424324573   182951934    11443905   696964398

--- Zero Minor #1 ---
  Minor size (k)   : 6
  Deviation        : 4
  Principal block s: 6  (indices {6, 7})
  Row indices [6]  : 6 7 14 15 16 28
  Col indices [6]  : 6 7 11 15 17 28
  Time found       : 1078730.4751 ms  (since matrix start)
  Minors tested    : 6930323575  (tested before finding this zero)

  Principal 2x2 block (s=6, rows/cols {6,7}):
    [  -547266634   1666077678 ]
    [   589204695    120232039 ]

  Extracted 6x6 submatrix  (det mod p = 0):
                  6*           7*          11           15           17           28 
        ------------ ------------ ------------ ------------ ------------ ------------
    6* |[ -547266634][ 1666077678]  -795565977  -1374489575   1584118243   -149685853 
    7* |[  589204695][  120232039] -1472776884   2014389515    572971220    508779962 
   14  |   795664880   -633472647    370368228    358729051    201574217   -992326333 
   15  |   418564310    531127251     45329191  -1129667558  -1188405605   -259552125 
   16  | -2090890889  -1688156518   -877518764    529071386     80964112  -2146399332 
   28  |  1895769422  -1577177416  -1531112057    499754808   1880866745    731591226 

