============================================================
APM Result
============================================================
Matrix file       : kernel_32_6.txt
Matrix size       : 33 x 33
Prime (mod p)     : 4294884101
PM block size     : 2 (fixed)
Deviation level   : 4
Minor size tested : 6 x 6
------------------------------------------------------------
Timing
------------------------------------------------------------
Matrix total time : 40204.7971 ms  (40.204797 s)
Minors tested     : 257761280
Avg per minor     : 0.00015598 ms
------------------------------------------------------------
Zero Minors Found : 1
============================================================

Full matrix (33x33) mod 4294884101:
                0           1           2           3           4           5           6           7           8           9          10          11          12          13          14          15          16          17          18          19          20          21          22          23          24          25          26          27          28          29          30          31          32
      ----------- ----------- ----------- ----------- ----------- ----------- ----------- ----------- ----------- ----------- ----------- ----------- ----------- ----------- ----------- ----------- ----------- ----------- ----------- ----------- ----------- ----------- ----------- ----------- ----------- ----------- ----------- ----------- ----------- ----------- ----------- ----------- -----------
  0 | -1468952895 -1675211345  -903372929  1238550777  1285794690   540346049 -1260793406  -271847569 -1098712645  1652387854  -128284087  2020301105   894762465  -102729665  1032828923  -723303947  1583436148  -714110475    37830226  -385583606  -669469682  1990457178 -1997595289  1267623020  1294232095   665678916   -61708619   -63105775    -7029817  1360274781 -1955151176 -1763020279  -656546671
  1 |  1863314783  1402362632  1966530813 -2085265353  -673830252  -479418314   834144855   -31766306   -75191368  1877744708  1765508068 -1144077338  2022082043  1713283052  -881146019 -1495915713 -1159448356    49613380 -2085103227  1306803441   347921821   765349728  -940738432  1315020814 -1964211197  1195593369   629077750  2038842147 -1073945659 -2102282942  1841656237  -277757611  -302377681
  2 | -1797316529  1971385424  -800648400   861323577  1759554868  1814311189  -898226816   917550189 -1822125674   140587623    20298194  1007712439  1436132034  -731226851  1352339692   533668405  1277486361 -1470078775 -1333345852  1656523696    60137284  1220527705  -170561902 -1457342192  1729174394   512477844    61951836   239170149  1472687246  -803807817  1056927468  1882640761  1468043366
  3 |  2081495594   817192782  1571909618 -1284134999 -1546286336   750033684  -189898463  1561520988   974052846 -1427439303  -196304880  -465986404 -1509724584  -464389122 -1441764946  1482188616  1362354352  1466785908 -1779486870   863828278 -1977068808 -1686537258   407324564  2087255911     4333826 -1153995243    14516598  -527129224   704694244   665241812   758468834  1554265063  -895368832
  4 |  -853873586  1330233515  -544849252 -2001761593  1000233835  1073083398   997463623  1849087225  -986947986 -1275727794 -1844859159 -1648774790 -1505207477   -53391135  1765608811  2114772433   873973490  1715859419  -955110827  1437980439   755925672    -3814732  1229953177   623441923 -2081902056 -1446300410  -596946484 -1957423123   591357539 -1479498565  1580233612 -1874291999   547931889
  5 |  -941497759  -303992073  -444725234  -105036369 -2054840208   472059689 -1198067619  -973400124 -2012965525   108434957  1521932895  1133476786   807576293  -381754580  1956082581   136928779  -910867502   175456604 -1628390222 -1887560591 -2091253171 -1429044342 -1342769615  -189092478 -1490793181 -1522621679 -1932325984 -1442121030   827960919   824794791 -1165749733  -377060244  1624093677
  6 | -1988896709 -1034156930   826507180  2046226544  -658896567  1284745412   532717911   806315652 -1681554815   506835746    47567834 -1338843168   525500476   669235867  -939160788   -51678147  1352593093  -893187159  2057497699 -1493756463  -879228888 -1197068085  1267779053  -218034748  -986379573 -2083121790 -1201008402  1685654630   -48427264  -173105996 -1855790251 -2074385209 -1055291248
  7 |  -571792430   978499995   245070308   974469254   862583465  2099654571   168722848 -2022707419 -1200122887 -1231076624  2074538957 -1810550686 -1477472930 -2006955186   830442604    28567718 -1438202648 -1761220307  -736069681 -2041282320  1251814172 -2117979519   -13125991  1869164458   967923703  -969932680   188340372  1706063255  -159330946 -1762004336  -846963328   791409161 -1153602108
  8 |  1124703255 -1232253194  2068468105   762579156   314716042   483710206   274747426  1741433764 -1276860933  -530406675 -1893638018  1438735814   507663231  -105788670   809157423  1664296640  -895317048 -1775404421   778813321 -1191808581   492593730  -524525665 -1755293005  1978034332 -2026639317  -238288229   911153669  2063723111 -1794123960   398018704  -650290609  -251445479  -718297505
  9 | -1408516229   531022027  1153392558  -217295002  1706272581   438138931 -1693207965 -1523240129 -2098641826  -547627743   201254161 -1432707949   562088372    92243478  1866104244 -1452931813   524602362  1249619830  1199484394   315123327  -828087381 -1547495208 -1239696348 -1666661404   -20909413   484372298   688596248 -1078336510   830937391  1022916430  -713022626  -384687477 -2097677714
 10 |  -397900848  1281438534  1422692454  1647667311  1775342581   351381996  -274267598   897741792   183572899   232199080  1997672148  -350824468 -1160306426 -2012887195  1758674551   540836969  2038120525  -760070637  1702493071   586231292  -326654707  1574211023  1019057118 -1524267175 -1733883947  1615620209 -1392601733  1539198224  1822306017  -885041930 -2140446847 -1485871611  -766826875
 11 | -1178522168   165461295  1813459554 -1625560255  -817073010  -413163971  -246379083   936684412   855846311  -489508876   655686756 -1910495959  1497911230  -385366934 -1826144654 -1776907695 -1614273283   719193914   -32234371   249335647  -791185167  -941935897  2138313632   748654994  1952907496   671297289  -192102720  1288327302  1759809967   345312232   560023999  -314012124   896181745
 12 |   811117267  -448302822 -1010048764  1102493190  -925873075  1398686191  -302131328  -331166555 -1404056607  -345828530  1452288458 -1971976261  -554822944 -1008961581  1771009312  1151507192  1708396566    24925686   410539993  -377944232  1777941544    57885702  -383219205 -1942202603 -1082359509  1722730760   480435788   441855053   493753505  1976326158 -1213539229  -389667219   922698112
 13 |   118550445 -2107716573 -1456397727   966330795 -1506814640  1682333308 -1271495372  -907615450 -1495663084  2005196801   174535483   278834209 -2085989166   742530697  -230040780  1888050827  1282307506 -1618955601  -764515047 -1794277407 -1262416539  1979885179  -833363570  1704306748   379882114  2049622212  1574064389  1716579809 -1091774754   996648991  -700544129   512510459  -322558474
 14 |  1273289693  2074332679   576350213  1450538714  -186636666   163488927  1978474740  -424396503 -1389186202  -669743471  1425422297   777767259   188276958  -406806431 -1794445531   308765713  1827512810  1933572172 -2009735457  1728085115  -399903136  1688512542  -687926716   639148457  -481394796  -498522299   233317629  1732913265 -1270298047  -429271826 -1839620271  -244301680 -1509186143
 15 |   102459362  -493039711  -590115090  -995957355  -227955005  1041408323   394487054  -865090514  -786200252   430043273  1204562788 -1617468968  1344353898 -1446527396  -239748915  -825157359  -815595706  1873187344 -1349428716 -1954914789  -398147197 -1892478539  1834408329  1449520057   -86765053 -1393744726  1484758648   355747520   382036390  1667491809  -858423322  -964273268   889271763
 16 |  -359084444   857960978   229721411  1005578157   297551020  1012076629  1664118421  2122119142   264702109   159419315   -83143935  1935549786  -748064939   317052684  1268447198  1418619632 -1994949154  -998783024   534438218 -1344955850   946350460 -1665069852 -1635817081    40649611  1894971326 -1601460076   428392385   293880514  -315756409   670270956   479523851  1819090194   331253433
 17 |  -268744760   544129396 -1484919762  1203257667  -520430452  -367575999    51929094      606699 -1108275660   341831545  1351894926 -1155457448 -1071577323   883371393 -1834175148  1442578468   498743190  -158615584   209644266  -870634877 -2091776924   390359388  2031078361  1800784475  1268736331  -833742370    92947933  1597168904  1854171214   808555583  -501036783   572332463  1301859825
 18 |    25432115 -1963912781   267473672 -1283026001 -1975981197  -764261288   753197955 -1907337434 -1699686440  -933816347  -193503854  -953807138  1768489697   -64166114  1263054095   547126294   885106801   -48058219   663353003 -1935683106 -1719609260   654070217 -2067828458  1366869947 -1950388465 -1549907093  1464287457 -2026432956   -81349095   589908368 -1712790409 -1324075319   533665940
 19 |   519989673  -526142153    40153635   235305445   -62473719   436425190   -16399894   665430698   364649796 -1281623374 -1324134166  -839872269  1289319349 -1257078056  1043988803    24676750  1621943962 -1472802702  -951003812   809941543  1659367167   967034236 -1356472853 -2103526218   -84633580   115528121   519223394  -282809750  1714739384 -1128553173  -698682710 -1736492513  1051463381
 20 | -1703041265  1742953702   643539486  -451965836   577819284  1113330629  -355085220  2040163329   268290012  1578776784 -1775858793  -576436582   813176838  2134815387      204099 -2024659824 -1996224425  -462433676  1832378247 -1154422654 -1614488099 -1012274878  -876048150  1974101320  1525757025    45027201  -197736163 -1748379464  -481571708  1590000463   819346021 -1385434834 -1732724745
 21 |  -503491685  1905849380 -1155997617   794522619   -35445782 -1099960666   200602967   188421220   167040364   463657314  2084468413  1924135321  -805993319 -1673547169  -877056000 -1759716480  1580188391  -210684967  -301427992 -1426884636  -660249682   338345190  2001138315  -200662608 -1522365071 -2143886609 -1826217991   199843776  1345965151 -1454799700   108128757  1899520463  1019960480
 22 | -1292628419    44568597  1503641632   770118432  1053879660  1747711614  1585315462  -154461603 -1316979370   222241289   813761522   343236604 -1795449901 -1442029500  1342379975 -1646039881   551628175    30369070 -1880208642  1657688254   527004742 -1446374948 -1457818765  1993273897   232678313  -221462343  -657349710   -40419135 -1901255601  -447555159   779650612 -1797007825  -611893740
 23 | -1432493814   266860997  1381518894  1940949553 -1387511086   649778944  1900170545  -127042337 -1603217187 -1164605121  1481000903  1002592397  -903992540  -510807663   -23017453  1147016331 -1094155914  1995089785  1785134123   457131130  1085496548    -8643727  2117770345   662229092   966830821  -518990615 -1081938050 -1594205559 -2123219573  -527245255  1437245741  -495882144   118300893
 24 | -1728851776  -714534622  -338869347  1899708340 -1680421609 -2136597859  1587295980 -1196410334  -517183483  1130086222   -19704811  -856179663 -1620195132 -1878909868  -317145416   602671640  -917743598 -1185531451  1494521118   210587226 -1355800496  1959622354   814487626   286138105  1350605635  1002069874 -1988267330  1413187187 -1222301848  -546086389 -1189594374  -726146248 -1325696096
 25 |  -680144901 -1822581601   315871890   779552405  -114294521 -1917375565  1117090999  2116175541  1004425911  -980736020   366531876  1549740395  -460778998   783487182    -9576008  1705623301  1797627420 -1293044853   973861005   -60412714  -883828887 -1997623675  -529362982   700355031  -338336017  1300825135  -583704598 -1329878081  -830582335  2133569238  2047630480   383721583    33197769
 26 | -1076946845 -1301526667  1818038792  -170156443  -213424334  -949531175 -1971439303  1012306351  -731892601   -78774051  1239439225  2108820704  1847248980  1657593491 -1696291875 -1617809182 -1877610557  1815076277  1972694694 -1696416307  -361182856 -2101535930 -1771735603  1567113616  -890943169  1839226038 -1685842626  1507748737 -1891105562  -552067637  1691326175   739533924 -1550476963
 27 |  1634716103 -1878078657   378865664   308952919  -672078000   985577223  -140152216 -1780524502   544876830  -776472096  1177155035  1653258158 -1781676546 -1897804315 -1202781947 -2092567563   361714960   965776212  1425813477   461579465  -700333004 -1247151790  -401432295   691882909  1529985058  -327425900  -782412176 -1590631785 -1709802274 -1916546170    63012195 -1313408715 -1503467184
 28 |  -544988585  -813511419  1493241250   663200554  -795583107 -1854930424   812792355   547729542  2133147249    67840955   120933505  1114557857 -1949483324 -1802693475  2018021832  -463652575  -573207818 -1826670273  -622876392  -518207332   982542208  1447396825  -896355727   685037039 -2136438892  -822851409  -809621372 -2133939449 -1913619339   184091880  -209306845  -802332326   901074570
 29 |  -632439864   188717243  1217161345  -696429833 -1037024885  2058393871  -713795364   961895927   317405489  1255754085  -682257304   720490831   221162238 -1169548527  1835473338   -31440955  1334713788 -1535681266  2014428484   585746754  -345108578  -656177335   609971947   -47630966  -639568722  -944426549 -1605651019  1348515861   982960638   694581757   719139473   908301923  1058119754
 30 |   385257558 -1287886066 -1657105982 -1474510353  1892859736   717011393 -1518203176   118246194 -1463394716  1387644989  1371566728    49587901  -727617798  1592868856  1439043397  -731317116  -845210154   442261273   646569639  1375928933 -1192148391  1525035150  -560586831  1322379643 -1558385045  -487124309  1529470027   233329019 -1849777154 -1367976917 -1391304486 -1024483564   584104935
 31 | -1625662163 -1802611873   -16715021   235236773   460596244 -1406267624  -831331354  1165316718  1166727869  1292925056 -1305894720   -54328634 -1149242479  -547494999   511782639  1147157269 -1358079961   437529921   -36703797  1405447147  -187657200  1431369979  1062865508  1132174935  1761842413  -112483161  -894503695  -693456810   369914860   173907640  -911947494 -1428491861 -1318581723
 32 |  1260408041    41931064   352097862  -310190664 -1548166306  -364089150 -1843058163   592481926  -868148351   791858380  -683185849   154997412  -374532834 -1012843252 -1082694423  1397570212 -1942350911   299532738  -670410339  1077867685  1514769951   802053355   898750308   223699147  1685226271 -2030581365 -1787624048   428030825   244889604   725425567   951756641 -2128690801   654994208

--- Zero Minor #1 ---
  Minor size (k)   : 6
  Deviation        : 4
  Principal block s: 0  (indices {0, 1})
  Row indices [6]  : 0 1 11 13 16 23
  Col indices [6]  : 0 1 2 5 7 15
  Time found       : 40153.8740 ms  (since matrix start)
  Minors tested    : 257761280  (tested before finding this zero)

  Principal 2x2 block (s=0, rows/cols {0,1}):
    [ -1468952895  -1675211345 ]
    [  1863314783   1402362632 ]

  Extracted 6x6 submatrix  (det mod p = 0):
                  0*           1*           2            5            7           15 
        ------------ ------------ ------------ ------------ ------------ ------------
    0* |[-1468952895][-1675211345]  -903372929    540346049   -271847569   -723303947 
    1* |[ 1863314783][ 1402362632]  1966530813   -479418314    -31766306  -1495915713 
   11  | -1178522168    165461295   1813459554   -413163971    936684412  -1776907695 
   13  |   118550445  -2107716573  -1456397727   1682333308   -907615450   1888050827 
   16  |  -359084444    857960978    229721411   1012076629   2122119142   1418619632 
   23  | -1432493814    266860997   1381518894    649778944   -127042337   1147016331 

