============================================================
APM Result
============================================================
Matrix file       : kernel_32_37.txt
Matrix size       : 33 x 33
Prime (mod p)     : 4294884101
PM block size     : 2 (fixed)
Deviation level   : 4
Minor size tested : 6 x 6
------------------------------------------------------------
Timing
------------------------------------------------------------
Matrix total time : 1355597.9082 ms  (1355.597908 s)
Minors tested     : 8693653640
Avg per minor     : 0.00015593 ms
------------------------------------------------------------
Zero Minors Found : 1
============================================================

Full matrix (33x33) mod 4294884101:
                0           1           2           3           4           5           6           7           8           9          10          11          12          13          14          15          16          17          18          19          20          21          22          23          24          25          26          27          28          29          30          31          32
      ----------- ----------- ----------- ----------- ----------- ----------- ----------- ----------- ----------- ----------- ----------- ----------- ----------- ----------- ----------- ----------- ----------- ----------- ----------- ----------- ----------- ----------- ----------- ----------- ----------- ----------- ----------- ----------- ----------- ----------- ----------- ----------- -----------
  0 |  -164557778   193387889  -705339654   352878300 -1663174334  1690660071  1363496114  1818992923 -1173854552   512411168 -1632166578  1759062564   536515331   680799430  1274119601  1988631017 -1570631838   677615297  1757413876  1605549376 -1280956404  1559889355 -1556608669  1776527086  -168235135   -66753343  1119690619  1465158102  1668666903  1825611633    76159223   864061320  1119463096
  1 | -1944196450   414541218  1452135076  1225422137  -318009265    47657685 -1034958753  1415002788 -2114601895  1140000025  -812605986   -88466296   183666281  -226996928  -386140403   225160528   732759488  2078211518   772818748 -1218704575 -1487310958 -1771322521  -825618265   905566377  1021707741  -792684260  1793563987  -452285842  2038028955   619790302  1659827434 -1483872291  -797323860
  2 |   610449207 -2071441867  -931532546   159978928  -853564297 -1208983716  -458227590 -1492136714  -259187410  -923128735 -1528037891   533672578   636971606  1046385994   531786176   943463808  1708314696  -785464732   -20479893  1825088770  1904629843   -84835942   920365571  1125207115   932946963  -829931755  -285185975  1006777675   323807177  -876525567  1349394931  -828445429   248403716
  3 |  -920012197   502128076    54419582 -1139258007   -38814914  1695032253  1372231137 -1237479145 -1536454629  1023023271  2115658782  -651357161  -310734825 -1812751834 -1042178320  -321644713 -1743069841  1181277097  1260878386  1377106933   -97235341 -1912816676   -55952884  -830811703   688137896  1809931630 -1956393309   783944008   675600966  1820592478    13851993   423366782 -1229686311
  4 | -1503427088   739937531  -554587968  1918427564   731415167  -867128815  -749723694   987616282 -1560327883 -1220396989   668445726  -707661205 -1035317436   912240815  1008512800  1252236746  1151375650 -1070918965  1209298006    53067821  -799867578  1618726410  -210823163 -1786843578  1790532650 -1928253159 -1903752105  1419407665  1724898130   777288504   507456057   925047928 -2072094369
  5 | -1006638344  1934142175  -612593773   201539128   -91054141  1863870431   938682179  -237781059 -2100777724  1017457209   513010156    26789098 -1996525582 -1752804727  2024679887  -247180431  2071757462  2125921337  1288810460 -1673856694  -187606650  -682887386   320016877    56784151 -1310292598   481671086  1048463535  1852831018  -687986714 -1991054912  -811597775  -689526861 -1109696769
  6 | -2029421282   881454740 -2085828768  -805399205  1012257907   817787238   -79821249   584149336  1039665932  -715036793 -1018854297   643961360 -1136924443   778840371  1420250711  -853215287 -2030185624 -1710759318 -1245805796 -2140387112  1396100868  -546125393  1447225075  -714362875   201850476  1518622347 -1689822119  1053368735  1464245816  1668629084 -1697480214 -1901277910 -1918001269
  7 | -2057081503  1873599111  1955293745 -1269314104   933945934   614972955  1184213098  1284294145 -1115013977   261311528   735788035 -1231370963  -523889494 -1980385278   794563064    55183662  1722620244 -1215941265  -155847198 -1911152160  1929642995 -1447026802   923185833  -709901427 -1590646336  1033951878  1321800464   970678839 -1517271279   998421256 -1484008206   508386031   857177185
  8 |   988471677  1115256031  -702043957   598327159   746019458  1279076195   -25340741 -2029910857 -2139542356   489265054 -2014829182  1514050110  1371095983  -996205633 -1199116395   950323299  2050242578  1803944839   489634632  1380858318  -178184996  -225602981  1308382905   925971205 -1318358627  1005283207  -172363176  1695735309   791837198  1320551196    79269783   749635426 -1726834681
  9 |   563114193  1453150402  -766688204  1933204200   122790093 -1109490581  -687683702   922111728  -763368911 -1948077594 -1692163766 -1415278658 -1309138510 -1311720603  -595379327  -398598824 -1150030716  1778535730  -409692137 -1789372183  2014874721   183027962  1463777397   966277154  1892794980   189939052   560702772   383978790 -1297722794   846808232 -1196607768   612529350  -804089993
 10 | -1387340641 -1874387930  1104607692    92036002   412919809 -1429986492  1925402294  -849378329   414173657   986017095 -1934069044  1740203837  1702580429 -1780183674    29866304  -188688065   103180242   729475177 -1200483748   583375326  -599395390  1333389520 -1524441467   776553764 -1314597134  1463092063  1628247114  -847411580 -2061637019 -1697905430  2035903332 -1082055181  -495789778
 11 |  -908808012 -1057666639   464746829  -453258618  1502060262  -179392558   856729609  1576312959 -1552134586  1682779239  1731278343 -1421940236 -1279506663 -1082690197 -1127903197   401504684  -659026135   385876810 -1241852347 -1918911169 -1568970046  -440520028 -1094073824  1321337962   206784632 -1791839680   759701599 -1092963203 -1253210652  1632815039 -1850487946 -1909311053 -2049442076
 12 | -1096452833  1235051493  -921087422   276632444  -186786201  1174816201   384475997 -1263866300  1052820286  -732029521  1222684699 -1689822306   156233994  -831179113  1434362955  -618525465  1060343512 -1142828112  -765685435   -29412391 -1675017906   -15725458  1382724982  2054213076  1015093149  1441641661   897259312  2036870743  -483055065 -2037572609  -666866427 -1582443467  -573040209
 13 |   298224283 -1356655634 -1748236342   874037658  1588074355   607400084  -624866404  1422625873 -1871609111  -944685273   884136767  1697021772 -1798522357   468025817 -1544033952  -253556631  1257825194   -46029446   748863342  -162382796   139175537    50255455   115744198  1320545165   748101843  1837792000  -846630892  -224453170 -1458884391   -72992185 -1987238087  1677638300 -2014560861
 14 |  1285752534  -364948189  -930303620   569804415   361068921   424492182   975446882 -1067092751   821317070  -251216963  1006475931   864575906  -660470639  1265910254   566520617  1466030627  1229406840  1481515527  -354873895  1938423877   214412284   487377938 -1467093189 -2027023352    69453210   644893401   742618269   650837788   157176947  -383857898 -1659016281 -1975295423 -1234518315
 15 |    57335845   510480442  -202506092  1464676012  -600339916  1876540242  1650118742 -1027093061 -1149601210  -115006280   164740358 -1738696075   132960746 -1750275185   318952075 -1501965189 -1935380567 -1291044092  2141166858  1846634665  -396694740  -815358486   423354193  2103394294  -527605017   805573049  1541713609 -1849160439  -153049058  1688536802 -1000569895  2053638039  1164042196
 16 |   -32520817   408089260 -1084010464 -1973035441  1794014717  -165896888  1983069932  1966579528 -1938893572   164789947    -3844409   263533741  1414877725  2091841356 -1253000194  -721873545 -1207940942  -603096860  1940606870  2028206334  1538438298  1047188700 -1270403780   734365103  1148496142  -310262535  -718456842  2004147693   -69455021 -1395199753  -109561176  1832355307  -208165205
 17 |  -841003171 -1450026325   446262981 -1694722674  1014176999   714371380 -1387409359 -1741487945  1774767155   686348520  -364761579  -304100261  1521889251   114772921   134744714  -126729573  1435922242   580337806   850701597   675121399  -392703396   -67656077 -2102906744  -398911278   419425446    89268755  -966376534  -395004655 -1348397586  1891534139   886356255  -348074298   874319009
 18 |   966666558  1119155614   388264221   751322133  1523498561  -657784337 -1393215519   -62756765 -1695780262 -1837367328  1959654711  -357298960   485838983  -166933510  1040244300   502092599  -666274491  -770104469  -454546599   868745937  -782435502  -881035067  1301395657   820225965  -817817899  -452667746 -1669472169   867721745  1452541696  1336399452  1072829741  1345635234  1704369617
 19 |  1293149200  1120553454  -798061594  -171093031  1023525535  -144923917 -1270169528 -1261182382 -1250137943  -756700980  1924176162  1620680754  1700867704  -396729850   933919819 -1008106509  1443534326  1118136214   -15484653  1715228801   931019136   288393708  1142039858 -1116691376  1995816334 -1704008703  1828508549   658687421  1730167460  -508058242   690367720   361456583   566422719
 20 | -1169949564 -1382571419 -1410478728  1100195367 -1975082852 -1428308230   414594515 -1439336498  1536781598   815937692   184296405   261707525  -802334807 -1842223188  -561157262  1031595847     6207110  -622823199 -1725562338   765623577  -706663547  -879329359  -414623234 -1732914744  1727282127 -1822140840  -266945853  1910535258 -1261226165  -297307848  1892351228  -504080301  -682239936
 21 |   948783132  1772274552   675454416  -564436964  -552679256  -566243780  1280038945   433574380    -8619410   184173613 -2144315011  -128050984  1984991844 -1060929204 -1204465334  -794167166  -356227863  -579290598  -579264709  2022826700  -895515377 -1334613919 -2055247080 -2055496759  1465493988   928152182  1028785809 -2078122137   333636404  1362022506  1049659704  1596338702 -1597655735
 22 |  1979447488  1739803740   736488948  1652965512  2102223981 -1790310083   535669169   274403487  -521378057  2067622973   572743608  1647544652   352753417 -1972427605  1179994157   650648637   799964549 -1760800270  -352581447    80355035 -1536646016  1025314591   420048346 -1844218949   202353547   811379191   363354225 -1431962340  1458071912  -957392980  2044484738   929889721  1161721390
 23 |  1379482833 -1359265651   565296843 -1475343090   853739633  1549453879 -2033573083  -835542349  1649657880 -1010811102  1917621038   248535892  -594844361 -1791056157  1173519485  -670411033   213549430  -353939231  2133127751   291228578  1703322258  -590938898  -339995604 -1460177126   -99547878   909391550 -1721884429 -2076362716   -70748113 -1096155952  1485294576   878634033  2033700840
 24 |  1062371392 -1510816119 -1550199454   556828990  1891060563   221735904  1046952625 -1719815360   534907706  -447353661  -641687651  1108762323  1410748284 -1703906387   390018618  -785626606  -691019706   874895823 -1517049543   602635487 -1275684066   180261009   988936889  1616939413   266263633 -1423239575 -1830917070  -807346105  1040826112   695382152   949230642 -1208463882  2057121759
 25 |  1801739684   657896874   467229004   494047008 -1086206124   358417189  -412404746 -1495362919  -637365905   552860175  1192900007  1645305498   772312920   583704282 -1312815364  1007321626 -1982799107  1947538585  -333936516  1424213467    97457300 -2024809789 -1708600068  -807285248 -1200591317  1907263279  -874334811  1148013531  -229158621  -205768015   780646174   217276548  -374766958
 26 | -1447368484  -392895062 -1498845891   488362319 -1432661450   336406191  1905484257 -1198638504  1676153959  -911011796  -451004862   590372975 -1270792244   965589533 -1622555982   681335536  1600842411   535566362    43178799   337222500  -823364703 -1154862569 -1081389502   833604053 -1507610706 -1706687747   880567025 -2030327103  1480959435   193270385   742930222 -1603201055 -1895610600
 27 |  -790365951  1338845619   959921361  1017335920 -1022837686  1936283669   371040105 -1920661282  1763861927  -264004266  -144919629  1225329861  1853058908 -2012146505  -227781686  1997255241   316090618 -1552154580   399516145 -1489194146  1310018971   855893376 -2058518033  -853212396   754723004 -1249671174 -1038484199 -1801131727  1321221165   237828941 -1318167608  2048056783   365588020
 28 |    69773950  -254390611   231094205 -1786522135  -472997996   620595225  1073093379 -1071817584   160268672  1499381919 -1607294724 -1766887991  -526246717  -122015862 -1795355642  1847745401  -386003990  -924479011  -313290526  1501106267  1677302568 -1765828823 -1785936358  -238763853   819432885  1839868123  1609370322 -2069246426   395390914 -1357113515   294782253 -1441918173  1082171428
 29 |  1370563975  -994384873   530284985   -66175186  2099028359  1451076107   448511534 -1443762905  -570886713   579362765 -2092160773  -438560867 -1680140851  -403963118  -720075038   152394741   220303422  1910259673  -723951735 -2012005308   310105801  -297621948 -2093857753  1680313114 -1322461939  1014920122 -1971455880  1898707473   800986002 -1877829301  -587137474  1037068335  1087699961
 30 |  -584738431     2990864   755005503 -1948854949 -1240455005  -519806048 -1823857223  1642392885  -666589799  1148060973   541201118 -1677609292  -777255024  1802300577  -432870656   -64530500 -1708087238   859168912 -1684568810 -1491158688 -1352775811 -1703130907  -935072711   287035166 -1448143775   372177179  1843458395  -804493687  -484301727 -1406529456  1417213399  1646422857 -2071754925
 31 |  -766791833 -1412087303 -1050382238 -1145327287   892632719  1868442723  1604265688  1648619367   894519179 -1871820523  1881080466 -1516598040 -1162119430  -907347642   150306109  -889227584  1965402803  1025010662  1457403454  -102974095 -1096432811   877298845 -1840253165  1551349244  1587969732  -805880514  -420732448 -1836104517 -1625125433   339600712   161176440  1496311955  1979991203
 32 |  1391942657 -1500410261  1183478769  -133747491 -1056259743  -894354108  -176150143  1552281180  1687592279   182036229   374766251   779129455 -1949106900  1395291377   507076982  1107630842  1739882245  1252545291  1736225647   973457862  1212038759   109412053  1450234609   511251366  -339637088  1289181873  1993875153  -633606338 -1165766724   142160828   914587976   434821364  -398219888

--- Zero Minor #1 ---
  Minor size (k)   : 6
  Deviation        : 4
  Principal block s: 8  (indices {8, 9})
  Row indices [6]  : 3 8 9 14 16 28
  Col indices [6]  : 5 6 8 9 28 32
  Time found       : 1355546.6082 ms  (since matrix start)
  Minors tested    : 8693653640  (tested before finding this zero)

  Principal 2x2 block (s=8, rows/cols {8,9}):
    [ -2139542356    489265054 ]
    [  -763368911  -1948077594 ]

  Extracted 6x6 submatrix  (det mod p = 0):
                  5            6            8*           9*          28           32 
        ------------ ------------ ------------ ------------ ------------ ------------
    3  |  1695032253   1372231137  -1536454629   1023023271    675600966  -1229686311 
    8* |  1279076195    -25340741 [-2139542356][  489265054]   791837198  -1726834681 
    9* | -1109490581   -687683702 [ -763368911][-1948077594] -1297722794   -804089993 
   14  |   424492182    975446882    821317070   -251216963    157176947  -1234518315 
   16  |  -165896888   1983069932  -1938893572    164789947    -69455021   -208165205 
   28  |   620595225   1073093379    160268672   1499381919    395390914   1082171428 

