============================================================
APM Result
============================================================
Matrix file       : kernel_32_79.txt
Matrix size       : 33 x 33
Prime (mod p)     : 4294884101
PM block size     : 2 (fixed)
Deviation level   : 4
Minor size tested : 6 x 6
------------------------------------------------------------
Timing
------------------------------------------------------------
Matrix total time : 461597.0391 ms  (461.597039 s)
Minors tested     : 2970138675
Avg per minor     : 0.00015541 ms
------------------------------------------------------------
Zero Minors Found : 1
============================================================

Full matrix (33x33) mod 4294884101:
                0           1           2           3           4           5           6           7           8           9          10          11          12          13          14          15          16          17          18          19          20          21          22          23          24          25          26          27          28          29          30          31          32
      ----------- ----------- ----------- ----------- ----------- ----------- ----------- ----------- ----------- ----------- ----------- ----------- ----------- ----------- ----------- ----------- ----------- ----------- ----------- ----------- ----------- ----------- ----------- ----------- ----------- ----------- ----------- ----------- ----------- ----------- ----------- ----------- -----------
  0 |  1300615079 -1753399097  2140541384   848931563  1871603745  1091453976  -430818305 -1354296019   763588065 -1122942518  1747690764  1333942115   -38555189 -1659026118   963457324  1517169971 -1571120927  -333321591   -87976973  -509631211  -301164587  -600821244  -589534445  2106195013  -441202931  -584234997    50180484  1057078948  1720552148  1270877035 -1643174812   387262106  -842300149
  1 | -1988953464   129020979  -358851815   851617101   958428850  -931884352   630223110 -1887468954   384166914  1666268430  1266900254 -1601781738  1666271646  -990300341  1671537954  -204230535  1854626152  -270309065   687654709   890729429 -2013156528  -182798826  1752443057   717997379 -1328450630  -148155327   179206721  -807910220   335655595  -290592418 -1389636677   993207934   552956850
  2 |    15495604   979135392 -2045745264   560524136   214151996  -397598582  1629052694 -1940991721   635469875   120198014 -1290705580   -44621079  2008337019   255666803   478257115   432047804 -1263152428   454864448   822011550  1686479633 -2086328788 -1465457567  -604350336  -378085940 -1290927094   960206447   457368905  1593917630  1925696008 -1960937564 -1771417403  -731879548 -1224399650
  3 | -1577749208  1436361524 -1793315251 -1745710946  -412672157    17335550  -471033745 -1374748536  -766858210   644838436  1921534120 -1997837991  1710817694  1328970550   789630622  1014220642  2060286820  1332956725   580202636  2084084968  -875189695 -2039592821  1715374921 -1278995114 -1500380530   -33133467  1058125334  -752010460  -865903627   212310159  1449800507 -1627256749   -20172784
  4 |  2014683024   412710790  1095900726   -96870809  1662981225   203042476  -201679978 -1346276745  1941496745   911554572   277337467  2017885846  1692501591 -1807018310 -2138898880   216250544   561335351  2044063924  -201921984 -1192291551  -343372764 -1002179747  2072421134  1937497763  -622570946  -683123408  -853077755   911361243   271097700 -1685885278  1553932497  1394885598 -1789109479
  5 | -2011812723  2137600368 -1384113653  1634504747  -775532733 -1871755925 -1658888087  1406806531 -1300159941  -863527211  2106323068  1382120693   705796247  -527783767   809994639 -2029055089  -625487958   208991465  -259632710  1935242592   775532664 -1133615508 -1133383305 -1511282850 -1420099692  1718964173  1589178851 -2084427791  1575902249  -612065955  -259101137   -21583428 -1773259829
  6 |  -657560212  -318733008   843537625   287966982  -350550128    87844852 -1792806720 -1325832107 -1787140827  -987907867  1435001126 -2037545565  1832528280    42337718   788697494  -639758989  1028417869  -717274177  -502546324  -367521491  1723109790  1064626218 -1958454535  2124322840  1752166631  1712525630  -340103713    74218583 -1585143118 -2005425797  1143552936 -1821664996 -1741945903
  7 | -1073147632 -1764590265  2089878837  -117617091   403611206   368370246   308071547  -979127198 -1526523988 -2103976547 -2010469129 -1803080005  1645468727  1598172206  2121436409  -360037564 -1352489999  -482711571  1678805498 -2107865018 -1328140089 -2127244306 -1919977677  -641227516  1310252348 -2110232079  -994072449   937665434  -842561439  -117569776  -662080583   797809007 -1146477489
  8 |   911303112   158422410  1152811413  -418239925  1613248606  1245093728 -1980839855  1267512225   506584209  2000470635 -1920027593 -1183749752 -1100061947  1931881419  -560735539   341304919  -727587993  -658287822   216264883 -1073135999  1149465064 -1857346978  -687452300 -1697661911 -1835975338 -2065215186   -90017922  -912064338 -1078445933  -755375453 -1183738001 -1352608112 -1707910457
  9 |  1063901493  1651515396  -442948804  -911408908    67814487 -2081386674  1079385815  -576398048   733758013 -1322422696 -1323810106  1130721641  -900865955   615500429 -1966938130   408765889 -1770017706   569774599   464479809 -2133451567   373603070  -823769119  -513925988   339467911 -1218068009  -189597197   227879749  1757373098 -2036841912  -882521946  -679416062 -1195025643  -913651399
 10 |   984470170 -1453460057 -1566732019 -1309695582   608049580  1156916061   527512617  1576162912   754103590  -441688732   -64386055  -575964850  -427456182   184871021 -1225171562  -458254618   433792740 -1558011574 -1637901909  1146111857  1370146675  2082242626 -1701768757  1625084886  1533928869 -1107415631 -1374929675  -811509626 -1960246323  1020553989  -447967176  -224461546  1979061675
 11 |  1966063972   210999398  1079091273 -1082878828   425116094  1420346163  1527303563 -1478584241   -93284718   754337482  1487019079 -1422742361  -807374925  2030492215 -1447821560  1511824873  -535991926  1289080278  1764902987  1733687116   -79430886   489025351  -723478117   538722199  1261686267 -1734954656  -532083687  -617338598   280634593   -22261946  1237522410 -1626036631  1908336661
 12 |    -2995386 -1717452510 -1082575350  1979063982   620218258  1319334045   661546967   350923523  -670999572 -1728222944   426183618  -303962902  -689573217 -1768514516  1570987490  1760053282 -1570676894  -278369564  1521802300  1311521533  1993768019 -2071113594   411525420   -31675207  1406630518 -2119103192   899799164  1598792262 -2049970367 -1006882131  -883034599  1129521698  1652577430
 13 |   859658314  -719216861  -454638514  -610604159  -494480839  1837661154 -1765403593 -1498786980    66680904 -1700525454 -1160934784  1046262678   435409032  -403681599 -1930559124  1002003143  -954054264  1335794493  -919073102 -1419154278   996037743 -1134148692  1568355242  -425515859 -2095268199   705460301 -2107278296  1884936471  -406387546 -1415624233  1899278673   533475852  1578962336
 14 |  -769167064 -1284030005  1585977646 -1783625014  1888323285  1685977944  1673804639   433892859 -1776251168  -871927758  -341530148 -1060060884    18729793  2037834921  1472614631  1823833330  -687882590  2121158003 -1447180563 -1462565616  1383450716   298112755   777097655  -739021126   768447288  2101575307    88944282  1839901642  -222060543   271405874   787935554   143925591   940722716
 15 | -1149623104   788650676   359724639  1205249413 -2098661614    35861644  1681945977 -1806601096   180779025  1823358709   874590677 -1285517125  -431857267    31990940  1146519262   496118155 -1544083101  1378788355   620018382   287871917  2070241584  1300499582  -266377951  2028561098  1362141541 -1710696548   479178538  -521051898  -357946517   312480773  1000040742  1452252614  -522481487
 16 | -1166585372  1795081468  -760480572  1551755680   954906910 -1132343193  1220063637   282878326  -602056603  -194835883 -2061686243  -168654025 -1364777025  1174539741  -973903084  1233843434  1419669566  1356105388   137098532    -9299747 -1430674222   320581032   557937341  1053106485  -634723633  -544685075 -1986496851  -124529164   304299077  1733812230  1962059589   216089624 -2133658280
 17 |  -691108293  -787481808   255290609  -511843183   454883203 -1038233085  1916561641   516533808  1563444790    34605228  1574707371   294803344 -2038728897  1559471314   970409869   864246034   465813448    22391471  -843612543  1801092096 -1580515966  1522607131  -490482343   526444382 -2045682029  -470141925 -1960319806  -820271362 -1061155474   467114640   545115487  1778266545  -456601570
 18 |  1885023910 -1823472823   414856313   546539486  1689700516  1719560703 -1517277706  1320941650   -75968462  2070093022  -187284573  -157414618  -147662366 -1498600850   284885506   185823040  1813095073 -2065292093  -829345960  1460537412   712375563  2034549002 -1414694597  -414470094  -764955870  1944412895  1682343826 -1600455215   438098447 -1919500710  1893439251  -694337300 -1883916751
 19 | -1637698945   282278278    94321212    27372071 -1905785050   323864579   133372920  1490282661 -1108562473  -911838352   348004983  1461081216 -2102934322  1834386663  -350074618 -2119355871   174656188   146465727 -1647195675  1705831705  1139360122   660125705   628727667   751883968   191274157  -701924229 -1578853330  1922760385  1784203405  1828860824   237178627  -323561645  -252568694
 20 |  -867840235  1046413255   394119257  -154456421   416953830    44417302  1159035071  1661264489  -455293757 -1675834490   776015306  1601756467   273649855 -2030640434 -1518055909  -881001885  1159015275  1964545909  -298501555   216916535  -701813944  -360978835   642604153  1917215716  1020375787 -2084512038 -1917895773  1180845647  1141812953 -1515858972  2031336534   396270255  -675874978
 21 |  -131539698  -429356546 -1202359276 -1349370440 -1111411220 -1273577812    40605245  -961262936 -1440497304  1509445646  1339659815  1345461987  1777845483  1524529536   493642595 -1735578258 -1595317240 -1439773686  1518278149  1818902402  -275922042  1949482461 -1827833093  1889040919  1185529883  1256131282    95999956 -1630506192  -414260234 -1802069403  1503796561  1130537946  1781637026
 22 |  1321779474  -773748174  -240347393 -1985221765 -1143526475 -1283355946  -709558987   801978331     1848236  -850711699  1663655231 -1191875383  -375210579  1831771992   300399893  -948130276  -514897335  1626640387  1203436196  1550478091  -938161097   455958977  1086099328  -876896766  1405599372  -700586625  2116192015  2027265433  -691510972 -1451432170   412772856   577968209 -1237844649
 23 | -1934795867   810363605   -33675434  1990195103  2112604026   972337690 -1953419241 -1786067086  -840950058    83877782  -393238671   320755797   706326219 -1951665734    31820292 -1133279995   401303337 -1624759358  1132865957 -1990725976  -847597992  -188468663  -384094461 -1096463688  1245299259 -1716181208  -227899868  1542441606   178378478  1662520172  -745306705   164105073   422954802
 24 | -1549774409   580350544  -122480273 -1518788056  1749596280  -872131210  -607778145  1531756972  1655006641 -1763891090 -1008645642   736062519   517936409  -199776920  -489990865  1653303055  1611599907 -1640852257 -1463117561   678333981 -1826555058  -585719420 -2134284552 -1407606263  -843790479  1492426618   -24067558 -1698357315 -1399060722   315973959   -79888512   501622032 -2089030327
 25 | -1628945509   732704822 -1675183261 -2068772441   671219512  1846268324  1557919155 -2084689744 -2083262810   648008033 -1360281989  -857833380  -597007809 -1432670480  -220186494   961074291  -793493805   782122866   644526269 -1460481956  -313764942  -464972082  -137843692   226171464  1851529265  -295234255 -1488609820  -547353285   -11678255  2036498268  1648220455   -73798646 -1774980249
 26 |    92274458   249619653   981998851 -1588495764 -1078940199  -915239493  -569700531 -1390509420  1988067914  1668523711 -1280995960 -1888974063  -148862516 -1746095509  -172272172  -704709871 -1663241657  -776492970   -34502303  1143105810  -497179006   463346535  1219049146   640712221  2137637080 -1110100574   364916259 -2102120152  1887885511 -1366459083  -622160776  -529794646  -212585910
 27 |  1247840076  1538618641  -723922609  1516545122   851090513 -1109418439 -1322298199  1721853409   589065518  -912360957 -1827986831  2088164771 -1934962131   696313348   798968544  -630300594 -1820646311  -416509509 -1806220532  -180094242  -233720007  1758934562   -35204420 -1145493541 -1382391102  1482709142  -279465039 -1273273610  -368844314    26305012 -1725846076 -1389469684   373344162
 28 |  1812803535  1700352481  1046175429  1190238422  -705955994 -1365649408  2109819930    91058610 -1449598642  1935428012  2019365890 -1476449694 -1715272472 -1212247890  1151309591   -78745067  1161928475  -293645419   577068372  1912317466   724055625  -381203500  1680544134  -937434509  -527054431 -1814585133   396182826 -1069144559  1197076556 -1938638287  -941672618  1051164796  -463615922
 29 |  1109876307  1432087980   662885697 -1352880503 -1685338205  1356999329  -872318631 -1397203485  -792618101   -57951399   809546048 -1189287047  2060708487 -1291868086 -1782488943  -763472138  -704903179  -443820991  1782365655 -2042894879    91247073   542478756 -2143104030  1814127280  1981176288 -1421926856  -700194639  1101952764 -2052786643 -2057911921 -1048695862   729341658  2113313820
 30 |  -783764410  1707472119   461926788  -355693548 -1624325680  -945654994    69632506  -742791051   220244104  1736257398 -1846681053  1851610844   637119009   198344479  2123259874  1373922324  -550443178 -1603681062  1724149340  -280837716 -1403769176 -1130220134   954266741  -530677759 -2083118246   343317043   257367218 -1421905284 -1552914545   158007182   346976933  1468403915 -1862493033
 31 | -1785620208  -114097918 -1423169487  2065632603  1434858545  -737281792  -634869678   264268022  1282098801  1376371011  1140973395 -1104793762 -1307170748  -998964474 -1474777403 -2121975492  -423010402 -2117164018   757649630  -114799384  -787756581 -1655595819  -194267471  -734880346 -1869480422  1033055806   522704135   511111451 -1582985233   702738520  -589353172 -1701060774  1776276691
 32 |  2112814880 -1034663818 -1341821370   461817668  2053301636  -993590921 -1274303027 -1488720429  1065875917 -1622660651  2107890717 -1849179561  -327284868 -1357247370  1490159382 -1386531664  -612114125 -1195033832  2056799694 -2124866299   771362176 -1451944758  1883246450   112907000  -791764990 -1301799304 -1197824865  1085898145   -40738957  1178679177  -425022396   484478029  -609868204

--- Zero Minor #1 ---
  Minor size (k)   : 6
  Deviation        : 4
  Principal block s: 2  (indices {2, 3})
  Row indices [6]  : 2 3 5 10 12 29
  Col indices [6]  : 2 3 20 21 25 31
  Time found       : 461553.8120 ms  (since matrix start)
  Minors tested    : 2970138675  (tested before finding this zero)

  Principal 2x2 block (s=2, rows/cols {2,3}):
    [ -2045745264    560524136 ]
    [ -1793315251  -1745710946 ]

  Extracted 6x6 submatrix  (det mod p = 0):
                  2*           3*          20           21           25           31 
        ------------ ------------ ------------ ------------ ------------ ------------
    2* |[-2045745264][  560524136] -2086328788  -1465457567    960206447   -731879548 
    3* |[-1793315251][-1745710946]  -875189695  -2039592821    -33133467  -1627256749 
    5  | -1384113653   1634504747    775532664  -1133615508   1718964173    -21583428 
   10  | -1566732019  -1309695582   1370146675   2082242626  -1107415631   -224461546 
   12  | -1082575350   1979063982   1993768019  -2071113594  -2119103192   1129521698 
   29  |   662885697  -1352880503     91247073    542478756  -1421926856    729341658 

