============================================================
APM Result
============================================================
Matrix file       : kernel_32_95.txt
Matrix size       : 33 x 33
Prime (mod p)     : 4294884101
PM block size     : 2 (fixed)
Deviation level   : 4
Minor size tested : 6 x 6
------------------------------------------------------------
Timing
------------------------------------------------------------
Matrix total time : 965285.3560 ms  (965.285356 s)
Minors tested     : 6198038630
Avg per minor     : 0.00015574 ms
------------------------------------------------------------
Zero Minors Found : 1
============================================================

Full matrix (33x33) mod 4294884101:
                0           1           2           3           4           5           6           7           8           9          10          11          12          13          14          15          16          17          18          19          20          21          22          23          24          25          26          27          28          29          30          31          32
      ----------- ----------- ----------- ----------- ----------- ----------- ----------- ----------- ----------- ----------- ----------- ----------- ----------- ----------- ----------- ----------- ----------- ----------- ----------- ----------- ----------- ----------- ----------- ----------- ----------- ----------- ----------- ----------- ----------- ----------- ----------- ----------- -----------
  0 | -1832148506  -263806733 -1016808205  1461809558 -1937211890   528359759   390477902   122367161  1056028537 -1979302259 -2109618749  -503991496  -576639414  1768123225   690018677 -2072201984  1392432377  1092708419   -36457420 -1671987907   634567018 -1095881993  -730187591  1052842074  2053964111 -1257808141  1229249103  -385576004 -1334171464  -350405626  1396909637 -1039066154   -19896068
  1 |  -312057124  2101648013   337754881  1214613883  1872776944   246136044   292721053  1902159322  1108872590   754944562  1116243110   -86304535  1531351333 -1733460907  -256002727 -2066038535  1970468322  1906469060  -494905953  -427110634  1789750020   700897749   226499873  -553103059   -11035797  -929795500  1026365460 -1590579797  -271328435 -1854238260   663010955  1482796867   228179499
  2 |   328706602  1020980496 -1406634484   625670496  -152810304   149238243  -533641733  -866149391  -445891459 -1043018925 -2077457265  1764343497  2142014374  1933677483 -2054132137  -191946258   595752357   411105565  1719848739  2112695368  1356732402    43167062 -2007478141   745147239 -1116578321   375740713  -809281559 -1409960854  2094589415  2098472290 -1105528295   789892166   343380824
  3 |  -655728092  -697142849  1344519871  1457473443  -239885474  -617826795 -1502097468  1475039769   356928690  1559678006 -1043285059  1492032473   489794692   489965123 -2062468815  -165247810  1916118024  -864479080  -506893810  1810067022   293971721 -1315731641 -2139547568 -1892142482   937295312 -1862396141  -331610428  -334609074  -387984770  1525221987  1730647375 -1046290894 -1796606774
  4 |  1288411677   687754224 -1513973745  -768485437   851950700   234391580   963899263   952631081 -1875568495  -171775772  1841123026   522441343 -1705465428    76031093 -1950542456 -1156722521  1517137771  1572440211 -1640634534  1259233141  1338429354 -1149185680  -476424156   435816741  2079290581  1422745263   839117428  1482482733  -467088004  -416500264   535228721 -1807592444 -1975208461
  5 |   935159664 -2059111940  1269527766  1553895588   107446462 -1375303884   746809806   620237976 -1800797123  -481754442   148002450   279408488   639836033    -7605656  -381244815  -774741739  -856111467   740796056  -353170375   384985306   546912919  1713983270   418968455   699268833  -857473300  -238034615  1190355629 -2035812477 -1001218929  1685096410  1325464656 -1176571218   144017713
  6 | -1683037021   722751416 -2030027238  1474310777  -442274373  1621684443 -2099747849  1678792324  -642908111   -48034039   204809467   662550850  2100300505  -185833211 -1575192726  -555036770   852848116   702154502 -1001843454   301635223  -883096230   849483386  1526619759  -103782663  -522560374   705543993  -836174695  -266135286  -366919446  -657097303 -1977073029   536387149   296879836
  7 |  -103958980   553989688  2135007393   951674979  2083468145   597934009  -237675798   429259330  1922469435 -1383612074   114424211 -2133702059 -1489193534   600080643  -799680821   660582973 -1471043667 -1513637911  -358670857  1325526128   382402677  1639036345  1759597595 -1197346303  -736800357 -1745517370  1601229659   252570909    95077266   921369897 -1307744179 -1912608280  1656334915
  8 |  -568196665  -193172314  1933998482 -1628504661   507424160 -1584065698  -899759692  1108596479   986450983   156521310  2019313978   489708127   289926701 -2011106486  2003650563   299262558    78851742 -1139381308  1375635045 -1630807106  -459547732  -578632761  1822200048  -795813086 -1034752065  -636363202 -1546705002   496226023   639116827  1939424260 -1536236125 -1854979994   588533085
  9 | -1104955170   173370420  2121506181  1074072251   867113818 -2019623034 -1672600400 -1421896754   -69593374 -1702462964  -444387062  -316752363  -850016944  -559855101  1939124557   257163863  1004230012  -911392839 -1778195844  -168946812  1479719038  1639932025  -401370005  1553705468  -155016225  1645998269   586577267 -1365327474  -951316820   217543605 -1788405440  -846974793   786393570
 10 | -1747197127   139441832   897778256  -486106930   990484506 -1170571086 -1329424490  1438831978 -1678940292 -1859811303  -259309221  -622478890 -1836191812  -653784122 -1741820930 -1609772603 -1400241411   581677364 -1985959385 -2067395293  -286788248  -476407003 -2146466448 -1507531135 -1952605804 -1502435953  1935827920  -579775442 -1809518486   513801066  1442979825  -990533720   239444829
 11 |   718190342 -1195875470 -2104422791   341284955 -1537424518  -435706358  -276417921 -1020152830     2912368  1691518348  1448360563  1509762222  -569121845 -1828480531  -626907162  2033511571   538170302  -994579426    89483832  -145983889  -253641126   636731515  1319664287  -434687779   773624381 -1587969388 -1132430222 -1005387745  -536540958  1621423496 -1009521511  1862319094 -1096308362
 12 | -2052909929 -1673238708  1216788078   971393809 -1842035719 -1807076668  -684309406   233021378   157496456  1479091975 -1694263833 -1700468306 -1411991537  -711399873  1333077847 -1539248502 -1781858782  -738676391   885826119 -1978328912 -1280009144  1493970071 -1897163765   -94178958 -1874040359  1234873609   555518618 -2055481829   380338451 -1414490850   -27456582   808878015  1480012298
 13 |   -88820643  1817843480 -1984170250  -693668906  1010735871  -739735735   921526734   528392096  1085443163   126932803   930438114  -691537817   761750584  1105464620  -978070193  -963998900   336200897  -682827607  -648698452   496241209    91324219 -1917639971 -1837729498 -1366788248  -169117813  1370682164  -651994433  1460424043  1608262707   248302146  -489905077 -2063752879    10848406
 14 |  1832042490  1615370190 -1279099227   166825292  1476783996   -26685261 -1963981234  -564624351   749544673   209500811 -1548643065    51229452   189312038  2136788347  1467132877   450269167 -2127974558   375331744  -191716577 -1940791083    61851713  -877681031  1894399750   949510050 -2020700184  -161317583 -1651868150   728717551   950204629   375035563 -2124069525   839729423  -877051134
 15 |   870575763   628069232   520799031  1165059988 -1523256397  -547503254   917650484  1182626544   888911689  -848303961  -776051368 -1021379538 -1244114247  -475019752  1635804477  -582722966  2041357644  -531635562  -911110953 -2013249052  2126494202   -13360526  1654154406  1436701878  1301737421  -813475301  1287003845  1326054984   348359955   677156992 -1178187194 -1275409352  1768868445
 16 |  1163110908  -547956389  -137398559  1825203513  1553923669  -618741868   256060986 -2107490954  -576834936  -234924021   797846515  -559174859  -978142119  1903569873  -280915051  1836740970 -1592895835  1208525820  -930726953  1872477184  1353561155 -1566232123 -1175362552  1769323847   317199835  1549066960 -1531853654  -299996411 -1690900757  -645550723   556881508 -1750748388 -1450857973
 17 |  -471564855 -2098079612  1848580408    99530047  1742929978  -331313221 -1251146674  -916017095 -1547743139  1415213414  -594639222  1063272240   177222007   -44517102   973464784  -582618635   -13590342  -397677564  1547376741   509752217  -966334493  1583788758   784652961   918891241   595807506 -2059778287  1378964367  1363019899  1828411688  -888514177  1516651138 -1259264860   343775114
 18 |   109668624  -928995121  1188535012  1902748408  1621185435 -1271441454 -1031739184   263875174   601957497 -1873761497  1141502475 -1272145277 -1192066997  1805929536  1232285016   300145989 -1246279706  1279427581 -1173367654   821889553   265505777  1965877257  1023433476 -1371922236  -533141205 -1840259910  -974443307   239586504 -1941142231   754103516  1903684858  1777251895  1904196877
 19 |  -250457748  -606176887   215142897  1538888803   -59705213   861309885  -128843987 -1541372047  1711875011   846077332  2054762881   -41082310   -81394737   580369798   990721066   590256939   981906095 -1973461554  -238302459  1506055353   960954710  -866801970  1353431858  1875705016  -152998517 -1094222904   344893839  1178836539   307883577 -1887043269   484918162  -483197869 -1372226931
 20 |   -82899074 -1855642449 -1816866807 -1256795892 -1222850736 -1676322461 -1792774140  -187781862 -1019564112   776584709   -29820141   172459224  1685887512  -631682774  -542642506 -2002812443 -1367774998 -2105366278  -516054792   864764818 -1964376249  1555592084  1573560718  -971417134  -184407936 -1959135892   275826711  -100970261  1005402339  1503357304  -922391492  -906061321  -590168524
 21 |   771704790  -318084212  1103339959  2135663736  1081080053  2058975828 -2141921412  1272796463  1568959872  -773542750  1522298133  1574558042   827638589  1925519910  -831441133   976750105  -889161482  1001689354  -594229292 -1863576061 -2031568101  2048885747  1196605961  1965296982  2116236179   646436590 -1425586808   105100980  1276876396 -1180169370 -1525019671 -1473892093 -1046346997
 22 | -1995449575 -2127179698  1556600729 -2109732593   739280149  1215622823  -926120961   244655122  -345104375 -1952479660   -20663789 -1100820881 -1761697789  -822398877 -2126818706  2111198036  -721052370  -134505350  -517830483  1976756594  -449794562  1906762589  -179178104  1606498715  1471213158  -697527693  1769199946   565007715  -422560547  1481863092   578413707 -1953700960 -1066579556
 23 |   667886286  1607571040 -1364231590 -1816732129  -100903791   606118067 -1545553990  1615320823 -1411394834   845188385    41790446   172603718 -1465664372 -1455426104   388634505  1902195047  -887302808  1531280825  1620044425 -1574604933  -189739370  -739114326 -2027845948 -1199805706   765316360  -937132055  -303197646  1108336059   204456160  -450292814  -530436090 -1295453604  1745781287
 24 |  -714305906 -1958579139 -1824283142   -98260095   257569298   471328165   595452577 -1467018874  1318301354  -190197303 -1322707326  1850352196   488159517  1347856798  1299854371   982643400   414438022   785459027 -1503976360  1317538800 -1569855827  -789892108   585021648 -2098007392  -778539198 -1341082914   419392523   -45722811   361592994  1462404935  1751511656  1771689163   961373048
 25 |  -894709610 -1684296854   360659256  -566637094 -1784367675  -579649324  -852004734  -198324414  -239260173  1744776943  1398602568    16576547 -1276355837 -1951744339 -1484878738 -1088467113  1259052300   917708564  -247842637  1979246294 -1194954337 -1457565674   580773007  -779684407 -1105456374    15832836  -497078949  -159649292   110717275  -216584471   176651381   893809486  -731676897
 26 |   371235229  2012233918  -554954975  -282709621  1946512616  -750846865 -2001410414 -2056008024  2085186005 -1346517723 -1586500167  1500082537   964613749 -1010311386   458225475   631850631  1994071906  -100033457  -801575145  1691621956 -1889925227 -1220718986   463192297  1711410058  -572688247  1186401846  -147260956 -1661388281   962775699  1011690566   764612218 -1303210853   230770737
 27 | -1171428561 -1052583286 -1460943163   381634973 -1243533567 -1596044150 -1016207793  1425567302  -113912510  -583730791  -497220367   124160816 -1509111862 -1699225337   653401301 -1678908529  -404023889  -267577208  1035289209  -991191422  -160347580   571046291   623191968  -469684049 -2030537192 -1456566274 -1815426212  1755307037 -1732827506  -948656389   347338195  1690105260 -1744507636
 28 |  1785432203   187558101  1425324490  -245995607   -39911712  1639541597  1679098810  -487133888   396491821   640714935   470317412  1164113332  -131841117  -113420969  1087117846  1900017711  -267305167   650090981  1865884513  1341359600   233776881  1805422554   246241409  1277692809 -1382387826  1285327076  -738655575  1330183000  2036723239   221276146 -1891167445 -1162640639  -466911842
 29 |  2077744071  -780540684  -800488945  -163184324 -1166917726   263830671   689209932 -1616798784 -2095749613   -57458643   388710189 -1696656486 -1788858049  -953430123   437906070 -1237094135   960155789  -926101069  -800712617  1776098371 -1883712139  -294590184  -368117968   375952514   946635771   451982137   146741251 -1313035071  1808638156   247965412  1658844109   748181999   799735244
 30 |   291265645   270870824 -1966650264  -643979905 -2110292962 -1333721528  1657362481  1685664848   999049178   789492968  1023996473 -1958654260   944527913   322493131  1361401646   993791229   748869840   -45270297   159236479  -313168208 -2132202445 -1762239449   505899550  1634404758 -1358389778  -937717591   789972696   729843571  1434877949  1206924935    46516473  -904319870  1377934529
 31 |  -791634300  -574447550 -1110769199   835823131   730814223 -1741248220    92201252  2094031857  1743376393  2046878183  -564318653  -484894059  1499693497  1997384309   770442485   631302296  -228565466  2072596682   320115419  -356551732 -1843564642  1796980058  -436144319  1605107334   564743323  1986360553 -1548010752  -991091364   315109422 -1778950874 -1002094732  2112427224 -1311882039
 32 |  -901179526   397798926 -1713528050 -1344491274  1236948677 -1784824499   -31692646  2033036152   309992474 -1218078791  1051846495  -301088347 -1185205480  -783388289  1626668484  1133903031    -5969175 -1119136716 -1621596762  -191483837  1407639607 -1473842697  1738992677  1267636010 -1788353331  -436737026   156962019  -562577880  2139734513    75102694   259606872 -1262945762  -534161093

--- Zero Minor #1 ---
  Minor size (k)   : 6
  Deviation        : 4
  Principal block s: 6  (indices {6, 7})
  Row indices [6]  : 6 7 17 19 21 25
  Col indices [6]  : 1 6 7 10 21 23
  Time found       : 965234.5032 ms  (since matrix start)
  Minors tested    : 6198038630  (tested before finding this zero)

  Principal 2x2 block (s=6, rows/cols {6,7}):
    [ -2099747849   1678792324 ]
    [  -237675798    429259330 ]

  Extracted 6x6 submatrix  (det mod p = 0):
                  1            6*           7*          10           21           23 
        ------------ ------------ ------------ ------------ ------------ ------------
    6* |   722751416 [-2099747849][ 1678792324]   204809467    849483386   -103782663 
    7* |   553989688 [ -237675798][  429259330]   114424211   1639036345  -1197346303 
   17  | -2098079612  -1251146674   -916017095   -594639222   1583788758    918891241 
   19  |  -606176887   -128843987  -1541372047   2054762881   -866801970   1875705016 
   21  |  -318084212  -2141921412   1272796463   1522298133   2048885747   1965296982 
   25  | -1684296854   -852004734   -198324414   1398602568  -1457565674   -779684407 

