============================================================
APM Result
============================================================
Matrix file       : kernel_32_58.txt
Matrix size       : 33 x 33
Prime (mod p)     : 4294884101
PM block size     : 2 (fixed)
Deviation level   : 4
Minor size tested : 6 x 6
------------------------------------------------------------
Timing
------------------------------------------------------------
Matrix total time : 503380.7480 ms  (503.380748 s)
Minors tested     : 3227899955
Avg per minor     : 0.00015595 ms
------------------------------------------------------------
Zero Minors Found : 1
============================================================

Full matrix (33x33) mod 4294884101:
                0           1           2           3           4           5           6           7           8           9          10          11          12          13          14          15          16          17          18          19          20          21          22          23          24          25          26          27          28          29          30          31          32
      ----------- ----------- ----------- ----------- ----------- ----------- ----------- ----------- ----------- ----------- ----------- ----------- ----------- ----------- ----------- ----------- ----------- ----------- ----------- ----------- ----------- ----------- ----------- ----------- ----------- ----------- ----------- ----------- ----------- ----------- ----------- ----------- -----------
  0 |  -392904806 -1690233687   422834404  2089402079  1583005804  -507270341   455997409  1726835663   828659551   111354706  1497286010   894769351   751107700 -1936464561  1739782859  1116746928   764930558   451364846 -1704949509  1986279805  1500859470   457340443   -82212980   271552913 -2135886923 -1188127786 -1155462678  1936202231 -1806342633  -917786996  -122659026  -939248613   542779196
  1 | -1743069070 -1765000393   -61180777  -945000141  1267535748  2100094938  1618249150   991115061  -348510326  1900139825 -1323874953 -1612946206 -1397423350 -1503053102   263920078    60299547   318247376 -1165245854   378783196 -1385612861  -470875681   451170096   831827604 -1033695392  -947443210  -482781577 -1613716667  1188201999  -229344334    83646174   622429179   235831479 -2116466710
  2 |  -273863899 -2079436486  -752596037   373699875  1634094894 -1585154967 -1908019199  1086086798  -123126751  -906371510  -465574625  -610694520  -211106926  1143992107   730151466   972114828   752954974   741287114  1710958293  1712870386  -166606103   187541309  1782325205  1805515397   209698696  1061570732  -275885784  -804670226 -1627693417  -118794173  -695765445  2111235041  -958808896
  3 |  1927986334   466193619   -58677597 -1445112537  -126809830  1418236299 -1490909353   564542494  -329788915   790793637  -775825802 -1439821848   601052657  -777980739   285338208   268449270  1549049098  -565036539  1761991647  1606282337 -2070101016 -1714794971 -1387179351 -1460777120 -2094292588 -2050699763 -1770602118  -577422430 -1596464687  1681737346 -1179357623 -1099316407  2070304168
  4 |  1131270029   -71186356  1582266473   106512324  1098621689  1674248898 -1757386461   267615479 -1914468771  -142427735  1419799957   624747900 -1967098400   246673618   255452004 -1563472661  2022486624   989795373 -1930302753   -13666810  -191264491  -178589622 -1855724804 -1644784823  -316986244  -956024015   565520354 -1677483822 -1244393558  1714519986 -1377979334  1076413063 -1313352767
  5 | -1878144619  -749535277  1541753949  1312488101  1835694854 -1452497193   249775850  1463379662  2085682623  1336776962  1153243582  1621620407  1562254509   182666181 -2068994172   985656243  -927083904  -386003847  -115847757  1079969580  1942538223  1297515011 -1553360034 -1930586151   402250655 -1839115423 -1329649662 -1123944448   879504434 -1932379919  -843204602  1994716921  -471571806
  6 |  1977568577 -1645692655   640469448   862704870 -1281758291 -1676851869 -1045611854  -949487404    41252900   543464557  1436647505   776088031    87362520 -1689205834 -1628362557   918715833   275301951 -1558692869  -391826511  1805678505  1263548095   -86761785   589558234  1783560318  1727357099 -1989089352 -1468251999 -1444569275   540669989  -588959023   392465842 -1964550904  1628267792
  7 |  2081939875   795896804 -2024036462   374792631 -1588688108  1467056663   925702865  -276312850   542371243   282708505   275962138  2040889957  1324459810   456661647 -1831779968   197095116  -717474999  2128682276  2092214508  -578997805 -1705479924  1152832629   -87463411   866861953 -1971717265  1874428596 -1793562151 -1504561956 -1870042730  2124610730   571918773  2072160565 -1407539674
  8 |   672297097 -1983709000  1584576497  -592470615  1010972778  -921796460   576484391 -1089275784   610725313  1531537620  -110703515   990649917 -1744714528  -111048469 -1937085581  1305038241   782132283  1050407287 -1289519375  -317285883   518151412  -356002777  1022634856   249516461  1733161036  1838558208 -1537047590 -1690185663  1391968654 -1213327167   589580682  -847597598   222305233
  9 | -1927022756  1483806216  -224621441 -2104048018 -2039699059  1433326266    40275922  1031723440  -753356008  -103974350  -871245796 -1713932402 -2115539618 -1692480483  1647133163  1657989362 -1615302409   400095500  1205821937 -2118033536   963165687  -569812867   381073092   391225662  1641000501     5790349  1878401440 -1871806891 -2075102638  -345947079 -1238915903   347428972  -682046148
 10 | -1434239484  1341365103  1335393276 -1864092153  -700075367  1781348718   -58438931  -989233232 -1536801473  -874780468 -1120007036   438251453 -2109718496 -1152871242 -1104219691  1597270633  1202883314  1922426542  -594949297   388463333  -474944651 -1165770657 -2025743065  1240339406  2077253120 -2134560108   365252954  1961722491 -2070197786  -612492593   144040150  1986805711  1883604968
 11 |   579406008  2082596898   300351305   876734173  1642032431   251078374    55329145  1544875219 -1741077943   137086417 -1688905137  -628632567  1381293782 -1034791015  1132668706 -1855378740  1594856114 -1505036154 -1605311633  1634150828   181980955  1518837845 -1240791277   815104073   671367206  1538193472  2127229442 -1283949315  1921103188 -1635206775  -776472368  -277888991  2120735557
 12 |  -723450790  -502486245  -361909170  1638963307  -649223484 -1489203560  1087007715  2013057214   490955272 -1190072649  2025312000  -196132243 -1753600309 -1321977673  1332219571  1100886613 -1854093998    18818301   245906509  1532313036  1120463447  1266016609 -1692598478 -1902105433 -1544983459  1041020344 -1183998789  1880073380  -486910657   871024190 -1067312439  1513250282  1063050236
 13 |  -143281275  -514719157   807631540 -1249783404  1682491568  2049639129 -1611273747 -1245632799 -1749364620  -751539744  -376816075 -1326138872  -610023480  -263276055 -1812754682 -2112536855   833078044  1445398493 -1027357506  -999476261  -390456758  -550209027 -1931123440  -769786959  -503060766   -37873725   991016779   688412844 -1768519746  1554131164  1888177698  -204629843  -286777528
 14 | -1188285278  1836566688  1662454851  1453820044  1158490775   539138785   584897337  2115381098   710844955   579145005  1448081452  -551738647   987846829  -870494067 -1518993491  2040933169  -807788002  -810626461  -652256020   139580900 -1561106185  -647056963   362242675  1998253255  2015053147 -1320689535  1199002925 -1301249061  -790784567  -957505169  -658861033  -290222024  2022072110
 15 | -1989041161 -1484668181 -2006194314  1702149865   495390249   327598927   148784154    96419049  1966317950    92256541  -819927107  -997904079 -1996974401 -1910678868  1411459929  2097442555  1238150268  1746834354  1214250938   865999726 -1172392901 -1843657959  1405082817   115289469 -1766143396 -1307177899   -61464281  1109582407   386044803  -351470609  1436589723  -762062026  -110963877
 16 | -1100674742  -420562268 -1943452318   300719521 -1284218427  -510244254 -1201127280  -186294771 -1717328975 -1395452008  -635564950   600092182  1441215462  1342761282  1034796469  -223762613  -268379260    81763960  1092296087 -1531710567  1712054124   -85414573  1012609511   979109178    25905152 -1657517006   -12074064  1441437139  -601464045    94348868 -1499615099 -1984461499  1726857013
 17 |   403298330 -1009305090   967947693 -1695327311  -942743490 -1293532821  -979210280  1924085810 -1045442060 -1514168499 -1932738509   844921975  -477169461  -433076103 -1977343298  -815173315 -1699553604  -276948728  1924091121  1546599323  -152284655  -442475613  -635596169   857552932  1771445935   408977016   200805915  1785614253 -1439389708  -214775645  1043595319 -1185913422   759548711
 18 |   913091931 -1917216139 -1917909521  1620905981  -501675429  -324469756 -1622960771    68026078  -838444697   394598012  1600734510  1953748945 -2034159392  -345561810  1024182898  1101143838  1392588412  1940237421    44769022 -1153004193  1496450933 -1511399095   131004124 -1813632163  1030450662  -809090201  -914246573 -1946165374  1902534242  -979537198 -1333399022  2043987798 -1005088498
 19 |    23096651  -710947549   664548958   748675171 -1246991283  1863978438  -259409193  1789944151  1929904774  2124295254     1046667     7725652  -174519019  -273854194    73426037 -1587582692   729247725 -1626626481    41644590  -964078712 -1280051788 -1295839766  -175854572  1036792058  1846470095  1129431414  1346750812   -34715671  -484734482  1168874967 -1295941263 -2001239888  1514288625
 20 | -1082224123  -352792721  1055827659  -298344154   342818787 -1098781202  1255179740  1321890249   825182329  -830782234  2076134192   811453583  -667872089  -561556978   -78191867 -1133533813  1074376623  -855423084   176413273   -50600538 -1042429162 -2076434817    67132782 -1418225645  -153728690   -84440448  -294493423 -1592342197  1087702634 -1178437210   591608549 -1920315026  1328954045
 21 | -1476602844  1611275040   761734406  1612432657  -523970857  -527377216   436467082  1590416984  -772392027  2021406764  -377371687  1462888117 -1986152213   873699910  1250939065  -643216008   332100932   818748757 -1708939241   468807777  -483724723  -216980298   -74692840  -925184737  -286210135  2132428545 -1286765770  -583076688   516919917  -404499012  -522505370 -1021061141 -2061098167
 22 | -1682807404  -444812454  1872278872  -184012118  1385117471  1690429995 -1562996474 -1316376494 -1539948031   843913341  -859829434 -1682336423  1138624694 -1889529783   400602244  1721977912  1066167444  1807664689 -1095188840  1544710549   261310477 -2140716840  -269519732 -1374349389 -1865828427 -1327143505  1872816053   -99185949 -1327103741   403782139  1790255015  1209741962  -958367639
 23 |   179546379  1832059765 -1247718270  1331991705 -1735313338  2052844875  1625704671   307579730 -1469482296   -73381792   160471907  1869066706   255039713 -1755646945 -1820240794  -446475281  1858873212   720522016  2066222699   291781824  1430621251  -580025820   744909454  -618762052  -675249115  1639481708  2092609892 -1241066468  1938125461  1152583879   504274251  -681735332 -1996841367
 24 |  -843033418  -429349342  2068216923 -1007944474  -602534859   445909220 -1538433750   936172406  -152906833   792323288  1970539702  1740958445  1457926578  1644272086  1576234692  1599014480  -423044859 -1851600077  -173262816   494704802 -1965638429  1346997490  -498897734  -916761974  -702399493   991812052   556026447   850371554  1512082142  -638524378   353522973 -1108514648   663400809
 25 |  1786027560   228060363    68694857 -1617450894  1096759611 -1470774626  1274323035   426441573  1336943242  1930262136  -874552116  1406463696   869470149  1576130654 -1216319661 -1394769996  1757491401  1854312927   805462735  -586093869 -1482915672 -2013238464   -98826794   616422618  1564125014   639965921  -523367713   263071589  1042861697 -1355882592 -1641309421 -1148642435    35259115
 26 |   673646576  1770122194   960122237  1496030791  1503198660 -1725165615 -1187678153 -2142953386  -727872598   721152813   706172740    60674807  -194188681 -1866155283   969740285  1737809424 -1596650146   596179539 -2059516242   838748470 -1015102028  -448203473 -1503427845   408878655  -469934878   488783598  1207734932 -1752006093 -1234198283 -1363019452   102803915  -522997635  1731351704
 27 |   394590120   727420591  1223940530  1997169099   422764131   845188079  1419866125   872719278  -246321511  1701665646  1342307933  -325515038 -1020998703  -657002715 -1912715800  1886321814   229234298   -52235340  1470631002  1393267913 -2043215681 -1318911496  1831877064  1809212461   826055836   865737679 -1624363727 -1879255012  -825870417 -1776149295  -523127499   698965072  1527853464
 28 |  1635648982 -1452516470   141922876 -1757578871 -1580552909  1234514201  1221819120   624646317   633893562   246499829  -732257971 -1185388387 -1649933713 -1486774232 -1668068322  -634389299  1266438132   329738140   847079941 -1520113295  2102066010  -571251006    59102688  1482079838 -1651824593   247315102  -336228341  -842830302  -557775154    19440906  -834269668  1432802424  -647529032
 29 |  1471858773   399607336 -1956992961  -296416472 -2103420577 -1285447276  -424292271  -508424303   779548327  -840501679  1765689629 -1325901507  1496908763   -78253227   290762610  2114812027  1668716075   127676124   739576583  1022933398  -105255026  1923111546 -1856349458 -1006605438  -457393849  -779991760  1798055738  -825741989  -257143280 -1310395049    -3240136  -842708777  -514586285
 30 |   258022980 -1387793675   675345988   431256979 -1437534396 -1680941423 -1550998761  1391786438  -963515160    75876120  1521107395 -1911387158 -2004834187  -677195640   756556222 -2028607918   173397057  1480730204 -2088192045   466849209  -993211235  2049902951   903098699   378316046  1220750010 -2097364802   947810240 -1828938185  -362940655 -1364580889   -99648331 -1243015619 -1737194989
 31 |   225689946  1354104995  1942763008  1535013781  1313822114 -2085211163  1525381174  1187086408 -1539542150   899461931 -2087066016  1984943558 -2053637704  1554657530 -1240145164 -1482283216   224762140 -2007542984  -115367113 -1625706778  -370162223 -1087496639   998525137  -185199494 -1692654722 -1033851929 -1667012293 -1251134400 -1470298627   394054180  -393015160 -1233617117 -1125350384
 32 |  -189849500  -789129424  1223539324  1715900905  1222130095     4450675   129950915  1848262797 -1651385999   682525922   288403857  -411528992 -1221192723   -36522406 -1089442808  1550341920 -1278786431  1468098618 -1957279541  1023441661 -1775243674    85094889  1340911414  1522833083 -1196730958  1812908965  -624666903 -1393966778 -1509495371  1459267657  -698295627  1679962429  -374662973

--- Zero Minor #1 ---
  Minor size (k)   : 6
  Deviation        : 4
  Principal block s: 3  (indices {3, 4})
  Row indices [6]  : 0 3 4 18 19 22
  Col indices [6]  : 0 3 4 7 10 32
  Time found       : 503330.4648 ms  (since matrix start)
  Minors tested    : 3227899955  (tested before finding this zero)

  Principal 2x2 block (s=3, rows/cols {3,4}):
    [ -1445112537   -126809830 ]
    [   106512324   1098621689 ]

  Extracted 6x6 submatrix  (det mod p = 0):
                  0            3*           4*           7           10           32 
        ------------ ------------ ------------ ------------ ------------ ------------
    0  |  -392904806   2089402079   1583005804   1726835663   1497286010    542779196 
    3* |  1927986334 [-1445112537][ -126809830]   564542494   -775825802   2070304168 
    4* |  1131270029 [  106512324][ 1098621689]   267615479   1419799957  -1313352767 
   18  |   913091931   1620905981   -501675429     68026078   1600734510  -1005088498 
   19  |    23096651    748675171  -1246991283   1789944151      1046667   1514288625 
   22  | -1682807404   -184012118   1385117471  -1316376494   -859829434   -958367639 

