============================================================
APM Result
============================================================
Matrix file       : kernel_39_40.txt
Matrix size       : 40 x 40
Prime (mod p)     : 549755813657
PM block size     : 2 (fixed)
Deviation level   : 5
Minor size tested : 7 x 7
------------------------------------------------------------
Matrix total time : 2481305.9089 ms  (2481.305909 s)
Minors tested     : 242602622976
Avg per minor     : 0.00001023 ms
------------------------------------------------------------
Zero Minors Found : 1
============================================================

Full matrix (40x40) mod 549755813657:
                 0            1            2            3            4            5            6            7            8            9           10           11           12           13           14           15           16           17           18           19           20           21           22           23           24           25           26           27           28           29           30           31           32           33           34           35           36           37           38           39
      ------------ ------------ ------------ ------------ ------------ ------------ ------------ ------------ ------------ ------------ ------------ ------------ ------------ ------------ ------------ ------------ ------------ ------------ ------------ ------------ ------------ ------------ ------------ ------------ ------------ ------------ ------------ ------------ ------------ ------------ ------------ ------------ ------------ ------------ ------------ ------------ ------------ ------------ ------------ ------------
  0 |  84718255678 289604789957 245350642270 291628431040 515981075432 267268464961 349857671127 309801058090 348023716096 347984922381 121110015366 359049712191 451677793807  98684684376 210467101245 272367808318  85351047337  77012060155 452684350583 421185690873 282228190131 384971411163 137990190727 116330514891 461065556680 417038659378  51864087484 235612303072 490509688421 131577662172  65134973196 155663017916 176778873733  55727352210 174257840924 404684575449 172467773977 190075153249 374194890781 482097970905
  1 |   4198182796  51350331373  29088528268 222068754136 238198985410 408986552658 158585878959 259915820324 374971548837  75609122761 449187983049  62235162979  48448055699 144914485095 119316165440 313463731371  47958367435 180242748654 188684105846  10008978580  41812123498 437465838515  45932904833 429880973347 160599667618 452450268917 377118996502 316721747732 457128527594 313017424356 516881112544 278593283813 211383126660 128041149052 322685552321 459562373945  15587197546  73092094625 379677181759  94291749565
  2 | 262039514231 148800020044  41598298955 256468232764 367641621770   6039606276 227773934451  16273898690 164531311170 271027852261 495827564617 210770527459    274479365 490108243066 224082418312  28129540141 102414981629 206985034541  48748653527  38272853300 275731118542 130693950126 522846866755 263305544376 289535843031 399516432981  18506039636 537215185721 424531376482 430597010900 492987176898 150972631084 216632020091 147920820427 125194852779 235172737575 434318810807 146325517805 420465609462 385772708307
  3 | 239970439468 113024728864 300078035370  27353830215 450486447920  31676293437 220299651529 166402538270 288616318045 193414646134 142438580719 286563789887 401938865097  17472016898  14827393808 428658097158 370767824026 379498764592 547975188618 147576641683 436578172206 328305094303 157535563412 429364372623  68599403044 239246393485 484173630817 434053009421 386654850841 459374289400 511903486066 236522163311 273194156718 405675763231 519567938203 466777569383 297508894650 383821603581  13828156820 331649000242
  4 | 341063687586 187991119048 472822691622 311716321759 140867277665 353432978377 336058597724 132808685042 529252476835 435599491476  66358843788 128204452896 537195385858 522884109666 519042984608 162294442834 214162408288 211285125651 257182462314 188510788932  28258648085 530759087259 528090741638 393805782846 395766764090    162119775  53849526663 108964521442 452929392496 306111090970 318259447072 164038012180 370891361708  12377597377 534338909397 163189148415 452408477920  76453894800 245166998624 539011645916
  5 |  81164085393 484075696246 546091660160 425761160553 272532314843 282023172706 241583577849 294556555294  25874233766 404507798920 290751919850 220799683649 183204650008 240398721783 362970795437 359229839628 228623424867 281542175316 529978239456 467100111547 327854578582 125014407623 346595711917 472908582357 282321830411 175423763013 134705716524 175617138226 505370931717 198156354453 541840426447 476481387860 365486347038 216655393078 359215881168 399506129871 295177701519  49624008352 302011646099 250220801946
  6 | 398389143338 270555386018 258963567979  31079734350 519477369754 297526966000 238043876270 524284391262 282066140512 278281583740  85326537478 302022823119 538872650500 525159390836  98037668716 252144594532 126501257896 460219094045 361642451915 544133538711 340237785959 459137105418 428647813768 127502881076 172062153735 344570478927  75052896322  85875726831 367558491879 226832492417  93800539131 341917716654 394320545972 480127650552 103420616177 112778768592  32447337977 540146023769 446600444809 147255494188
  7 | 206597094728 314821299651 509771395548 340743866993 265657671381 296752974721 537890626156  41943179846  51629427979 257617313446 272149049732 175415799411 453564339099  52834026728 248813818134 152489023003  66723278215  63117020844 357175214945 501859883575 103580604067 498601636407  63441514814 455500388371 486975986853  12014950449 221427251515 520599153863 367344843786 459042006544  61693781671 384284404947 458526718221 398621136026 106131675490 509492080141 257000655590 196560648132 493159676692 420206404155
  8 |  24011731641  47219212786 250132335518 166111264124 265900232114 205246406069 403153025434  50471405144 353553029948 176642009373 526182940431 107957803255   1802319974 149387189629 492345084481 343485808359 119235078615 307593206291 359187504284 441204993154 351453944420 417446123686 408271460842  22368373073 129768922472 440662605499 524183523580 417329416386 175686105279  33119097469  98997472523 169204096646 542259816966 177958674398 277666762900 409065826651  22513947540   5267096599 519125891399 247155043504
  9 |  23097747859 514831089460  93238665422  42704014302 249777332883 186256599072 542265403290 100108170860 401249779520 126579716987 304603220762   7864119697 106595004696 526061430371 439079082578 233143722955 543323032009 499106319469 403073438243 458544851236 332102393502 204161341108 463395082199 435537999025  40418271097 522829497545 178114060831 259254558622 220188526988  30974199704  46206646828 138689559044 301117271428  59143666443  84081884494  68729913977  28686013689  50777592511 367295547108 407507323248
 10 | 477322761051 113844805311 522098162620 402842241265 362151385023 336604228053  54194052495 182144541883 258013334376 423682054261 262995692949  99357347215 343563349675 456980199979  26663434228 279093791580 114136585642 202412663667 297173749031 470720064826 343217298339 464300142797 435474767203 309378619431 300261042622 411878512817 188085866124 541504948534  75387691900 391190413334 471712146418 119589468869 542206372623  10231065390 218710457938 143665200791 386644690972 163409725870  45642970685 471852453638
 11 | 544124451470 492760498409 406227191352 318286920226  29753437317 215192904396 492112469517   5553651953 222678787488 256885883901 372800125679 535129537851 416022690561  58326045890 116074097515 326689355117 182385415003 350317379031 504832472210  38575082083  50463205427  14457820598 535479471434 469457412508 461763059555  27611969761 418840369616 228365991621 526280328820 169296055780 163164461704  42591934267  75733672123 398367559924  72529917666 325691546320  39246399830 365345852487 319648895570 437205296158
 12 | 167702964909 538993602622 464156321681 529634091799  99589421379  44023397947 252439059965 338421151630 102132701615 529003989383 160893795409 178909381774 387226360076 455170534667 426798933767 538180535448  23930949845 479806911401 387453158423 150368660880  26837348001 470572845140  41056581835   1643614278 212243359365 304780832632  59022738624 398256736210 395915899135 103677648846 381316216737 326451074700 410270821946 412439238927  78573853745 141464898030 421774048785 439969477422 233728829476 309985650841
 13 | 499110613533 296863762181 483100169275 154906536439 498372544041 417929652351 516749162377 449026437145 407611570511  30460609693 170651574670 231350135307 325923919938 113462028785   5141198541 464487154108 170589068636 177095232848 365480434434 320815061669 363496067840 200183866140 510596531258  96486734046 478341093368 409361056301 454559526203 385796112610 178396138165 206917245401 525234812971 423721748994 322031516478 346227769912 348310956384 447620791009 192367940671 545875628195 378129388693 424350887259
 14 |  99274901035 316063957206 304328477642 476182512164 344743382684 279787474441 273406307521  95099937766 300945417415  24373911097 345928304206   2604449911 202057375438 465932769643 491684073424 470285016106 501601973499 413145079495 372283618175 129997967083 211376466959 352769123555 208883949345 277862777400 299965972196 163623775860 461844792262 456342344183 373736402575 147790883407  45899639408  22015021866 222254078967 268956744242 509304022223 520177436619 395403120190  75811543857 159697936874 435827597601
 15 | 320473098985 289959660212 144663603763 314270410222  93435333723 301428717893 510447536237 214143346778 257929968579 283837379017 316198963300 489076614065 251260876290 290079826865  62643841836 292786902611 223344326111 240808397846 142886148778 117325736859 164501160537 215190611664  39018154044 464168499158 145957738199 239976588570 311480724264 519822868259 264337600174  86008818131 329449385699 116413790290 224820952175 397926572005 298812567974 117511550911  58413029609 389263174789  82558399744  16242336471
 16 | 299187840840 305539841252 492539629116 402139113926 462927300323 239103764478 161732172861 241387455267 545619530160  31627098014 337892489239 490435344130 151990974171 323637211711 235389965521 511199859507 146689673479 368346827653 184164272058 466779723913 482716536389 144379389810 265583886533  98136423728 439854915376 310168227305 240733120887 295141223473 466864829399 396508508088 532324625191 418359341916 456333742796 422000174435 530703067481 254533269047 420948409368  85290061210  30363475688 287805072300
 17 |  21237045345   1254935067  95657783415  59959797863 502442594066  57106827784 541312005663 290818936564 251881194686 473604963894 495927738179 414430655327 425099019184 240550670848 185205371282  73591132686 437314276638 197298131802 167467917778 309512753043 151394623554 253320552107 129222434175 173908558407 238453822436 188844715761 214663858957 329769843088 374687436363 415710763346 207959717923 388640615237 519294470625 394869380580 344522430950 531699297274 544888537500 210555621114 432463968288 141319429991
 18 | 336213985341 496388303960  43277084219   5886008770 263357616816 261069375618 146636184883 332031352342 544946324134 338239895517  40792813409 136699259977 329883671242 541067638991 145957368076 359813031499 164505277290   4079603950 339840505800 185450125851  57046103995 223395132333 292401158401 386116327769 400175536040  82659662023  93635075581 384595924157  29202499452 409200282014 540403871842 325947619015 138296246869 403109015564  18728025585 295062302327 345850134440 417621309970 330124373232 439883902318
 19 | 247098042837 367039752550 164356860667 355065170504 397064344668 388417029089 105204547437   6047355487 405197798433 363346365949 211358848683  70872739144   1649062024 170331519487 156244016107 431076661043 334499464745 520456345835 448915728374 315673433169  13232747787 540671039705 517374226902 226573594312 483951149261 451858687987 176469000235  11696594687  27259984194 443031018446 382911152100 115843226722 532049655763 236986813428 289234611935 538388476487 459895930527 184359561169 191186188658 542748785249
 20 | 220685214997 526356179010 493009970770 441600335877 468105849164 347091838299 286486483773 353459351822 423229265276 392402730357 254306289926 142803044402 109400776915  84884515388 241498490354  55046728128 390805346154 227962842562  99224498808 104531431644  14878635313 502042096050 418961001621  44035262851 479436707003 287725186157 214395226808 105155393116  51341960674 251786925882 455221888266  83768839284 279555785873 449463155731 485874154646 339256629895  39560274144 297074484210 397949343494  39926965296
 21 | 339443977346 516091547778 301583178091 471444140932 365291260835 204377824807  56023573355 464102962149 256435240197 109155877192 542768098601 121926273301 217330873176 201672337717 461077596554 251504596661 111384406676 509163569969 138618516720 500473632949 112411443408  62206605854 412041499476 371954526034 481609512740 178622381430 302429199927 464132558502 249500453111  90598804223  75701649627 105045187199 434078000816 471948252212 444499874525  10523175580 533703147946  90155762328 346483057394 411064775099
 22 | 322799478503 326912781159 303909271979 263099970859 294768874751 354268280665 197671579541  56431651519 429301354621 214180380699 203407924586 260202326470 233686285201  38691511736  78767934840 210972605474 331825994673 408914616091 257552907950 449429761990 117359777343 318271321611 410721996041 175183879896 313291675302 238818334082 529086091347 257396174332 492699891777 350560941943 519253641835 321440389483  87402418572  61000036564 147719136666 329527358093 140861549625 395438475003 133630891550 290763351017
 23 | 502495075528 124910881389 198897475545 263094450546 165593156041 321381829632 193364058106 415957322598 451591399421 482686399010 380036657786 114391560057 481725028422 278401082404   4432350828 190669889592 246688224843 240691646616 526804613836 194167904329 162822538603 401217212008  96115299079 322860319137 260848833005  13702736006 154141744019 365969135619 401097048242   5652598414 439575702786 225999225091 240604709747  76436166382 167665106404 136330538254 521229823365 235767561592 493703265888 391725044331
 24 | 360573520310 257962453848  32262005105 383208130289  82680072044 544542590660 249033747285 278007334366 514312604656 272453036058 215637283375 447439393125 155819807149 434105903274 457283682923 275160131143 343204495976 500509340842 423969459982 544836793625 302241241731 247366336725 164092473404 429533733121 289532522826 446079530716 515475466807 186224894986 258443695951 124515035635 271309896524 389059188995 257709614996  45633346568 165870563202 158523301973 255345878699 171134534250  88340036775 358706284616
 25 |  54062897937 189903042277  74423968672 226995726462  86431805507 375543420955 401491010124 515784733369  29754805812  64877952214 410209701530 137044497389 239449670124 290250092749 158925070358 250486182909 452788305443 208029662345 344583853542 153635204951 210252332835  75787930126 265423187267 419100441262 254272213629 178771970956 465601147995 304478773682 197192427329 277988732815  60679784366 205730781446   9595762487 156674378277 478106330285  64430520771 156621393647 453856013567 232776496312 494938917102
 26 | 145765903053  36538139277 545058345546 509718730434 127582413630 320649741661 210552063749 279357182882  36069918131  86200966458 279997582855  97177496846 429190262535 502672302755  55215333503 518675592393 479082076978 186033635695 261335907849 156424070209 440581509022 386061852235  77627217407 261991342586 296254236700 353835911184 253917200914 380105624549  40246500104 161229455751 187769443450 522757761277 100170178406 453156126700 249806357676 423324791863 141757434472 419575366591 266551486304 128759203006
 27 |  53260667369 438370036126 355082253322 240757379883 315777276694 179170251790 418719667749  95827821147 275332961242  63132252775 427357467386 263713129741  82061291348 353429597770 534187136669  75311541759 549606047975 373797058057 505513268285 124065124415 119010930992 399213879494 304134543402 414755488908 491558953220 366882423785 111117184465 381975501950 355836115260 525874683282 216479230020 179460485761 358595407712 488065462358  73556061636 272875480838 379833699372 415203196098 307995828111 530612253038
 28 | 207630737411 286255421820  71305562427 249924867180 333939547934 150507080345  24801976440 309063709193 111548664085  77428705377 217102795136 403601593905  50663884536 212860601978 243917949359 492397686070  31807397041 407313722206 534219104456 373587204246 392206036717 303164419545 186346773935 317458450534  11251835503 529986057200  70862402389   8670311225  10679692502 234246213841 108799505753  74980778830  90298789940 545116060583 207829993709  20423353821 239674244113 316821931708 402377662001 105715110986
 29 | 533776116370 408674613380 343452157257 429053714730 462204580150 500190867642 386909027532 338384678088 135921272603 531863636003 129500379938 139199417617 360349648508 259171074598 458134090736 125659259531 204023016865 408776224446 418790195556  55126002802 453399013401 423347392974 379778505894  83346249429 404360214899 234408361079 532517189729 490251939128  79856109939  13153005731 296071469241 134269506928 399174600031 450777710038 140360972492 301406454347   8138573615 394541173779 450701992857 262148118211
 30 |  92971090959 451686273003 250268948016 310440891509 221520613424  30647203035  37876097329 235955116973 341834970112 275311244569 388950152818 439112594640 347006793418 251540711541 248515241322  12722201575 506811821722  97474322937 287722205687 483087326330 281057168415 299917563818 253653047264 351681975732 405611687710 284370477341 143696330342  16479482448  14881717952    191694652  30713617739 330760329435 120854065460  28635281045 503004585626 359375688759 176409881431 200866110301 442918923991 471988888853
 31 |  90278510064 101085092094 399031612256  13810452939  99652863737 442831609522 123085662226 173447040776 201510718185 133847353288 404927757554  17487213844 238609703932 142427677296 113395489037 172435074465 496716694938 251860037547  11948827453 111398060211 380416458357 322118664804 364002987699 503094378504 386954551181  33070945004 301572052687 196807697456 471511312398 425757672364 421685725288 151130350505 498028471199 493635068592 243293871779 216801638878  52162936116 271788935549 383897070451 207039960414
 32 | 271002850024 240024327536 390630762810 247388623163  83363461455 490169487435 355457910061 312568167550  36805402642 300248285320 260469742995 156627804909 282994552868 455384080246 420261739920 477573624787 308588451968 191532804031 118893521216 219911234336 250753947141 409523972454  96293253308 472724952970 539767420631 368435968916 214496177238 223329617983 352114957742 260982759924 471231685694 405092956947 546183274833 547365579903 248742654611 370296959036 312831904036 164343356173 250519503481 266274683961
 33 | 546555856805 368046517354 102757947715 414059706596 189374764205 506554361544 303366224697 389270681463 407012229989 155354278489 184221772906 120376585456  42491064667 181696082113 288497062314 236969842832 509930124079 340195564706 165878401768 524524881513 111870427083 153174680440 168167082044 400642474462 290558651736 424854080648 254859637622 308101370671 514065465467 451555043133 372093793342 369917830213 397882312279 122842784347 372901491052 308060159257  42795136586  36096269458 193061912282 375362302291
 34 | 293493587181 112871527441 447079878214 285291062430  84340632766 194243710137  81159563531 245639997000 409636234669   6895733044 534576338445 457489802889 262692491015 157580867317 180707176982 531533654002  93117893267  20972575550 141569629148  93437134094 494600879044 146691051556  81003376718 417081884310 538443100711  62522405649 487766853133  92437522061 161544169451 488181671270 271531789043 536745204572  29081303579  95861978852 234458448591 148177527278 540503985064 158050550873 244896498979 344734097612
 35 | 325493806026   2670305276  78225514209 342477910202 256074565838 371727185354 224253873358 151303497158  44941843092 409337853784 288755593182 426562039843  82449817879  35434519767 303303204340 469988643839  76003581156 107466012169 536230395391  65352155164 106116113280 260709343072 546477868938 497103008969 542266429741 359653130423  19093215850 414193136152 449484599423 154703499031 305927243087  83951489722 361085187236 392994740448 399429306734 530424688039 266680587170 210787218322 269300359886 105818234064
 36 | 183132615995 497969225432 246462084896  85516711793 536772979743  12934010014 449606837681 541049189552 501266597425 104049423622 490876626801 397550962451 487763302482 312247583045 175605176890 197856155794 348532662473  62146077664 541550332866 443850468170 246872153824 436456167873 247657564843  49900235753 444050225045 508840176242 153506732579 170416222589 350194921397 146393430975  86334321017 215069478715 142367066460 330358883601  10519854668 469844020330 326523302223 291023345673  94043117851   7828680465
 37 | 215557373324 406118023728 100864441199  23779538236  82245388451 258273401979 307509452611 416265320239 291694848019 316873989597 515569737843 227502827320 222270440944  17191098674 386089558817 299933400012  53233258201  63743297739 225761744342 177540594626 151490312896  90357245490 241750048144  76188733872 349237649327  47888497503 287569882243 265346887360 109897570875  38878530016 336274386296  75576292854 524218615996 432400585779  14381646497 214743630086 203612860604 370408845576 121968102620 513992918974
 38 | 137876204521 323419255772 242010898845 492095309881 215654593245 508538266781 440383365777 301888962220 418491985835  66450339757 281371577594 300288496540 122503142307 266741047647 119210079303 180051682286 202256006826  76449305029 221950041913 391894959100  17720348096 159703997572 249119839499 230523515222 245455583235 201663744654 171562820534 434196194361  63126408099 354611164643 527917966350 286980369621 245317461390 368751607005 335696417060 267127549252 332318392139 255936547350 297774909860 457467322834
 39 | 500084116770  83722270918 476926034903 155825718156 258683346118 169154663135 259607092033 241107263060 506168177819 429354753441   6921768118 420572475358 463250151120 205514839638 441796668063 152871434339 367759350229 150717252709 219087067764 330121444115 355964107109  47579629451 418326102609 326886366291 183481442167 183064070703 331762927843  50928459216 381651093602 239949577024 479974533495 346567286965 408884025223  35765528951 369312566763  25059561251 318702198141 224594756543  97829415462 401952259860

--- Zero Minor #1 ---
  Minor size (k)   : 7
  Deviation        : 5
  Principal block s: 0  (indices {0, 1})
  Row indices [7]  : 0 1 8 9 17 21 37
  Col indices [7]  : 0 1 19 20 30 31 39
  Time found       : 2481288.4619 ms
  Minors tested    : 242602622976

  Principal 2x2 block (s=0, rows/cols {0,1}):
    [  84718255678  289604789957 ]
    [   4198182796   51350331373 ]

  Extracted 7x7 submatrix  (det mod p = 0):
                   0*            1*           19            20            30            31            39 
        ------------- ------------- ------------- ------------- ------------- ------------- -------------
    0* |[ 84718255678][289604789957] 421185690873  282228190131   65134973196  155663017916  482097970905 
    1* |[  4198182796][ 51350331373]  10008978580   41812123498  516881112544  278593283813   94291749565 
    8  |  24011731641   47219212786  441204993154  351453944420   98997472523  169204096646  247155043504 
    9  |  23097747859  514831089460  458544851236  332102393502   46206646828  138689559044  407507323248 
   17  |  21237045345    1254935067  309512753043  151394623554  207959717923  388640615237  141319429991 
   21  | 339443977346  516091547778  500473632949  112411443408   75701649627  105045187199  411064775099 
   37  | 215557373324  406118023728  177540594626  151490312896  336274386296   75576292854  513992918974 

