============================================================
APM Result
============================================================
Matrix file       : kernel_39_18.txt
Matrix size       : 40 x 40
Prime (mod p)     : 549755813657
PM block size     : 2 (fixed)
Deviation level   : 5
Minor size tested : 7 x 7
------------------------------------------------------------
Matrix total time : 3878372.3711 ms  (3878.372371 s)
Minors tested     : 377358991716
Avg per minor     : 0.00001028 ms
------------------------------------------------------------
Zero Minors Found : 1
============================================================

Full matrix (40x40) mod 549755813657:
                 0            1            2            3            4            5            6            7            8            9           10           11           12           13           14           15           16           17           18           19           20           21           22           23           24           25           26           27           28           29           30           31           32           33           34           35           36           37           38           39
      ------------ ------------ ------------ ------------ ------------ ------------ ------------ ------------ ------------ ------------ ------------ ------------ ------------ ------------ ------------ ------------ ------------ ------------ ------------ ------------ ------------ ------------ ------------ ------------ ------------ ------------ ------------ ------------ ------------ ------------ ------------ ------------ ------------ ------------ ------------ ------------ ------------ ------------ ------------ ------------
  0 | 377994151257 372041910759  54037555791 441846834825 181255408641 144743992667 199625615615 523713139963  81144876121 336810219163 491664214813  22284755196 511863578759 197084476902 130667080518 142083304709  51093867724 536471191511 541630403325  23871358424 388541680302 136720730040 425556784410 542878259893 494424890446 469353622692 208912772336 174092574280 256694835344 307438398119 528178925792 136243684833 264293167062 321004123635 159575005108 384799735718  38137906793 391958843075 502093790447 514336721970
  1 | 485601278006 301157857567 132892416983 295526385374  72040029867 353092427988 273591901503 169772444838 175871952561 508788552887 321698808311 187190869323 235918634220  84427339503  71926174997 159420926012   5049983678 291630421503 456233917123 352862857328  25832004079 359142730090 179097514074 514755440201 334668114768 424313310749 319252354633 473332497531 239713159073 506469845737  68454285017 388989899280  38552729207 231864842931  64005442712 285814814193 309872310498 348062339179 227925165234  32926536030
  2 | 258282986134 391678818393  83422136850 207323499421 114530447901 449236869858 356573095200 219056260809 115058223329 145949155773 278377851692  79049610054 413638841600 119051745164 435290530545 179907114260  64808655418 536452256209 181476550198 486885224756   3013974163 288943467435 390345195990 129591225510 499808445493 306078952007 352729428559  35068390591 266283993838 438706545788 129585646647 220718839181 284418549339 286326257609 222791110464 309463565506  79297215836 510474333317 400664818908 278329130526
  3 | 131885151760 225945461922 252453955561 280664052708 222764953037 223979150643 154629782134 101628114291 337116731948 121658504173 274641048819 308337074466 134727886013 455618779220 376997371255 515495102670 244875530529 298903765082 397973837294 331954968502 141926372012 257717662150 539072118376 177775000222 328558035121 272594220859 174326224453 485294194661 296440770053 274159540421 449131579444 518483520941 197776873489  47489258115 167203864457 113338951673 473579358218 525699635878 244922765481 131794130880
  4 | 349216780103 395199215604 237994573019 172704169623 313606286014   7411709323  20032576926 325109811811 528479253833 189051341787  39155052934 120675677766 359783098212 510429188923 233400489926 498651316732  27205257840 511931600004 494637316461 542669902172 165838037528 131243603907 352349057399 146804364378 120503981641  78542061605 231280124047 525030876648  34437204293 525673713316 357786857747  42614164393 388952865783 406106004299 516535847073  99728638026 477648656440 352167299208 165074071593  27248749306
  5 | 264951857582 299875238415 419441010008 232786638611 149965884527 530297990735 437070688921 421625921855  17680142908 204356041237 129982488147 223198532605 499427251712 299330041123   2253942099 148357020401 239547294247 386803662614  76829379379 161993026449 356592720549 226838353237 339129661564   1344144251 425437213903 346955342521 110027082840 321330902707 356346236121 253257894872  27153935458 511386072195 390570100767 537552720565 528165119971 243259393102 219859092589 495199462363 500053266229   6186187590
  6 | 450721874430  87016724145 154732916877 487919369376 271994028227 312051815063 409118213763 282629688464 378207374132 186020496247 428466897482  14797009280 278173770895 518848032741 124882604472 104028057002 166930267711 479704363579  14860805069  90345541791 305195183447 191702200390  33449453631 151120313261 156579771700 516956241151 457608285586 164537591305 152084507745 170927496169 347886830176 105294195715 386773444393 133591789234  28098302415 538865956426 437312515956 494965322046  63934613159 236606908834
  7 | 313959525812 493114433755 363778644033  91172865519 520043870041 174491897485   3516238890 366646687724  86228216323 197848164471 101467375108 535546238935  35398771320 327161528943 255616988874 247785835317  30584760663  62924916854 302571460730 107061426729  51798324243 145369942992  52543824266 367984254336 535584240085 227824590471 498368532044 171908607995 302815507606 495968344966 275732161010  18714138619 224200845921 253099581468 192269436709 526995772061  18213197309  23380754114 293248993288 308262213622
  8 | 244121457378 498451057127 355839878888 237238099173 494715202263 166630403121 401776185371 219323683918 137926969445 344849592512 324247220380 407367777462 401786714464 405915908103 463433235325 548140023116 386906094688 314818881616 500875444314 149136303269 183357521047  49899887613 182249548497  79416036980 351664760512 111664745704 198793817523  35425426323  63519131392 122761684590   3890075229 349612363859 510579077520 338087436151  23551240204 104339763270 449295000499   1072823710 237315545083  40144202408
  9 | 377512576227 237750332029  75447465742 167470271015 528523590388 412344939734 150170125699 371441954101 239795545458  25956038596 171802002207 459279592989  84242512052 480447794370 143015110238 303824967800 449028062408 478342558216  25850984655 426451145835 439922901396 470790331990 131560487701 485565006343  10867175880 329328448751 514423167629 146446645967  70349721264 108698610549 427480531167 202466231782 537832617293 441731551853 144755530001 219211565450 124748087892 241815245937 323363699204 371262302778
 10 | 404775975607 286825304778  23434147150 475455877520  67097814043 482437974734  77706729655 372341558299 207517015998 139095666741 344023999476 430414766024  33763577320  85549016641  60244005316 235903654326 151536147790 176815997128 366412792282  38628696967  85531605017 382039335029  13630564030 355412436748  86839836880 164822956599 456852872491 500886375852 237972323946   8857546321 428426247644 506545466311 218633065654   6472418134 485783567643 251001712957 547282752309 379957772291 106995381478  87926475404
 11 | 332478451477  31398072094 309638329574  80049257562 215318309575 146882137892 275147307022 220780400337 536197191899 303507238830 290881903386 243458987456 481738531187  12859418454 505831764909  75392432242 241759074144 546840549227 510442445684 362379082733 453326330326  72683833381 414960610554 443423233620 376600364535 196694450336  80429367841 461252037605  13974097566 446289938354 252319721480 100139383784 332644281847 467250707767 345355529280 256106712211  39487871348 192625134632  87131329103 317267348468
 12 | 348359833869 138177798216 437101436065 127124999695 499462334134 538409309822  35857551204 500209952639 487410148907 308872745659  49433031422  73271524282  99826190991 306425521613 167215206777 517624562868 193332920113 456392497916  93718107127 535205005322 109539969477  63452520028 134757132420 195701605340  33382367066 110206679142 415117749662 464292044914 230876981065 162182603097 543724771315 504870422141 175505741416  27979884798 138743215580  17554576666 225700294986 208531467869 229294502289 296851828426
 13 | 338344837808  78860227107 323677493216 397264541569  51334752092 393048636629 411284845299 228429579307 511641222391 486199663953 338833492278  13101859724  75301094128 539848382544 401652415567 112347904028 251607136489 301311946778 219236240011 150587433444 362493798262 515460306988 135002861290 461820054461 377974629946  74588809969 300449189419  48124242480 206937423340   8522601254 261637200070 245904696129  40994991957 179418053300  92155095369 493398896157 142717873418 508295938718 165212238752 393469020508
 14 |  89869350989 368927082509  75162453688 241887103121 164892646249 294865318753  21285846381 451185840146 519507415209 465519203873 177899068314 528122788938 295351400279 108094152160 155999028750 135296058814 390547097834 105806118907 372186296750 353001026350 474254291370  73092490617 497759524324  33539626810 224846388917 153490593005 480010190799 263753596859 164552780751 326264793903 321727608325 502092852593    507817310 530453944979 410910417986 229587492775 406988786331   1468984844 501588967960 450986359550
 15 | 492264769322 155120657682 229972976652 238604485686 453483369943 514011106543 374004764450 164923028149 499714599459 205633260868 106396394722  52868127924 157032847683 174045033595 235373030566  40716819906 119170843789 326651320295 409077062552 152102683990 184861802413 361239170929 516373877667 499247946686 267395153616 441606410905 452177871415 387785036355  86451454328 265780309922 162645490230  10307673375 152315970762  44048106764 196500523914 502644280240  36201475320  55548210648 543683437516 461550620605
 16 | 480270340601  93967705823 129327327073 517388573215 333692304534 342135512335 215678010724 183274821347 206628010884 291451508889 398409467846 483558931669 209248749321 389896278527 264851332584 106815077096  84373129179 314760646361 426376730740 437246223044 404882118873 244440380889 468479326851 440688451604 309870842081  36783412445 277398775848 225081047350 200610476729 489827773543 493036820271 411923231501 186246414858 282276769845 484125104446 167737863216  79694350878 481707231484 424665338827 296811032044
 17 | 523652553499 258777059498 278950150582 479052869085 125613458874 263393102146 511902384527  12363649818 513986228254  34929075903 294602028947 250361253640  20066550519 372036703949 328829100005  96302009758  75748077631 432146807426 128271410513 269454129923  28742801351 448167329597  38689393120 464141391274 317318347474 133762166192 375534145162 100410619591 525950721918  73447968973 507777537605 151145768978 363007235895 171070237907 407984546855  11359775170 265289534822 373500110200 160582179527 492413200862
 18 | 515178885880 520421404496 336385099548 533087774079 528284730656 144680931169 422492756736 288006323564 268406339972 434859400059  88658631170 127313974087 452679303631 289747368937 191645243539  48154225870 404670469458 221159637328 537267033210 196694385015 439253257991 495205169140 371629583791 492814192565 178422499261 180241471433 255025319018 166447158472 490757218696  41083867669 212035720240  26331793915 464539900802 319832038236  84738080268 548385968554  69959606927 536831287734 190356224863  59946358208
 19 | 182097692678 510066978948 210546900440 414656220566 201424347569 242825754627  60521843915  74397889753 362155510276 107342299689 443247593974 448158926522 203881793329 393002864588 283213900671 192166237814 352117850327  53004075724 131100248691 466449764555 284918264891 455106234905 204364004151  63300258092 211584111624 108677852519 452679591362 280975890002 173563750030 486214793960 159929430552 489336682929 129069044045 453250638900 315696706041 258750211680 244858079900  48892406971 167658027852 359978858685
 20 | 435136594775 366260942357  76924560385 277137233657  87962882797  52057397777 420856563813 203501542462  21116186820 330306553453 306876468686  78401436293 278747973787 176861113618  54904626009 527714547179 281582866872   7355368208 451911008713 129938874675 192562153611 423545162806 400525144489 277312249144 407264783122 272275383916 437482737339 374995223042 255761350057 475824190990 115207746060  96171823136 379389249805 524397647514 332983253607 338756763257 431378371239   5728209018 128670650819  11916574733
 21 | 223373802123 206820597017 225755390609 339877659439 309485586552 537772851388 479021635519 419677218053  41152837398 318755546277  48340254474 485287344962 295394566409  95201579590 435043604670 413982206843  81560154324 233430992975 274480391142 109920954290 339010371216 156133746498 548829878919 114078317197 176804843121 414338346059 345922955948 465354402828  88945151294 173291715074  56114940865 189938553571 401761661851 490681656735 497686920998   8844752702 263238991482 311255858878 459947312912 502246659992
 22 | 243422332294 268222102686 299270266273 190795218170 105462441665 166484450006 413888456542 280394938409  21524191372 376746278171 106891086398 323806324710 297815252904  43115923518 274647848816  54178797492 179634996730 111686382024 334052495895 301298838727 300703572159 182280605883 159060615314  91000479241 277378643429 548408695490 383951162864 354592746652 232106171769  56767087368 310846019660  12581897110 239206322303 143272688889   3736731772 331721346449 128194574955  14554563036 261471409301 401961643419
 23 | 115685789313 263164591794 357131515093 514601857767 277771224705 160291539551 363492433021 202041363325  44824339141 414166257546 211805144470 495606260771 194785757241 138196531498 549167123348 267374030277 470957564875 547368227569  40251571840  31970035560 236035392286 311096766142 371454827587 438435973755 441032856479  17692548805 549083632687 201545278725  31566083918 269285928010 178029998155 507620599903 184300833129 326974743397 273519033971 120372319734  59123238049 405341806495 156505513299 210621626322
 24 | 139826615650 185423647892  24163845176 131144976317 205687754084 195793090200 320920159849 164385630128 298556542954 413224732000 543996559420  50928032334 342472202317 465064021621 286686864564 328783091634 122585110150 494956128140 296183668646 515454382285  48949438939 116480272066 135102291030 209194495877 141608762572 320396623823 345288732253  39097801839  84853980396  11924203926  98200322368 231948199045 480031475094 379575432040 258706768738  23922431908 390635073919 305774533733 410888285958 526011740552
 25 | 316882445454  29579731764 352565104181 507089669126 439982598119 202819467369 152535669463  50877948815 531507373569  53145639329 193837903528 406087777572 462177883034 137433068714 317880174789  68655007331  53741144412  25862112699  10441475475 126415205475  73846154734 107955507122 342378814962 276262017181 416316647010 525290834791 204128856074 535029520757  40151438843  63268597126 434556443199 423610982322 438686506556 177465215559 439465901825 515529943598  23285038377 205660077586  98465919252 167374042069
 26 | 267013419584 241539745784 303039615685 362426528968 419132998560 541698996535 124062142081 329457780018 117715648537 433712753159 343973220139 177326067048 222431791436 447935605746 105846579648 478820904648 327354352339 197794806433 490467477878 495665357322 502401211478 185859169104  82847254446 125196400190 197156448335 279104900364 299758902817 117489301769  24785732955   7404666125 336411517231 490169984703 400576999314 270285839512 170472673517 340797609266 236451433202 258699788153  42772064798 290096014433
 27 | 537260445808 161299378033 538230977399   7712610920  60842802488 419571902935    125752443 180044101250  69990294905 298027754330 147722924403 439143261611   9921701899 418775658604 407587598200 211447699368 545953436654 106512410293 115578260760  45458461015 521957554158 283118653333 502525112039 548495757510 234661923303 328265506384 230101012533 347947809287 132710777942 502361924813  54700413065 478975187764 363378750412  29659930723 284908826406   3313471159 259009559031 329625979520   4757140328 303522923879
 28 | 375259178548 116414869821 425847787936 105823695578 267232174341 241917445665 416750175811  23155640110 156900729703 431956912789  10325362610 400541125634 484377582910 298217824655 264439367122 311631414293 231596975267 549056090576 140768463779 122838150908  20978357235 294478230363 202797063083 136406652969 349327553439  76788126755 191679824643 134284499185 485414063487 140362120759   3722208189 102041164854 311473522237 136369695474 215354586202 405435663557 259999879379 424938687250 284314414400 223454330378
 29 | 357232247725 123180460595 461247378400 180269274726 423663802801 185025632452 200875587721 303242319721  10721628605 324165714764 468621618354 237615218138 421012608463  97741851937  54183106283 342621637928 461779926673  50529002935 530030456067 308587030545 535936340408 252723381707 398748308552 251695106124 421927246237 367298748745  16072919054 448081777545 414530471102 419659443611  75872248972 509672487933 165855781863 122569406647 517188985600 308294115675 177863257801  36658704102 153407076863 474425315856
 30 | 411642862725 190161896399 319538018660 254083050637 245832033765 387558823988 489729148256 376223317167 294924746908 341462227007 338950310508 482427821137 255656878988 483694169927 318885960839 430036121226 542540277655 421767617620 114168858729  64113655217  80023707199 145894165369  89118184787 499019500732 493068960452 534507002633 485998576021 419744665765 214388812197 274039713157 217796232930 121254193593 406591186883 502089379440 232025338357   6767226444 326331978039 531183081491 383181884939  61705985552
 31 | 465917887895 269166152618 121841522132 119487166827 204780619601 390389044011 142602556721 533118251445  83825987040 329733975441 271661027261 432078533132  34848060313 444279195144  48898007927 199822203439 369744593260 420191249724  78710728988 195005096442 410941502400 451398879744 374109925217  81428711933 522794923697 278916122390 327169247392 160457279875  48685334375  38511728904 184084466282  41672184093 129113682522 366209271992 376075113431  71832494794 209940014217  64657310958 202403756756 320083930606
 32 | 316621519149 309432873185 447626528638 262251340697 252700338590 155017594192 449759110805 316176706872 520658336421 317108789456 518608028986 254783717558 139790339347 397239692927 383490650664 414979681780  34779508933 122001406413 413364522894 396217545139 181995219755   8810428828 378296503060 298203007087 407905314954 486931267712 106257067934 109405284733 151406389105 233103761751 289533921594 133549008778  89895675593  68351969358 344570358887 424695614446 269416971795 509938176619 184284643551 197761231495
 33 | 208712233088 285610831979  72390729233  24221506085 135304483655 316756220556 483401027106  68781808130 284009218056 205219808574 223086487159 365099565026 325292377071 320268902200 437489845262 307525953786  73587387109 331938156841 340926184527 182168185293  54024918446 321601811766 455513823789 469648097032  93258392693 130580460606 126123109265 289907006845  41289234810 543283822815 209169578857 322303648180 542546373606  19143467165 498061678257 205261188749  66585229686 404243291413 477601691601 424629712979
 34 | 187850032481 509840099277 477660242559 100713420966 188874464202 166273602987 172369696098   5443159447 503291900963 233300144306 240321315255 422757520991 205896836384 343855122858 130758839191 314642294034 131090539745 502960408990 262551639485 499620568035 431554932197 131439836168 138301938469 496819641830 402925906638 284143128932 302101873569 273665521316  85783296179 113878205085   9471652846 467341151747  84377684315 344510740291 520421517216 536246610748  21617661595 334277308555 362156242273 489224076338
 35 | 384656194367  63294808291 269827295850    584219801 335944091668 477996497062 385600175660 431133587617 232005509745  35955376542  46001612119  47922362407  16254037712 482701488478 230634539144 224994647821 393310464091 398431214480 167051587873 277407455775 127037051406  41893725513  61303799047 359326052776  89398524428 316134123195 508414669284 528625708581 169453037607 338414013146  89945512094  43923640571  89762384704 272226504447 501946510787 219991269544 446323786833 523429169039 462198100843 193602633474
 36 |  57245173017 433258308704 543947836223 381685175924 154230837349  31339792175  47831100040 442720315301 109156066511 107627332394 375620703978  58395153146 204296294150  91824422290 400717673155 543261855550 230901493051  47201466674 228799561882 464694429886 105093820898 406473659763 482308935099 436042629358 126391740359 122789680730 297268512166  87918181412 360814997187 131299604847 393558136522 489995284304  31373468208 245709859196 326174088804 521139128237 523540534375 208415076225 264790380181  66273722673
 37 | 389995447955 370632329327 382059438629 355908852308 168716624130 202534979873 326916535700 369085980284   7307981164 486552909141 537974225098 255009281740 520660469032 399475062514 177745965713 380925684667 321429193195 426486001054  64922222929  49422624246  40201466462 171257587073  79467624534  38385652982 244264333677 543568243967 195546978434 430694993234  53726713262   5422828677 135205175794 363448702471 433153463764 415227357444 127531211853 460000732025 129215584237  12032416145 283827898755 179500642356
 38 | 398444096790  50920844521 504674653465 441262355954  28930650169 542682180850 477383113721 478796328338 111442069083 101780477407 466743603033 498542863645 136971214629 438749942187 482545842787   2931056421 187389092809 448238869139  68762436792 341816288697 270761868607  68340605253 414372699664 435027053571 530142864919 237316847866 154443773700 481362316459 373511133901 400458907971 209168386142 313984792371  44237542438 421172257083 427893238781 362314016985 476545473224 132286263214  81359362498 269766519845
 39 | 133900536591 470789153609 464110011282 503445048645 305131350064 346398275742 474620821396 539171230805 442175228929 398175505782 250867328068 203140874676 154339065691 433871640725 271601607250 154436300933 502700123693 433335882504 405278709217 173788491144  63535975197  48943909646 265355394264 265659942693 405311117534 382769464558 313368216470 400494455205  81195556159 335292252917 223422158356 161273723789 438013148376 353615083507 134033610406 549311374259 196937117666 540434872025 135523515748 349080909876

--- Zero Minor #1 ---
  Minor size (k)   : 7
  Deviation        : 5
  Principal block s: 1  (indices {1, 2})
  Row indices [7]  : 0 1 2 22 28 38 39
  Col indices [7]  : 1 2 6 13 15 20 35
  Time found       : 3878354.9961 ms
  Minors tested    : 377358991716

  Principal 2x2 block (s=1, rows/cols {1,2}):
    [ 301157857567  132892416983 ]
    [ 391678818393   83422136850 ]

  Extracted 7x7 submatrix  (det mod p = 0):
                   1*            2*            6            13            15            20            35 
        ------------- ------------- ------------- ------------- ------------- ------------- -------------
    0  | 372041910759   54037555791  199625615615  197084476902  142083304709  388541680302  384799735718 
    1* |[301157857567][132892416983] 273591901503   84427339503  159420926012   25832004079  285814814193 
    2* |[391678818393][ 83422136850] 356573095200  119051745164  179907114260    3013974163  309463565506 
   22  | 268222102686  299270266273  413888456542   43115923518   54178797492  300703572159  331721346449 
   28  | 116414869821  425847787936  416750175811  298217824655  311631414293   20978357235  405435663557 
   38  |  50920844521  504674653465  477383113721  438749942187    2931056421  270761868607  362314016985 
   39  | 470789153609  464110011282  474620821396  433871640725  154436300933   63535975197  549311374259 

