[[110239316 647209901 732204623 79102310 2084546882 1743043984 164115384 906656724 1678189613 619507690 752506422 937142912 383783681 1563865971 520580529 39711383 415810014 396351030]
[845815547 2082556208 943945504 701412303 1028001015 457391912 944467136 1954712544 493523994 107077792 1265696912 561403286 1939680590 175076292 969747828 77914689 1435729528 154412358]
[699357678 1156138992 1490267760 180753711 2035454764 1348462286 1443489872 220220076 1530108528 1410606709 1036771352 1786061192 2002629426 975663391 440632006 800716676 2047303571 227743306]
[1723637219 1385493111 1875354486 850231784 2096594472 221811359 751471894 1542364796 2083040173 2028207206 553708130 260074468 22064712 1698303139 1595394195 1587305253 661273453 1929693820]
[1006632512 396952205 2012859356 140595092 648466631 1775850690 2068333236 183489592 253016336 143232153 2146090266 638319200 314836054 1406172005 1111633257 520343561 324189882 1979103692]
[938526609 1136209054 654854341 764034675 173537283 1310869449 704293982 1716519059 1812531366 896453801 811893836 127672425 1371932195 1880461279 1772392356 950580030 1730928967 1624323807]
[1876371061 2143804005 1863319438 1621029071 629766248 1682398004 1869095545 1405127047 838929214 1292188692 81622888 2111797280 1812183461 1261163977 1072247157 1552107701 286976059 1530636025]
[326969597 385043410 830564316 1472490946 1390620532 1559064102 2084777430 235609012 1348021942 1667697808 681214726 1922096393 83648189 797852211 173241623 1794460825 1738548000 444738734]
[643109305 2105098552 105654023 295034601 931296555 1189537689 1669173725 510279394 1618118308 700374952 735958390 1249096410 632719046 196850094 1649323067 136666677 2066079705 1278518953]
[432331685 617424346 182954027 133648131 522002944 124074623 148803818 477629928 1343428521 301396024 1703189132 2000441093 684248374 377031926 194563041 1032802984 1460598444 1900586637]
[885337712 752713965 869274379 1117429491 1586228997 1496517662 494445173 1627494278 418343008 875059700 754993856 719246034 1332943821 464354489 256521026 742437164 1245840454 1319139376]
[1953930486 1348307834 1611126082 2043153307 1456601914 1984249188 1488115674 1472221140 1857101924 48087845 83179592 29351265 1124416808 47050826 713145190 878457906 709506163 1099443507]
[2031520039 1741336015 912656252 1901221950 1821524499 1621794408 732164376 1640458944 1476106459 1165267085 415643617 72300626 1893477770 650346249 2126664027 428155376 1399546926 2056154772]
[439952151 895960982 22575950 1002747958 1039322811 1283918128 1018787033 1701064911 1109801175 2043205272 517052281 235853043 1727103359 201310603 634441281 428632058 930359775 686876236]
[1051262312 772513627 1015453272 1185107962 389455875 2086606943 2057791793 2104241769 1540325061 27275439 2137731401 891685552 873242087 319193252 2119211537 1242957351 774425554 1937662038]
[1500427042 671971130 514809070 1287872803 1127168647 277021734 1621022417 1636599313 1735482799 103504512 711675299 2111923794 8038132 618170502 209621070 2100505182 1861561887 91152839]
[50851475 900512344 1459681694 1530244641 386401466 375062389 1710887674 69648084 1633149483 945518327 1138977008 1953837265 1475711753 454125853 46031783 1839874951 1733827693 1876117192]
[2079931561 642902650 1626353147 1401418121 1782755696 1812540437 1522483808 604495921 813264763 1029585271 1769079410 149753390 1444584601 342705974 2128495884 1535921258 1476199560 510956316]
]