[[264885910 1312058419 250890453 1441965110 1415171365 102434105 1629809861 1971659909 1676086098 1812466277 919201201 1250494506 252273111 1477552800 1227861942 903329606 798527697 1557763788]
[217073105 1895896444 1168679593 484510785 2095612605 1589834630 1522122804 918355465 827983680 735889688 603673102 1394916512 991273774 773752959 1079819269 1625309443 397791084 20703830]
[528490047 1519689712 127378192 1205990788 1310719986 746028387 1491532630 901277458 291786558 377118018 1252169612 2040197083 703683937 1317173907 443850522 1060199290 1655198508 132393130]
[190015636 299149655 1577215545 1459395209 1881351657 1749196465 745748439 1075196996 1043580561 824338028 849727713 118311307 427545073 1089293209 46178826 1893554897 640494939 686004595]
[613399626 1898587864 146976392 1040203561 1928490503 1201369058 361694379 320675495 288624344 1181502760 1237663453 1428937947 841963540 1222049565 423813019 1534602056 1913592573 1624476758]
[2113949977 775562814 2019927790 1680525320 2043232798 797003540 140118879 2034628158 917046826 1242258893 914369622 844278054 1035235635 639828244 784817745 331111316 440924583 517249633]
[535473534 1552452146 1845993084 1191299850 648820927 1912163795 437519011 537936861 589730113 704915169 2114285828 1038392057 505127260 395856041 360249245 2051964445 1825172699 170304016]
[1538121277 1464639760 219919137 565262479 1944286033 1801944639 1217562984 81347161 1313686984 1175053018 299864203 187297417 694735747 404037555 1006249466 833622926 444327248 1946476569]
[525819734 62365476 798610329 897217793 978866969 262912433 1748662441 657918147 1090224449 1026941920 1675128834 1523063013 1230033591 724895780 1749990130 1504594347 1557933450 1085064510]
[1624430060 128012047 1984653795 554667339 1261754689 1274777490 1882809826 1262239392 1257719364 463256997 1842473531 567491584 1554962176 238259789 2046328606 1677306825 508378883 1422088600]
[644915700 1396187477 1592511472 1469068553 733731703 821539239 1997933813 258071197 1895790039 1441816877 802776082 903676695 1849753352 97621402 433846992 203221638 1852127650 498906547]
[167497268 844582510 1634461828 805049326 59297933 1805490021 1139661359 2029536860 1089855554 1795897028 259110201 142959078 561413345 1866784893 605385933 406024755 1070988249 2025217413]
[796821496 913133852 424417705 798940668 1164121375 657562099 884791821 1135760193 947742586 2011581195 2028070377 1791896642 964486590 1277825403 1855757965 293463659 726294207 1262807684]
[455534006 1420180293 2010616457 2112761084 1450038964 1700467312 1961122250 1158487224 1941354607 1595949620 1511053312 1041136152 1942850617 1958808113 605420520 76769991 247036218 1835097960]
[1918780591 1020005270 1877545093 782587341 1615554578 1344656102 1093467470 151919071 183138254 892072622 188192848 845091554 158726839 1130854689 964054702 18043292 505661541 1359321126]
[1291978397 1976873476 1105917235 1860362443 1853011225 1032312437 725515597 1549725880 542004335 1832782372 635341631 975068139 2119405710 1256587110 1443460699 1009049604 1451244079 2086517049]
[850703018 44178661 476902764 1867080574 344168337 857268797 2055550901 1052033121 1531379133 963419998 1458135518 239462396 1309737559 1054601467 97472606 954677239 2133790480 1178638989]
[1832498075 1844068063 465438697 711862621 448959567 595847124 1871251647 1291738743 435047010 440043854 277384986 562152294 1000306836 363885758 1042591390 800645657 983684696 505210948]
]