[[569659101 1068066791 176557651 1689009043 437188404 1648365235 1964739690 92709565 813048399 487523309 510930707 771110076 559741946 695912766 2108726785 60261452 564589449 1973760666]
[878103135 534365913 1594268059 867968820 1635409904 301947701 11684523 1673271195 540849172 1619032152 205050082 324550137 2084972597 1542457117 1956681136 1120321754 1034397738 516908058]
[532549094 17452062 128689522 1553632042 1922538398 1422830032 1520236998 2034616426 2124416976 322343733 1288033767 1304919568 1073924291 573582931 584686684 746413147 610992789 927645164]
[25559589 539923660 610817287 1210258051 1543814872 430377023 893906988 1926905968 1146590104 119499102 560851394 425719192 1063708592 536559662 832443601 1990984153 2033406263 1823832004]
[1231130453 2106618984 1917459535 1502033863 1253599219 1548362979 883500075 14956051 1546375764 1219214147 359010031 96352058 268907481 741851222 1115077759 1018219498 1906470181 1054684040]
[198312925 2041674783 1914845620 520486839 738606885 801449025 1814653934 408392213 176004118 1931203338 2024757883 1977825767 742552867 543827411 1889225033 1870027757 503170616 1841691746]
[1557062870 80355417 2096932554 1054801288 1581762635 1380215595 297816085 1568535032 1832208781 1374680032 1512559645 401237610 805666420 1212981484 1530391182 1234663977 1363405169 92151997]
[1145136684 373554535 2088020829 1287384998 217226115 690961933 144841421 1988790661 1633021609 251038998 1435308150 173977292 856134293 1711511859 1583460629 1179275813 1297353396 417699643]
[587861358 1514869134 1004556879 1140471809 298483019 1098903952 555759196 576813365 97269447 1507467718 1292222829 1414334742 210556906 491976151 704462521 1989069465 458087185 194872605]
[1292544317 953644325 1437722207 665169729 1255240716 638256351 528527018 892080543 827121469 531853620 890471620 757832054 1988599188 1725549499 1845867407 1279775178 175839039 1085437416]
[1346971669 2004216154 624455366 1610475583 1426869946 768649098 1447091602 331600505 1065045497 1960422110 1837910773 1967265324 681286427 1537278956 1300764566 259140881 187995766 5985698]
[1664857210 1299006087 1960404211 236273633 113132421 649255726 661065437 1438779848 1100076822 518393709 1494008527 127074244 284136988 1803987214 1525616964 1029211394 941184273 993821845]
[1161615292 1840923526 1471822692 1776136772 721365416 1305541355 1213857553 467390848 1093398296 1216570892 664384878 1582840717 1021092536 26181592 22691327 1412865676 2008450948 559008234]
[249771730 1684198068 510788673 906296302 1374081463 448340284 48430683 145555290 1179546957 83493721 436556036 1170008426 779496452 1637332366 1342809760 431026938 520283499 1623540847]
[2059370637 524627229 1079098503 933131244 2106397700 2052199863 187485470 1632894764 2086892897 1885905370 1378450396 180001888 1588166137 1412030000 765163019 1884384914 628798204 1471536803]
[817157474 123610709 327138043 1445374651 1035729437 744205985 1924262482 703186636 959072381 882269849 108141806 1934701767 688605702 910015338 574898514 565217645 2010407319 1616884191]
[640991768 1866357318 558615709 739051740 663501366 1623502662 1276308186 858227422 1422947628 1088366210 1951333196 367035071 1933382699 1463177146 5397082 1225792904 1187906664 1146683404]
[1085023224 451296836 909373258 253576626 1379337966 1414057205 186264069 1660330457 302750499 1234703574 1367691681 1002409580 993389318 959666834 1547778928 1983208903 921239688 1487322471]
]