[[676816541 332954143 549493676 644368879 1741335213 790258288 20363538 598173894 781079551 836225867 1667739571 1780698076 112777878 1295687297 826135395 1326513207 1691217918 1782208732]
[1975673923 2099878019 430943121 747628738 22070346 1982296122 1199473203 110881899 2143090025 218367595 879349394 1363488768 2129453021 2096845427 228115490 738094850 827477739 1089941771]
[1645055267 1383070417 117032228 1605881382 817695118 1546514407 1518960837 886260673 1792205946 1136169828 2086123360 794110561 1295217682 1662202764 1826884901 801084481 472567730 1165831749]
[484073365 1250691067 1778590523 1187860578 1350745371 1256466814 952684875 379873525 322666545 1292121456 1334274152 2120790192 729160945 1037979924 508140148 91210076 1857705620 428862250]
[718725841 376946053 747197431 1834427966 455614009 864215563 179341356 2060757286 1785874676 1605026583 217587083 558857527 1828306929 946962848 891088608 1412017948 967013928 1311260834]
[414373984 367411527 134191992 1838006673 949486265 1062157528 1815112159 382372737 1368108440 1562248568 711802938 943169827 1114167133 943762031 343930127 1185416210 1107357365 311715038]
[341778912 130758877 395620934 37925248 1863851465 619172920 1445631310 1703793081 186610964 2014287427 688168468 1874581588 1293031818 1140655300 185454571 839768984 203857735 1619466653]
[1957997965 775519869 1331781058 1242333365 571069659 2055998028 1958272090 2097957859 1045476555 767491311 471302061 1368156579 1324206345 522474156 1844988544 1467338859 1754632365 782754894]
[358974696 1438125963 6943515 1879515302 827056107 452068544 1049452833 509542310 560308956 109213901 221162256 222303338 434876347 1165025549 1510164166 1451293029 694602603 297416108]
[936598481 77454687 576019689 2060024912 2037731236 539780639 1889497323 1928012582 1055576091 1852373378 1616568575 1150211543 1116657048 716123257 518992139 933183977 415536740 836908862]
[1409161631 1965123896 1185651947 737088600 529019519 1282174684 679625913 59296806 79371830 770870737 199256848 724290437 445319060 264401264 652841528 391301890 931023111 113102688]
[1160217082 635310448 779682178 1156267651 2036852684 2068455423 1499845447 969163315 1521084851 782129157 560390109 1091654781 1593860298 2025907178 1549325121 727299024 1435802653 1565875642]
[2128577848 1944158328 1514302768 598863908 1268415954 204815555 1300304010 1961385290 1799178400 1599497064 899131320 1152091421 821323730 1881033430 695134276 1877627210 1454958552 1417197935]
[1858050012 453997569 1423746784 1493782275 2073000981 1510425107 745649352 1902367105 1528378813 1540916466 1352715980 1331374733 68399074 1046032191 2107091078 182400999 1595154618 66778798]
[875951146 1706790045 532213998 109370991 2142339681 1695741270 432729008 1774822221 786493583 742918188 1976224728 869296835 1697811758 509662899 747516931 1420481177 1666637744 1538994018]
[500864644 1568771952 1610972623 1804791443 882820387 888702056 1093125376 497079854 1959400264 502734191 225033916 154650840 979969221 571920422 1977519230 1252057778 1404046867 1517982227]
[1668622374 1143114315 637797977 274420812 1592421368 1851398010 2055643019 1878376217 1563517511 1869534747 1217204414 2121137635 329035516 1015312074 473293153 66650678 636998348 303230993]
[1817440309 437831808 897497232 1661557379 457108519 2125121162 923366349 2032263736 1170489116 2051236499 1280488914 2088537298 1785974686 1112972315 1512810540 491841610 963032616 1857690803]
]