[[130906862 1158627336 2005081562 395402973 1997466003 1713528014 1483332954 1131347542 22050202 1614269717 225592015 1347046654 804311836 889142482 1219784115 1537597201 534207291 2051914943]
[988806076 291237874 186726914 183185177 289222150 1927825724 615940666 2046964192 82586726 1428847161 1825301491 501981933 558286167 1873534645 1435413408 1637949632 22779622 97972057]
[614547684 134203000 1387010966 1037289349 1427617900 861690010 1823072191 1077737283 1947659878 1193764135 1571361109 972724725 2107140750 2140987132 1885135906 575138278 1018070586 205759073]
[1205444471 9435137 1178939146 1165989741 1857238202 1665367129 1877518174 367976623 453512171 453470268 403546092 1823318179 1050936747 25694091 615488775 630782158 1970186176 1967658490]
[1006740267 365760597 552784173 321218641 2068781546 1358187832 94207437 496930086 1291035640 888551383 1114634469 1746584381 1406592017 1701499736 1347692547 1694339281 81151219 1769249009]
[1009748349 2111612402 823784607 737273119 1385492841 1598460437 1084965721 1201966301 423755334 937256469 1271419145 1720094998 1734841897 1293602810 1327716670 338069360 1601439206 1942952907]
[1695562955 603840645 1371409541 1087774306 1297828566 1152580917 691610516 1830918942 642213021 1235604666 18311262 1317793512 1099603900 1315197468 947550654 836059821 365910949 1083620164]
[1895961192 392328184 35196285 1309973583 111219093 645552996 628544856 1577487971 615443340 525455282 1760951260 907184595 572346049 2070390051 115159430 1474892316 1461099463 1703523663]
[1043742627 1111666287 1083675691 419985076 1008597888 1340445512 1591063103 1250872574 783352030 1568562016 1350225835 1067514161 596821508 792664112 1522290316 2084809060 764804174 764645536]
[1657750775 887853414 2061291255 1388938810 2098487910 204448534 838437870 201427150 1551045164 776388404 2108507674 390496054 1231686134 987392918 1969742000 443516550 147046002 2061206804]
[1403194229 1856581781 1848925816 2061477695 558013308 1804116642 317940842 656671045 2138880754 1462823338 1302354384 1325697503 1708809661 825993059 720992511 1812409588 125027034 153658595]
[1701078966 740797517 1801041484 1594418138 1638878639 819693761 2125930711 1188572782 1494544302 1161181197 1049663439 1718807544 1533179987 1960572655 1118056669 1178391235 300473830 2136833460]
[493430571 1657371549 798808765 1482182835 1733454408 247605737 649322082 1514603888 1158567006 107309771 189576093 1465448137 613737207 1771299416 2058359637 1407755383 2070437052 1274824953]
[1451865547 1953873805 146450695 1749065217 1685391181 159178441 1698499077 952258767 1729783478 528135427 1035212055 508646833 716211019 618493925 2141783145 1408681991 1270634037 173559747]
[2094966066 2031463040 315418213 575277024 846971407 1276153252 1027282573 1610288224 1279785326 558505113 1129040841 522620650 1559293595 1232635487 2115790272 67996173 1239563258 546175150]
[842363828 535838979 1930713127 946914373 1678269061 44522798 149752451 882956877 498924692 1760539651 1074126379 1578832354 2001348398 2068470189 995786176 1023569359 973457120 918334194]
[1393648293 1392012975 1165873257 1711931684 752769173 1591112108 2099897364 508729162 1946275520 934472551 1778871492 856937491 624430451 357363736 412687574 1569775604 931597722 1200328979]
[1879069327 1906410716 1736823240 979465203 1818562630 405030239 1507617568 1537143170 1302915631 249004098 1390158128 1630142556 1243931343 663453529 338794663 1966437485 720543106 1883937977]
]