[[1922732523 485468011 2038483302 1464469933 1021416002 602504079 1456279586 1336172147 1061773935 1389398792 680132818 843504361 1955989335 135508431 1251648460 2093522498 1047656757 545288271]
[896939158 1060105922 1913932422 875454784 1729840886 1371016293 1164805463 1119647676 389497047 2055241892 803556154 215210945 1788035346 1064915011 904947485 515492979 1430355341 564766326]
[646340948 1442977514 420514544 205131736 1549077138 777191184 945870674 988263670 123108380 861099749 925277834 697161238 1671904055 2100271598 1212361176 1882735211 943429671 539816877]
[2764602 470929635 112993243 1520673138 1406418228 1639387490 689854323 1275570000 341717487 926912829 659975286 70541780 1208202399 1524268056 2134555126 2080423488 1209402817 1217050706]
[521209468 1018200138 1455954912 252971875 89694749 1622093318 1797183709 1881744447 1457922405 1568834492 1276363863 2132051484 2124522391 185000859 150686808 2014449007 1875461170 158155671]
[2085062583 1405551715 1193938471 1748876384 1750916182 1787777674 9189583 1827423463 1045258003 1197264158 271845593 1018748991 441317397 1510619732 976709634 2024356125 1399497045 1801916468]
[1849365030 1017801249 1823265191 1992575764 659454076 949452771 458604068 1382746648 938101632 2097560000 2029373568 210113443 1957599105 1384092012 805316300 1556520853 1743740676 1621352986]
[2107012924 374910349 331064977 1946665008 1266703810 50353853 236238229 22244411 417549389 157856384 1522300135 1856568883 2122267262 1004791366 247659150 2117539522 534447144 639884681]
[763538478 1958009091 1499648654 1743751491 1105300286 2138651365 2096797789 1199499741 1437155482 1646237605 376570971 426119785 1974530318 157792852 1926516853 317749450 719582196 1770258706]
[554955583 779186072 48921651 1211744574 1628606467 17266670 742374451 1805074370 215927781 1880109262 2075187392 153046688 730669596 1294401942 1900371744 421686121 1494261935 208211560]
[947327673 179128590 987802000 689391679 1332289858 1216241282 1965587661 117072073 908714769 1874405328 1150411229 1697018756 373203256 225998499 836364568 334579475 1234130283 1032125451]
[836640174 1476256666 858265259 475400500 2075853270 84389074 1833016271 1547614667 1551050992 918609714 1639247364 1377359822 586028104 811999381 1838886660 947671640 1224062297 917217308]
[1370430818 688228938 978639048 1196518846 830911288 961392594 489159070 489398547 231181991 632753563 1967330141 810190313 1618945415 1591266609 30056410 1584220933 430767045 206664351]
[693162458 783069927 452842918 1526766450 2037708116 767420836 83441059 960899522 1534452463 1604020943 966106986 1888157706 1331588193 2010591519 2010427270 832033329 1878752129 857954542]
[1549605729 1694600548 160163428 144080916 1107410867 1259779967 344241748 786103633 1743972584 1253003564 1344883845 533838805 1846011024 1861702356 1971542338 1697671586 1622127144 1548238888]
[100675467 1556516491 1864611549 1582864990 1052818480 1770970003 1040126438 750558743 676487142 712264990 2130801296 1363743349 1340143682 261679523 1996740680 1886790192 1277471661 6919399]
[1856524788 1989642223 503993353 2075054108 1873541951 297765044 245331996 900980117 776362676 43789629 1065912559 660197926 405842016 1663910061 1094104222 1804930525 852572977 1294842716]
[78054237 46088835 365879478 1320249495 718793735 371761645 784489697 322037486 1399182529 488985778 1638654851 595081095 71337550 127468527 478224222 1985410409 229984221 1696859695]
]