[[1063831078 1533287972 328124627 354091723 1520981244 1297029604 2550046 190896311 1340160099 1223316476 1455243884 1065433067 930781624 534977302 1250393471 816017462 1942060485 1716936282]
[652805641 1929276222 600282933 1507404445 1221787656 1133284069 1509225069 135995527 761362360 528746244 862832735 79554090 653806751 36708110 1900663984 40310932 601665761 957935814]
[284104749 1970003417 1399702568 1420254594 2101223788 64886652 119331247 802549333 243333911 1653549011 1232423371 1402510011 805230161 637521597 1894920251 1749456320 1734407342 275836938]
[887100844 1266758723 1001961923 787481405 993514182 909259593 975508699 760139341 1603980137 73160704 834855787 642987930 553114708 1777080363 210565222 660063963 1477505632 716216489]
[197020227 268973565 625084891 855456549 380957611 1497216588 896886974 1542182499 1275864910 224054280 1975001445 1470541752 1681487874 1276047516 1661739986 699710634 1043317796 1971795548]
[235782244 1382826305 105943358 104960599 523245653 1663814012 940920750 171914319 2077117694 1258406161 1558541181 1577640703 973924739 299574980 403709820 17682761 1930327846 1313920788]
[2054442508 1036235328 1888972641 1854998380 73708240 1745745897 1396102951 1992649413 502277143 919719428 1606937702 2142461093 196470707 2056284003 1097023015 1827808236 972108542 1759457795]
[464515438 342365579 120463854 418643598 457500310 1800475521 724538276 552553184 198074820 153186400 1819841371 700453162 1370895783 535151804 70205636 1876464664 1673703479 1570797843]
[710204854 1040654301 2125169730 1915905535 2037588604 1793859157 960036143 624355923 367066274 1298774540 132827960 376282238 1463063757 1400291498 636316334 1966963911 1860678418 649084144]
[352642669 851116080 1664582300 721198561 1350312927 2126477611 2100792896 1965165261 1580285890 1299466673 1946087510 1152092203 1675494482 1922890005 231966928 838408940 1587549055 847487032]
[216508094 1071818154 1916431254 1444867735 1165759118 1857430092 1458013239 1979426229 594533050 928153111 1082818336 1693517797 1193842332 1818382174 1394541001 606828971 2062327851 1361121559]
[1941787617 706970536 552896781 1627950939 482097682 672052800 1319973754 1449775030 1738768059 2056237074 1860515197 892996998 2066731494 1424665582 33660984 802286429 1019907800 1647292256]
[1098356057 344955032 1985234685 1743193823 712129292 1779498444 1344753975 1105677585 761906944 732300831 366781392 1412789244 1913426294 714487879 846927571 1545905121 2070334770 364187657]
[1452812187 724515864 587408911 842417892 390314557 668244988 1615125901 772512370 746764248 725876323 230213134 70652768 1390169182 1407453631 1924148964 1208828479 1777382177 50242971]
[133838946 1477052758 299463007 534994925 943023284 759502838 861461914 271485744 218277692 1860496681 819322190 1895939539 56180797 480153010 1219485648 1439272592 407697129 1752659387]
[2134779315 1315177845 1550967459 2006421620 1610261837 795313947 938070132 1156636571 955172885 906766134 1295683696 1993038898 1751678004 670939080 1235727887 992189941 2104021387 1914301860]
[928326693 362041731 989070755 1730161400 816351987 1341119263 1654600787 1340330211 325844738 1692714199 1001172274 1595782024 383779160 1626179152 1347084487 201325758 1737175748 192259837]
[1566228509 1913414314 1455678803 1811349500 350483882 1698484986 2000541027 569508715 619380951 983476798 1846810463 2113795006 1587750000 1679649565 1309556731 1951057920 1978311782 27147615]
]