[[526812271 54446963 2502181596 1586327227 2431079070 994682673 3246279984 2904476672 1397623742 858291899 2125089403 2907550490 723718107 208006138 1839055539 451218403 2841436186 2658185078 546503870 2103523249 3988992783 4014973734 2681577497 1952611479 2929346854 1141143359 1555007293 3472395032 1603448663 3717826042 1724483014 2832792210 904536575]
[291862976 917590703 716199067 2092530 73744877 2806798100 1178874353 3240148762 1344038962 3073977511 133361873 3400744788 3975416755 2345662937 1040596704 790612879 689785499 2432635492 480562292 417061327 3935398881 643828492 12205566 3916342044 1204157062 594649321 4219943444 3466170227 1851114763 1352181648 4241855962 3580483476 1045755086]
[1339284165 3434386356 3534674866 1592962225 173583798 4239553739 1496147843 884321327 341151052 574189173 163704333 2137506566 1376755602 41136081 1192326507 954852014 3560673244 3952937447 3677503398 3484000612 3261420963 3811440198 2941068904 1491923058 651411425 911563398 2423051533 2480070885 3268118387 2111640364 2797582100 1973474333 1446725840]
[318801422 1822643885 741082411 1770671754 1612259544 803910208 667075400 3250903886 2993736976 3062170535 3697124218 1479849818 1364934882 1355656126 602122147 2955807244 1463768461 2173749178 999449154 2740365945 3737721830 2165053201 1022404564 1429490940 2335808835 2764964507 2507097129 3814888998 2425184693 2834027533 3968492455 3195198977 512372058]
[1679594401 3783590812 1865475130 1030951198 1731620889 2122276237 1099684385 1538541099 1226972779 972949994 1903682830 2413005665 140898064 1865635109 15111678 1700378104 2005311174 461976815 3775455236 492972828 2173851799 1852064406 3639968043 1540550613 1968076955 2423857106 2613549411 3029355611 1016766109 1235715485 73300448 171273194 2711184579]
[2864108300 3306896862 169056411 1138080677 1472612574 3356250554 953940086 2208577762 537723183 2534086319 4101487204 1044997088 2823862420 176450932 926327431 3586160801 2175319519 2083702978 2625441644 2714224229 935615257 2637072386 3986654886 752051584 3541033935 2815276870 1087385793 1818147793 2701000235 1995301388 383222421 2333648435 2295369482]
[1106768922 653893994 4126158365 2857012954 2270730701 3554492139 2404739606 912297326 1802012833 2464815978 3129666996 2162589661 2682587953 3008125776 2845964969 3168814970 3178843941 114828223 3052998867 3992971753 1250493255 2665874696 2267411178 3692058252 2446384002 100829763 3410361836 2770174936 3522999629 4049576603 1652378359 3585915549 2214731099]
[3132432207 3653054534 3442451981 363405913 3995939165 1139261584 1492680060 3508806946 225806259 2512865903 316413972 555300110 3111935359 1677954068 892242445 3785554472 475086072 3301581756 3183845039 620503844 3132721223 3935862636 11522336 2826038884 4060821705 2232298283 2441958125 2761333629 2640913256 4196670767 135158185 3421921944 4206402308]
[243201218 1806607526 4141423640 4273576608 2898762063 3450121832 3846114951 718153495 78642173 2643799964 1842355409 1229703017 3287430316 26648086 2805589174 2360818892 275959859 2749893485 4197440508 1182652090 2089397018 3298785828 1438722987 4221707041 2011246872 3319198250 500215901 1995149733 2428992843 3186874941 2823303057 10278765 2939996503]
[2910005625 3144606097 1048008308 3658700327 2683997013 2695940591 584803990 3721911831 2961798842 2180779415 3464248647 804482920 1001376163 3692845739 2581584212 3473595272 3932005717 1857458516 2644915802 1420356016 2269793039 4066796655 1123086469 848232466 582904337 2109376254 3196822226 2407173696 4026655853 3489578313 2287109685 4029588651 1086949426]
[3479237997 1419065230 61963850 1979596098 2922902669 418543354 3212084772 1276241537 2723717640 1524162015 2336619089 2215818283 3819788829 1309983985 3993227468 956819772 10746139 78045805 2547142893 4182703032 884387806 3156440370 1654335973 671263851 2073115573 2387394312 1899006708 4246891880 87171079 3105964402 1870858721 1063647297 2448319637]
[190280075 2807295733 1740174136 681671904 1926646696 3630490694 203054922 1673016193 1089822625 2365902187 4199363351 3205225166 1357038962 2657042470 195014112 1046130783 1609053334 1275147837 4168817004 1858556071 2864396008 1416867490 179336170 530926924 2399970068 597727826 4033335215 1668436286 4246502882 444054997 1359269381 1193471569 1505625930]
[1924100966 4172737493 2934170192 3827176571 784316842 855643439 4273477424 1484735771 3741037223 2293705749 2534382153 613785181 3351977556 1079032440 2918856119 695024508 388131497 339188963 1315302619 3846677685 904676484 2218040988 2415147064 534145591 3131998785 1152587471 1905074192 1607947151 396951614 574879127 3285030506 2421811670 2943438001]
[1056270036 1238521058 3512306411 1873898527 1410018045 1305517983 2323638058 3938751226 1740895396 1273630041 3024217929 3399200980 2850107154 337414999 845831469 1746093273 2992262136 4289108154 665326894 3243652824 2628179846 1736190202 320267537 4121863714 915812670 2158862214 3893675501 1652193876 1199745276 1113563833 644171325 737503013 2285645131]
[979382657 2492862634 3921750243 814001805 1776867283 2545881258 2546616588 156437370 1410182918 1810887990 3156069649 1387371796 2300756140 2779667817 2985353745 3375661015 1106915885 2819582273 623171094 960770453 917318525 3622568825 526786904 3124685475 847505121 938584856 2247266322 3805172241 3993392282 3457771559 2837324287 1135047118 4170040270]
[2008929227 2009136012 187482239 2212338428 1868199893 3252059871 216992501 360538221 2412815365 3184347274 2301542927 339252729 242952795 1003935278 3265777672 376269967 421359075 2838690485 3756521002 1663467666 2087695105 4015497916 2801274130 1955883272 3674520898 3552011647 1490553724 3322786100 2876462985 3952585409 1817403427 1634942387 3647255846]
[1498444758 561791050 3142445319 3319470097 2481606387 1240302461 948486961 3843837681 195676633 2769748608 2253523378 73418475 1941600132 600295243 3969540224 2408348985 576393634 699666680 887174831 414133589 2980987006 2720362253 2406042067 767262638 2850635379 403502368 1472091256 1316147199 391995418 3914296806 931382228 973399816 1357095063]
[2052595793 3409483528 2669874839 2132893772 1207589652 4132533347 3998024958 2718497254 1865537663 3493458791 2927485259 2120031243 199820532 4047342491 4048970424 1231792679 1211429768 1406778212 2062019364 2553127122 3622668914 3747070313 108598428 1436730213 3532315831 1590539691 3612148826 2361869597 1466560906 1473277691 4265968264 1909371537 1414983027]
[608710321 2322856723 3582472861 3163040230 3994063245 2279022438 255856933 3297202804 1973901665 70541579 1426791108 3085526190 1590034424 2147343386 3584438566 1059153033 1437053365 2534990670 1705306243 3959380965 1570997933 2572468606 3820724103 2608217122 364010382 4121260470 4155934538 1241523815 2233642893 451869840 2674062197 2891073477 1890452443]
[1035249931 2157270788 4067170156 1884411629 768614730 2672739249 940084288 4144769704 1538902963 2972448688 3551207845 1383100370 3792336273 2815964362 2636522337 2594489618 3726796916 2865855218 2088053276 4291616507 415672701 150940834 1537134182 946933222 1690263436 657560001 216979909 298462333 1467863405 9940250 3560276637 502926342 1468776296]
[3984720557 2621229896 2944851360 2411545085 1414196310 3902871133 2167320387 1000866586 2874369869 3626951956 3897353273 1909963084 3479889130 3536063373 1566791010 2189265853 2737492178 3678639650 1877859353 1148687496 4020796221 3038762781 1478772083 3628536499 454279481 4044013762 3533160155 1467727756 3003809681 4234911525 3070607504 3107209549 2260724589]
[681028256 2956826175 1275574751 2055400233 2058849136 269649454 2240253816 3052317605 4179499669 3377847630 1217493249 4214613671 1141904495 1287639066 1652862811 1012084361 1256824822 72769033 3698284607 2879552410 4027472326 3251266020 3518898791 2725948086 112165006 1600386515 1366650795 4057028739 2798738756 2419316836 3492360285 3094680931 1910160174]
[3070260300 3453589599 2381157691 1448584571 1966479241 81152142 2542676937 2679045948 528198500 3505966071 1937362252 1992330489 2671760971 1350409226 1330944259 3060279991 4106288676 469649302 3304139724 4124077588 3714153188 2714262459 1094971162 2824977031 1292036778 1520035051 568844934 1991204532 22940174 2167320755 4153350916 2563008537 1657360836]
[2534275015 2772564516 2441081540 3827421220 3980587832 3383542715 2315877433 2796525287 2542708761 986200588 117956866 883547771 2698416837 1130079718 690690209 894922277 2925874310 1621133004 1980328739 76458556 1565049175 911437826 1660465507 889294870 2886386864 3416600551 516703836 2980935217 1510785806 2804177595 217942613 1427047895 1746122179]
[3832300058 2111597175 3261932502 291232709 2471525998 1380639642 3872882170 3306124000 984004342 556201502 3650166014 1181406226 256312966 3569875270 331196224 933723380 1557301760 482697586 2371628697 1704410477 3049649620 157672088 6780939 3614081731 3785932401 1995844263 764651131 1829296313 3725856047 38722340 3436322885 2415263275 2977683457]
[3195358891 1208989539 698176229 1877450550 4229496758 2387191878 3167632117 3869841180 1092341761 3312866570 1772576247 1814455946 1040453811 959634117 798792332 503704346 4226360470 251963372 3628284363 3304992818 1425596145 3601294358 2993317382 702162005 363242876 607398550 1684594420 3429473037 254140396 3823654419 1153713753 787576729 4208996698]
[3427617792 465908677 1073194003 4162644515 2235138141 2272398150 3814522491 3814790386 3808300283 1279826503 3521496721 2946228180 1905314792 1943722412 275321330 187004155 2093315343 78992352 3631670230 3577962173 4080565366 1185876849 1163290620 3612420619 1848346582 931448510 2536251373 317497150 1421780763 551469684 2962664642 1655709705 1035201761]
[1636798936 1590647110 2611670323 3923813263 3485300285 2622233406 302133985 3799807410 682282026 1615342213 2962110359 1657601564 227702869 2377748834 830218356 719356650 480210930 787065980 338867139 1965243602 1568917403 3190086627 2559704216 2026695233 3366625075 2267888019 1336269381 13524555 1133921958 2790875225 2105664982 2287329018 138081160]
[3684561933 3746882873 2596650707 674379822 2972057129 3743272603 999594010 2669717981 1358714882 369037124 2916112777 3652432922 126419786 2927448813 2855171537 2065524142 918047370 1387150384 3901763812 3643934245 3813752522 3424926457 3758293122 1668113394 3142277727 3569670574 3171959356 3544554515 3780364043 4261042594 684825251 435924575 224890097]
[1523664555 2582446361 918092216 666111791 2184129242 2343000557 2449675443 2616446526 698062711 1141109258 435984512 926917993 434668584 1671238424 193662693 2216172697 2770252923 2267509073 4079565469 793315809 2667590446 1824544701 2604301858 2417717136 2338435449 1268672638 2522863226 16243469 2360341184 2357624171 2125046920 415674069 583197134]
[2097566013 1476492639 356564377 1689451388 2809438545 3527569209 3273959946 1742883756 3385164619 4224996729 3324686833 1754803439 1109859383 2645860632 577419995 1569423774 3567048815 2344438620 3250437217 1257709685 4039221322 3791167179 1614439345 3615358049 2269508742 781006342 199875654 3815642640 1048206250 3406647175 478165868 2183909177 4290205922]
[3931165838 3465957939 9947316 2012630264 3727754911 1223325363 1327517261 1812870249 1802036889 1454305906 1699160205 4204386289 1239923537 1978657126 76452339 3620252729 3567411304 1481283008 3643532669 3935164014 1881541510 2391997728 1663750865 3004605276 3996262308 1372303884 2209872555 121283435 609705348 1916809765 1694076765 3357247652 902138584]
[2883257213 2874983520 1608153561 1993202742 2057781829 2119511540 3017141049 2937477278 3855768522 1066301523 4049277051 1823298032 4195588522 495689710 3103362521 3030944449 4270951905 2748533907 3913948223 1782895190 1195157687 1155838807 2105054931 236941888 3299021642 2750598721 1207942103 823858391 2576737545 3619738896 926468894 3358805202 1232945162]
]