[[4130409518 193387889 3589627642 352878300 2631792962 1690660071 1363496114 1818992923 3121112744 512411168 2662800718 1759062564 536515331 680799430 1274119601 1988631017 2724335458 677615297 1757413876 1605549376 3014010892 1559889355 2738358627 1776527086 4126732161 4228213953 1119690619 1465158102 1668666903 1825611633 76159223 864061320 1119463096]
[2350770846 414541218 1452135076 1225422137 3976958031 47657685 3260008543 1415002788 2180365401 1140000025 3482361310 4206501000 183666281 4067970368 3908826893 225160528 732759488 2078211518 772818748 3076262721 2807656338 2523644775 3469349031 905566377 1021707741 3502283036 1793563987 3842681454 2038028955 619790302 1659827434 2811095005 3497643436]
[610449207 2223525429 3363434750 159978928 3441402999 3085983580 3836739706 2802830582 4035779886 3371838561 2766929405 533672578 636971606 1046385994 531786176 943463808 1708314696 3509502564 4274487403 1825088770 1904629843 4210131354 920365571 1125207115 932946963 3465035541 4009781321 1006777675 323807177 3418441729 1349394931 3466521867 248403716]
[3374955099 502128076 54419582 3155709289 4256152382 1695032253 1372231137 3057488151 2758512667 1023023271 2115658782 3643610135 3984232471 2482215462 3252788976 3973322583 2551897455 1181277097 1260878386 1377106933 4197731955 2382150620 4239014412 3464155593 688137896 1809931630 2338573987 783944008 675600966 1820592478 13851993 423366782 3065280985]
[2791540208 739937531 3740379328 1918427564 731415167 3427838481 3545243602 987616282 2734639413 3074570307 668445726 3587306091 3259649860 912240815 1008512800 1252236746 1151375650 3224048331 1209298006 53067821 3495099718 1618726410 4084144133 2508123718 1790532650 2366714137 2391215191 1419407665 1724898130 777288504 507456057 925047928 2222872927]
[3288328952 1934142175 3682373523 201539128 4203913155 1863870431 938682179 4057186237 2194189572 1017457209 513010156 26789098 2298441714 2542162569 2024679887 4047786865 2071757462 2125921337 1288810460 2621110602 4107360646 3612079910 320016877 56784151 2984674698 481671086 1048463535 1852831018 3606980582 2303912384 3483369521 3605440435 3185270527]
[2265546014 881454740 2209138528 3489568091 1012257907 817787238 4215146047 584149336 1039665932 3579930503 3276112999 643961360 3158042853 778840371 1420250711 3441752009 2264781672 2584207978 3049161500 2154580184 1396100868 3748841903 1447225075 3580604421 201850476 1518622347 2605145177 1053368735 1464245816 1668629084 2597487082 2393689386 2376966027]
[2237885793 1873599111 1955293745 3025653192 933945934 614972955 1184213098 1284294145 3179953319 261311528 735788035 3063596333 3771077802 2314582018 794563064 55183662 1722620244 3079026031 4139120098 2383815136 1929642995 2847940494 923185833 3585065869 2704320960 1033951878 1321800464 970678839 2777696017 998421256 2810959090 508386031 857177185]
[988471677 1115256031 3592923339 598327159 746019458 1279076195 4269626555 2265056439 2155424940 489265054 2280138114 1514050110 1371095983 3298761663 3095850901 950323299 2050242578 1803944839 489634632 1380858318 4116782300 4069364315 1308382905 925971205 2976608669 1005283207 4122604120 1695735309 791837198 1320551196 79269783 749635426 2568132615]
[563114193 1453150402 3528279092 1933204200 122790093 3185476715 3607283594 922111728 3531598385 2346889702 2602803530 2879688638 2985828786 2983246693 3699587969 3896368472 3144936580 1778535730 3885275159 2505595113 2014874721 183027962 1463777397 966277154 1892794980 189939052 560702772 383978790 2997244502 846808232 3098359528 612529350 3490877303]
[2907626655 2420579366 1104607692 92036002 412919809 2864980804 1925402294 3445588967 414173657 986017095 2360898252 1740203837 1702580429 2514783622 29866304 4106279231 103180242 729475177 3094483548 583375326 3695571906 1333389520 2770525829 776553764 2980370162 1463092063 1628247114 3447555716 2233330277 2597061866 2035903332 3212912115 3799177518]
[3386159284 3237300657 464746829 3841708678 1502060262 4115574738 856729609 1576312959 2742832710 1682779239 1731278343 2873027060 3015460633 3212277099 3167064099 401504684 3635941161 385876810 3053114949 2376056127 2725997250 3854447268 3200893472 1321337962 206784632 2503127616 759701599 3202004093 3041756644 1632815039 2444479350 2385656243 2245525220]
[3198514463 1235051493 3373879874 276632444 4108181095 1174816201 384475997 3031100996 1052820286 3562937775 1222684699 2605144990 156233994 3463788183 1434362955 3676441831 1060343512 3152139184 3529281861 4265554905 2619949390 4279241838 1382724982 2054213076 1015093149 1441641661 897259312 2036870743 3811912231 2257394687 3628100869 2712523829 3721927087]
[298224283 2938311662 2546730954 874037658 1588074355 607400084 3670100892 1422625873 2423358185 3350282023 884136767 1697021772 2496444939 468025817 2750933344 4041410665 1257825194 4248937850 748863342 4132584500 139175537 50255455 115744198 1320545165 748101843 1837792000 3448336404 4070514126 2836082905 4221975111 2307729209 1677638300 2280406435]
[1285752534 3930019107 3364663676 569804415 361068921 424492182 975446882 3227874545 821317070 4043750333 1006475931 864575906 3634496657 1265910254 566520617 1466030627 1229406840 1481515527 3940093401 1938423877 214412284 487377938 2827874107 2267943944 69453210 644893401 742618269 650837788 157176947 3911109398 2635951015 2319671873 3060448981]
[57335845 510480442 4092461204 1464676012 3694627380 1876540242 1650118742 3267874235 3145366086 4179961016 164740358 2556271221 132960746 2544692111 318952075 2793002107 2359586729 3003923204 2141166858 1846634665 3898272556 3479608810 423354193 2103394294 3767362279 805573049 1541713609 2445806857 4141918238 1688536802 3294397401 2053638039 1164042196]
[4262446479 408089260 3210956832 2321931855 1794014717 4129070408 1983069932 1966579528 2356073724 164789947 4291122887 263533741 1414877725 2091841356 3041967102 3573093751 3087026354 3691870436 1940606870 2028206334 1538438298 1047188700 3024563516 734365103 1148496142 3984704761 3576510454 2004147693 4225512275 2899767543 4185406120 1832355307 4086802091]
[3453964125 2844940971 446262981 2600244622 1014176999 714371380 2907557937 2553479351 1774767155 686348520 3930205717 3990867035 1521889251 114772921 134744714 4168237723 1435922242 580337806 850701597 675121399 3902263900 4227311219 2192060552 3896056018 419425446 89268755 3328590762 3899962641 2946569710 1891534139 886356255 3946892998 874319009]
[966666558 1119155614 388264221 751322133 1523498561 3637182959 2901751777 4232210531 2599187034 2457599968 1959654711 3937668336 485838983 4128033786 1040244300 502092599 3628692805 3524862827 3840420697 868745937 3512531794 3413932229 1301395657 820225965 3477149397 3842299550 2625495127 867721745 1452541696 1336399452 1072829741 1345635234 1704369617]
[1293149200 1120553454 3496905702 4123874265 1023525535 4150043379 3024797768 3033784914 3044829353 3538266316 1924176162 1620680754 1700867704 3898237446 933919819 3286860787 1443534326 1118136214 4279482643 1715228801 931019136 288393708 1142039858 3178275920 1995816334 2590958593 1828508549 658687421 1730167460 3786909054 690367720 361456583 566422719]
[3125017732 2912395877 2884488568 1100195367 2319884444 2866659066 414594515 2855630798 1536781598 815937692 184296405 261707525 3492632489 2452744108 3733810034 1031595847 6207110 3672144097 2569404958 765623577 3588303749 3415637937 3880344062 2562052552 1727282127 2472826456 4028021443 1910535258 3033741131 3997659448 1892351228 3790886995 3612727360]
[948783132 1772274552 675454416 3730530332 3742288040 3728723516 1280038945 433574380 4286347886 184173613 2150652285 4166916312 1984991844 3234038092 3090501962 3500800130 3938739433 3715676698 3715702587 2022826700 3399451919 2960353377 2239720216 2239470537 1465493988 928152182 1028785809 2216845159 333636404 1362022506 1049659704 1596338702 2697311561]
[1979447488 1739803740 736488948 1652965512 2102223981 2504657213 535669169 274403487 3773589239 2067622973 572743608 1647544652 352753417 2322539691 1179994157 650648637 799964549 2534167026 3942385849 80355035 2758321280 1025314591 420048346 2450748347 202353547 811379191 363354225 2863004956 1458071912 3337574316 2044484738 929889721 1161721390]
[1379482833 2935701645 565296843 2819624206 853739633 1549453879 2261394213 3459424947 1649657880 3284156194 1917621038 248535892 3700122935 2503911139 1173519485 3624556263 213549430 3941028065 2133127751 291228578 1703322258 3704028398 3954971692 2834790170 4195419418 909391550 2573082867 2218604580 4224219183 3198811344 1485294576 878634033 2033700840]
[1062371392 2784151177 2744767842 556828990 1891060563 221735904 1046952625 2575151936 534907706 3847613635 3653279645 1108762323 1410748284 2591060909 390018618 3509340690 3603947590 874895823 2777917753 602635487 3019283230 180261009 988936889 1616939413 266263633 2871727721 2464050226 3487621191 1040826112 695382152 949230642 3086503414 2057121759]
[1801739684 657896874 467229004 494047008 3208761172 358417189 3882562550 2799604377 3657601391 552860175 1192900007 1645305498 772312920 583704282 2982151932 1007321626 2312168189 1947538585 3961030780 1424213467 97457300 2270157507 2586367228 3487682048 3094375979 1907263279 3420632485 1148013531 4065808675 4089199281 780646174 217276548 3920200338]
[2847598812 3902072234 2796121405 488362319 2862305846 336406191 1905484257 3096328792 1676153959 3383955500 3843962434 590372975 3024175052 965589533 2672411314 681335536 1600842411 535566362 43178799 337222500 3471602593 3140104727 3213577794 833604053 2787356590 2588279549 880567025 2264640193 1480959435 193270385 742930222 2691766241 2399356696]
[3504601345 1338845619 959921361 1017335920 3272129610 1936283669 371040105 2374306014 1763861927 4030963030 4150047667 1225329861 1853058908 2282820791 4067185610 1997255241 316090618 2742812716 399516145 2805773150 1310018971 855893376 2236449263 3441754900 754723004 3045296122 3256483097 2493835569 1321221165 237828941 2976799688 2048056783 365588020]
[69773950 4040576685 231094205 2508445161 3821969300 620595225 1073093379 3223149712 160268672 1499381919 2687672572 2528079305 3768720579 4172951434 2499611654 1847745401 3908963306 3370488285 3981676770 1501106267 1677302568 2529138473 2509030938 4056203443 819432885 1839868123 1609370322 2225720870 395390914 2937853781 294782253 2853049123 1082171428]
[1370563975 3300582423 530284985 4228792110 2099028359 1451076107 448511534 2851204391 3724080583 579362765 2202806523 3856406429 2614826445 3891004178 3574892258 152394741 220303422 1910259673 3571015561 2282961988 310105801 3997345348 2201109543 1680313114 2972505357 1014920122 2323511416 1898707473 800986002 2417137995 3707829822 1037068335 1087699961]
[3710228865 2990864 755005503 2346112347 3054512291 3775161248 2471110073 1642392885 3628377497 1148060973 541201118 2617358004 3517712272 1802300577 3862096640 4230436796 2586880058 859168912 2610398486 2803808608 2942191485 2591836389 3359894585 287035166 2846823521 372177179 1843458395 3490473609 3810665569 2888437840 1417213399 1646422857 2223212371]
[3528175463 2882879993 3244585058 3149640009 892632719 1868442723 1604265688 1648619367 894519179 2423146773 1881080466 2778369256 3132847866 3387619654 150306109 3405739712 1965402803 1025010662 1457403454 4191993201 3198534485 877298845 2454714131 1551349244 1587969732 3489086782 3874234848 2458862779 2669841863 339600712 161176440 1496311955 1979991203]
[1391942657 2794557035 1183478769 4161219805 3238707553 3400613188 4118817153 1552281180 1687592279 182036229 374766251 779129455 2345860396 1395291377 507076982 1107630842 1739882245 1252545291 1736225647 973457862 1212038759 109412053 1450234609 511251366 3955330208 1289181873 1993875153 3661360958 3129200572 142160828 914587976 434821364 3896747408]
]