[[3401684103 1594511452 492608695 4213639215 1807544722 1846473283 1847028091 1930862415 3946539519 177042026 1783952577 118932869 1404389043 503708493 2819294231 2475322504 1016244259 3965244739 3785054577 1405058991 3157821396 2162097515 3121888685 228013779 192499098 1569909427 2588873893 2892485713 3814317002 4131389122 14677033 440246792 3590882748]
[3967304660 30914385 3433725843 1417882591 3409950886 2567336877 2763158572 3254707845 3552822091 343850460 4236331005 1277677382 211549068 1858423945 2218479664 3510618968 2728424800 341798974 2628587599 1400764118 4008276022 155258296 2089598930 271130172 102690723 1946183169 4147170679 2249629221 2012775558 4067660114 1971084386 3606375107 1099196400]
[727843343 1372462590 3952144662 3823467973 3253870397 2734874679 1036653980 3549856828 908533181 2604237161 140001315 203529611 1587455686 64019782 534355467 215608605 2221409031 879911412 111645365 1760290877 659213620 1553211646 1993989053 2935356008 2854714752 4140562056 551405224 114137015 2714653823 1080548930 1378083834 665575709 1101012775]
[3043902310 3374161655 3710477385 2403914632 3792468069 3916160052 1192461620 392036896 2656030830 2102008700 1691436941 2519523849 3257917880 2001585975 3121255707 1191612765 1578279600 1349661061 1505958060 1955637678 93707156 1810613353 1189925184 3426906400 1682024739 29872969 3373973210 3291267123 3996455695 3644152619 2271619562 3887429568 639537875]
[1498091370 3533296658 3517466832 1034030979 2458333235 1441301390 1178843269 1155672162 847848482 943556358 2170815761 4043947232 584766652 627701442 3475869462 106714031 2479878624 1928271687 19104363 3184582206 2831009054 3675020175 3212521513 596792056 2716870687 2662473667 351784135 4227235787 516623662 450734826 783556633 2212868862 2847677507]
[2067930318 2564890080 2566663134 2654368720 2255953854 4227725724 300772942 2557527617 2438554407 406826705 918917425 4179109566 717910362 3184681 1417677648 2781389032 217380576 3517368002 3345687361 3494499008 4094122538 782440739 3687557730 3903674062 2585966143 2283520438 3512895667 1250521705 3098121407 1202586511 1873611399 914263600 4214441211]
[1573842544 1867471486 1220533978 3228431662 929873947 645202972 4069274397 1084713431 2316430114 637910768 2919573973 2762463878 164270913 1995830606 3156406375 617296670 2429371954 2160137723 1973116404 2967841419 226454662 3628071803 3324558951 3889970169 1558643962 2186060256 1004549853 3147510369 2134434047 2850635171 1404418140 2602905649 4079002268]
[439728696 2604578658 1753459183 1840854788 4135969359 2729053612 2717522065 1374032181 3147353818 2415061843 4107648645 2712437537 796774374 2589497422 4244545835 3081494859 3804948781 1832731798 232789083 2753544047 722502714 2558577551 4011192188 2466877411 2575756430 1111872987 2709363529 2057583348 951315297 2446852044 466413375 1690364613 1972176943]
[1497801390 1718138131 279948978 245873629 424323876 747117148 456544551 3528249668 852507262 1735175006 1249286906 3609178059 1932699880 875105547 1114825005 242380180 3923731025 621182969 1479824730 1860251738 3274711941 877189185 2529705616 2484015471 1670749073 739064141 1259933542 3622978645 1350939448 3879748233 3176984190 1022439683 2719163296]
[3117364772 4237789364 1537537312 578746391 2370214820 3947280743 2725471618 3473414509 721651080 1087268737 1630022872 1772324956 3011913566 1037131100 719979969 3944792961 718461999 466217716 1787825190 596215295 2973957406 1235001658 874008847 1885456915 1455836286 3765235736 3144865603 274145326 512519168 2267586423 585755791 4113192144 1193875717]
[3806560305 3876506201 1255419307 1565397802 3182574360 67427064 1254538087 3837783587 3273162091 3998650171 415022110 1329484608 4125588901 627802136 818722589 345316089 2433952696 3421406663 1078808928 1560414852 2630733611 2987330246 842666132 4234192667 2023134390 3939687855 141066977 947781158 3718189938 2810032458 1708436347 3290500538 2000147174]
[3166749571 1208969562 2494124342 3780826037 448709303 3824303983 1920699820 261897579 721879144 1711021604 3244454981 3032754896 2954620422 695756071 955650035 313661742 1641034279 1739953178 3365160946 303257879 1624833228 609093633 3175409890 379757557 2691130223 1986791143 2183300539 62736670 3325029554 3688252944 1847131050 669137331 2128978758]
[2889459133 1603323963 3579175417 2026929937 10696523 301697177 509926439 3979131229 3378331210 483088154 3710505250 2454475470 318283865 3632226453 2943993179 1699929687 3279408663 3140708711 2302782975 2520785988 3986825594 3026101969 349346096 169529975 3890563669 3423426105 3521601742 2827167993 793789407 2518097563 3830253074 2072559178 14414020]
[1489249008 1420664823 1675531359 4017153347 287869348 1912649173 2198507550 3592060631 1960538832 3164320159 1909676131 3722946345 746686193 3336100842 614117664 2737634504 4127466577 273707092 1951872191 2363295067 3689707220 2501432666 405562020 2281361432 4431450 3065151680 2351178703 141207907 3852960991 1720808050 1431867511 4024941565 3629981566]
[1312432561 176659138 1915117665 3105742385 1354853592 2969373830 3897518796 783864576 965269043 4114921955 3529383520 4076860168 3588210914 3669713890 3212692711 1936203596 1743636256 2050497497 3232947142 796360637 4065481254 878251030 861269907 962284562 69465139 2117676771 3448233356 2395509685 3729498270 4252919629 2281718527 1491249929 4080324472]
[3737971009 260415485 2185533736 1550497091 2792539460 3662439167 4202388809 3421369511 4185723682 2605947804 421966197 2668190503 3113736582 2238335511 3217359730 2840610290 3966859680 1127104889 2888798794 499943725 3361741698 701881239 705579986 908592629 3360761497 3301038771 57376485 1688736993 1211657663 624939867 3347817945 1289428989 717222931]
[3415662380 137028656 1457589250 4246519999 219259818 2580045259 3395958908 3772177828 506719576 1869715201 188000509 615672487 3377119365 3320494263 380098541 2224679458 1880445595 3339567142 4077787203 1847040655 3521088057 3514846689 1949188214 3809037658 2468801427 1889746250 534604194 2620369678 3445319427 95240473 2945748934 3642362442 4186613306]
[24729678 3904902209 2907213543 3294968317 2944249704 3517535545 3808116850 3237295565 861594710 2886634858 2338533062 800158806 2348248217 196467021 4128341051 1490654727 4074914764 1366475858 258745391 2084239696 2884561866 2523116758 168232027 3614553329 56384628 410614639 1308138257 963285805 969303690 2132599250 1416029320 1595667174 2545531222]
[1472333189 2234168852 350279641 1136278869 682933706 3656765404 713612574 3544987553 1050738499 4162384840 3476027346 1953562029 1068175476 2372497421 2106797203 479014996 2892044257 2405764217 1919612913 1560607786 1005062507 214671994 1394685623 2670506693 2439248483 614518742 573315627 1107047493 506617731 2708300801 2790654555 955649694 1269482849]
[1080970152 1581834717 3195345555 3029949640 1769743634 4128017902 207527736 289596151 2017159541 3962960197 544504880 2777343140 4081729566 4097271332 3603546430 1989078485 338380643 794729778 1619591964 755107350 2137865598 3814551603 1157903279 3729159573 2270489950 3731766947 1962953587 4283615264 4216510646 2580096826 3766995564 2562574755 1988318071]
[914840030 1908237616 3541900659 2888045214 3756151581 1744303135 2506419018 1059762402 853982183 792868117 3795310595 326363364 3830541990 455131232 901612197 1403055963 825149835 3159075255 339169906 2234530408 3366746327 1739521382 4192245483 3306886150 1316425763 962980379 1141073190 1524708857 1937730935 2676800411 2234706048 3461355148 3570135505]
[1691451993 1586357674 556900557 3544587377 3282955243 3010437210 1307748553 1871357658 2455836589 2581262341 3790788247 144019130 203871519 1590288025 1045160828 3910999880 3808779939 2954502672 774681568 2596229428 1778567898 2572844655 4262990838 1288651629 2269951537 3386217553 3321696969 3417647330 1175910664 3075350814 2412135961 3741021951 1591120332]
[2186418429 1437507376 1112293812 3508590278 2956778292 921126403 2936180482 3530227978 2242113141 2166635595 223158017 988680696 529819743 1160739086 1677361822 317909521 1833158166 2290727144 1917719146 1204280397 2898559079 3444942476 3859956464 3471033216 2615349351 3421488043 1323866490 3361461715 1645048596 3693248189 2791324234 2829953624 1858070905]
[2038097321 3297401778 1273668818 3241667086 1028509285 2502596997 614736711 2431631208 1185175725 3421660095 1344799548 1810613276 1529544491 3506970381 2931160212 2807740638 961184383 2782460279 1607029524 2510959184 2585593096 2345109020 3422215153 3899888413 4067003934 113995925 3473863162 4110253497 1406322078 1637666875 1750818427 2807763414 3354939675]
[2979623080 388267217 2696941051 2227331824 2822923713 2392591052 1589675147 699896893 1662693893 1719671479 2599614091 1624488913 1718644384 1650760129 1488733921 1632699099 3185164398 1221213157 4274793603 1670804323 915005949 2732166164 1617406503 2527322971 1486838360 391874965 3333296932 109282565 1057337431 344744446 4167256382 1736057308 3252970118]
[1616054912 1456534585 4142888899 682287124 3027323275 3799989143 2136373903 407492511 2188721428 3609177561 602302066 3231793738 76045499 1464505191 1621563070 2994312616 3588677647 3417099782 2603670814 1179421156 3884719997 1486004451 3723220621 2718468925 3482183994 41566729 2180884626 3295441192 1008493949 1469974103 2549394445 2354422392 3598604690]
[22477446 4198707929 4014107771 2468578139 3659578968 2337858814 1720763921 544079084 1224575643 3037786954 2294481288 2691455306 1541346813 1646102916 1174718644 178190719 2898356715 1433522092 1106383195 497049424 3448625469 800571080 2407121150 2188416106 2402985110 2669170186 2848946633 4234080128 3747682142 3071301284 2225728671 3767636204 3187220685]
[798698097 3872914043 171438896 2447254874 1427720634 1436716187 468819418 3833408815 534899291 99353079 3189051065 1605123536 1282945745 3963702792 1636525460 3471268661 616457999 12529811 3741458019 4216193047 2357907105 2317413070 4030963429 3791380391 2204626967 1536416684 3172041931 1409046291 905511861 410480876 1099530128 3521650774 81610420]
[1738137385 504842151 3391968793 1296147968 4075720933 1079151439 1389914475 3483617595 963646091 3823213561 2946482985 131974725 1449519860 4186485462 2429136538 379612242 175867569 474494981 2295664976 4216574999 2908485534 3240271563 3990082590 1570282133 3910614138 1836472429 3221104534 3345817545 266771466 20704187 262327237 3180929094 3161748082]
[1769173239 1111141079 2810976466 3408653255 889651423 2627504868 3270859239 2805625518 158626998 1471019651 3655633436 3567548523 1904422371 1195314553 831821759 1903534831 3831205848 625649642 1554827565 3267597433 1899205826 171861151 3773357345 1212286846 2997667463 2605950020 1212088704 3768267043 556106768 532944729 1722925983 631748896 598726929]
[2659577799 1901973148 804582760 1924582343 1137741737 2852837042 401787240 1077520090 562879030 2375848901 3231098658 129834891 1077122478 3165190741 1881796405 669489290 3087085095 3113128812 3209818747 2598153289 2636491970 2812382500 3522449907 3865898870 2833954458 3055663846 3278954540 1215584304 2380298002 2986789802 2514320929 3530830925 2308551983]
[3658344866 4294875045 3084213004 222347138 524156093 433315783 1987475645 3147850649 2453844849 2199278882 562960592 1008967065 3414614764 2312643971 3464224489 683190095 2629670573 118218865 2173308042 3203431279 3261848078 1466385218 3832877243 3047323930 2428421685 1260730382 1121607802 3090450546 1542849120 412879316 1634350906 211150975 2471363150]
[243777106 3062416500 331084252 1781365611 1406126350 2923606653 2944590470 1368699905 1086395955 2252827722 434597177 4211634780 846019965 3928295498 96245140 3660825892 42189387 2413579263 216951752 3353313377 1071236225 841167207 1417008009 3486916292 2074211341 347044368 2914522290 207540088 303710773 2832679677 2033557044 106383603 858323264]
]