[[2683210517 2262492366 2682023932 2496234678 1875512366 3019067949 3085681512 4252067910 4278146774 3768397770 854425252 4100382427 2889900420 544802882 1377073462 819939859 464279974 3854478691 2243844525 3892566066 2122504125 2297088622 3861528910 1345772921 383280320 1038744956 965325318 1134558034 3118160820 2923061761 2218941028 1770985233 3535413676]
[2655202935 816668433 4278203752 460141202 3241306453 1195273424 371759753 881872980 3282678235 868542465 3134680760 3082295058 3097014421 3594997965 3404506094 132292550 3882348607 3604259682 2068080048 1902601042 2791822337 3527092687 1932552903 2796552160 215986506 3946080365 3990528344 1658380167 546025832 3797497329 2964913766 1522865338 515468567]
[366057464 170174674 384669784 1861848153 954299650 1803858957 4116839404 975817071 3099970404 2275505662 1324716041 1509376563 458285921 2355235345 4012671367 3736685734 4089686149 2897289961 3052841491 947687334 2974801554 3660810389 1279688016 2329724289 1782415524 1953373573 618469153 1406131803 1094326247 2200598897 783335844 2407185537 2874818915]
[817578901 3795258504 3062364333 2454119339 2367072924 1106321815 3127678939 3909061256 3790563577 1101689042 582867763 350027865 729112912 2413866359 2003615430 959834228 3028498806 1721797168 776610084 208244646 3178566000 2033618043 4273031477 3544466455 1751199714 1554057101 1578124310 1473850515 3446313522 3599653620 1044672594 2587472771 1007902605]
[2946420767 4010327964 172383091 1826910800 3470872249 2220488249 2436619062 1893846876 4270703565 3587627016 713479090 862286819 845490930 3998927734 2904308767 3709821047 1491248258 4258333368 3920508603 2817187633 2075269190 2942885127 4107231108 3157974552 1199815331 521249838 3341603267 3437278791 839240341 614841305 3228511732 2618355956 3375628613]
[3902935564 2406321058 2251199 1866865696 3480733245 1765489685 1480505586 2778755974 509157894 4252701192 2656408019 1131800845 3017988691 3961702507 3608357240 1474867383 2297391017 2401280591 108121489 2742595896 1277177581 178727565 1759836689 1529593152 39450623 1452629471 765823287 1995635257 1132665416 3327990347 3936288067 475766576 505110953]
[510277530 1542192096 3302462295 1893912347 3873396346 623115371 2832496213 3302434188 3277499742 3594118165 4043624714 3290191486 1520661981 199342410 958619767 1990456266 1965980621 2914986703 2229872381 2835224033 2032529031 142374069 3156581562 516179263 2140346977 1304614854 3289967080 2837030802 1449747570 1049923392 1952946911 3267912093 386727097]
[1499994352 3965114122 635100481 540203246 1766824630 1603883221 2281554927 3512724741 3977492504 903999922 1810750836 3654721179 3864910467 3201551680 1882065846 2344680715 3338150881 2966472415 1530022008 4126653893 1601288398 293863450 766832397 1984695167 3778788740 3877589099 4262795663 3085469880 3815294382 3553890889 1243997228 3196876166 3523759497]
[720645160 3966034994 638197618 193699554 2613682889 1957543896 1652088046 1654328177 2972415721 1385479603 3257585089 3969003494 2012447017 3195855758 1148519857 305797033 1597248415 2622822469 904593946 3823217766 2182155701 3534079593 3152401199 4095316055 4090858692 1478932352 3218982614 266592248 1001293103 335323339 1083431815 2741590811 576135965]
[1027332138 4233176864 1000135992 757864972 2051389378 939518379 1784895271 3246504745 1361665228 4058978365 1388245917 2530239479 2582395021 1796197401 2474918448 1250874648 80320095 1015679440 2798062506 2510696884 3129129383 3386449051 916623016 4012670354 3542451336 144519271 4277577966 551570942 1423878556 3072300621 2714692631 3320691852 4281597258]
[257287322 3152561788 2558756317 2484689904 2759848414 3669149742 2128586887 934598229 4225597707 2257252979 2767873988 3716973084 447852293 3210929077 2557031822 350862560 1517629355 2634019953 2833619482 52563397 2115037472 1166068906 184399381 66026433 2479796284 3739172446 3467001755 2442001484 694981920 3530540606 581514547 2736248812 1921293461]
[3219674748 2172291175 2720751444 2380128876 4186221400 3717157746 3525441241 3056969784 2086139232 1334905716 4198493052 3596712882 4225593721 979932650 3008812419 928533728 245613535 2328579002 3261943154 4102590348 2459763570 4254913640 901852906 3788381134 3874839446 2553819286 4741523 2071981067 4011599218 3776364425 3569300885 43829752 4203171662]
[1403454277 2984820517 3453085318 2535194686 2355123254 2376369165 513832714 3207219985 2835106190 2799222140 335806552 3376774760 3417455933 1722087591 3543459086 399982219 2218697806 1295932010 3815579121 748241635 3842841179 1511900736 2319003105 2317216726 1748085272 2752119101 3789082071 272053128 1565528263 270322419 3687009775 2682637264 1190584032]
[1461059179 3312803133 332310305 527396665 2611827083 1494481558 2007740453 986403154 3540551205 3157766743 2373865308 1047256165 1273347612 3518169242 729339896 3058475378 3447105646 1075190664 3931573830 336830048 1140681876 2830419709 847607781 1245434483 3113092654 1786138618 3713969851 1815771962 2955161888 2177496260 2556247973 18531537 2931714201]
[908542353 117216625 3872218821 3606245164 431710483 2747238700 3761199455 1435892026 1185058181 2613069499 2004478299 2486993172 2897931962 789761479 3688860586 3958292177 3503798111 2349648654 2275741349 3181507744 742722007 2524134528 4126668267 138944862 2937956126 1664914484 2167281041 3166560893 60020376 731949038 1984775949 3129144504 1102048276]
[314992841 3045876160 2738198910 3952094821 131753762 2663021203 670123948 2257005415 2567603083 981292698 447454612 2045191547 106909563 2460015969 220112494 3738686762 73389019 2600183227 3371747524 1410796392 1562654951 1957014050 3674986976 2444174069 1705000727 1132517635 4103800818 146161705 425363088 1705758953 240742235 2455586176 2096235187]
[1724424801 2726729287 3950744077 2487951665 719239636 4119275589 1650739284 2037419014 4132528410 1033947619 2789720689 1315738037 3796412363 1786618274 2199033114 3685490102 1441668443 4006112654 1181396431 1488675051 1408727679 552086489 826579056 1350919574 1910406537 795276330 583217968 3845731883 3402613834 1711020086 760708350 3747070844 1004338643]
[2203490310 2423687757 1436554506 1329466069 4267672793 3233716143 569795649 3615979827 1232853197 3350795630 1981899331 4164736705 529276017 370740181 209558702 188478552 2816706902 763075120 1402466716 3938450778 2545534969 3432536374 410918463 3834604955 1187147389 1806228898 1629246501 2856096158 1960696838 712390517 955126884 3674047708 1101322780]
[639168729 2756345587 3482640870 1781701510 334242203 2537958151 971803442 3478176943 1576022619 2461185943 4195478872 385247615 2561498849 584950531 4105420447 3245878531 1433337724 2977528976 224835883 2076353460 1004744181 842518190 754348470 1869384370 3588714453 2043456803 2349100103 1526739579 32809824 4095636835 3882552405 339775817 3108089372]
[4079395632 4101417381 3606966889 315033324 3114965305 4146138836 3205770217 2769823509 3220605300 3123259759 1799847774 1522526402 882636798 3047555108 2968017467 2044189707 2728231231 4198658144 1132673954 162027347 3212470275 4076427318 3625254039 308174769 821562477 3796888473 3879274464 2005891621 26524761 1165294207 1845681453 2762527714 1465792516]
[3707867393 1007424815 4062701175 682762908 441462958 84725150 3583524760 4141205722 220098389 3562146297 146550845 867400624 510532879 319645156 1086175250 4102476063 3873502162 2412739886 3538247455 2765143759 1278872615 1810545876 3042306588 1769905152 2958167616 35969690 3642249514 1861405267 2863538364 2857608253 575587008 834867614 1399246186]
[4166345958 2140792461 2068164506 1811445152 1872128636 586580440 3499046822 2223037607 1833049027 318836594 2854637419 2040667648 348573305 1146196513 2404909159 1105343881 2183744154 1708232267 3305340902 584609454 3515512150 2827668642 351236997 1128043061 1040058891 2145672456 640945802 328175870 2003503427 2552824818 3054045450 3530641466 2175934985]
[1089543257 1796612668 492114925 2259988248 581665898 10601575 990470379 3492537911 3290998932 724410515 2158888781 541871528 1474699426 1475482249 211030614 3797273830 3289597035 1713303387 2139665222 4002618135 3473708611 1496852392 3720508298 2219982756 655279895 2950510502 1048706390 1070747445 196441052 1403725055 1719205924 3128120299 3992072933]
[731968063 3175816184 4218119741 1074170483 2847235813 2544753462 732154728 3942167380 3891285742 126326831 3508224420 3057454452 399789875 1301660871 4110046962 2776230106 949952799 1833632209 1147997535 866578653 1239844849 3847665553 3831625594 1286649152 4267111232 526890111 1558394189 2452161528 2554319474 317411125 2500686574 398881479 1167785987]
[3055104851 168601765 2751558434 738955219 814301773 3878852037 1439523455 2719996434 949777584 3862060422 4281735040 209709734 3995374191 2457146767 3375615525 2992492444 3714608261 148534473 2066647411 2670489624 3374053007 2885774232 2861821065 3474766193 2092062658 3450410926 3920285272 1996109310 3349977565 1282319190 1475477938 3245873908 3547807110]
[1652892427 169307597 2955226372 219448059 778128796 362589996 1989449593 2090612681 4278929358 3446187352 2824471706 3543864643 1050853608 2137418847 3115360364 1991861110 2207961910 1212866154 3237058680 1495252849 7765959 817016165 225434237 973832490 1737455432 1043929278 2078720761 2978675372 885926431 3795392364 3796127961 4245827364 1618439954]
[2706412702 2033138493 3002879891 3904738101 4026232887 1355846011 3255042358 2700143197 3495457143 2562265466 2713264813 2671028898 2473381243 444317596 3548934218 3478337652 1085373786 795473073 166537073 4000926635 1112729996 2810981477 1012808870 3084067035 2114740620 3898139298 668354586 2080421536 740525186 3161180396 2687590693 2225089999 258779137]
[3743398091 1674500980 2408087453 1766656186 650429455 1919084139 1937092987 4164691253 2554590805 3980396678 438772404 3832401983 48285020 1561060015 512481950 1153528217 3396144567 3483652719 2724718941 3468141584 2056914508 975821825 2330105983 2390623904 1958761440 1706415935 3865498391 3091299051 4254184411 4186535220 1642482762 599828317 309535872]
[3791003595 551508489 1435835266 2333050602 3238556257 2415253911 2899861809 1743759308 2038304554 256551477 2264735457 1917651893 1371807582 1626131215 1794247144 2884342637 2664081569 83497918 4178860329 3588802368 1565566016 2316673541 593078072 2683164389 1669965441 3733606214 1707396416 1798439711 2261007964 3104222890 2713417282 4241754310 3911794758]
[1918037110 2774053930 2063018817 1137272459 1850060770 1390491924 823142717 707108477 3566522404 3491994456 3008772586 861640571 1498493512 3974335610 1950208632 413575361 4264986380 506333943 4076804870 2779265553 885652471 3082659159 1239492366 1963552907 1644391014 2870601671 3370432696 1027516796 3033097815 3406593134 1341704711 1254464436 2420234719]
[504700101 533468681 918644565 4084379405 349804687 883224763 1709370192 2901107185 1806173241 700367587 1935429271 2476755783 2331488663 745710302 2621809491 1032964234 3493768194 279339032 724877065 2257193057 760140004 3709506296 3787970399 9397937 2197150706 1168916815 1303921551 2915798438 1676675943 1526314969 2608447513 999699710 205245974]
[2332902903 4203208252 1507400456 1814247204 2185227590 3775895152 904695169 2815014298 4150266021 2029000586 3079463837 4157488829 3855070019 1842272826 2978130732 3112206073 155891004 1277092701 3283628659 4108639855 2976511180 1633496470 938659945 406529667 526922994 3913542089 2648903376 1193741188 1156784584 2949812815 1136772064 1980808648 972239164]
[1790326933 3917466182 2375100634 2900938430 1212448264 774225569 995924566 3821880751 914565497 339113146 574558570 1650989752 2905872965 1487256692 386067107 4144817698 224133067 1583029898 699994486 1056428680 4215004707 3254622352 1676696649 300234227 2693484264 1323498558 2306505876 589306030 1483675012 969298180 2642151878 2045579590 1194448221]
]