[[65737588754 62529221553 11268157724 31573915719 26666612625 1166207971 66232499009 30236105843 18311832637 32126706262 23208229533 58732840164 20654529383 56108624635 55207115262 36527798286 63844067750 9360281090 17084239799 37894054044 46061892366 50826443598 46372524010 48940560070 50755543122 11057190354 19811466306 12676646577 53494470093 49899696455 61536931055 9812094341 20550428056 35803436945 41792630942 58443740106 46692416155]
[35096267067 66297601127 23501200520 56333791529 68425227248 1018239052 68435882718 31757439252 48972712725 64616249770 68646186826 64217487005 16447888953 64861991827 43039630540 29242624149 38676856896 23227199852 55048852090 3971602644 27940554266 64427532218 49459930485 64014945741 16960784882 32251625914 57432074236 13121213420 4441503497 53696969779 8090251918 14440443344 66062730749 67570258571 55614556068 707627957 41145835771]
[49607227666 2635835864 59279008684 3843713657 29960626658 51473898247 4692862078 13727430607 31934218852 22353278012 56724388652 53839402333 33297444377 719619041 37727438737 43077230354 17909683119 16006669804 45642088307 38362285465 38609499728 26458091861 26935272246 33271090012 62359559615 25141881900 6025027505 45610019649 17317362014 19775551989 39506952020 31332950348 3282721560 34067601911 33884873089 22152840194 5526147291]
[31474322311 28729930364 7443166215 18803753986 8865395881 20058375040 64088249080 68219551982 24775508274 29966348880 63413661705 25366232566 61176813610 61276438408 13194127954 35974089983 35932439171 65949617213 58041880942 65275119567 53618774489 49871833059 53821656395 57892549828 18610048833 12153111005 47801338080 43579176627 53922420377 2032696465 30709727616 53152714544 4901078492 18375082946 23399130047 41595685385 25278190472]
[24422319832 66962479527 31699239006 44632609834 64882727874 30887835248 1725029420 50750486883 19417257114 14205434955 20157360159 17649902395 13062642684 48700437957 24669340434 16197268250 35361914199 20207630679 60489932138 2566519753 48834815157 60581375991 13234359223 17163446556 2744166683 7646165030 32007981572 206787281 12358254072 31193969574 61186384237 60233428690 59314938747 46169596516 60266060141 54710522305 57512643273]
[63021263219 49912284796 25375583612 1083718516 44379498069 12410025536 66439542527 66804265491 42344417618 64736091145 36236673997 36208972223 54895624601 20233400813 2798053843 62485490874 7498479808 5661615739 26555426967 60109542928 44476782632 52659829946 66002522255 2606752959 34372028792 28538889634 37316902648 28702379188 49982579005 52081809035 28513770961 10047726258 29773606997 25785404964 12420382865 67925602905 29359783294]
[59635164530 19082249877 46593958028 20585962955 26767314631 39975020275 52631321598 35569688318 45338619790 37214151284 17457957206 66153446599 51999557112 52047993440 64498524753 15372429578 41841760611 30737712965 23941598565 20671673669 20997208452 1444885679 21478095166 15347007507 65695352216 38794812450 25778374690 27520614094 26928701356 34719743408 19001786977 7661430804 11896761959 8462135635 16830425542 59777386537 23626853929]
[55381822349 50707877094 14938822860 52568802104 27568382178 54791407163 47009215044 4859801880 39727933161 40580133633 14672226336 55133873195 27584457627 14386121516 10327286182 21669890632 45824887878 49076148022 55309029237 62133965125 56218365243 66020791742 68018387726 47446274121 67273824798 177155681 58614636821 14144335925 16164282225 54202328117 25369516108 56108009835 35399120159 31559941860 28801790610 6184872335 40824671871]
[48695889697 15885048510 64460420809 10399085330 62019638685 63585514465 40762026811 49431503617 18457263429 60047506965 58240232282 56921978454 20524736092 52258576294 25807490091 11400055130 60068631735 41450486194 4774074315 45525636812 65927877558 60696633798 33685035540 11159831542 15304805674 10247870228 7230084239 5544795040 62731744927 51504518497 5557732463 45253378519 5217570211 33123626919 21764748310 20686584287 52326923516]
[43374910852 61868769066 12892409861 3003851467 19503751325 37598599999 42235764796 47482067516 52924000680 50708868954 17792274437 63119638167 30692010428 5203034641 38803261019 21954084423 33522105510 48776436281 64045548344 45014558146 26057536359 38917411045 2479013701 6938832421 7229465416 32003015803 42547697808 60858193617 28804295128 44212780199 16191593140 25663340018 61149531807 40091094703 68015457931 19105544710 39068417091]
[25371266318 60504895561 29231966754 4435495180 61531186417 40767087468 62499135496 5898816758 38814646576 27390898560 39541456954 42195956979 20189624662 53828665602 60081765676 7678487583 68356692406 56817340097 22300651219 68559130889 52557911907 68034705520 24259358047 38038271210 47450764911 23596764942 66074754146 65203759165 48803456528 27657352061 36910558054 42300145566 21423966568 11076280553 60379197545 56191136124 18056574107]
[22227765892 64350276539 41345207633 55519328115 4127097886 31713572884 31450697644 5167727437 65082860170 36577386909 55492336961 65170178879 62816305262 34133502635 32086249644 835891913 1829554984 13110736106 4764575124 36436273931 39344726409 59811783395 28379121020 4689608766 22090707869 33570967066 11734779616 40384090257 62938018602 54024792770 10986065886 45090055503 24607427782 4123882489 12846901587 52877009756 56427396620]
[60591204349 5443679337 60910176688 26326022334 14985927653 36570011485 59764813392 27195262975 52796097346 54945231121 26584865919 8535267347 39595757072 25498626695 15257617896 10849993700 101388913 20753682669 42141177226 1985054515 7701783897 9313112339 64552268789 15680890179 26503264989 23935628560 19027770915 64521413636 19240940315 2286599339 21117037883 38603736100 30783076662 12021687144 62064572844 17060067565 48908783263]
[46478214786 33945224026 25423793476 35865894889 24374510784 40059759042 27389538770 52991627489 13437705204 56165156234 29766890791 6022877280 21579953148 16476312392 10603894999 68108345733 47573810279 61402512573 45866931601 35591409480 8771271955 28099563124 62943942202 14380218411 67937968592 35704601493 19534537422 24722527461 39583200724 36138184473 45390814268 48280281439 6794851458 48496378806 20836172486 36904299520 19173275234]
[32331008029 60694363685 687994773 50037841042 60751668261 2792881070 2607813853 26695351525 15940998804 53671825736 24896194232 40311965041 56991250604 58631359701 60605967945 28124818650 56717804704 4293252519 9423209013 35878017886 40157691557 15258516046 33583466915 22690196716 50493417720 47355042493 32720899205 19060046605 16191801430 44805050947 19009897613 33055571040 41875213464 33438733770 61040827061 1565114823 62344433417]
[10406714392 39729632383 36458054667 13766656462 21847660831 9005525159 6529845844 42766529966 28290764357 34797928691 53615314443 25997340468 17943488064 24011031307 29543168450 2462475892 28283350209 13056794683 30525352375 7467365897 43592704953 28672983795 68218449473 7547368046 16699306845 49302603319 21629706313 66510512319 63858621745 16991983854 12435817836 40303233740 675625040 32686433822 55472453463 63897092942 41322005573]
[5257777747 7366932328 52432228763 15605746302 48620681289 22600127851 63606636099 61458050073 58302132147 59524954954 7396756314 2673947978 62478072204 48520958808 49571621124 61121918430 14028845670 47929749713 16120678725 27312350010 3067295885 15730704138 42211537173 44171825694 24073390929 33335046752 36901345617 28850561103 60795649623 54373964315 20043989698 45545544403 51620093520 21920880137 45690324403 35302621950 4795749183]
[7605220620 49975749341 63558932809 67443368979 11628916446 27383670233 29819485452 22423553298 21097209789 23990974470 3395871797 56021301276 140785712 64543480064 30137304991 23287455842 2203749466 1719012151 38377621813 50563759381 21230069467 54567391115 64882982236 49013117337 63210296569 33786540902 58159223107 63045920964 4088894192 3809803016 55695762295 15309590950 37613463943 47943032309 56852566365 19470073668 42837007580]
[35305785408 33077084656 655380192 36720179941 65795931314 51146359857 30763704107 62050478868 22368030605 43513334590 9661170405 20990795888 36323369076 47175194487 5826114257 3955178595 36310913789 5616878801 55541277071 7382646756 64393136571 20109521667 38104223287 32269408675 63005260157 46566723369 271887405 6194580993 41920738251 10494459832 27452559666 3941569841 23407145977 55251421177 25934259035 54470163892 18787070206]
[34385405098 14940665056 41940556107 27899940209 56197267903 10950750727 41697154955 52374662615 13560882669 6657774468 33760632206 45914744485 48114242330 5196911032 52726987854 42269217415 11715198827 38937466147 38737371182 55983552803 62980086142 50214967963 40695670704 5161662233 64179214421 27008026787 29426794443 65999785765 37705096876 56163205701 21389888009 7414083547 10174796197 14989344476 57937401218 47287703650 55552485118]
[15740138180 13207166212 35517726706 36383035155 31913660285 31434483638 33423747478 10971497412 5690069969 27087239441 53455645157 31416655556 31006617961 12439257977 8372851978 20617071200 40606718217 50994012931 34880792940 14607168934 11171407983 10620657312 42717120548 22966667737 19426951653 39335713967 25254309811 16162634151 63201972353 57452128366 22269089273 22993700603 57143322406 14440463110 29904393686 37329370978 25475701696]
[5878940038 37830215485 33138344832 65725928787 9513113313 55460508647 61604005101 46002058098 49951944986 61898421204 60234362707 57670032129 57860660105 39951985403 61439558095 53023566152 17335057552 19643408859 59905916663 6431212961 9578824203 55891883283 34513074502 35367656885 49445148383 30353095729 57010332909 6220842933 65272706479 57119911225 36785516991 41452265148 287291520 61327430819 53689318921 19831931657 34187238798]
[49039295395 17081500425 2603744549 21854821105 41778997277 66710218563 20810473580 50143717016 15294526502 31138282327 8899270089 41940604889 56325504775 62479844753 42958728775 56412785634 1326546915 39380838279 2748197788 9981928545 2316292376 64383367334 65504396808 5463517278 50826706265 20640137367 58559908675 38819402536 32174111828 55437071378 25743720418 24638527363 5039918025 56883683236 54092364749 59421015213 24826410372]
[38538024487 35090415496 22065781625 18794719477 25263410880 3025880613 18967771793 11123381107 52567087911 56615346772 18695964463 4061820374 56674281575 15082838623 8906344571 32234288647 66118253042 53313745233 59262176347 3526460818 37317273114 40727651872 17985426316 66709665656 64729035721 16104546836 47329470479 32405517915 34184749881 47236419151 55750164272 14496607920 17264501717 32979498779 58206280798 33362043081 35840382733]
[35557798573 62994771082 48984637412 51445491011 14041292180 3653402337 5949450043 2292048144 41813665499 29047020756 46065375411 57308598435 5872709465 5577939092 45852788687 16843339785 67778320542 68128780790 10120884759 58690302759 15670114048 31865851263 14811269924 39103474840 22333966048 13366299761 4159796955 48728975671 47446448808 27385868197 32693441609 47977508332 9543283189 5180867185 64068796807 8170319603 33750447245]
[37583631468 35195642677 63141230194 14499320162 7788310769 57790448186 28591177131 63225945915 21407852950 32407731649 35207847236 1372918161 21793506117 35209197473 67404223211 63139456517 52206479013 13718130349 56354611507 2337113944 29276515970 41448955012 16370085694 26434911606 3361566548 25557220140 68553450488 17971621244 55185656316 15949365692 1246994378 19790352252 53133968096 35905156520 45852719924 12069031507 64100167300]
[6258923031 22792221758 58521338283 52859574046 44218061126 19529877848 3569790916 63355738155 36499219370 60617118396 54220067105 25575541488 12631145398 12027020883 51339181990 36002812447 17539675654 25833036552 50997368915 45868074615 65058496176 4825813930 18773888786 7826456674 68182547402 1110865669 32141174420 4280814792 12392408112 17679841578 49535569143 126953217 14533307604 46065613487 62706033576 5092717697 44351105019]
[40336791112 237879235 29151150540 4144433724 21387063252 22198002793 32903437259 19224607552 35793775632 42249878764 53141225153 30078675512 10042215476 23708529562 25562418692 62491225551 63969615156 15538421750 11328586147 52214853860 46297523461 60108772955 44070471113 26692803124 67477057771 68067437887 47374535757 30078488368 60868454145 47051910698 15161103580 13953673740 43391892810 34895514989 39662033236 25179332506 40273163327]
[27310374770 63616026053 37872892492 16615297147 16443791522 16240570625 66452318165 12955548019 19152254185 47668464809 25469717107 13756030800 51695997446 6406812126 19232001201 39570897088 65219021122 42251538936 16244402645 62940384364 4349234084 10046960704 11053638054 13679709674 47850391304 41533992331 6058639470 29349099562 42731198458 25016760984 60161109555 16511204673 18022759527 7152131293 18006610290 26076138470 56760688130]
[27461894682 58060793901 52975448921 61424199358 7698960550 16559317046 7368516489 8115915143 16251176123 32612525146 48507027091 67753640159 36708625455 12720938350 46875843950 22611744380 44263271255 47379039530 1508758154 631456846 16902379118 9405206886 64236840464 5080753679 31460730773 68392999576 14371186673 45042497607 24568697580 54056800805 45014692920 45642793922 66401662464 32753219022 25176925050 24975754430 24961909572]
[15461850910 42577639630 57085335973 51223569082 62763495092 36336115166 40164441396 41497382942 56973991918 2358217513 42885014526 1210032285 46512544461 29917956010 27972747981 17927875468 42594404023 56029575802 11885220728 52942705768 12052651191 35374120433 44816962926 19119111580 3493246469 27429120616 10324918789 56519611334 58845796333 67880565719 60319008919 3123921453 60951682680 46659868548 59846165499 35957640225 45908813243]
[10046658385 14213755047 8306996583 62983958562 26535904803 31690760121 41735730027 1817568463 53817514023 2461632048 30726216683 54565069766 67164684695 30439338483 42561605844 6705396846 66757490863 16295402252 11289885294 34209251603 47728828701 53555239752 17400590790 64129343465 54100361309 33053329941 50385642726 12329629460 51997831760 580356326 53675461026 31700294536 53800838955 51255369459 24795515191 49505564767 19708612498]
[14127151500 43432970809 27576497295 31237403992 24787183115 37235885950 66196013910 24052480053 20086218965 6015405618 12574812056 52074867893 54052037103 20114381638 43652731455 41771052551 16289931091 62725754863 66054869881 9372686560 15922072616 24568876119 59376102057 20646139081 40566572939 50185371912 8922204547 66410516793 41528899236 47477825926 5956147829 9448362520 36658076926 36315124525 44014225978 51160788446 51172497689]
[50734619363 41558090815 5194580520 17909171920 27414085181 62053117133 11561811173 28472445821 28095929420 526288604 7802859656 52026018247 33770303625 38374685004 11890713185 51594477541 31821477217 45199797312 63061398942 63429341507 51430147535 17324752229 35392846312 64123235996 46766730915 68007317321 1330514274 15035885921 15723567468 50677819428 34539861962 41754812318 47116288559 46102774764 39212173394 48472712227 18110994156]
[46826759933 44449517743 4131367468 10618069715 65764248872 64919602402 14436735762 40413675319 50403116820 51214067002 53103502743 11980481566 21950548901 5455974689 31462992055 21970286479 38243906234 40939714607 8198921321 20755385605 33774941835 20102322625 65459744433 42516484823 58948479732 55504368224 19488560392 44868330240 15487033204 3587745904 10191478137 4917218844 43978030694 66311644802 67072496440 24718470186 870452823]
[65031942219 13685791286 58695189977 47316714917 54982233967 36303484199 65097251938 2084904262 56107973076 17500555809 6410723686 37984385527 57975695523 44582799648 35548716294 14858049209 15891695550 20780569218 42173178386 45983298695 48150548720 17614263313 62676368270 4660264451 56944021059 40805838329 41799238358 44532692711 2697415479 3954035470 46589805272 67649530565 55121431594 54645054652 52648596550 53479648420 27719948619]
[8714487166 40414989233 55174440798 48407521113 38810145447 25103123788 61965657707 20881886152 49026040375 7314392249 10288509514 52449746987 28565919594 15976553418 59926467859 15267251949 39510910025 19974310029 58867693654 47998963585 24971355143 46174620977 3680926742 39736726843 19715072184 963357110 26140442898 25991775990 36333663186 16361610880 61651070374 31925075264 50981701358 15875681235 68040097144 11297321311 23195446601]
]