============================================================
APM Result
============================================================
Matrix file       : kernel_35_95.txt
Matrix size       : 36 x 36
Prime (mod p)     : 34359738337
PM block size     : 2 (fixed)
Deviation level   : 3
Minor size tested : 5 x 5
------------------------------------------------------------
Matrix total time : 36828.9500 ms  (36.828950 s)
Minors tested     : 1253288960
Avg per minor     : 0.00002939 ms
------------------------------------------------------------
Zero Minors Found : 0
============================================================

Full matrix (36x36) mod 34359738337:
                0           1           2           3           4           5           6           7           8           9          10          11          12          13          14          15          16          17          18          19          20          21          22          23          24          25          26          27          28          29          30          31          32          33          34          35
      ----------- ----------- ----------- ----------- ----------- ----------- ----------- ----------- ----------- ----------- ----------- ----------- ----------- ----------- ----------- ----------- ----------- ----------- ----------- ----------- ----------- ----------- ----------- ----------- ----------- ----------- ----------- ----------- ----------- ----------- ----------- ----------- ----------- ----------- ----------- -----------
  0 | 29725210037 23774603957 13092781869  4793514876 24169121177 30832851797 19870858930 20178570139   753586966  9454519341 10036887506 27742073388 30100376816 18977708814  7291655581 13863915983 25167919107 31848529014 19005680381 33173917018 16321921106  7881495771  5324272824 19509757501 10095537820 10349347664  1851243059 22231039573  1245186381 21529636619 20162840246 28533025556 12818863739 24281916791 21540420783 32084871245
  1 |  7544854680   970914417 19436245411 21596244784 23481658184 33307455180 31315027083 23477438660 13998352747 12287753555 17107436967  4408629568  7353585448 25753580563 33428722017 21500238043  4681583798 14729587388 11765226153 15178747669 25063514718 30602325297 23277859856 15088003569 32992149954 34298370221 24504029761  2073376873 10321217855  3776808763  6529057851 29902076636  9452059858 26813685353 10654518603 23189163534
  2 |  7299265170  8359231948 15028602404  2868825930 15450078324  7945963620    40066007 22833530814  5929084780 26717880538 24416450141 23345436209 31037078744  1082705062  4109887620 24640179834 12217286541 26122516383  9269681954 19644403288  4657759568 20550241439 13047372080 11321678363 11420223550 17153115883  2577995666 24867535537 10325339525 16236964293 31311995668 18602332851 17577215930 19701697910 30011418271 26364434193
  3 | 30356929586  1346357811 32992698851 12212480468 10852687258  2835588457 32996000433  3552579892 32691021538  9863095887  4250316924 14013490539 27715389550 28398531018 30636240831  1360884454 30467334556 26827022627  2023742865 23029541669  3713287766  7266236284 16052347743 16862549347 26088339624 26576282875 13685078491 15258707208 27098957942  2859721241  5203924117 16179983713 10198881997  7642850967 10282391372 18458153233
  4 | 31370880334  1203394740 28079707770 33485012666 33207758478 28414129966 33572728448 28164140382 31336942963 34326189841 17594245292 24354420464 21308625375 26855042565 29794071483 18506832742 17690744729 23996690613  4417519909  9823305239 20934081816 11161050304 28243805332 31224676932 31775668866   852568017 16714686111 25279333723  9762597854 30382710153  5882995542 25613211479 17245323443  3503002503 23323327384  6511370331
  5 | 18621658366 19829153723  6197635634 20508145463  6590114590 12215433075   733039044 26864802641  5677702468  5513174556 18621410571  6654392394 33018754869  3055022739 14875251573  9440541068 20831647939  6793040730 10266323964 13618983747 25232713350  7547094186 23724985758  2798864098 11351947890 25912595898 13020219020 24305490842 33141196968 20772937452 32032263603 31171935807 20120481693 24810060559 33047824329  8485267335
  6 | 25825158412  7726869936 10133903814 27010738804 23989427167 19902512403 17105967592   875799511  4766576778 27404404496 10798924357 25577572943 13542895092 22573313469 10544497662 28878920043 16080391747 25009484166  6502924160   271017172 25232728520 11604314009 27823378443  4143399324 19121563089   321106296 25973716185 15076119134  2280289827 18819668141 15567137859 12411304863  5793823767  6555104681 17819150385  4146674053
  7 | 23051578402 32856310456  7720234437  8628343168 33778263879   588552955 32872839393 15496853732 19976406738 26027863403 32287104313  7868691713 12667307993 15587816034 10526783636 25378417578 31079131568  7177100573 23991287305 13469854481 16323259683  6592261946 24923296543 26947607611 17871112735  2855890372   554199065 18027307267  8089395437  4424802570 29819170815  6635034801 29450075629 12447046410 31834716475  3320735090
  8 |  7882858996  7005474852 27579147359 32043647734  1445922431 31898638843 25341581576 23076748054 23335248307  8413341054  4516214291 30686975920 12540412288 18579191178  3655139319 22598945995  4532651275  9841181157  3588946977 13490800161  8656795267 32272592899  3683632453 25658397063  1798982651  6528616058 12369853279  7742008632  6044062395  8762977081 18912160998  3099488827 23804396054 23833557290  9497432376  9448244847
  9 | 32418701297 19996882333 22002010985  8951590571 14983321139  9258545449 32234415443 27336933790 10048574899 14434966882 24104088776 11750876894 23272324305 15189173885  6477157528 10419842468 16288809380  2574588628  3372791532   978441840 13546106617 20800666540 33514015991 29872219274  3127285871 16125887339  8017663281 12171677488 25436491856 13226205961  2297865057  5014300229 24204022932  4186532211 30851376349 26172516729
 10 | 28627326637 24700685021  2062327842  6646552042  7157969096 31907326299 26266484006 29373296367 12345215220 14045803520 21227447601 18718146787 17724992234 26475874649 32519270040 14773155458 10290557498  7183108422 14618267810  2417174634 31996842890 18085086865 16664097164 32043198690 21869652559 15386951693 16241527488 11508659361  9012231800  3917729099 13313721111 22971472937 17823331838 10177999824  3425782014 18859958413
 11 |  8741911310  9336787846 10512056033  5757382740 12456242129 14341946931 11438189762  2880538081  8943404955 13378557523 23170780486 34057205338  5785257636 19784534750  5450074889 21335544496 13006708118 21463326963 25243645654  5431161988 24202325483 30131439357   853309789 33341204220 14234614757 32460483439 18830053750  2935393110 25279312185 25513525647 32102697608  4903285795  3618658359 16817607433 24944610379 13725764928
 12 | 27634683109 14853609626 15716607697 33529527099   346834601 30740156754 31561198900  7561976018 21927393810 24212210174 19003222537  5832724650 10585062947 10532118696  7814191481 27415161178 21266431546 29711348770 29984378853   342776973 22334252173 20966535634  4636386686  4415757917  3683055500 32851036768 29185162724 17618744003 15205895057 14417034745 18956182981 13654594310 25526986160 15575189674 19358947626 24570747711
 13 |  6240736233 15898090601 34154521254  2786863483 14458276849  2971649141 29783488262 14989780959 12705287202 21335468949   334204863 21571325253  4903486264 31824341084  2207127783  3724438508 27251347888 11298776046  5501380534 17194152168  2747474184 24455464703 10504448221 18073984039 11190586182 28481212348 33279902521 22229155581 21601412552  3086128746  9284801236 33163626841 28610174287 13248725456 33537369076 33406298954
 14 | 29612786621 23794983113 18255899623 12717245881 27572686622 14694877347  8221364190 30466694284 11669051275 21977517187 26745719411 13838010009 20330686084 11957800662 18970024838  2487110819 17075644168 32692944136 21315157179  3885574279 20261580142 14545294485  4700874232  7338665421  2760973767 18969590611 30767171213 15236548024 26857199931 17964708620  8204544530 23280508056 26450785426 31113582228 12752827161 22606121890
 15 | 12706572877 31076980708 19184935939 14510947175 18653130460 11446628135 24027911847  2247747452  5466542680 24464687911 11977790775 25177987775 24524085441 28338072810  3661530703 18630271999 26560683841  8021650258 19489585913  4229875370  7199324439 15002485210 31527972050 15768372631  9269048937  6408225623  3581117108 32366099190  9563348325  5233930977 25432644105  2843002471 14158835070 23100828633  9822710960  7284880465
 16 | 34359497222 14604126019  6923389854 31791152300 18780626673 33945640256 12226129144 28596320213 32613824965 32037909269 27656361803 33639722052 31127604105 11456878401 24066674578 17899711322  2948611169 12959611824 21195710740  6362113805 17263780223 18308366006 28622971928 29632972131  1093131911 12834680656  1941208447   784739878 29345190869 10276067343 24670808592 22409163363 16066803408  6038445627  2216068080  3979227666
 17 | 11218482198 20640246806 11869157429  3908110396 28296995811 32369663905 15726720131 30931917055 13718905978  5823394060 16029772300  1077308067 32635654702  6357146071  6420313147 18535895705 32910654294 26994059235 18019266928  3562861585  6462935308 10034609154 16570363575 29622120711 29359586200   597531072  3026193807 12555256967 18421969328  4090452844 18773708700 34002664719 13015577423 33201422609 32871359116  4547171636
 18 | 24314819900 13876000117 20375606580 12080793587 25276489899 12449185213 29444563534 28283848441  2409902106 19958391014 15879627643 20716973211  9878667914 11468372702 12199747462 27006322846 24667983832  7071273753 33406204718  6925563012 33702467010 20003376488  8278688749 27916415727 12480843841 22127216949 14934330750 32856325091 26543303322 28698726669 32565293573  7857482434 16661734540 28855885986 13902619753 26506186208
 19 | 15103636778 22585410341 14506249205  7116330855 34214550635 27879932850  8301997164  7088586149 20191980009 11511562604 30764115331 11379886507   797970159 11986885053  2357623623  6709079154 20983290418 11706866028  4505126489 16670949005 15186711971 20962811950 27574984594 29361028538 23027685751 26219936684  6627449054 29227907705 13942793142 33036366875 16939891241 18957899694 25329704139 26354423964 24393915347  2000490017
 20 | 23010259307 28046319132  7717269625 14807056813 17053506537 17937067573 18206424519 22719099693 11918018268   113765729   303831554 32488528959  4297398065  8485961230 32298973491  8591309479 33165391587 31990055809  3460308148 32598729240  9847685454  5575416831  2082654373  7043383833 24014079185  4051179142  8021389735 27688569857 13005349629 14600842392 12086612297 15853258226 29448979905  5875490509 12295210669 14450172452
 21 | 19658895761  5234204743 18193966046 28202616571 22768812113 30465695354 25154957421  3094024326  1445284261  7496908685 33967957744  2701796597 23278376557 12850698880 18350463108 15039397375  1927009382  2760931859 19274124271 30470925502 24470519904 32201116767 27334557707 25748984522 13454618883 13400660450 18700296113 11544586475  5090827556 17178204880  1500441952  5819663161  1452703225 14686004535  3141341971 12264443198
 22 | 16444440212  9723195394 25194095055 23103094053  3211567651  1318838309 18642085521 17900633174  7158643279  2101747359 22353302436 11270823414   501202681 23001283003  9053171624   114689012 17510780260 18020996114 16058787662 21687330265 25292073104 21407234600 21105364610 12478662769  8028153411 24913139577 23180849708 34301670278 16400031960  8506371571 24801085512 33828966909  3718920413  6461105135 23744553425 31776721675
 23 | 30140810673  5807305605 13116083024  8408860433 32458347528 19349098650 19106423239  8032780653  9975364262  3467756424 26400935912 34187196312  3441697565 33910091308 11368060838 26079634567 16920070135 21240538980 13035992115  4350829823  7220041839  3823451877 12721029908 30639227413 30885511231 20539863082 31813259863 24805539841 27767214043 30837940608 29317165886   962064490 23397754029 17937218412 18506748820 22895966085
 24 | 19614716623 28885496338 29787312756 31368261755  3694010981 15479419970 31919111289 23332228988  5041759804 17724751257 23198571939 23695307602  2657782945 19132922278  4926814144  8915941807  8106797381 20786210534  8993559177 15857092580  4939098579 28190995470  3382848414 27239165537 32441814586 14155300088 28005518249  7410851178 12917549962 30763041965 10783049158  7764416858  1705737490  3476388872 24478756709  4927154550
 25 | 33274692241 24158389052  1588928609 10069373943 10768888898 14347033283 19805161202 17298806504 12919029157 25916243874  4804041494  8827923208  4599615153 33133278262  6168887745 10817302712 23846292699 30259779619 26373812796   253396014 11986677839  4602416033  8130089617 22322618166 32297740572 31537353405 20241889925 18519820158 32326116461 33952426714 21559950685 19170223798  5858856087 23463703038  6860245260 15096133724
 26 | 25955323425 16328621687  3822724420  8367369693 14219593120 18147653865 15308720484 23845281189 14748444646   545560258  6649898695  4319437914 30912840579 19013270246 17663609016 16581710630 29041230824 28610039387 27136296842  3181438109 28661654595 20947614584 20176524756 10237005647 29900323611 12907539796 32211843554 19422663049 26696910021 21180263272 18613053842 12381859239 31866826620 27366453716 15628146852 32053387116
 27 | 17053275447 12231458532 26832248136  4331995337 14584958664 20778536879 11261118815  2231943002 33718393489 11670560679 26112470243  2352276260  7573583124  7178147494  4149213425 25044355680 22760581572 31406858038 14372918301 13103825599 14435127880   467035907 13153081233 31975796280 25354648392 27266899565  2511536639 14166712053  7689015460 20264973464 25041039112 24145118327 25816179622 16948349299 18223236653  9556136100
 28 | 21969465652 22093676762 26413682476 16080148810 34069716639 15378926540 28006300887 23476371902 31649480896 28938036580 19922945529  8972777735 20163514948 27017413190 22192940357 33429940196 30487855835  5387669532 20580677671 23099575468 28984799686 30408699072 20710943972 15686405824 11128730203 18899037452 26016999606  3995917220 25398161603 14219740559  5756042217 10650211338 20078921016   817385600  6103236841 15373250477
 29 | 19922507480 31069958655 32405893168 20861199298 15248462720 31209070124 24801489295 24354817626  2176523467 24103936142  6064329884  2282902695 14849315201 22924219700 30669542823  6200423198  4208361932 29273385597 28520691411 26500492148 30915750951  7049828257   425711910 34091417452   815833861  1800870814  7392033069  6402757679  5897464632 12171103432 34287499622 25790206290 17393445167  3196639154 15037804705 18974577325
 30 | 28773765166 29535726072 22916684183 10472382245  6755341218 21302349950  9469373872 20263198428 10442616118 30349551084 15974412031 13537251244 12071261488 16333414063 15130710670 25557193561  2113780603 23487375870  1965783220 15850092967 27035766260  7196759151 22044511188   868017012 31664893350  8558181574 29942691506  6902610320 28072318393 29355610052 32599216778  7735968865 10778418669 28599096944 22247915057 13943804665
 31 |  2771565361  5987334547 32900209978 13719785537 33089920524 13875922400 19359876930 24858930191 33466194899  4595809345   453505538 13739764422 19469176052 33334966791 19655887881 26656122682 15825021608  4754927802 29604464010 24397692322  1711285929 16493591058 12668166427 19210653620  8205451061 15127501265 29584671861 17276847924 24450789248 10898999331 30828858351  4586519090 21803191283 21178947963  2048459381 32317249679
 32 |  3046109574 29833008615 31781602972 18861902885 24856364632 22875819255 13683305907  7080575752 17375870978 30384858227 21787517786 24468038165 26919794297 27266490929 14165667933 16331573497 10277379610 21658114047 24390068115 23571986802 20526275324 21619896963  8450083267 31407917821 22015749454 20132184526  4772343053  1625504063  2471945132 26352655226 29423135401 21119438916 25942258818 27418422774 14356874274 25582985641
 33 | 28203791826  2462691871 27249678425  1188445454 14270435964 28962707494 27392556323 29839696534 23611280377 15811907798  4584881779 18914951156 25636262922  9248758653  2665679300 15760256451 22168130477   339859009 27668149204  7377772966  8250611399 14517402663 21888589271 15254489382   832602188 19061734431 31177589869 22451963054 29859624099 18070985591 19126444938 21772241718  4282415888 29964044284   686766212  8984663950
 34 |  4620097846 23105162516 30188588620 29982601230 14825660718 11552845654 13196189775 33190306732 10420820916   195401844  1461936341 33081618619  2250722929 12358579633 12546987374 23253427214 16899693568 12446345466  7196018715 23004664123 28726333294  2583956847 13447722337 20077312143 23755322302 12314941664 30639673409 25080069314 13962562077 19639883120 12677165413  1431190164  2133662918 28757954670 10310751016 16612843526
 35 |  8387267740 13639555067 25407392452 22323873954  2392948759 23836645444 14078447164 17653489988  7281435831  9985825603    56244620 33045075215 12880472421 13998750109  9781878403 30040405015 15926527049 27144821424  9162991465  7578851435 20875084409 14211327659 14760717910 24709661492 28222404888 14706101561 25529819237 30770085434    67473432  2281541209 29239072296 26736362215  7800056616  9218670893 18667773791 30948243028

No zero minor found at deviation level 3.
