[[93862110264 351491715831 925447037569 190139059105 75588289344 1026326395020 1068286814347 786373077069 1018207816291 1096365107936 381345357923 1019396719008 1066345759682 934775309110 932256063794 59206837394 63050533036 350823958383 305175792442 505679871161 938042439161 1087099192016 117553192510 579182105499 455001104068 480318514276 803415966889 716602705842 688438502536 305812059903 565096140824 929114498184 412628332859 996988035881 64003599286 258407752799 894322264042 918077569885 59257478992 984872526331 601570671834]
[1053343300156 818422397226 256790990872 104042507445 677362203329 365289242774 988499353683 711444164860 565939013924 73321163093 1027001720587 925767346299 431654700705 114216240977 145124297038 845482507746 307762385058 1017939189192 801501113336 364032338385 774942499929 466445119228 569864815818 798263945639 13364649423 822643771667 398368480823 83922144286 882896483009 775656759030 630003347259 442494466360 982440497757 887142679399 544971774818 258031776771 415904543539 860567487429 602457830311 596163118181 816096997113]
[1099396708552 870112068836 205989254047 808361299965 760208613692 596132616807 1015721897733 469710508992 802323969407 519071791229 1055818448548 994545727826 902586124712 395886479660 754297076927 498112892951 842570842049 290442087156 1016396408320 1038612480758 813741785616 546564270745 520615390073 109253912070 800572322552 1086785213833 544984920826 331605800456 707370489534 951841663232 892426100460 649173035752 1042830758705 812237560537 667524099193 25235236464 284022468715 961191250013 44713513712 622459949640 1037752898991]
[493637084089 529674886035 974594164557 710817705243 994300840206 617966530665 396204814930 939643612885 882412479279 761507937967 46187900473 572157966085 293200327085 117265704688 149865430300 111727558033 183515762283 236761554165 915233755056 280427848789 394412658760 1052062332826 330615177527 949857999433 952088700882 237229687754 914206322355 887917867131 386436452404 337636460631 713605890264 826875169500 934407272293 257500078811 680144607426 76250843917 902269136482 89597600568 165107350559 969814560934 444189473895]
[178894996141 1030701885260 740010053146 867207790427 540381164394 1021582347233 969965694373 48141810934 587100707727 754725037547 286863438018 67441854657 81478487895 509677897239 164056763389 982096723779 36055379432 956401866215 806869917041 84344340446 733651032345 1071385919871 239598520980 814912066593 1052231482755 741990464605 766548458982 663327744441 494902514490 590002564420 450894456892 636293429765 803678884562 450876032317 734369842813 1059959424615 483494648600 239371579678 717746414696 525030109962 288021672523]
[1085676420085 1095857938426 607136853229 238209555571 899911819818 494584344651 1080548710500 1083245522737 962341751805 439383585724 652326168124 882824157599 221779377071 292398635569 816039146645 270809607062 922702963918 1093772550403 528382592083 261706648413 966771369196 566176063799 1052663715065 375809870954 110540708883 1078782789069 93556791511 816896535872 72489210411 437872543873 412547380390 874717178724 314582528464 983036096231 158648821263 389998140641 146076507590 861081196542 698526772932 334020511729 1050851829063]
[272051768172 912778521087 783254003741 1058306201070 123145502505 915331343315 155299323547 753546431516 228265359310 309927810456 810747603604 78338064179 919804143540 638988649780 92756997441 59147244806 623756007629 1086699886105 166059324354 113479110770 949963435178 191551666111 1074154102855 1038441757711 568347221002 1059927887688 105226489148 744414104232 1032670106171 224604188095 142870127524 1073127424072 95681377714 396465216400 165989316546 917786580472 647438978551 478469424475 772904084856 69776363224 1079582627151]
[463909217144 525353869996 576120422626 326101273312 565780999999 823994113532 681797326173 3796891425 213255778647 679521842317 1017880857695 454034228624 22582431865 962294977718 1094725857661 383878545820 512393433266 926802297395 528454721197 290715670352 921565290776 276495464011 216725031621 879264298354 590928004833 224482889757 572672775387 110159801533 281793967564 901771623749 133303793898 1092680099464 459348437291 295780530844 150018086496 866246792627 784942104730 653464275834 1006503089612 956704271215 508111122805]
[761193226880 672598902957 459233358358 264784135659 272451426439 785455408094 676018975140 57199543878 403317550868 915642907458 611981523407 150706875586 217667644223 932813323368 701312991027 806916121576 542141679907 519379962837 623321341707 326983831075 499993139391 519522502415 125309437387 1024157870191 245229840128 996163947298 105422481401 330814534704 820897866859 239311454367 297685841263 907543253923 1048782500026 265563391485 814848438846 878997187796 934830433760 17107650028 1053353179483 254101559166 452838370588]
[565043133952 560771217298 408427112518 184720909524 1078111385611 858871350029 664550624827 296024076025 649637989679 242499861826 352469796014 1072440729452 934715181464 75353363356 216755816997 463952383303 845620018698 818473826116 334445214222 728064311022 1055589367676 594398175495 419366386301 780011719511 1084550928943 558896528821 1003735133860 987336518004 982464601044 965221121089 38861165928 78179691821 283935551348 465298998609 506400540409 478543492000 89997188568 405888622438 586756893390 124195423187 1020551180842]
[472781757754 343304858651 953949798493 1051147554423 526360034581 802468305712 21308828530 145633472329 274206565100 439938123092 671019440639 490926195745 914889761656 808667226339 108189188568 800342816897 251905895630 4509647413 203905917634 886464588424 791587776384 169143109738 51284246458 500924655637 101088221400 961691841402 842714610212 133759065603 498234663497 246660610913 697043608185 704860646336 529889887122 42149263983 149468931201 984539557570 470943852301 885513199111 186207735507 385413818749 28866579638]
[651464366326 283316122368 199779092143 451614408275 613140359913 1065758266113 966406926945 705831582138 146024449809 607736328020 469021509342 384240682853 742816473394 78814492854 667871511882 1069949918925 141275947969 820301234195 188876616708 790369861323 421162909124 119180138328 148543458695 625575450160 167550785333 88793029551 516471774318 104264530359 943089057587 811768248346 937327418819 284138069043 380371499004 364237736160 714633892937 875019308172 292306746236 804414273533 550085275975 953851590344 1036478221516]
[954644623615 733592356527 223341380813 94095513031 851358511238 980789252223 307946623472 1056408900464 630914115012 1002259242971 650592646532 949555202621 482326537333 337092425964 989725845927 657063150770 346202728578 568891135761 426210286718 303402396375 926932474239 338194652478 790068594608 255084952104 431617353048 256419420625 1089608646703 55597547970 1056072965956 1046276420575 122308168112 348395109092 33919451121 355027110714 987188931544 787976146616 48453013633 582009935607 993579820996 280514274806 576369995978]
[675237567915 1022138439715 229363520769 1343308544 31211183777 207672388456 285966041892 466943423804 267353776012 868189041683 796365340389 698279641789 484705326910 200082340227 110912347458 79399790971 191535888381 233547479491 994994644770 410183720320 123997089434 523357066440 230746487556 140100648768 500248066949 497881936321 331235599061 439531180914 467224206653 300902259606 303074868639 116579824993 193308429901 673680683963 696311512226 153681302974 111468992595 103185304058 469540791336 543535981452 404063174177]
[207030216092 639490054518 810818557978 384304707187 886656501815 576641902936 818429970446 352672878531 21160055638 837722050230 997246038214 1000852152873 802749800148 827280039470 780769603122 1015521605924 508362314065 746785883102 378408340146 302883279608 282558814242 758240508282 725707055077 1056052037935 45425137535 579011868085 738987492170 478784320099 109679209280 1065502851978 480535894258 493459953207 48003330785 615542341788 986775295618 237090179645 737735854510 16885556911 395827308998 463164048684 715801236758]
[728053633762 730108587678 699983619045 546227892062 380710958351 166016386756 822141801766 227824100998 333544059262 694118283604 1044913730165 226461399374 694850263848 336075679427 788918751613 274930265084 182050002486 87071236599 658342290748 491236433830 613490104694 940424118599 501875679176 90315505542 853872289794 221397647265 843772864939 433524776309 907433189420 468843271448 1001978107872 140748744651 927044530454 197822513146 930154634272 68057021357 105617270493 352468558328 860326918317 431926587957 920109041936]
[920643167251 757682499468 33697653208 48845621862 95290763639 34037761700 508708294669 985408524230 248873808855 883765004110 552215015524 840177076461 293230185323 300778822812 801373829327 624828636862 605704054848 356151780371 103311275143 5038236313 397167621891 957611730520 1097757984197 521943713878 819835666311 920093962215 704130844991 604179024898 14721371048 738515760911 681726073156 800449095099 17649922046 878204834952 104550988836 189411753613 658662858174 419467104166 337431348287 824223008134 897942277750]
[218522978375 704522705055 345086897655 673844581335 565149595668 1089241057648 112643448324 869746909490 436888634990 939646973478 321624520037 846915696534 66586952106 366477333745 690673081890 296508904512 1033652117211 1010526076393 627028441898 317170149737 39231012372 609985847975 574189181007 722572887500 89633216693 141157009861 382743598692 1076636365724 64511354233 755985510189 272555291237 720717528135 793369504584 934224038296 895032911461 817020608880 899217950560 524636209417 28330431186 218141491246 558430599386]
[705116392473 466348191869 935935842606 876787519802 665264741197 886057637893 423954646377 429122874105 697283479191 818038706236 1017890493286 634567889665 939670297537 1019379023982 760218255202 231195866953 938009412822 341552937597 951387506295 1065364670150 488309781543 632670167642 1033679776552 8090262119 982369140927 361620762028 153081726770 5017839776 505896431505 358573046940 392222078581 709761046983 531999599581 458457074312 1031503105293 743738482054 890095967043 834004352629 192768431903 560646582317 579119492267]
[821444004755 226038027110 406684156944 240932851311 693526135379 896727103841 683059861159 924570018552 571273880386 578393800534 771822432305 396379792519 980760281216 885201541913 357339172966 324137347060 246109314011 754724754154 71214067858 72645463508 541123078689 807297488455 435250409146 865860048551 935741816615 206466408078 800783474686 820048334660 52356638658 927062882187 681776745433 668867310664 178485105819 138454609345 11774757860 842463074574 323451462626 407966137050 173564985467 339264695232 480252315058]
[620956076018 1008965725591 983371981394 192764562953 953469418193 450496481071 524327012038 816610954007 594951701316 1041609536619 870128399659 617863297656 654778686992 253570276254 407967604920 725330635385 790212273204 779929574051 842424229997 320096982999 191959407733 624417440208 114850463156 1011527483506 633463169631 59904264666 620924572967 236022890405 1086602773513 352709528178 568507883608 84643599638 753118447707 598776523955 210326275401 523590207071 264477319883 725601657653 955834730623 229113243872 726465494001]
[585055827458 860546287610 578248332962 1084829747627 674122578607 1045732128242 818337404005 731062357674 709262005245 705220893474 48320332280 996053363855 994882321401 170531833061 859726293845 930995266698 957553063168 800601275653 17908841075 124477442643 117989045692 1046844571219 2200902519 422496344094 270097356078 174252336793 603732784591 729464206313 968501375455 210298186571 664831247811 248166640330 929768731388 1075620687229 211643830467 859866126682 537567670827 227333829890 441012614828 476218139309 1011012287229]
[494751879058 239245556965 590938575649 810961114146 1084783887039 668379204430 369797612685 703993035712 696627586110 911038016852 427444328248 71766933010 998003504952 701377371865 2107116176 208977933042 394439000285 1034511834945 66424355626 71508599444 81841336899 673488559634 804861916578 1068441948051 26195230713 940164120020 1082461814650 463193853170 34019268935 155861766806 394066083175 34024257288 315999677721 348970886743 549464894625 733992041060 241667870944 1029204146326 969241966575 1096967411938 784345735482]
[566010257078 78842404505 936239431230 1089515100023 1043294018088 253758318355 249377096672 276832430863 288154225057 22284928168 92783990834 432916619045 924319930450 461911245633 561169465578 653800147710 6296708081 91845267468 57533641017 641957106652 927888332730 1016798642267 173911976165 383714493250 350496315036 1055942949453 667755589353 173102279405 64366721542 152336768112 384799315274 595141800374 906142744103 810545742268 772551299112 53501885154 474394538322 753150991691 21585826956 94238654247 289761972997]
[142123802243 131464465750 947841676079 494293585616 450343674624 83418233802 1023504577556 636782276344 465091676312 872165125963 684462557277 709365035797 144076134502 141901128804 559257253064 823410797541 737142547697 579696986874 717475996569 918406491613 743991127837 566420636050 920257667648 667084382324 789926593533 478674474533 393773712298 844990616934 826193101830 415049996310 421545670317 230526450526 259396403200 887942318163 821832716333 738148439579 569036631834 616479839301 805246508201 568619159322 124475427488]
[91131702483 411052448873 933404856836 332640234873 413179577063 900856263116 910643605617 911626387617 325202982257 512598041675 923063949499 968644454265 581893398322 1013302707480 1080750976605 57574299004 975672768101 214802513895 263060609975 485044226924 340570562939 1054393533194 175376457880 185641975893 708267513419 864050127642 313416022107 494792605741 479887693327 448067475607 661800635806 971915115350 539550314751 710934501511 384796974813 444040511045 256937583383 835794623771 179307227140 836118707942 556930077665]
[179500501333 954693317839 357407869075 368213062555 20362712620 417934797138 977715169637 397062366623 208492119737 977303805840 906153922975 921269766687 408094082412 897998873031 921921342070 334416513668 419190039197 359045683742 571199114679 520115201739 9623230844 419103519465 933160045103 728791895562 302484481047 947662395863 365424784742 400847957516 352136633337 1046030352652 755458733955 750505267596 205475877374 546817268326 749091563810 651639102698 294015991409 714041446716 203503210355 34127524638 53972187897]
[1037137870147 824324263505 406780487756 714726876145 901581473044 784536345101 922956812580 438256229378 1013486086055 1077873903764 370691726524 706769552252 758012206049 854500784186 1056534141791 46678573983 731787660995 728927530322 839645794331 203052635295 134417229314 733678465065 283694299684 812469286327 1031110098379 1025283477489 408142690275 569730223143 197720873557 968879583348 930437248503 1044965646343 323876533011 629769540731 810204533661 372761713667 743372416252 251040311399 325719643259 400836101496 565389066221]
[411460427799 11449069288 851369800039 713821126560 111545548900 643235127437 520472494168 946205186404 196053002092 261992750832 718655932960 299885247847 375472098292 819000030900 790644190576 655549059660 343283908064 450536075222 379487651695 393591803384 727191532552 58247118215 1077832294399 93618668570 138117290348 710960053966 846310357900 561223843597 316645275138 863260771910 32387149151 729775861519 119062987217 1015718187886 243888812108 693046571498 358724777917 625684798533 606154396621 269873345965 811269196309]
[98824322445 196399508284 423463209216 70429049029 481480210446 634822467133 748088725092 661706456437 823706975459 20978608303 400149082933 409033982665 63194776642 153596662038 402482883039 69818360617 548932738137 151128501118 904681626840 86681845642 546459643757 931489511767 1055691050757 894547190710 917532513162 667220318027 784581015238 503130607244 854898820016 870783264677 151316343863 600807467474 552298257579 76157538678 788563376485 522610790127 367227953052 875402565026 1040443616323 861306604716 663915318348]
[479308028373 817661916064 329873108392 930619518101 629861071897 1051833153374 237118505967 36344973302 1084961361062 20769450519 525660983655 504058468793 294917326000 429160321522 687378301842 1087341029354 227528401685 260123039387 1055870559249 857409455894 271108332873 975085080029 714688418653 932128666795 883567839828 1053274914742 921663964442 437701328053 252899786923 498776651473 947673872032 771413183010 432808312233 907817693338 707829997065 102801277077 96004978513 851948879891 356997379783 420170245385 661943291065]
[218733004929 851744059430 650167263948 413983738710 315366883115 847599517354 465663023026 6907653575 891541179802 632704375329 91677795654 42191443048 308671763633 622984030223 44851639956 674369798501 93045362913 1005163734730 125172990755 807420625898 798135912699 1034834611133 654572745634 349928571424 941944955775 504498744354 521751332919 366208935059 857143051046 803797008787 942748287047 610591763108 361446701621 165110284625 1057804818325 17642984876 140827442232 139758204607 961744028414 32847063135 1057123484266]
[993751621704 405652121299 1092419764591 40450755657 797550346235 953096192979 11188354485 15918383669 991747631386 838301187053 772749447902 650893523250 507217487800 424782062154 763144734572 559537996547 407787697869 491566012359 999884942232 113099649543 459491826652 937184925784 999158743941 832044139319 713138925611 8596137224 841467676440 110212434800 1050229112799 966392635229 1010818706981 1048284804092 802045433670 396051960423 1017863030514 848155667678 831791689926 306250711975 775308597878 923901075522 484715357975]
[710894377776 213813567162 751876669387 571427256603 794923680625 452427201397 327050504715 719321908210 779978479737 990166912079 730313929602 156258664370 1041824969800 472676840883 708761513390 743733997907 166306642863 692533997227 849193087985 985911250974 1058563266730 991165573175 1072333635918 717280659557 264115471767 662590483932 219791186867 576724389625 330449901742 716305598018 780236979186 103619957117 909791166796 599605763704 550792395890 1080602662782 987391432921 663702798812 182001085275 798304657277 547418212482]
[315425134616 350898140916 146224540727 530893344511 412359833773 352261797018 676274847815 716834765721 257190140104 653830276780 590179704199 323772366600 732896975535 837392653497 132556911541 146736594425 1069216321460 606240809514 451514057290 359861694749 275591527684 224802440469 196623141498 695122531474 577768854308 171781718815 1076959345999 672210454544 915068833927 907717764565 275300845528 804121835824 53031262784 292044721204 857456105666 647948482227 243708611817 527547514809 576230919202 459357599541 260061648535]
[420751341314 494721136524 171698904158 586215896187 353141382862 622910001213 865469897317 295507981725 133243891282 753592997141 740066815968 778041487475 599478787953 577402633638 61840682816 149346496229 392128783887 255814973734 832723715088 261832065705 922434374888 357087898520 38447540039 939568036094 96795022301 654033948823 5580749531 839609319484 1028872958179 128915224423 775053616472 168981442344 805872063422 1042383569856 89001594365 7055919040 549518593288 301660174206 18929882244 184297949152 654045801111]
[11474855939 947526979412 470426847021 925549767689 575478332521 259601287235 603321999977 555408664111 913611847328 358147824755 397408012017 722763412898 220645408345 1034964968216 1078268533955 519275787507 53541787863 404489858477 67937705002 871694415533 858999114242 1061596750658 620416048416 855534075359 150755442884 879773119994 1039310393557 198365740248 538567306529 294351210973 416590195411 818232473232 11851909631 615936193801 1076261166049 426021021379 33648745521 608775187578 31387937216 525883702273 873537758615]
[754704975159 649344676845 409422079477 325460500827 957151187759 608549091238 1021094098947 248535605064 215556879961 741655271523 35943847184 538267494806 243210246941 259529583513 584610451738 912526956096 715060806685 705346755530 843161209535 128847603571 752856260896 603088350328 845708410554 541596230650 72921170399 425332177944 874320513865 227846235935 49743513926 617565930878 640842282006 380584277732 558593643237 974588485003 123196560351 577963165352 695906102036 122214466635 501715019156 371386269998 459205976566]
[380158106660 491405426365 1001886913401 1074506822164 1049727644629 919303054929 790820944065 749296164593 116554684193 208768964649 53778546353 907880337712 40956475113 575667851955 45813621029 902127237923 948237850569 704526096420 859527410004 147357591778 172469898031 302393736929 869125453209 799924862785 396507642725 350516564799 764530550037 1081846278293 15626555787 61324054111 273993104106 814663307010 20389957105 137036162396 874289121989 159752479995 645610109668 418142365343 756727121058 800135355278 5273660518]
[600461026201 793155725502 84938757361 796644109820 525779872278 686525530022 415731449179 558339058107 610235654478 742878900277 213963053333 792776778701 97940522946 214263716338 764650411448 364632097966 1013027524376 148085113372 286946293419 50825232573 35080067838 79055051603 478999055233 939917318781 801395765625 325152727182 982885717669 571936094747 876862679594 772775222101 465562091824 309635184176 1011234955268 987949647143 102328675512 1015283845658 254781697729 63165954241 556303439247 312581867639 38103307900]
[678863256811 967719223645 563157783952 908278281612 80387339642 960705253148 278064821625 759637342488 77255003939 208317280920 321508490838 640927474447 48900536457 857951425363 467998076860 386170761547 336579348462 470264876286 684383218604 953032486091 441119453500 1017869571589 284580543809 571471683218 557832260310 912530217619 182899762579 895729800436 264783291792 916699301917 912138925966 447379283950 911822908030 1018053670439 993920987024 288261446988 483044791334 410387296325 508720389232 168925364607 1057547686113]
]