============================================================
APM Result
============================================================
Matrix file       : kernel_30_56.txt
Matrix size       : 31 x 31
Prime (mod p)     : 1073680219
PM block size     : 2 (fixed)
Deviation level   : 3
Minor size tested : 5 x 5
------------------------------------------------------------
Timing
------------------------------------------------------------
Matrix total time : 33691.5239 ms  (33.691524 s)
Minors tested     : 400551480
Avg per minor     : 0.00008411 ms
------------------------------------------------------------
Zero Minors Found : 0
============================================================

Full matrix (31x31) mod 1073680219:
               0          1          2          3          4          5          6          7          8          9         10         11         12         13         14         15         16         17         18         19         20         21         22         23         24         25         26         27         28         29         30
      ---------- ---------- ---------- ---------- ---------- ---------- ---------- ---------- ---------- ---------- ---------- ---------- ---------- ---------- ---------- ---------- ---------- ---------- ---------- ---------- ---------- ---------- ---------- ---------- ---------- ---------- ---------- ---------- ---------- ---------- ----------
  0 |   70573586  935859701 1061660095  671585354 1021411947  600541876  428110012  229433998  860064615   63643066  899102966   53018440  423072227  712016656  295591569  222543404  812899153  350419394  656745170  608082381  720283343  151527380  526841866  701614692 1026142214 1023528478  765208921   66986517  823389785   88254198  404827875
  1 |  394520281  379568510  597562818  818863968  981639276  696639948  327767501  927710254  842326438 1065524216 1071696243  162522793  762405407   22704929  597682220  946035053 1060615596  720645441  732948562  628907447    3674715  113689490 1055229889 1044769019  726977432  586965556 1003022152  545623711  579844976  615476621  634171376
  2 |  950759030  592440307  305312092  341866249  637360949  786852141  411516728  674856220  112231288  603646888  326742548  351119770  668904465  599724976  985408219  273837006  795749344  100786827  703750886 1061058252  528768642   79233858  166542313  372627346 1006232982  147187570   26684068  143234387  864114818  752856877  582662881
  3 |  462607623  593200639  857781994  974645995  611552194  553577886  289842466  527789797  608577288  104317125  942998773  285402883   41736798   78042022  322530230  864093428  536253947  885846596  635052407  944908405  975652804   95934211   40806304  599725349  549597755  819080292  387302607  764155490  187765338  765901171  764543393
  4 |  288693586  396610302  167587036  651195424   86099204  184861899 1017944061  889327042  764300370 1041136215  874197201  763376602   43914162  530666881  639358676  456792700  193547523  871837646  952598629  120834056  946958803 1067464100  384073993  309201310  133601426   15860397   34894784  852073366  725339131 1007128715  914097207
  5 |  910918874  160200444  685871822  813271361  282881323  186985853  196522459  663336708  366250213  753685744   82844351  744413281   92494837  244593074  962437076  480183834  247274307  745643988  837527394  548235321  622958709  744394603   63183076  129639623  155350719  878590119  368864698  144999199  548034861  638528684  454384627
  6 |  973462344  889925658  580118443  344356956   97472189  181950250  963901405  455028849  768258163  325890583  195638012  102867020  988860706  741771300 1051129443  254546725  169621242  606416236  845140099  115168421  158356292  932388765  439025014  308458964 1016253349  437264039 1037702323  856714428  303975433  470092950  319058407
  7 |    3906521  530794735  878545870 1030559114  660504999  754660305  366402072  200394476  615951067  274392648  796740411  760271453  655489216  921890252  697033321  717002623 1064756531  419463473 1060770166 1027052378  156606898  858518475  629315269  200810958  422935853  342558958  715244333  521143253  854902691  454988705  349836120
  8 |  217777261  142390572  469771124    4873813  738137291  284694786  583706849  316112976  671158772  111708536 1065688580  845917262  371854726  357538008   41049479  315353890 1052628798  159747796 1013165453  782902624  914420876  977188122  424413758  202032767  803510169  643756860  215900491  494591674  620101598 1065604358  682630798
  9 |  166901568   83816725  658627603  437800344  802086917  107095010  917206120  306627834  532384990  387024506  649639971  954357119  714527237  741769589  284400077  259901975  626455704   31573039 1050397746   61691343  877423393  775824078  931834946 1071884246  483686440  215757966  783149725  158125496  615912397  956316496  353340279
 10 |  412538630  586510173  837966792  481363436  397019981  152373743  358123158  314807624  352292619  527195635  665815111  190541859  388119809  595592696   33045921 1058271453  273560281 1058055731  417385379  275902905  234624892  213915679  855349217  339424633   19103208  344491501   50906610  552376773  475754625  981173514  782420984
 11 |   69722539  689527785  126402245 1064116804  554480521  459944167  878103990  142151661  595869183  445080448 1018651027   96744283  121938276  173384546  106784778  291577190  175808123  426792129  431657034  119023246  111000723 1051553276  189197693  996371402 1049663113  124627885  403317313  490745590  467351498  789098676  537712087
 12 |  841160269  351421416  253519760  302187407  340204064  846804911  690168921  268914554  913555026  137684645   64605543  897097347  479988274  280456619  497874823  170449717  877525981  590377717  552977524  768351502  172503449  847663195  821240603  259930859  352547483  261496187  332443519  533275240  613482817  455847443  680469411
 13 |    2521877  669595374  788402624  160585101  358683743  839124486  922068268  635997292  513138169  287330908   88635880  320055940  525569715  711591979    3307776  769321159  617855784  920467690  821081936  574301346  666699168  152472219  815884478  475142820  495693008  421699162  255128231  981838768  657804360  380254278  654380518
 14 |  845512009  621947948  512587599  139165261  538711705  117397011  239495255  655858785   61027235   98733582  573194271  771639801 1061400135  985131091 1019352512  252341989  768109606  263553704  441720793  525244644  259786052  692831042  458285681  855808583  823625562  204487325  437727884  164976676  518343702  522202851  728461161
 15 |  997966732  600469974  486925789  874414416  926190724  520110303  511891679  713044036  964432138  518355599  954395350  725468141  892834474  560798648  660484583  587997055  114807722  776091648  163917200  483456049  392699308  790985854  419396772  931177054  584167849  564077030  443207565  649874043 1008346208   55892786  767364658
 16 |  856820344  625886764  577148091  123099059  838515109  129031219 1041949907  556566050  473249162  942183721  328255022  381587229  774077801  744098349  197681812   63225471  839690322  339868562  991970491  386245561   37110265  314504370  832646981  984016221  901903368  509801112   58268534  266654671  985412768  569038350  985915451
 17 |  869401898   97912369  773410130  398072201  517814660  970182537  714502237  188034999  633276730  931950881  967201573     603431  795722564 1049114942  155182271   11793772  546534641  856859541  132906188  393378290  269441469  910546183  877264484  542319816  124806800  301508470  930980868  343004228  246911102   54054038  926590326
 18 |  246763485  298255894  670151588  731152914  448377332 1069656242  258390101  198644334  588234183  987895967  600307193  886974515  589498263  359461222  854433712  202341093  426258181  196807275  479086764  107269731  140891749  161464045  375852364  852619700  440588782  157698681  212949599  645579479  546433562  367629803  902542777
 19 |  470828085  441971296  267182489  583482548  835116461  762776692  195103233  208772698  816190501  705868940  934826226  576753331  663495373   74079245  604704335  923614381   72552205 1017988360  846651484  392817106  168262114  296142121  434613061  613663234  410352433  469340834   92243637   15878809  383748774  544691109   94363948
 20 |  114066568  245121128  279328725  550875547  424383835  291609151   92085452  468941160  349242043  903476175  228661240  386112086  204402691  898464087  784270673 1052859262  934576443  639471101  170089086  430854582  604067230  417058129  162515464  102645256  273928899 1020835513  754470233   68709318  567653041  858542778  554155946
 21 |  339704652  910081880  228790933  272098552  184074468  516618685  806337702  177920857  683268261  798144845  395141952  152283957  276527650   39212802  849524945  608456359  456367678  176508978  909309335  722380662  593966213  308821028  290910074  232118902  791141083  489191940  994311191  531892579 1045353767  704931628  624779514
 22 | 1046295939  229092229  418515859  121687381 1019586886  421628741   38527994  368558779 1068178870  274916226  131330203  914903800   38398320 1012944205  748946530  203028534   99160470   39171159   99872270  208357428  578770923  417317679  460989703  492967388   72723830  907447428  860449057  289864672  108426926  769509805  816200735
 23 |  777902270  978841767  730419627  421824152  658263440  375226391  325362960  211023067  530032681 1015619043   18767258   20585619  560041911  319628217  282585055  191524729  819553388  117485428  495872403  111195740  683683387   80727237  304703647   52278111  949307377  493448581   14596730  149549132   97669704  959382558  943917731
 24 |  766638849  254341816  874822326  319553490  127608580  822132433  558819790  594794643  333926184   20405266  342763541  801123780  980252737   79591086  539020255  281147213  283820934  808150339  648862505  717592111  649587891  488063108 1052496191  482866958  479731040  858059600  544214091  968589870  304866753  485322056  472638373
 25 |  920807884  597253935  688295411   92216346  803278716  786706316  938981853  630920237  345024153  450730705  640881858  684438856  477895738  303021309 1055751199  736783709  958234301  927020088  168405738  476903075  710789263  464492390  209740408 1042031293  497283312  675121800  195732330  371741267  953506566  117570960  959679453
 26 |  768251913  349711998  640711783  934846847 1069713187  369522850  232270113  561380153  893281075  751278733   62508983  577278859  624037826  597361197  209934866  681812504  901521544  681395474  536845881  305118465  324543924  247676341   64265698  580760786  771274571  892608791  696192837  727273071  211126341  674111243  736632933
 27 |  158804565   94584510  136031025  979755174  186594566  615985863  218737481   73094147  993805890  656129284  925221691  424922299  921901804  219788338  292319004  963158899  336748837  941056943  773960382  670906765 1001152857  693929454  222781395   99312692 1060715439  912806598  733070940  341130044  690142663 1073417243 1048952286
 28 | 1027873041  566225294  529758635  246952073 1030013268   20555792  637822107  822574619  590897427  494004519  174797987  367050649  287923455  426256491  402999796  693253350  153271071  196839186  869017907 1017593274  691309472  711910028 1011793460 1037156135   99863476  132668285  232695403  838038195  896597805  246095716   56826805
 29 |  531050570  346589855  242353675  878546864   63666847   51195118  716602833  352223403  412451335  135771017  424413555  517953883  298391260 1004658743  774739787   26859618  654756853  737312987  797856249  385284347  463760504  171423841 1016537182  164550654  168327691  644758324  827119041  315824562  583073261  364174489  571077115
 30 |  164470859  296522567  129780428  123422849   58600528  311973257  528646654   18100605 1054400524  100915160 1026347944  448786028  639672918  216952028  901553576   58158727  446548039  301946775  954572418  641688813   86657757  378970891  727531143   29938390  251960944  799249355  815912957  522595274  591739053  368903075  103970648

No zero minor found at deviation level 3.
