============================================================
APM Result
============================================================
Matrix file       : kernel_30_36.txt
Matrix size       : 31 x 31
Prime (mod p)     : 1073680219
PM block size     : 2 (fixed)
Deviation level   : 3
Minor size tested : 5 x 5
------------------------------------------------------------
Timing
------------------------------------------------------------
Matrix total time : 24604.3640 ms  (24.604364 s)
Minors tested     : 293737752
Avg per minor     : 0.00008376 ms
------------------------------------------------------------
Zero Minors Found : 1
============================================================

Full matrix (31x31) mod 1073680219:
               0          1          2          3          4          5          6          7          8          9         10         11         12         13         14         15         16         17         18         19         20         21         22         23         24         25         26         27         28         29         30
      ---------- ---------- ---------- ---------- ---------- ---------- ---------- ---------- ---------- ---------- ---------- ---------- ---------- ---------- ---------- ---------- ---------- ---------- ---------- ---------- ---------- ---------- ---------- ---------- ---------- ---------- ---------- ---------- ---------- ---------- ----------
  0 |   15883998  743378505  798490059  855317694  252405224 1020864047  971053015  750987550  780568407  172557714  613737837  729216618  400150021  754410189   43790358  527850378  109819880  903162710  141080780  659408052  723692400  614433667  576998047  768856395 1028969252  788873673  157872217  781237556    9963089  111457846  914477477
  1 |  894436164  211072035  433351368  895993544  848957915   68227261  107646331 1072153427  387276821  567099997  418078333  983153279  248702316  550841033  156800249 1034755022  719848844  779535131  999611451  447071728 1015909860  836073239  270136387  693274800  176265591  751201883  559447427   39987750  627420623  628823894 1000807192
  2 |  463092683  992222018  729200969  244912428   65397013  373974661  778275872   76195106  946757779  916597861  381123725  366569147  752758562 1065028806  161591430 1043380306  507779201  782579901  239191716 1029245080  286087697  920108465  952382918  634830057  714375168  622718119   26805285  856960095  126138763  748685576  116805846
  3 |  668420466  225215428 1068900071   27419619  824301737  254691064   36574246  312579125  988442605  357978445  388539974   39159313  185979076  596586298   57467087  817668210  224467546  330304158  178054881  699501867  963001403  135083081  851760770  231721336  939064430  877904178  633978149 1047464263  592126263 1000467242  708679234
  4 |  878847190  199380268  291608606  744292597  898127602  303821898 1044013131   41314656  190970072  576749842  530304490  385527070  615916167  681034807  141269525  679624771  938146339  739259234   50157159  877931591  114760955  520036834  492033602  835433952  624229262 1005587204  294109497  701951127   15191390  169462214   57189433
  5 |  677402148  111292867  383645820  596915254  141429261  352986235  452522171  269294586  670329176  811099029  679961178  850403970  671804848  685179449 1006042221  454296734  632532588 1041235591  658502806  492476640  975979183  179533865  612317642 1061586336  605070134  567433086  599229648  700130538  232875907  692606165  888253953
  6 |  865392627  309913511  721042440  270194794  563653550  392300383  185277082 1039113333  104656768  151433988   80052290  880042877   28990606 1050075390  238904050 1029249187  757610143  737322616   88688402  454281771  279108942  147387585  419335722  222564666   91467084  374577385 1054873171  408924029  764911042  465396622  146784382
  7 |  700324288   86941876  766695052  553029872  243490313  213654987  936504522  503446172  863601799  114038469  152925963   27744000    8393933  308002365 1046405980  809009803  699530140  713675742  529050117  955726952  322877973  474007085  970360883  155647026  457165193  748746680  833633794  905947646  374712073  797839366 1004818910
  8 |  600498868  729111459  310024207  169449585  615414504  292936254   41721704  856502934  711013032  280748884  318006311  365760639 1036525226  225274296  770815671  378703615  472718701  902327124  278022731    3325698  367813716  732454596  891523931  449292219  869340226  100436731  712287728 1055067842  157485962 1061443055  915818051
  9 |  268413332  629582296  686628859  859585000  936639317  216303693   91105385   74938543  912014113  322070374  616373960  662714045  924560012  124583792  291740013   78755748  763078635  884728437  579332795  147865921  448448615  571553512  287007788  678467725  608072672  321526144  558300614  174862716  155755842  907345827  404911739
 10 |   70457174  247214284  527084837  652934448   93811776 1058445087  600945885  145990333  213809891  125557334  486441051  963653296  511684949  130415072  724971408  632233395   71041118  540886886  464296145   65840671 1035498933  799251831  192243515  439717152   36995704  697788498  797593209  307037826  114154862  380843807  727388879
 11 |  373709554  933517796  313187477   98345853  281277449  813980554  499411732  770609265  736246936  279273365  867039864  110167924  104591725  104737824  558371747  728929959  386515343  299977648  968467136  361692107  970964568  130420395  186734498  749635158  614082666  421136544  398170701  440763477  558672976  633732187  852065682
 12 |  221017200  559415029  215477552  323178898  751919122  853435769  896611802  427267337  678670043  792700266  342680379  322553391  608480326  726398107  312858495  106138562   62828768  938725376  755063018  960546167  473331406  415920054 1054781428  923555679 1036389777  705786339  343604015  896495773  876932970  169894219  734633472
 13 |  579628226  196244925  999061225  301162912  242884825  145428245  911833388  101994715  863740358  252699751  810951811  162945097  387098966  909529920  121655835  366683733  271300279  782716123  174219335  793061584  972335408  685265077  484851678  249624008  912677854  701319595   83809313 1067332067 1024867913  116921203  313410745
 14 |  231192510  831100969  440941792  513976060   19028598  907213666  733753131   22651356  911902702   88907432   26032892  340834089  560240747  604580095  674516762  239703577  602353500  390743525  854670797  575186881  662643604  987198794   29700624  647114603  536499666   92979052  729183469  860137616  821635894  665965308  696080371
 15 |  798836366  473369816  168802366  440690185  164217958  329720061  223172287 1020209897  340036938  885342707   78343850  926445733  509995914  638957742  888567999  823977690  414892263  134569950  397192442  369955808   96656854  287186817  221125918   73902538  267909854  743699140 1061548709  287403897  378861514  117517142    4128168
 16 |  880603732  662074562  484054486  414456394   46522000  589059378  960311163  379483636  732458096   59931928  726292648  936705271  733191599  723272893  118733644  356610039   47574191 1012657743  171841601   84029263  147520600  206866703  968219614  376829862  738231374  229749091  181844139  849815028  939690675  116132101  900235641
 17 |  695088870  760313195  286370651  255401058  285593793  308009186  706002343  639793375  803152142  750595692 1005844028  853518023  881704847   59136585   54317645   14546003  786069798  268412708  555211253  589089259  329002784  250228142  989111775  249269819  866311669  723953023  818320721  939877015  133771112  468768098  995992147
 18 |  853606286  296186440  148701805  401599170 1016749958  274251283  500005736  663209516  420944195  326361986  678848302  440104016  478417137  686073280  874315845  736831050  655136263  739946779  625460545  764885972  250715852   35861259  212675543  394739973  686869854  209795311  944411662  714041389  234304355  552396415   70633380
 19 |  529610732  938171347  896222490   82806540  140597380  690460705  397998136  617015767  977745592  524991685  387104479  734356971  251067235 1015437870  859994588   25083194  345127114  933321088  515874435  872253210  201572784   50654826  893878596  292767833  793527167  247652101  720513155  544944973  477397761  688686493  415291501
 20 |  621867468  603021088   40950400  266056350  984856880  268378018  201596658  334934982   83855009  283149847  282886909  357984836  777210139  291723154  218213868  786638247  450667527  857655803  750519146  466902270  928537993  337335171  318708907  234843554  607547453  573937198  481575350  449404612  605513618   90213977  443401882
 21 |  377841249  822172647 1073372479  392876707 1054644051  163810820  609440265  716771768   66187820  184620183  629161708  405239445  913340130  534299381  784883707   42313203  570163871  190653795  409459734  830546974  408399674  821478508  565563711  405519145  781289597  113297614  474606599  203105414  930099123  708418491  585335844
 22 |  353711350  556836438  609850663 1060948612    6903535  831897921  443505270  736549672  689087719  804219356  362990001  879906157  883532210  194348312  600374931  409178236  923178779  954403206  213181656  842064189  476785495 1025746913  506765202  539047065  131365492  823768833  544759700  292821680  409931679  210867892  462405956
 23 |  185463281  425369440  267905541  789066342  940551137  514629626  743041068  274213037  413140957  230916123  423864700  870191661  507859257  576799253  603328323  671361486  938378712  868598627  797732233  868410840  975102539  660813578  548045490  544410040  122953342  734977981 1068866429  412944407  239498910  890028530   26108517
 24 |  675881573  628312263  663156684  238206237   24798182 1072913861  343653323  342111922  496610939  256698004  842674882  532044503  268173974  327670078  251025178  217822299  586461600  528929945   33630151  744714009  592003484  122058587  929795257  694174351  534866610  161520456  310301842  755266913  249410096  255679492  920483191
 25 |  462913416  804821037  125854658   69350485 1064587593  881413743  998740134  127593627  465985464  115459082  368908724  784378575  295516981  912271050  210693225  461207364  196434793  187269104  548469860  285193782  327489071  166902066  289854345  700105620  439695724  235709616  675296219  237530441   80961762  413514396  521866780
 26 |  962722155  483443618  931348191  528096186  595866872  814652852  497062542  195066744  221455633  575030585  826083997  140017698  574113758  749392325  224004199  799298689 1058435198  334842346  972237534  296626007  137462952  924284117  865265583  939825334  614433195  351871933  317653703  832070899  613245949  568981989   14601798
 27 |  993007163  609836154  297592646  439514228 1002504947  926862988  597443386  517622381 1017131115  868980132  302527686  109557020 1030588500  600360581  495143902  982536014  805022599  607630467  460852886  341920727  658498419  131260780  596194109  512267852   64569480  727520657  201695253   59624797  445701602  427667601  864230177
 28 |  394404111  201874544  884619331    5647602  180870519   21249847  205733007  988404222  715374484  608218158   88844864  971532756  459288309  489577395  595571454  602638621  257680459  475531068  456647192  384645893  212556677  595751999  500296264  350367277  743269079  637997965 1011430917  643239278  927103722    7343662  642111765
 29 |  817219777  895478918   22993171  738106152  412974143  124488056  660101477  179045867  519282651  319115828  531978822  796515437 1045244474  535378312  856662008  861335623  493701063 1067913249  565018802  774629823  958028438  104705778  933512136  113367343  160764813  133186248  125184057  811069248  326731400  607963537  506793995
 30 |  624191845  357278481  773275464  553569286  154887734   29664729  958478167  765319979  433127764  692299121  405213682  604480647  254156247  353357746  754452757  819269774   17925926  275765699 1072833845  449754820  261369096  338516350  455433429  894213715  165323967  107725599  582730157  905776838 1030711015  685980089  831283972

--- Zero Minor #1 ---
  Minor size (k)   : 5
  Deviation        : 3
  Principal block s: 21  (indices {21, 22})
  Row indices [5]  : 0 11 17 21 22
  Col indices [5]  : 10 11 20 21 22
  Time found       : 24604.3608 ms  (since matrix start)
  Minors tested    : 293737752  (tested before finding this zero)

  Principal 2x2 block (s=21, rows/cols {21,22}):
    [  821478508   565563711 ]
    [ 1025746913   506765202 ]

  Extracted 5x5 submatrix  (det mod p = 0):
                10          11          20          21*         22*
        ----------- ----------- ----------- ----------- -----------
    0  |  613737837   729216618   723692400   614433667   576998047 
   11  |  867039864   110167924   970964568   130420395   186734498 
   17  | 1005844028   853518023   329002784   250228142   989111775 
   21* |  629161708   405239445   408399674 [ 821478508][ 565563711]
   22* |  362990001   879906157   476785495 [1025746913][ 506765202]

