============================================================
APM Result
============================================================
Matrix file       : kernel_30_68.txt
Matrix size       : 31 x 31
Prime (mod p)     : 1073680219
PM block size     : 2 (fixed)
Deviation level   : 3
Minor size tested : 5 x 5
------------------------------------------------------------
Timing
------------------------------------------------------------
Matrix total time : 29774.3401 ms  (29.774340 s)
Minors tested     : 354628008
Avg per minor     : 0.00008396 ms
------------------------------------------------------------
Zero Minors Found : 1
============================================================

Full matrix (31x31) mod 1073680219:
               0          1          2          3          4          5          6          7          8          9         10         11         12         13         14         15         16         17         18         19         20         21         22         23         24         25         26         27         28         29         30
      ---------- ---------- ---------- ---------- ---------- ---------- ---------- ---------- ---------- ---------- ---------- ---------- ---------- ---------- ---------- ---------- ---------- ---------- ---------- ---------- ---------- ---------- ---------- ---------- ---------- ---------- ---------- ---------- ---------- ---------- ----------
  0 |  299558353  232478573  468309074  794150751  431353904  182529074  416566292  903261486  651473518  583689098   24705016  154997391  247957139  445000460  822385579 1058167101   41078020  847382191  187804885  773916241  445146760  850238887  451729794  341457592  986076322  599323775  808234238   18363374  369410546  945837598  476507314
  1 |  236685199  471259471  571464667  392332601  864075214  300233006  523097525  563539626  145866713 1024245977 1062661627  175871207  738174491  900678772  233959613  373428713   21333307  848957264  943965268  544951951   38471972  719704624  989746230  385755562 1001266674  854657266  985601106  254650890   66665379 1052158241   55377448
  2 |  940692775  365444082  250539509  263913166  133087869  257101698  834948233  664943578 1027329359  850195677  793361929  120382739  753925633  147472643  317992368  277298739  694993201  638799962  684442774  721834684  968877561   97895423 1058965529  498887807  222729240  770028969  485053973   87538746  845612549  723847751 1023227879
  3 |   26664268   49562892  497798226  784632896  458443764  412837884   29212392  612436339  939599323  585823302  654382678  556602177 1005745315   27951351   30194489  218035424   37254968  874114764  892602629  629473313  753270713  478039292  444688933 1014573858  946008443  506540034  173583472   87566088  155554189  363533915 1015871584
  4 |  678156875  477663366  414838540  932512490  852930133  733791482  243337892  833052823  776086905   10562433    2392721  454639470  483594546  500248641  332696496  444470931  359128655  111631211  662715841  515421914  996136005  973897647  208951397  842732586  364728838  881370105  958482567 1052836687  956588536  626137851  737378346
  5 |  663076919 1045142729 1014806490  173237442  636210488  389493061    6986756  400352047  409210844  458227006  854260248  554507225  420260179  668648284  688783407  345751498  883191606  437858714  897244628  628370461  986029463 1070203299  915320341  188513634  983295491  497706613  242316128  733537687  973230317  749438725  772181681
  6 |  444684050 1008245538  362340778  899664920  449343607  487229882  244032366  353985610  667689447  546834056   99021974  553210788  222834009  123441546  876018924   46245423  424243627  348727057  235182330  128319748  563979037  773248714  251758743  718190381   55410191  414531700  831092213  960768989  893880750  687152791  414111234
  7 |  819896416  851052554  417690061  655607423  776119421  373716794 1033149026  109521332 1020932773  530157008  129614686  951381569  257982410  886585955   54578443  186036688  669164060  692696727 1056049703  172481312  902584725  638082143  172511003  936965940   90324864  949166261  234958849  827738248   79964951  405763795  466228160
  8 |  968621424  737024476  121437787  670641939  344627139  550155311  412064225  870798663  735216652  158483625  728747309  938159325  835794656  670010958  375162544  389315248  684861389  917523716  633849044  264301887  530378884  129784769  258486625  596534021  934152128  303327189  757067166  764669381  697543850  785157434  886624639
  9 |  643253285  141287281 1005878303  997934002  113816932  263041507  231124992  962697396  265647086  330396173  161223028  658683730  671066718  807667808   39950205  996393909  128019905  359230722  727161772  851672524  430058211  808619865  454193935   62405076  277984964 1042300991  511183103  738412897  550958620  846518939  232121079
 10 |  501265604  852763881 1064733073  748371161  362797149  213571715  871841189 1042039493  981855494  590840768  219778128  843710664  210486534  142353525   58753442  964467492  920377695  884969294   89360621  279605395  412752211  687650900  862390285  509544420   38110329 1012229122  438060130  333800336   92212053  245137665  174950118
 11 |  416561421  280790619  528155964  677701442     478311  192756121  231683667  692176805  543689367  558094574  320074525   14582908  183838284   12385070 1053863083 1066094262  666001891 1063321882  151975637  602241488  605197986  280695187  551924209  917345587  502981584  367739269  223532326  146642993  918651609  258620146    4897106
 12 |  914131014   56313643  197945845     560457  741680402   63302999  866854568  349248451  903289264  688947266  884052383  884553492 1002788780  597439493  110426676  101076792 1015188498  889891192  814827331   22588422  535468834   83980005   36190184  510903162  675274761  389893540  832441782  195065286   33756647  653584287  441154216
 13 |  480249519  775009766   35005053  737752019  372780162  832439086 1056835846  601568725  583444704  378811927  353467864  977554002  168439899   87404312  925663155 1015702507  553245627   11130496  999723498  120818889  847659577 1027830973 1010071729  774043139  947381580  449247566 1000539399  289758821   47185564  672380310  140144584
 14 |  319489261 1024623290  519109780  323191822   57186109 1018543287   39593537  429508475  507455332  971339950  876583792 1015699041  435371708 1003732689  489332061 1013620915  107109576  167408492  351509647  112095405  550395257  216992100  145190179  405148894  909017667 1055491312  419993058 1066341037  565115722  574375946 1007895341
 15 |  931632923  372183529  130775513 1062334174  265151522  311055288   54678962  467233892 1029481972  363453924  702534581 1021923347  576459319  249127820  505824640  516258139 1067163363  903113256  771821444  447426262  557292959  812815091  474161599  466936623  695543641    6663363  690853446  146899725  247623649  909313718   34496586
 16 |  499332750  754682421  475501183 1034353305  500447622  747756026  913012817  403928133  541095718  429969215  738394577 1055417341  305181385  890704255   50664342   40147719 1065846661  327275993  601288311   54491367  275433314 1021846120  941138879  727264720  111040446   76228918  958004739  782802347   34314835  610617033  156316110
 17 |  963397056  970919253  951273191  558181456  510236607  716822766  233818454  419693585  969869332 1014205926  592967105  813830219  237287613   43271398     298097  719146096  303123308  272086374  577916090  129232468  246832921  905119223  296387841  997740388  531109801  509322312  204239543  223018298  328009165  210903534  473202858
 18 |    6261801  617523111  784750065  576427481  759489921  400831088  975183760  158010442  691734579  117721671  677733920  339755161  277703820  976046948 1019286067  482659757  625181759    2963255  719306309   22957404  290017081  308022267  172991708  344616289  743283187  128758553  436088817  567394850   36560866  409007136  536190506
 19 |  486506303   31534677  471518547  489859672  318832138  873567467  515315538  781872960  411064048  480164335  236520854  466604119  350256767  706943168  876067409  662688691  489870979  398612161  804234620  158854457  280357892  474138877  840759056  819628585  593328980  618390406  401267600 1036399171  144082898 1063551513 1026717977
 20 |  228838703  478151334    7679840  574481772  119368390  856143375  847422462  328566727   29398379  522755604   41404604  688674365  799875092  868456499  519707241   32224037  720506792 1007444063  824333208 1006028196  773019681  662370593  491631287  875975460  316738887  800642126  381941179  213973828  702989503  101613756  224059110
 21 |  347762782  715106381   23899129  137234614  477342433  838775034  133193314  726992534  696854031  484402370  985051720  927049950  609936917  313349992   29515743  393884562  159145604  635355601   34703602   25213215  688302642 1046731024  569823853  964977523  370983030  356175887   77102545  504233250  712816493  170084398   85734588
 22 |  673606746   95196886  854882674   39685129  107039473  506541523  692028034  384638634  154516257  824886995  608024204  457409266  111691112  700552616    3481254  729762487  817548358  889269719  393277813  828471631  881981285  139685030  916236261  326591180   94204730  491993730  604309854  112371335  852208320  965742987  110207039
 23 |  180959804  746372219  183443220  480716169   49006170  863744123  492870084  750084727 1062664354  640202668  414617892  192665367  507998604  774792622  939175878  620467022  405191901  759757410  826680074   44300470   44032403  896203916  400686477  998844603  709750370  315732885  302574876  931808433  335207239  496364797  969230157
 24 |  878512277  464499788  928516296  972864792  675338119  437855852  925268684  768218438  410963962  527154800    7210953  180165085  916869929    5773560  759040250  903113224  195908996  980303718  423835138  934951320  391995321  918016898  377261962  180550468  182013989  303257354  500365415  197441782 1041672181  878598065  621159712
 25 |  454881772  566198576  631492765  226427325 1037468082  760691187  574902416  278146034  789463028  104072312  563673214  160579400  263333892    2332573  893552098  286053553  115298178  679399784  527399782  682379055  436053078  931688444  569780743  595079012 1071141730  959838521  883848970  954435119  481319499  213136513  612097072
 26 |  791211867  450023310  814610881  989273132 1024892075   61120412  121438350  520694257  369855945  784326629  642996896 1005376908  959395830 1015762333  903269742  338312969  717481513  394595047  487161762  404683240  481217031  117219147 1041332347  222481844  856180103  839282808  372880805  150860491 1052830060  224092815  256955774
 27 | 1018941034   80313088  519751376   48920352  107309047   41701775 1023231108  861002673  440019377  817680231  660313850 1019243826  315031447  653034481  646642653  737383812  692713723  489374288  406078022  703981001 1001056914  934724912  948946670 1041620437  145759518  753104330   91632840  379589278  747405163  682287543  431695684
 28 |  515938992  609185319  704337210  173014391  270617912  209893138  228994073  296690736  215148969 1016887453  964618659  651727660  444346988   56853032  759489614  992410596  311997917  780932185   24554639  996050667  486982624  101311737   51595153  424942552  307438768  195438411  691837566   70622783  963799386  237084132  674500764
 29 |  242857436 1029677033  904415301  174474641  809188828  393118302   48130746  232260032  871114116  725389825   18015891  319280655  311432239  573355977  483755342  891913396  641155373  406417439  237496367  936328088  206120534  921040873   34916617  930676840  565610023  328035440  978635213  202867445 1008769438  766998541 1039014919
 30 |  356223707  274386875   99055324  296920861  858982503  888133210  530055907  966740493  891357213  719046277  127110809  400906825  140543296 1009981653   11894112  741095239  609401594  883778457  577449882  924678939  125121097  434453820  459070492  833798399  534235741  166355519  109199105  432406082  402307881  215669524  715291300

--- Zero Minor #1 ---
  Minor size (k)   : 5
  Deviation        : 3
  Principal block s: 26  (indices {26, 27})
  Row indices [5]  : 6 15 24 26 27
  Col indices [5]  : 4 5 10 26 27
  Time found       : 29774.3369 ms  (since matrix start)
  Minors tested    : 354628008  (tested before finding this zero)

  Principal 2x2 block (s=26, rows/cols {26,27}):
    [  372880805   150860491 ]
    [   91632840   379589278 ]

  Extracted 5x5 submatrix  (det mod p = 0):
                 4           5          10          26*         27*
        ----------- ----------- ----------- ----------- -----------
    6  |  449343607   487229882    99021974   831092213   960768989 
   15  |  265151522   311055288   702534581   690853446   146899725 
   24  |  675338119   437855852     7210953   500365415   197441782 
   26* | 1024892075    61120412   642996896 [ 372880805][ 150860491]
   27* |  107309047    41701775   660313850 [  91632840][ 379589278]

