[[397490766 186870448 410849088 227131326 419801866 436884833 479641068 390972569 219755610 378898730 3967537 334275027 137179694 459302106 12454284 332051455 8058268 344530459 270043626 64086990 252522972 391282434 368785041 412148337 407098364 282433771 31634507 76934502 367961144 280199420]
[78716123 397948395 489852791 105260090 462715928 208163965 77389879 137009354 324004374 25522222 71592428 293973306 233750796 113835711 120323607 219475982 43903114 226023948 486768973 125914948 286051233 325363678 351071832 244734455 510954470 180102634 535610591 367726993 66823771 285209040]
[85686088 167019037 495460411 528861068 335193764 358393716 383218538 89273574 505316091 316987402 267028453 234752872 145565273 20367171 51888025 120965999 528423328 237428282 525673414 10423586 426376476 328017157 56901686 460798195 441489390 210715204 6762637 154775623 373769147 315936260]
[13475098 9963212 385183128 35178551 302085528 279374304 241511529 116038143 109258206 127399353 476162325 60347617 11568670 506943632 246278428 295502802 350023330 291890139 72838293 149228851 343716757 530615481 195183368 321483834 12137586 481844770 257331337 184961743 24542828 380105381]
[269052652 377185643 24642520 492721852 22144001 23081691 469822104 380982922 284432582 415882396 39382465 66586522 234869641 223597046 317558598 488692416 430472298 15843653 142847262 516424189 18393498 199798015 439173515 42635949 133558592 12148575 499651546 185300946 148510693 500720431]
[252559263 197865199 467966246 262476257 233838427 407205741 197949601 21228453 136229465 135617724 518362968 118717504 531192647 297802806 93155972 193396651 26350852 227875925 104349124 308272001 408460280 182373858 406537353 186574434 483129431 364211079 196457883 296319355 401106259 263281694]
[382886666 316228085 430549724 118202374 42283068 241477655 375331230 463821238 46559862 243461461 174129039 184627321 302652837 359284353 384741937 400830281 500276612 463897008 11123684 135018486 408326495 350175396 231822614 254424499 42523542 33967357 284454727 152784827 456233075 332393774]
[371619564 129099009 357028196 235726152 226608591 338074848 521283221 354370030 197953831 265798349 352736276 28819435 55054337 50783822 59399211 191718837 522105714 185309736 495281082 464154959 170925189 148319223 495130402 143672358 207096667 454859688 7753969 461467720 358884812 50732339]
[30584244 224482512 212651874 44833319 345874909 269928560 70242681 240583681 231745918 114553779 104938517 440008084 192983232 445659221 43027540 65811070 144561707 299413655 342391936 469125540 458914385 409685682 407225323 92835576 525293136 432659940 508372202 272126160 264259378 72944525]
[188520174 282864393 110858809 117764705 328225765 11533196 97726985 370156052 489873541 60971221 238720766 176061460 507450047 191343731 502550175 430217981 236697432 290006515 196177673 403224830 339532060 494060459 231281463 25286899 505300400 468277181 95626704 170254103 331032728 438558900]
[479406541 441895243 77633380 82815903 294767465 424781193 462686425 349062633 382370780 179848125 492968247 145911114 470314125 265614134 54859948 68125233 456160112 172649424 311853489 254093476 76662143 43461872 516339906 348356962 352513750 418035381 441970123 499602038 16261489 305741217]
[42928697 172952765 108956639 195299821 407288824 192114996 256739173 187799460 11821583 191113157 195895614 464425798 505503729 254866966 380195004 137319884 365643798 345760902 338881880 515241739 140865768 262080205 9448080 220199722 82588113 473439937 243459230 337186318 159116016 418510834]
[477806339 388534025 453807117 460896200 257402422 343924066 16652820 285840451 429094620 294894463 128636610 256391312 158813026 404832707 330039540 146141187 475421371 261382526 247444869 216286844 405761929 371234465 327543329 478622085 329263136 43104437 285113726 330718336 92232298 273216152]
[338205224 64634949 476364887 112160394 35103457 475893849 154904887 14213894 409885816 322004673 261312670 438914803 280927474 126758273 228405143 22948088 262799366 78495627 440955152 231769649 211288073 426559009 451719336 231558165 287084599 317293190 320882553 141140581 505325100 373725369]
[313853235 480392830 374222968 32673179 243983090 119251058 293040703 186883299 242256525 394073881 439632896 338892676 396499382 276903104 10574270 121499445 330434108 165845324 301770845 398874268 242157486 356714633 44119472 242032139 320703976 339980848 191508311 350699563 323435946 329759251]
[359539171 88391530 13159597 81854958 274683891 221699463 461385907 425009599 428163201 71156637 398721941 261172632 194950676 185914486 188665930 523939040 241605415 143406808 37232437 191592313 249342777 512681758 485841170 467363438 385215787 519639262 292050549 222688720 488378347 204449272]
[235186308 161461813 41708730 316481187 300970048 336060363 484480615 58908745 108387265 353974842 262786504 172090490 126754269 24516288 213879949 452657150 438007726 159388043 292061336 327272056 390928989 488476135 86774069 515715184 227221764 462745151 479067722 188245351 360805214 267378569]
[58195808 243140315 505808838 405290379 200585930 134426663 64552082 322423294 254006625 445423384 51713410 408787912 14690541 328043336 272448197 393948338 16792671 156036448 251883702 176709638 477005930 198996375 358260882 260729856 62358170 285688522 480136645 87366167 372705919 82624]
[300909696 149874131 165218981 275059558 442866655 313096734 477003267 31747136 520650488 74061179 349650567 234877593 270829664 332562316 191836819 310566720 74754730 446063070 184083981 273160184 23395809 280993196 410754463 228627664 477025083 108626171 97791875 227641959 506009671 120448441]
[170448186 378219292 11593559 407384475 129550554 397788012 362024135 221186385 230934581 432696354 51964967 275608926 310530510 135791614 31944595 159324767 324068464 31938578 290283071 57741836 113206688 344874197 401949297 219511517 293847375 523475226 314716434 231683574 253696004 317843082]
[529240396 260687036 199209103 215147936 145703424 237515211 70812311 224962605 527073198 432488375 352555372 113337166 491142060 147751508 369404323 303556666 184828536 490589255 224818558 267969167 79287145 324151291 179961088 51205186 135398176 447433903 516589688 372781004 444805135 169308937]
[221138115 291967071 211482732 482749058 531941713 520783741 354939524 10020598 118391234 46203205 197826715 265099328 409694972 371294495 489791803 119378263 521380115 457694234 31939874 375353522 301326690 535978158 388367267 182438696 258198367 299885542 356464701 403490174 366481343 432111759]
[232750755 309576221 425263533 281314519 142156278 264906598 194376176 87874905 69578131 41202792 364609906 388472800 192054200 359380148 336850120 350632238 388267377 327651425 121811060 410694834 86858464 359304251 460720677 285996231 215462477 261364186 393908092 196969276 431163119 376755928]
[413043384 218595790 440327712 285324842 157021652 301444758 178856810 216833816 249371879 245931883 388317367 102699651 214867576 384370843 270145020 473708105 121640820 70716170 371256212 178990314 67797577 285214109 261528502 260229969 258114567 472973796 80879845 278203337 94838270 306781291]
[253930836 137504762 290835253 311132737 339419834 12374679 529478460 195839657 66390913 512261927 492015890 199549961 522667876 219368312 448557695 180186415 300663621 391835025 408517089 283434195 91322730 505134445 177894901 321543641 503181391 118183780 58175861 523125798 327323977 401674868]
[516666176 45532785 242506516 383848684 458803790 121901180 473646325 314617398 368146169 75856413 349336674 273538851 148458206 437511832 497961830 413522397 112416304 384536949 69934505 352142058 284893632 107318011 348717431 117978906 35247657 197665965 378065851 287249207 323184958 90311944]
[34511965 83379159 27481747 186055297 199983469 386906117 315513172 379096222 19340181 333529184 120177443 144017839 375730467 303443819 518211586 363883743 49182599 8576485 310690947 200492177 514011354 468355693 313345788 139266976 264095914 151308519 2007956 363695598 392634363 334748451]
[225907939 303417323 62579513 88222056 200611597 237747048 72709195 54670310 235122026 20133613 250511095 225620468 202059742 427529054 259687170 261017463 282005084 529729 489315141 327131494 20439457 256646675 120420327 1491248 427784160 332342613 506162051 393914238 455122096 429325003]
[373540361 7974462 302162312 333427287 102257250 457948712 461507002 182828173 133334295 255803157 313437382 191523892 129597855 18172348 481756238 323632362 69706552 137944907 480843916 31677867 140914784 59907586 253709116 161647735 388584923 482639170 486837160 448449938 172101678 500773810]
[67302692 403314744 316913810 22139195 154105251 283007463 107401031 455803667 110909339 222934636 407229285 15661775 243924322 429234500 85307438 97821745 492727158 414468132 339960077 356624213 82542066 533854295 476857202 535003241 185410099 430313707 425648924 449405918 506720371 135983694]
]