[[45140766 86456385 242168817 415416044 283783847 475885535 454115574 33758544 264497285 11204193 442531659 36786366 379532998 434353538 395879382 363931767 406940761 412221463 242361183 65546314 39287485 244850275 530691331 524793530 375102955 117582739 504638346 27186417 253977081 201910444]
[76335949 471912997 242611344 167409318 437297313 41463627 6937764 179537145 364135731 185173049 375756444 266996933 257851062 175614756 434775744 58867546 535224974 508443376 162889452 321817249 25611189 58147070 520712848 38078707 239410462 152126597 343145202 525604499 332704630 264026760]
[74650252 149905221 324488141 413040529 126515611 100604026 501700840 196959099 197397337 238098805 514708867 502054830 139269120 494308801 87984354 285022009 207111324 28709099 200692488 210712743 456228689 205095631 390829757 185292848 179291662 473236553 245717892 341589006 407366668 389456233]
[101269941 149087838 175286701 25615248 97938588 228821658 2353328 429602127 81005832 484614910 300864334 64465841 317159060 288670792 529783850 533007818 393873583 163885609 90377801 61549239 171963420 174271196 438652237 337381606 267156806 34798165 291431578 489142213 388646363 148065782]
[146213189 461559671 135663690 33251035 11460042 471524305 146750245 256828031 349681014 528205578 442780117 379520283 23002513 343855485 253982629 335302182 159368883 193783832 310078764 218283096 259603846 239068724 201088917 405592197 456115440 516238969 330941794 363946830 500429666 514902365]
[327603765 267640719 187933828 227344611 262689420 364142036 317706705 354639712 211006582 100640446 145101675 390576259 274160920 90313995 182264628 477548917 98995145 132336131 57417770 409045578 414313173 274452271 59481718 73285123 365722012 338473127 380175885 305809703 337515122 438370344]
[202724916 348392212 288487289 403565537 431778070 441077435 244990935 524018089 76561715 167180755 41876295 413430204 147316726 348322321 23696959 496934127 90568436 371811091 521075500 273716535 130980748 263441667 99928145 444611888 171783817 374642726 186211913 444376523 10138714 367992557]
[74235088 312932324 471339555 142719442 362364313 142418966 333152966 92478965 464027646 262309960 415922374 18167067 245624463 451069425 513429328 284188458 148628282 80817470 325754053 482419894 302348409 409632180 405423189 404062645 3601618 329422618 483718998 528061653 336090267 372307090]
[68928621 413013242 500548679 534234406 122531704 29169971 432187937 334318814 197844064 301232060 307634746 272483954 532195973 330524533 43644610 436028325 259174100 492400591 409620691 203435343 267220955 254647383 303788116 266608050 144180924 478134451 59481160 19729314 466033590 163380162]
[344123175 451132564 348958589 49793314 235032480 222454203 466581546 369037091 435262029 530862156 36158153 529462156 455070911 242269520 492409543 323759598 70550451 59783593 293497473 311917393 413885758 328223221 502895475 300838991 136057256 350158598 493528806 479270155 433311065 399931143]
[237155314 256207843 249046689 49779003 357652225 111172411 507864919 18403754 77478987 397980966 83776024 405905208 119229489 459982768 371696446 25278411 23603507 19781956 520828755 154120386 74946448 394818230 460741961 62426786 184871706 299127434 355233705 110620039 393552392 496740572]
[512158182 369740581 479989587 130135525 208285622 59208539 80528423 491528238 532227708 322450488 187843691 118857856 75918229 153642357 355781734 69666817 500706786 319927059 237562622 508674338 522022653 343121459 369902771 14722381 382935250 191467004 443193853 16830366 309862449 60823053]
[511836048 389856273 513348871 489093381 373735826 389537511 225978925 287117554 89661726 130902484 325646210 282285917 257409836 167068676 432405316 76233012 508089595 366637952 481770271 125917056 53166667 413567992 292855616 241001332 297508388 486488007 365623364 273972065 223491865 156108043]
[43721809 89466142 193373096 424017510 227711486 186785967 51428069 282288546 337903250 36018178 465132394 270957000 225856901 270648723 243060156 451306382 235418465 381558022 348290264 269654797 327668670 194761558 217424606 80803477 344907496 154247648 94531640 392445624 501270971 496758948]
[93535290 527443404 63205476 174497987 416144029 408381348 81188248 95168165 397723561 394919151 417982678 139470822 89813727 511670005 18477470 297970512 351145771 68336901 72898374 446814234 232473745 4272808 279743481 112498732 131755091 524008654 471643569 54215387 37026708 332208253]
[450826633 73894786 322595249 230288318 508633513 522495719 85771421 157109798 171116818 92352349 311274887 523006550 271599251 224534286 51291954 161133410 313415377 333258259 371016054 491380048 250816954 234045176 145010704 61859428 375857273 12448650 3389853 3408004 181430308 200122586]
[325998590 190129290 40397507 150420773 329624112 104455034 308129717 488805185 100097762 504240690 416290513 496029013 300443429 506175333 422008208 103108716 371139972 476995986 7129523 157675731 73926722 393644513 143236628 444929027 195602995 278544689 417233819 134684130 290914843 442412955]
[442990001 40023822 262289544 421496478 282626922 465357333 531843785 140916055 157023614 164287185 117379468 121678238 478133827 339221876 149878792 376710111 359877706 438744247 422920708 321504639 155631590 243386746 34600591 240258471 235526957 459495946 441570872 323368312 182519119 184814385]
[137247425 497574588 69395456 100848649 163228592 158263178 296294469 58855918 514368736 533567229 350696198 169257687 525202907 193289922 196532166 348124130 430140523 534860536 350747160 164789439 264096710 127438595 531971403 480169434 218877629 11727536 445203503 498299701 310308586 534322609]
[218869772 524663595 398110258 397430102 345980703 9523944 378014813 437690405 374677508 465261467 414376853 130921910 237669223 373758650 204949787 33968573 287537818 4164091 298123748 11554094 414487831 377801812 403709342 497306733 528100792 341532080 361357952 380586652 48793858 396573358]
[524242853 454182838 335267945 145329833 149857167 87744732 9994671 372793399 215489611 158841413 48696379 288825418 71983683 136860745 149050853 444421963 437260903 233828118 534288259 283996579 80483513 130031426 280735858 257976327 268599861 457203127 189895767 307672943 260163876 191022458]
[260990448 423335858 498568507 123691650 129667410 493555613 471236607 483942609 437963198 22909632 271978677 310777568 186852438 37563924 439360032 439319605 424215365 363393792 138642041 514187676 461405998 347092203 354724726 200584339 68179268 334767580 216244235 229297091 54527885 82882053]
[531955043 430403262 70368923 21634785 381865948 16372803 391303529 425257837 488112755 508715186 238942247 104793302 188228242 494717584 75287772 109668222 512839655 452155245 214382369 350244654 245093241 72663357 376192440 262805314 220237223 451953235 231952592 243178753 367484114 316318243]
[228169121 481311525 168111362 535225926 132313366 447321214 355793499 28620635 75854283 242455978 55472097 411240861 417613491 157341873 103686092 235408118 383681279 97746908 26743795 193852279 137849806 114473989 132251293 212040297 399211838 438737656 259309848 272826208 76489054 473510563]
[381044624 50956196 174782326 502822157 90691090 522076831 496123256 198184888 371238620 453230092 527940535 516619369 470798622 104586765 172156333 57004105 475788601 416964986 168319046 186421801 1888914 136422283 497067095 297148229 5561957 306806424 68858951 103207281 180364078 318764711]
[404570261 55029349 206934555 533094095 420630658 405760014 308153841 313849329 477511513 299832175 199938549 1514444 391566399 455469004 64373186 189585170 510842438 27892172 324210333 529139355 228971576 527709489 475317500 454036976 293729925 74078604 73022752 329145967 84084107 356910656]
[186888450 526047132 38609786 306426733 333429410 166482298 69040454 87859940 312548238 131434820 485317208 292979584 314518635 258058062 528006488 228831065 316525859 13771849 335526109 376759927 470051986 334223758 306469548 277038459 58339190 499949652 324628742 325225308 442851088 341113735]
[521248990 459725764 140996708 325610565 475297578 523302689 301768094 45495964 465601538 398413703 315710504 455243290 138470303 15499996 271765995 463263176 82317356 499663436 236338141 459367380 187302464 225899392 257278148 517897779 348826880 1580179 306271596 5892562 137292048 394931703]
[330273876 406687402 208286464 511874090 79657073 168213131 164889915 417943109 415772481 419840207 181151312 205961198 198743825 404749107 299094255 165407843 320662500 162241152 200403649 458403378 164552281 13487693 176649445 132394669 249979990 340722934 59113386 176023738 508631282 76487777]
[209396156 327030077 264737744 36387548 185386999 36211539 129636519 263753208 95209491 349465066 478962519 196333329 470514290 384335135 91551211 174901799 481517416 386214097 464477900 136189296 532586933 138646400 180028336 208769750 216199640 334119063 459256089 400026331 71448837 519105960]
]