[[1564493903 1395717635 2138558792 1221189390 1255954358 1463149262 2018311718 1154182875 1612090967 1342769000 253948399 1363353957 310974902 1928222268 1312176672 733776358 386204681 1919630629]
[717036758 306132796 55028311 248607147 523749660 1434032614 735625386 1802097317 682476713 1624199893 1922063331 1866091049 1414019649 127197670 66267985 1035569636 1482475976 202331307]
[611606906 1509248980 434915121 1672308203 455718131 144873023 698539603 363330569 282771346 87159889 1833608194 189477589 198980222 1102107563 988029316 1044757586 1040009823 958272744]
[549705740 1631803370 545037417 1817977171 1967228686 643482323 333479522 1210993001 1073705004 918430782 512070977 533334456 1498449974 1841275081 775697299 1004776491 1373590707 403524378]
[1655874196 283441365 1750228146 833591082 1233910770 877695198 1199465158 253885740 831033955 896361874 1817417984 1382335654 7885688 2081197176 1687675749 1434808207 675466729 1131824922]
[1620965764 1114103627 1446643237 515635214 2118303873 1145886191 777631060 1983456586 2004233232 1858263365 1254743149 704990311 850691627 1790515235 1120747656 1287771037 1091217033 579157588]
[1909982726 2127282929 1022610668 1164352999 217669223 305036791 1353575792 1241690164 608775476 125187482 1990481803 1303118957 1234319427 1376749094 728027497 514471112 684593688 120025981]
[542345693 1980240378 1898664496 982704239 183391761 1235229481 2040538742 1762049500 1419689868 1477062456 545405068 288545716 62034454 494278949 1388705937 233128921 1352404742 755674546]
[1248452288 2066919334 2047884854 432205000 1325887234 1185690281 886797597 293137175 2119654643 1565119012 1373624898 979818890 344337126 333366843 133981947 1622031683 875816231 1220948433]
[851603486 2047346520 1348364441 1980543998 2074938429 1131714512 1530492212 881752625 526209790 1610241271 2039175503 1171902334 2013652486 532386304 219825616 818670655 652409247 1526547147]
[1524186223 1024033409 553427916 3195921 1411955173 847022973 2063200098 749765881 1063436493 1793929016 627926515 267464629 2116147683 1616173197 829217912 1701468909 113873832 1870603544]
[324590100 1774114403 1294897628 1232250192 743401168 438511053 2010571307 265780724 1319935605 1539992163 571516093 564767323 67755572 2006395716 1617785796 1955540975 1417223080 940803389]
[1443178900 59973023 215491905 1499221524 1218028341 345877575 668967886 1348142935 865521000 63196495 209055074 1064470955 1158498901 887934363 1105613836 1797810067 336720462 515778781]
[1555675043 1811569613 1927390288 277597510 442068418 1219516041 227051984 1970992972 1194007645 1349583253 1370287617 1788894280 1652020714 28631895 373118777 2126855205 2063502360 874264640]
[976126929 94858442 769419229 324130003 1804976209 1151737412 1145527307 701561663 898480488 189223050 187383747 1171429108 1705991553 1443688329 1227674461 1620434379 1845002315 1941123001]
[1478883323 709440069 1718422678 643676347 407794883 1416366245 1666268040 1038469123 483111033 1751195027 1320926041 955087070 1980765266 312499351 185971846 592444293 1548444751 2028765658]
[2066222988 1587399908 625567659 315982461 540552547 324744614 1865922501 1569828486 680228978 2064821354 1173996463 1487090779 71804306 1564705511 1389444971 901903632 1935412834 1730841342]
[1523575174 1701327525 416010556 1060042406 1504916975 1989426808 1082347380 252881476 975944256 931097363 445699952 958319716 877511966 1698824698 1179787528 813443221 861452682 696586756]
]