[[956399011 1104345053 265644077 15869171 274703177 167790256 669553175 954861829 1620995186 2018701912 2110040845 1039826764 1009717863 1240910056 466992370 12094915 739771407 81594192]
[319326325 1434410346 287707763 1754972828 2066318808 74118789 1500721784 1553104697 1683888452 59794056 2140063151 1063850726 1355530390 342756165 663402708 1730909526 479446207 643948216]
[1839120113 1882582963 1274991478 263455378 1106798714 640375776 1660156229 1333108695 499652475 2003913233 1041981262 1797889636 2131951985 1136014568 844519136 1991671418 1229158304 978534850]
[45523076 2083555933 1419133822 938127603 1180613899 550011514 1281067254 1916878286 1873638020 499316072 2059011136 1460771840 976834067 1230159441 2137023812 834448975 1554661967 1199105590]
[686588440 1502137276 796192648 1899425401 2107144774 1712881664 1207442436 1011658955 1497247201 220168203 140516999 2002745307 636773867 2086104429 1276356225 228122732 1316056058 886263982]
[71472143 76004121 1608058994 333937325 835873318 1957857622 1360912207 408612465 1942330664 1490885932 633519665 551379110 1229751601 2076556202 757649971 760297152 1644282758 591155232]
[2119462156 720449131 936816827 1875323905 419982931 581363963 1057577231 249880418 1796805954 231300466 1127415768 2018349160 947105215 1631398575 1486245997 118237589 776542002 1582318706]
[1302920399 1091765926 853309366 1368578113 1742712841 1075555365 1735279604 2047303502 1371156256 417479905 715265175 912394321 717898488 576154699 1595916203 2091986644 1726503100 311551322]
[1962948181 1966253464 960733228 248309855 224114458 913447309 1109902436 931411604 490867487 1471636199 148621614 842294769 2117328159 2028287620 422480754 1689926431 22802177 1893804840]
[548203119 474535916 997533092 1160545717 1455392659 558312672 523957295 1346451186 239822040 602015210 843580154 1088628681 656885535 110764959 1976503893 857956929 758631755 1052878829]
[829877526 1125075949 69401690 638488440 1942374229 1873294504 1571799459 883851058 1078046060 322835812 514037766 847694250 1152918464 641643342 2118508894 841702084 398320020 1123385624]
[1782516608 45385378 63191795 579061959 585459689 623439445 1326073717 202069396 1108512427 660643387 823164047 689343930 616500515 355969618 1499673953 310070844 1563186979 738078876]
[151391245 1820826685 1893069425 1652268503 855667959 1170424747 2134565944 859420844 1462393451 148173561 451178490 80434928 476336955 1867160659 1093063015 210875667 862993377 41867820]
[1857083835 1661158571 2059793888 2144205458 2145521668 703744061 2099228736 1454014282 273215017 690249619 315383436 212203781 682973678 2075078403 2052486498 1739703802 2024260808 1732982716]
[1086606984 1625981650 1334979605 1859350665 1619126430 1316710661 1390073229 471813922 597750118 848624943 1388229039 1728853336 1376593632 1391327770 729931853 762821557 106748144 609453183]
[217416013 1371033452 2025430707 2035180175 217604974 1577160363 337672631 1787344533 865885729 1445697444 539560673 2121994948 1690776465 700552099 80926555 180036057 870401034 1368277082]
[1868419954 1294684853 1454798367 125326336 140285892 2010694322 1674344893 2125202201 1852402400 1813662915 381969856 2016130716 721734023 1167225564 1006665107 846898925 1379426460 1269430100]
[54267000 1949805574 988989637 1591020901 1536301486 1655074752 260693418 331288426 1556526292 518035875 1553097948 955113101 5175578 113595014 666819339 156514468 241357186 894565440]
]