[[133281678 1908620275 1617592242 1810314624 1329853296 1938761337 1579047364 1653345253 527471452 1071979558 507942420 86310972 350903819 661063860 1603824688 435092147 1135857798 63791152]
[1601095449 102667257 1753923979 213325217 1235836096 348466810 1115765311 421689688 1669473772 1968568524 460212722 838038149 1706675865 1826165586 1796256204 1192736840 1018359026 159760017]
[363472600 160977912 1718439978 828136209 1814622556 549945324 1573645448 1745810196 1186286143 685594182 581133653 1089946076 1934915410 1841633718 1662590093 255828987 640091429 178534294]
[1880435613 1811685985 1476629398 776437585 1601542946 671182934 785947629 2134062894 286944817 1198975192 1906090878 1740557429 1912030513 241707534 1911792135 964820198 131110417 1901610527]
[1740892587 1976065204 823306504 1821250708 844940390 124320830 379748291 1829526745 1956990868 1426585647 730088831 1953592254 1934931119 620985427 1836174137 1890087442 1725739246 2102951400]
[1986173989 1886436044 1588073279 1563115520 1381604074 1260662711 284779576 639409255 429383656 78360763 283173959 2007479155 2066144255 1678337019 947180687 272623159 460665120 1842334714]
[1792257187 686464503 1351463147 619977682 154532069 1107204684 2000276923 1844377554 1419714988 702866399 4247600 1042584545 465523621 1956859571 1354026263 291759801 117167664 2032380671]
[1661856782 1097113667 1190364980 55846495 1192455764 1548159362 1160798209 1901469409 257465042 1969635801 536819404 1544118136 1392357617 745043818 27261970 1405213430 2095316120 1991894170]
[1038897179 2023939759 698495699 1736539319 925021618 626387720 1607267077 1959596409 913803196 2146942560 1378569824 1476114296 2125826155 1510114977 339371953 305952899 416722103 719182461]
[493242281 1258347305 992201103 2133992163 1370710965 2144997054 1345340648 1536053899 2103151037 1977662684 751951912 269556951 1727120153 1233853115 802201813 675586886 429884269 1816311402]
[1552455626 1945569469 234980787 840632292 878291636 1585251536 244043618 963797250 780987352 110997181 577778700 2032294538 678502961 582847516 2092800839 1122776781 794121823 770520751]
[525564916 1016106666 1225694925 582220584 1137370770 118828696 2140796063 1829621491 1794994114 586507734 238526810 1897074275 1210587193 2102546462 849688394 1386060065 409159114 1503485234]
[1317411242 114042076 884554276 432241583 1442622501 491878651 1203760223 381037617 65611420 545199285 927818714 1941481269 141429189 2039177110 1055800611 562043325 71204327 247254414]
[1693735390 189417420 501330960 518841780 1377980487 855852655 1688132317 701864056 1677733508 2025974922 1200569088 1626045175 1763632093 93924974 1845587916 1714856691 998335805 1160430299]
[1279368966 1175376839 2121402503 1207245173 696643169 901523402 694929252 1275862282 901173163 247422967 1486673800 1441946383 1517950673 1940536805 388554918 898029810 1929728677 1147084961]
[305093606 927943742 766796287 636833530 424829196 526485112 525956525 893773120 1051295263 1558125396 634209690 1083789035 1312202986 1490291633 990778038 364258151 1987394384 713466639]
[125165584 2079835520 1940298015 1471221543 465835055 3759970 38475385 611144849 158609854 341522030 1711306868 163488663 339054607 128055073 870936087 121572728 1601569944 1945160779]
[1469975942 1689972210 1918926671 263523385 1323992142 1118455559 1088566167 1772697266 1631175302 1408780056 1492305114 31266400 1428014554 933434291 1671581453 1043710718 18333978 631890674]
]