[[769998332 979055464 1895710376 271466761 726877079 1473505714 954594088 1292154994 781141295 1484506876 727909987 1326346485 2089256609 2123871120 1554865586 1319259079 385328230 226538570]
[136653353 1097177807 54112637 72425009 561905034 901727690 113355931 1095540113 924579080 1740957066 667472006 340578780 1952897311 322828454 297682455 1701566830 1241377348 72585245]
[1954580483 1943446057 1366543398 868485744 2065274809 2115229628 28826651 1291694223 1665205145 2026839528 880704449 227771369 749118910 377960956 1717768189 1450500112 1009205044 1644826142]
[623116976 645238460 1286738071 113101567 1827239921 1443508694 250489773 1611172953 244362352 1756269185 266332079 1886232796 352792573 1700354442 1990644988 1735403463 200134872 1000534268]
[196812325 1453701430 1428370949 554911075 1662318504 283032860 285117395 204266947 1668658889 1980717169 1501670414 1551302803 670256870 243399365 2024538406 2134161471 668271473 1088385529]
[92603228 1903623671 2024243860 1430865813 1931703478 560030802 714484953 1591739964 616482552 1679637565 1780443074 923085264 1880584928 1741549698 614746761 499877644 1218662084 2017463275]
[1669232214 521925635 763073158 1148428693 1593494352 249171299 1014195913 1215029019 1890775624 1862161168 1659907375 2110868494 1727196640 8828147 640354364 929215675 1218410789 1996731120]
[1501754909 1346693219 1130954229 325506785 953031890 930049616 187547819 1729274594 1871195394 224043936 1736680584 1233500078 1569883807 1232362314 1646090029 881156491 2112666826 874954964]
[1569183318 1311074231 2140803113 2002049129 634037661 1058977042 621680372 1030205450 1182164718 136523616 13542379 1385563918 311417937 500537741 1872601280 157330092 1300364328 1373042111]
[2023669825 1969665638 1064972627 447423691 1961644261 1717345714 1690110203 629867119 763371397 546085576 1580654102 127511076 52874953 404159711 1353949913 440373143 1843218378 257813007]
[1336310756 929568366 1319265750 1348168460 1431478426 1155201891 1888815910 1201105403 1375774751 807328145 1377333470 1575751089 1512429407 1992571507 1904015526 1733521305 1031218528 695771595]
[1941890422 156374028 665255177 1857623790 1962519432 1080143704 481765848 499471603 1204051710 791948628 2077676604 2039008743 1810650615 1208617091 1635707201 1178483836 1008294079 900775323]
[49749067 577871178 672902079 2070229313 1045012845 1089310186 867330497 1261240765 38701958 1299541057 379313548 1857033553 335682402 513160373 1728936714 839588631 1255142350 1176718661]
[1123665052 1968434804 859858689 1847638042 849154732 1668136101 1341574515 1563252414 213847930 1822278034 1273665884 107411826 1504712072 885934460 1331587617 1850087266 1958147510 446933037]
[717694063 1420170919 951815567 353272409 2020644668 802841524 1711015923 1559955355 1757384790 798586924 993308862 1466107055 1150046564 880373996 1159336761 1589760235 888837763 1621907301]
[1035779831 629547487 468849747 1756533805 630477570 888219805 151023372 179603520 210723816 32320716 1703748565 586290553 137126097 1231220959 1109341591 1009274926 264504471 99223833]
[1804345606 1890916789 97865433 1263263800 1626296105 563213702 1687459404 1648408993 1184694759 603694414 816210743 668168038 862712581 1532120735 961162235 1805991120 1984381028 345936233]
[1403221200 2102401276 902509645 923930430 919586370 445100468 761354906 361476741 1221406450 675616221 888285774 326741524 1856685148 2024379206 1439494491 667377268 1934769208 42060240]
]