[[528595409 1712490575 2102820895 863329535 1394804698 377912260 1697541829 217626808 1087261099 976590318 697749070 1463962865 1690619644 1336176528 849821694 2046092584 2144413311 1324918564]
[791217998 1938281981 914708207 1011939767 694159180 264688187 1443818695 1830066079 608635093 1632299357 1798498907 1959063262 108861942 864699809 38400107 529428750 703875583 2033033722]
[1335319706 90376021 239299368 1726433586 1811827866 1094775985 1600528012 1315918236 129890823 1672549140 1058116339 649868748 1410771673 1250910161 901292478 684215763 2008212107 1942899065]
[2063786040 1461483724 1792442702 301844810 484288967 2057050030 563621683 1678355680 846110064 505460821 1181953563 861977648 1779349344 223921268 790836766 139822496 80625986 316770230]
[2066860796 1291310043 22383734 77543863 1516385514 1213740261 1359098939 2731515 1971064057 1451621052 1707759675 1486671472 1086960470 1505767564 2077322211 1922858544 1397744526 1230267408]
[1404251712 697443783 841645941 1202257961 446575475 1536965293 1998101580 362838957 1301544858 1616189768 187961329 1313872116 132439327 1729834459 1169107294 1766116922 1537378084 1050020495]
[420100852 237318364 966511902 1618688966 940867681 412756640 1380946512 614497673 1460794776 1686522507 59222388 1280435845 452832690 1836290496 921738956 1089503951 560365818 1371782725]
[1754900229 305351510 2004597884 1097497804 1319240854 869058690 314804288 1652700957 636776145 79204323 783146017 1072224458 868276856 1655216311 2100444820 987663183 2131087793 278096533]
[1190441490 520999337 12053184 1397792879 1858408635 2074632255 744470755 1548698950 1141024926 476363794 475033054 467886214 125632715 2103922117 1344788332 1476660870 178174266 1735168438]
[1037501498 1237365748 1610924927 2110971025 1099967577 508455553 1669953357 1540367830 1444981310 2140440019 1856190830 745301529 648044445 880500152 1354539018 845210817 1498602344 1535643634]
[933833813 2142541636 1338793136 1889997374 1327633377 882146545 1460584203 285346516 1230479405 1101473157 1370237028 243283298 837333953 323820555 1714456174 1724633443 2130824543 1525088438]
[1051138278 21751233 1355998055 706570955 1566938185 240496463 1219725654 1538148902 779148770 299949705 1515304188 488960158 1945522650 501858325 1576387006 502875684 1491059583 1254410326]
[2091018750 1911685641 1569021211 1538795151 1537927661 1043863356 1775944900 1353524546 235452700 946706273 909187043 786296178 521680436 736416691 1943192665 737070679 368189069 1802610576]
[2006164502 1065586561 1956845439 1679392106 1860859622 1573423238 855376547 655134147 2113609321 1095503449 1932013791 131561526 1286085870 1821063484 409470647 509378520 1295910223 1204023605]
[1652753336 373559531 1701752290 1429809435 1988241967 807309941 1105182634 1852702393 743870681 732529628 38047232 1424898135 907945389 2035736964 1379906519 1831703133 68020696 1156348604]
[1764941080 1563505819 1592658871 1674519756 1433393864 2084582846 1636711104 1171975786 1633319033 840018740 36825255 2117275799 168073111 1216068309 52565461 911696022 634328943 319486602]
[903316736 1495214212 282700549 639180404 1843637418 553109253 2061674556 389804602 680440900 1738110113 2058367898 42282900 549819768 778838031 391526464 1289208134 1429531196 1003778359]
[1219885226 1544067536 1851666713 1659648740 1853742554 1945885064 1389672775 1853332266 1900621023 709626607 1791652112 1476122015 268953227 2011837120 1987720425 1183345643 1206177835 1708436448]
]