[[1039431711 1547077232 639953748 1859194676 943774588 1631640102 254249056 1964759190 51771186 1829966366 40614810 1079749425 735083221 150530154 1954615082 755057226 52487594 483400514]
[325840759 188364339 320765425 1182340135 701977129 600153706 368150062 1223070490 1386342705 377260765 993728492 1477984224 169560583 1537658648 1828273204 321255669 747511769 2041839601]
[1180737869 1334124879 80699995 1902822693 1920496540 1172229406 601160616 1772238519 235913842 732285498 1752356872 628755221 470935175 1594326440 1898966452 702438631 1091153113 1291307870]
[39424141 1595553220 1137058690 1442469170 761526681 604973379 1585582524 503091486 1458197876 918656293 594648118 408460828 1604408707 721449218 1853543293 2001203620 944797263 991720594]
[1064770226 487726122 374620340 1774754934 1920370723 936187776 1340293297 1620458678 1913002031 868662724 482195892 119641175 908732224 431773307 1710909870 1897217528 1535898574 785519085]
[912355675 1135175022 1923107131 328987150 1497928582 2072485613 212464637 801449626 1713953165 1867777132 616490951 766712369 288005534 1903236752 198293072 1823926012 1935071214 1237427440]
[286353115 1088236388 1203396106 1308497713 2043334821 1490178572 325788239 547364841 1954202870 155135361 917193690 404461793 351740230 987086962 1669601500 474587852 2054659173 574408339]
[1587167199 1405095160 81811959 523184873 1965385201 1565391453 802857033 1373223965 598257904 1586821226 1081764288 1576590570 941927436 411687476 939072529 1399830580 1583091474 1254770453]
[2067349066 307892374 1557086462 451254147 1680550330 770394805 862406036 57878701 2133857634 177068047 1519578094 1292267250 382476924 1721748630 42729 1913808765 206065301 490028099]
[743831965 1299228443 1405515342 2077792877 1174931067 215814808 1235193704 862772329 21893894 1676303678 1422643380 521138074 1639381131 635331604 629659608 1598419361 2095152138 305167944]
[645009868 1020684280 1840602934 465553632 1251481192 756172583 1919913361 239724962 473086969 2034922456 383842445 1654992958 818282386 690922801 364027770 1368394826 18521887 73351393]
[1827321877 1746613080 1303245372 502587989 1704393517 1837971605 971659617 1818565184 503617015 543546017 1651487335 642282707 306177612 1880014461 2122748645 2119965875 888838415 2102325284]
[219465343 1631334912 612285962 1874599292 1130301082 371067816 1758782929 502607056 60891096 1086207200 1474645479 624342690 1433328204 1051984814 2117785821 1290958652 1066611102 440057885]
[1049851791 48955723 1419578874 1327814196 1584757827 1347698054 1366935592 2101291671 1835105276 1158762355 543010450 1538125073 1743150207 670992701 1542975472 698572181 983630689 1762960952]
[866013061 558725700 1441521053 1133580254 1288596653 2095197451 1129480818 455852865 854170557 1052402729 132335340 1649879980 613528460 474540099 1095103448 1714883267 404306543 229321321]
[138281389 2079499539 1735972547 878561811 1531135677 871844221 628936799 699789592 1742925668 1766463147 1001641044 624782873 757248473 1439801040 1832067152 1983580993 551552336 185463916]
[2059117579 750592015 1077510907 1951823000 1519657731 1960410722 1604470780 1518304174 2111844957 1703964978 1153834956 1372658079 129436862 1621611034 585444981 805284804 581405431 936101642]
[1426522738 410691078 55309650 554573107 110450537 2020629801 1933762647 2006430018 1380411013 1672882559 266723078 373605492 542181618 1072548385 765609775 122928919 295147842 1154821468]
]