[[124622325 1457180656 262311076 1661664365 493213259 720341901 1475167010 1755094877 589030334 1054763617 1219025975 1698039725 1640034460 385967958 318395493 610466178 209092031 1234008082]
[346677415 1889430357 289511318 2032443752 279978804 413476301 659536996 1345784186 1995577503 270646985 1963446508 836040535 746322158 144578464 2065692769 1160424809 1422398720 224641419]
[886353583 588496244 384129238 572286312 20255298 145548535 618676537 1068330721 1533461927 535519704 1832497977 2095619510 447113840 443613186 2065995630 911074557 1293266343 611416067]
[828622237 827779857 280986058 1077677915 1336749858 607458806 639955314 1573037141 1316656656 807812877 1105103719 2031488393 5145427 899666058 2007703873 1715980461 1540190373 81509491]
[223928156 621731632 531673666 612464980 1620194715 2095511658 1675500481 724252081 1976133228 1007509634 1257683032 1557388615 1677315697 220670643 26469203 805358293 924890332 565082334]
[1533317469 1697483433 1938774974 1701746492 1146845307 819828063 560588861 1834767651 1950400348 2068577339 1854676320 231803490 1485015240 584302515 814743567 318892875 155199618 1990599744]
[476560947 1767002069 1363686403 1803295130 387711362 1672275554 495745960 310887122 1430469453 1617457871 1514629387 1331765519 543797919 1304630101 30801675 2107873439 961093841 1948323250]
[259335563 94996481 248985094 18723522 1111984079 1468660030 1356620556 2073943874 1990823977 94291331 1275809050 105143776 1232087989 724173407 1909804002 1679126166 1797715524 607858644]
[1463351226 826634357 1674969839 475735613 656584383 1485390176 1541689292 546758880 242093716 1230265121 1572468076 1896570252 1598560831 705676473 246789489 446494585 547940045 1671973164]
[1393953813 1479363052 997791087 1130882637 2086564887 1200373745 2111515329 80567245 359155505 1111732143 1880562332 371352666 1052013505 349707227 704311275 713967423 865766760 970808139]
[709308994 1752436899 263286655 1510770444 1435384003 771637445 1201361026 369841168 840858307 41382285 1054584485 1285898861 117398640 479647615 55815978 912099194 802408445 1165254582]
[1752992981 256089850 6720438 1005552272 168877895 212819646 162502877 490257402 1789201565 1492432152 98430328 1790218544 2120976195 895557054 1442983841 1073529798 1757959167 2019825833]
[1160356394 1225546058 1636430745 894399534 468519373 1296569220 87326243 1468092193 282839854 607138041 1422022389 138895084 1945738149 993710678 879306885 2083797407 658334273 1298395993]
[1834388731 1799620520 819230326 512786552 1260660044 1635992818 2006968441 223684061 1507080806 2116264618 1402383725 1263647172 1594188526 1865143882 686724220 1773284429 1065310439 444492563]
[1524366473 870860776 1755111127 636101877 1125358911 1813934741 1695779030 1238846067 1273825332 1744694817 930655751 1179476057 359430376 1747070364 1931385224 1674013241 96121508 1200668099]
[2116515529 964022462 1832198264 1057596356 519254069 2030359794 171577796 1520056635 342589044 314310160 359914126 840751712 1619232671 905190141 2089714337 1136535925 1163052524 2147035010]
[648283661 1538682093 1456480321 1116552040 174352366 2013838129 1641468548 161335474 323334244 878372335 205312690 446860426 1148615274 1220346351 2130866434 54417549 1845422101 1260924128]
[55432617 68971722 792366890 1111124630 1467912480 380097007 1973294143 947623687 1505216355 1085355392 303512721 266996571 946919314 1508533809 1470481415 607402385 1410000739 1372162577]
]