[[1351544592 1648313181 1288099005 1566651674 1591074699 1507938169 275421988 692329224 52258879 885537082 606159121 296381007 1150087685 1443452075 86599817 1538792291 1273024416 240969215]
[343753341 1877248853 2038155956 2128589020 1858437777 1782868060 1217133520 1474978297 126607878 1726220970 1517922269 29976254 1256482533 1124327817 1962503547 333039617 1772034231 1602098758]
[360095133 1107642346 827308168 394459025 1253414984 2081561735 652232487 702961630 1584083135 893078023 1288685053 1014379601 1248838640 795509545 1802460914 421598204 112743305 1137581356]
[1262902799 1432102013 625499125 161261461 40914148 1247367737 1615494048 586261928 1337301519 2127663322 702560829 356744694 697570165 1307890121 1765501865 5424743 1315604040 1826113638]
[1462850480 69487150 1717233812 459994225 1512658955 1601152021 1751193005 85938486 56574453 981989888 1296804812 1992175805 361992373 274144901 962370070 409344769 338594759 497008181]
[514693307 669229132 1016981422 423668414 2061289956 561945490 1072141473 785710971 500460120 184028728 34548168 1743319975 368728960 2102840716 782124784 904188454 1619064879 61761520]
[1231430440 1957239830 588007560 422593135 1112928831 191784221 849835363 1005325723 1171426828 931116195 796430921 1657372315 219355011 469301620 645862548 538009040 2141008998 52883588]
[1048213195 846097906 1440946293 531407621 1903009898 397330012 961160376 1652961111 1291098253 1344666161 1393433537 111020466 1291470833 1264000822 1652804853 1048224724 1632851311 111632004]
[1061142565 1110349680 246890619 1569741252 1259724779 1323947089 1731854557 1729647427 986815762 1367916105 1739356726 848752579 1530949961 1664245905 218542303 157226267 1678089844 138988044]
[727338899 1094256253 1181110561 354533081 1854529242 1317314236 882348956 220909380 805574234 1174295030 1063906184 1467437162 267514662 1397582281 386232055 331708980 1977813789 86226991]
[360450555 57352567 1873117497 1921513070 1514929335 2118329495 582144510 1466292276 684951420 852783672 156800376 1092994151 1342962928 1430989448 1102584026 42603255 1226814706 669779903]
[1118025558 582673055 2089444183 343516661 279106944 1999183848 1821724592 1670677815 969545398 1584904332 207129513 36999640 116201633 64240856 347260609 1783755967 1452635311 1648617619]
[2115012558 292630068 1568031347 885765053 2112928257 1692289161 109352333 839612126 377047683 1791954904 2068630059 329892895 1349157701 1636550460 99888702 1475825985 249402948 152154061]
[274735063 488320370 157964444 975988101 340794553 1316889926 1947440121 289524817 1023844071 1082978161 1781673177 589267240 133630130 2011408837 1965397464 1550017359 1289517039 81889844]
[726863028 1263942972 716770642 1636188449 1908044809 1890164244 1542107607 405054091 893728582 265995312 1005493606 1008796257 1172589694 1540361871 1164867892 190955748 1391002523 463860736]
[2134087741 1755390789 1267214545 259537096 419335351 836185333 872012907 1062076694 1673335098 1015594366 1730477201 158362541 476296718 387053175 1901324158 1801363708 1110266872 2122648507]
[1388120968 1292120795 1559547008 312282730 1675450822 809608950 602820497 1489281673 1684580912 25770487 533544145 1906838131 655076122 703843259 1005018999 40247070 1106562037 1252387428]
[1269935103 250639133 650830692 840631753 436851001 512148267 275964995 1885727789 1793331476 526517521 1230715957 899127906 1693119397 315603634 1767447845 1616306199 411676308 340268423]
]