[[347549630 307031312 496686 1650396305 1156524577 493834479 730622808 1067016941 567480391 396887056 1485606497 1617875071 1566421635 1248517755 580200307 127627741 362826745 218908658]
[1491447302 590701209 889323449 1491416786 986161155 1194187053 962154447 1006925386 836911236 1021273490 1514548452 1040701883 1553500645 1020556152 1292797454 1876419189 404687949 35956207]
[788455530 1648043933 890391990 1291766448 110140305 1850331120 931609246 1903897186 673326710 266455154 1376941293 27384063 981630835 2024776356 179209869 419160903 1761500552 1421072546]
[1653513158 1604743469 416077023 1856223720 1736848550 1992244987 252019884 1438026654 1007193575 1987694994 1384719068 122928230 489408855 671860347 1912776178 694772037 628520146 1783237772]
[1894369144 1337670265 959945920 95024991 1481558656 1463818624 750732201 393851579 1620808342 298760821 1976447119 2134752753 1121093052 1356317084 1635207203 1426239619 576007157 220857970]
[369510031 809751071 192780544 1967948746 80435218 855888025 332153344 223729891 511934993 1668367040 81857814 1997143641 202257042 1546167405 474417260 1497125085 265221268 541057004]
[614981382 1492234779 323453671 680160735 293727824 1463044568 991050523 642695135 657205501 555850590 1275509197 1153692958 1741612402 1523389080 1799186913 1627834357 846381364 325058736]
[1214107040 1332378096 817741909 1332042307 680361560 56394719 1891235229 2054502857 810708054 128464765 459067810 1385271859 1661319327 2133939179 1962947502 2122054999 641587674 529553670]
[14571990 126281384 1363150943 1682369764 1853318203 2399849 14169543 1679195144 799334165 507304770 740661587 2029912945 1235732612 1917183148 1087205912 370109580 1138806390 1900038246]
[1636879924 630217166 389845368 1319075079 519917932 520933439 1087160985 1475306999 460048059 1722082476 1412281333 1058044729 1955301095 1087403921 1299673673 1647706286 1360396954 1188347706]
[648418889 858724167 482773865 1895977710 306771279 939450352 1290568371 1471623225 1472005285 726725939 74493571 1074690870 1057165345 1399019309 2110833861 652500914 1179862118 747197985]
[977750962 306089525 780919831 1865499156 757615972 686928450 955342069 1397820594 598442789 1659162985 1524710330 902407397 32423775 1829486032 794743737 554911198 1657547126 1326033692]
[1323966693 1513919214 356342510 1781442715 267143436 819885167 1700239198 10474920 450375630 145920957 1640505368 564687220 858665210 2020582712 1113328120 1467058885 1257863052 1741019437]
[544867931 2043114747 1115059274 2042812547 2044128542 1033080606 44985709 1331708757 384907315 1012791539 1824099291 2061577098 735030523 179581723 1460943840 1543753658 839645862 113080317]
[1518798786 1963100527 636932881 1359561329 541327600 121222511 723891571 1537777743 2030915413 1271171224 58607843 1650812056 1326742110 2063486380 934376056 1658473788 827328994 11998485]
[61079726 1398726394 1799555207 435898490 1377213717 1751155389 1314098789 594906410 30039124 891212908 763747326 689124309 895521343 522089468 1642769899 1035685067 984846387 571913164]
[2117666611 524958376 1454310733 1494822542 1457225687 483859163 1131078013 370772208 441038307 492694606 1097233176 731069534 2099955730 1015742904 940941725 2011157025 441919480 908958444]
[1346906366 1400836758 262187252 1181540252 1951109147 993168207 372169104 1905295160 1837657139 1207294195 1908196814 1426325305 625632274 117558005 480183957 378152324 236997722 342219919]
]