[[1694674739 1520715205 813004033 45496329 1977763579 1849324348 1642856898 638725949 731894653 187589757 527448857 441589230 1668125924 1645750568 628332114 1646654728 346770723 497519399]
[1007261264 1301030327 357896476 1115947001 503813790 715505715 872698233 1178073271 1410620589 657616928 61972263 436164314 1968249839 562193479 12680363 2000020859 224760068 810375705]
[622096495 840050880 372714696 2139437927 465083252 1018274371 800326364 1767535418 1211105647 1645929850 107971416 1265557468 640975224 578461290 1486751261 1770894870 669686643 1318029819]
[1652175475 1572284132 1788275839 460249199 493878885 1404114703 685249449 1842179595 502010248 953062868 1854826873 1955979907 1065180602 978640695 1790601169 1200430537 1428218948 2033389245]
[248432880 1168748002 908759193 840143708 85724127 1954273471 1946826513 445418863 1668168524 841591802 1309020267 91184536 219683972 962667608 1489140591 1013781671 1731244724 1157017828]
[185703455 1060153087 214040650 1137544500 195226777 1814208855 1862918873 496716939 1485655419 1589875975 1919181571 617791093 1730414467 1045575851 316675723 767286824 1622207036 1533034976]
[631269198 1269110240 1627086094 2056076820 1617773231 1942734268 1140724341 1064477555 284524448 656351248 1126926773 1756863727 1059776246 328095096 1845335298 1958422045 1897411572 129554143]
[1276732351 2046304661 25276460 1603377869 1835879862 1190287099 130503012 1136454244 1762363432 1994270886 259690655 1062629717 1092966129 1929016264 1219621679 1690005458 1402742012 649323411]
[1379442823 1250198031 1280066545 1034153279 1910724988 722990840 298049510 278215066 1547015720 1574882247 1819942126 2009438821 878714189 1458704175 24021289 1030003776 1296336215 623995610]
[77861381 2144980600 837694181 141011536 1480686239 1138872657 692572904 1633391012 1963445469 938164051 997060024 1872242681 1015323913 48675868 1562984862 486513900 1928188663 411064930]
[587799689 203940345 877190218 1966126455 1287817427 1919350735 1031200419 595429356 161893745 814164147 424912877 695625717 99529093 1591073338 1638038121 606474479 2082262940 1548250802]
[166859360 2022831035 882940580 2020782772 283372807 1852886626 2122418697 1282553313 118126476 1923742358 2117272976 79202090 1406992260 1766438665 114661273 2077005792 1472947946 1412588501]
[1774895264 728730632 629514180 348837658 950615593 411748791 2128020032 992467805 933080097 609915714 1242934161 1573287609 1678073452 1713917876 576314411 1545409801 380010286 345254983]
[1453426586 1601060037 337022031 1826038924 58947661 1471420151 2108263981 1113827796 700457506 5216488 1764970843 127621764 1656619115 1019686908 22603726 1690019864 1245102463 638586166]
[1590266258 1491340644 410675028 1144512662 1962872558 1027183500 365443276 1913219451 525753241 1444968216 1188882117 1948710278 1541424139 204548370 1697268568 902271601 1863765329 630543385]
[1517095132 332194135 645253210 111967902 876970481 1507142892 1681762650 1801812264 1975912533 1556015210 2037360430 1318527366 1390612688 354449710 826981654 2057627258 849032340 940411418]
[1483045593 1192299243 195629801 2132155909 227630087 541999565 1487167870 763306222 259527943 1294340930 445003198 1003789869 1574665923 42491327 959953342 874888931 1584398734 2058080182]
[691061623 469071873 2085140089 1096393296 1849552437 2073466901 1657832228 1188302039 640366972 186890193 1294692933 129882816 786165334 1011062267 1116367409 238400474 1101606544 552955268]
]