[[1348223900 382168027 464842348 1482223667 31562356 343822539 526129091 708472398 1859963895 1830447946 84388573 506634183 2047951325 437964501 1038705085 483536101 1072739945 1729142310]
[1252469350 2078162423 689679116 2041356360 171501067 101802302 41515004 822708335 510079889 374159803 1320484911 1213636712 1270034513 1465780132 721922438 220012646 1831909224 1917229630]
[568308162 189435189 939189817 1512971813 1910738043 2106218856 918876517 1470152973 1086432795 1282438819 903081179 1163053654 2045834427 1269994101 1814517463 924865333 1191628862 1585981732]
[284502338 749862802 23171667 1471914259 287818935 1677579617 1475716699 648534177 1683276293 920612262 1454470345 876886562 2055126811 1119275166 1438313940 899811652 1446084826 1660127179]
[241404902 1608525816 1053826849 94208976 456836336 1831006795 541281067 77575494 1926243169 2130587206 2050947024 876450425 514641682 833414628 478337784 1942748290 981298597 88643359]
[282188902 1446531864 141331729 547706733 1532020534 1942888249 855881847 1384937623 148583497 638555503 378630613 1359477469 324757927 946134909 1979375488 1607112321 1344983644 1745825318]
[473501139 517392278 2079642386 944427150 900308502 1500947737 22876958 1547801119 1214024995 766328618 402718588 778030731 735431317 981315092 1629560673 840468211 590088351 1634855475]
[1623171075 1243318351 136694140 1773742104 447833923 1650281448 797339512 1769069231 1127971916 1768042434 594041980 912645948 1020205865 1934914623 1714913313 1063891377 1478917278 376039678]
[1260792320 999725853 1504298031 1487234508 412044819 802657351 1665948050 1916309277 1824771276 23897815 1672376996 1074428428 376761312 33582481 362517703 89858508 508835921 961216336]
[1930675440 1659504247 1073854179 1846288223 1126949124 336594060 1503559508 1633747187 316366918 1105738491 2001560554 1517744175 1921999207 871591962 1944022244 771334677 1057858154 928988870]
[507849251 894024639 814605559 1216195605 160108961 2073048778 630125879 655872227 1620427943 690133705 456609099 654879909 664470406 881647243 774401068 1059775558 1850236278 2051289200]
[1533808951 1255401315 876112707 1209089109 1120769054 181174579 113768816 1809389217 1897443904 79081337 370948408 1431852088 337180801 111211239 1193873768 1509017786 1590397543 1697602927]
[694967426 1032025452 240962570 1811881744 49288537 410791308 705217925 323910071 286664096 406784353 1122001408 628660492 787687130 372784214 785921201 2031947182 1818652467 1424052850]
[839295592 1492737577 13286788 585616799 1427144832 682178001 2002146501 1106579066 958199386 331543856 1071107141 1595925866 1935516596 1559718869 1838610642 68759212 960033682 1587410496]
[2076962001 331089889 136306860 1761485668 825292958 1986307707 834981850 160030677 1142252159 1668518886 1428743832 1906573986 1239511102 613789156 139299066 2082009073 1838773958 1116968277]
[1070082943 267895003 664323448 1327818735 1604380498 1865634663 1591423925 70153708 1609034786 631080148 1648320876 95462922 811534978 1138120450 1362252507 256353354 343141378 875315658]
[1972585314 502776967 1011236703 2063946634 1112430902 1944708338 209785741 2059550762 1482227819 270290675 2052055072 680782055 476429799 1065814722 262096690 887265567 681621547 1502340662]
[1597896422 2011856217 1423638144 1763532991 1751515288 1884513749 95352616 1827852275 2082306011 790262138 644264796 1309416274 1490611073 252571289 2028809518 441647214 1999007025 1124364494]
]