[[242230715 1632685125 196476978 368207062 1753463942 246674551 1491200105 1187181104 1025164398 1580008191 2095381333 1400253570 515683715 2061404073 181707527 932998406 1722612982 1970852442]
[192613253 582220096 266611821 938852403 1999531265 187908967 1356920050 1465126836 2142558305 310216324 1360381417 167204216 50088831 1966755574 439910417 1755782140 569837140 161896290]
[2085572701 2045315355 1584063780 127367447 1157225459 1756434812 1299481709 582907694 2067623334 1829529741 1089177298 1861936796 767288137 700596935 1897790978 2130536690 1891635810 831353684]
[1510795492 1236265391 441633997 775088303 870871410 1536293856 1017325261 2111805968 1579440163 1728708491 1714045164 1959460913 1265686862 1114262839 375195028 1960786402 1930309475 115623145]
[644691828 1806343127 87006615 1045887423 1188606565 1896465358 790198031 1650146986 738365899 1361788525 403947880 854399332 76189369 1544341449 1412824524 1063331945 1453579930 1530577322]
[1924206371 1278196847 856077791 946303722 1749382302 1575513974 1921063607 1884706134 1458942722 768585322 29277863 440848353 799715400 1719245925 1099867221 1532466013 1504052480 1293023239]
[2030078166 679265556 1518359534 872302393 1452435174 590095705 335007175 239936425 1754698338 1830793507 2067994244 1939966934 1975835013 231846109 948874246 299216425 109850487 1495547073]
[1808383143 1905939623 1453848338 375082755 1918235923 867998028 1881606546 1516847889 774843314 763859554 295745644 1920858207 89794252 443141628 157242876 1571016401 1992529812 715062412]
[1875840171 1766923906 212414577 2104443638 1313888029 1909356088 948924566 112434824 1515722996 588578695 391306644 604343102 1452012618 550824971 762222805 1116273333 843171117 1094825953]
[1767736911 811362752 969360232 2079434143 116659088 805995775 726421826 1789403501 113345959 1076176621 687483487 1840211996 1044494808 640816777 1448774729 642736580 2095764791 786808001]
[185149789 1507448104 393583105 693327501 1543354984 245996207 1700960696 338710591 1832392008 944480320 740072296 1578712163 471854510 703384691 1534774610 155335007 1302799192 1679565875]
[2023051901 1275352432 975813946 176229093 1944629299 1581404247 891041105 663240600 346579794 1526189956 1743261852 1087283290 2083009132 329747359 454792654 1590895326 1885582007 1773927215]
[1757605360 1948477450 99384741 369491069 124090044 753585683 1377497293 554468419 1355143781 509846392 1833202148 823899764 577769255 1427639813 386916623 1578907543 1844361743 2142883095]
[364466786 1840566797 1821285781 388556037 27183366 1619392242 1642619278 98232283 1074637333 774671264 105695589 483159220 1541964041 701286487 1993356029 1828559816 2107132903 1709265707]
[941695147 698833283 1329905417 431482506 173376554 1284902555 610144733 288964273 1523313288 447454573 610178331 1409925345 491239223 68792392 1600448084 216366092 1441555632 855118461]
[99944333 980974350 323853346 1578765380 2028218 1615158408 1729004268 1895639679 980501897 745738833 59788689 340456336 1392836221 1294830026 839131467 10378121 1216490939 1642623243]
[1311649859 1361343568 870034512 1471943767 71453740 1470144043 740495002 635204053 117532249 2085663478 785076634 362099556 1804884317 1542761167 2080762061 1062323805 490604100 134240725]
[113334649 2049991477 1659852794 1804374337 1913835686 628908357 1786878303 1391944182 201213131 411579517 1544870676 1741192549 746135937 1430571239 1094107008 698746651 720082160 811343700]
]