[[1254461025 2071257117 134733048 2139617993 146692202 581255729 47957413 1645094789 1978503217 2071012743 433539720 306776107 426618569 2003571153 1927485754 2133868514 449241859 752821307]
[1931499318 1928419950 1219845832 695174576 1540312564 864972118 342411186 1660595922 572544778 489123613 1011045698 1707549550 851725495 481346723 1151500418 1179403134 55599251 536556020]
[765750767 872859633 778009654 1168829566 382871940 409444290 1434157763 2081341585 1755112504 270708215 662377237 142956866 1647139111 810021006 911562789 1596648187 7639392 1337060880]
[1398096530 988994133 485326080 946331933 1213067569 1157352091 1572813116 1194404795 1584917969 980036851 2139133864 662383457 1068218900 862334644 942657141 1921443298 70884253 643552362]
[403940980 1405037355 2125000263 732012048 531211562 231175828 901163540 963875643 227188618 1653407634 764546854 848579003 747077722 1425030527 1305682024 1027587449 157734939 554637232]
[767373279 1285897261 1215612521 296026940 628558225 2061782794 921606266 1076902660 1233515156 1106152410 1289935582 245455190 893089258 1218080749 348813537 2119759392 728175768 722892509]
[1956304168 1352313105 2023127912 1136569851 1414997430 813395921 656135328 361836949 889099108 880249515 1246148217 1267041296 1319688557 2042226808 1146649936 1848107591 1568857152 1046940501]
[1910220172 366592892 183157151 1227313973 1859341490 1697978624 2081008020 1989192576 1392371493 2087909731 358305118 1964572602 1859375780 582346873 1417503029 1281412531 435027024 1388581685]
[102050090 568042164 1178184336 2033427713 1052060942 1041792059 545181140 168752900 1910484498 206300601 35693627 1476976066 1415994994 1209812404 512953258 690635638 43769833 1473988405]
[1202686562 1985357896 1971894298 1596451066 811234739 1815215764 778497306 371294152 1730031010 868221288 1804998472 1842228905 379213468 152319912 1609435408 987260699 312038256 1054313656]
[1122372209 1225872487 677322915 1301568178 36525427 138909911 1675735193 1813845972 508684563 2127292446 1701104881 1239457915 1062220220 1764400863 1760403002 2047022757 1892213257 1887910405]
[1752948659 878274036 1047429823 1474632888 670486722 1519558849 1401179908 1905062042 1529949502 379798835 838136028 596304867 288031893 1866267738 229759564 1641711745 1714113447 1270567573]
[746254738 2071538982 1053935513 1127856359 513506903 309568868 1983686427 1330621983 459392206 201220271 1345008031 1616338032 2044428937 138047605 303382570 251894975 1595612890 1749776148]
[717018863 1898670849 844216050 912509171 1130934082 2074348882 1435256943 1468728069 1668842114 1506306514 1094349265 399242096 638533001 136915818 407248234 1398995460 1587182697 966717073]
[1939806408 755229162 611321698 361088523 287996859 1979097491 1157989912 1780036367 2051072846 1896012459 961893352 1984033192 1293114645 1486394956 1458987114 941036465 1096880127 564993286]
[1983288990 854182143 436822541 649410646 126375603 619813715 2032940216 35233417 1152784201 416178810 1694011141 95820207 865616987 185911805 750471083 454585050 161160238 1105560774]
[2143393213 319672195 293823542 1471397792 1528056589 1136512898 764662385 1830517799 1319048460 1153091531 1327157555 1376417297 2072305822 980152647 1151402723 1347429311 1144020624 1696922605]
[1101449418 1660824034 1407744628 548340380 1369578731 1391553757 11569702 234671167 1259716379 688593572 1238698459 1237545756 1658586605 1486630953 1668609865 2022335559 1935036879 617471150]
]