[[101702843177 66144365510 91570443429 645579652882 789459223466 872311619526 552437475699 395902569215 229028990896 249059061792 937302796194 646427676199 580181233701 981999787702 748991204091 97091937343 1037315732208 227803429766 620230758591 371439250623 919990717531 610705042648 48682060366 24133158499 878310509524 653655894538 115645129473 296604758714 323425212086 473921723187 430147109341 488483916983 47629351701 204515787054 319662420013 347999661583 285619501090 957208875754 51409993684 124916259558 797939948449]
[480869964142 278922163143 979053621993 941167770777 112262409671 667401210511 165918493686 151822768550 146673506901 472678912716 203669285455 1068345575946 377050068725 759527138396 688158357983 132252107999 1070087978985 1076219936473 385007395066 315810270279 978740413160 715758982015 1085511877121 1052081546462 594188289276 918382239611 881960071962 947810800650 893452919496 901466637291 88742787227 1083076278290 1057314418119 245475402161 809667235856 742783428243 967408246689 93610217209 171059146990 432038906633 805264974273]
[56732811229 242483119707 1089763592535 84408035846 228527102821 84252141599 250178076916 443333207934 1024297170233 41261928296 138321592731 240319092157 189919565835 12170377404 88585431555 1019350148982 375847010064 868715562863 380400522821 431330766072 836134028867 418484785376 1089353653770 1046324948987 479479208285 897981555363 504997678392 155602763371 977277898143 231013343049 7206979143 788960647967 779674275998 123740778922 389884954523 861084502592 142718463086 218271145031 33991855050 773891491707 522820522120]
[753545601487 792284037637 65703118103 330244030990 727125933131 186740663797 1000455590689 529760627487 692701857195 801601548858 591398802545 332412070315 470449323734 858364450401 180242321863 867627749194 381297198598 508691697884 1034159682046 60415946090 197866465973 994977575794 569489774839 461604008902 808568534160 811388580466 429416004584 307828372611 532088828846 174524662778 1070137439850 7474767257 908481039852 804984144167 939993134660 51418077159 189136683103 936068438087 964412554465 758323676677 387869344391]
[589916470111 669434417123 335918040364 667257275664 208426270122 592373914032 62445479836 1018802263084 393868754363 838641037151 17123618748 519346967286 235424914686 388760962137 598182701091 819537993369 967628344708 998770251300 879469155966 256049951591 511493573690 813289489188 1060017826922 472458445576 174982965509 1090501792082 1062150554765 454706462506 207929979233 968402771285 537668507344 672784396124 86459534634 596175350370 196220482924 1037173117952 330973232687 1081228077330 35746666839 378237158477 54552446140]
[520263343949 135275850131 559354686511 399006855742 915785851400 261594069532 407311751202 551403142954 432205123233 881220654143 64735731862 1033831611819 251971653928 1056071897178 587892430914 30900031237 146111885557 77883709052 759082023760 342895116036 234866980784 559505388129 684713180702 653349946826 809320662394 899668120682 960502952508 335166253538 1016377049183 698561160652 794973926607 533770606932 221906595224 207967176385 454969370530 388334611306 1022196762252 72621720282 461817878073 828395244648 473436539075]
[68319013268 1016733258577 256811644001 180430665180 448729779155 88852997383 45032226578 802851074233 910133471797 480314706721 661760012524 120460392357 633529059917 1025710674074 150296218123 492551806242 243187593050 731957561599 818134443394 16449998996 127881355863 574884127882 79646837899 624193342458 359313852941 525264192135 913665765681 652698134011 989214226898 56662067786 414017363726 1021889909644 213855333605 666798567127 642542452156 20934200732 657673236505 2848208740 675676508020 417791589197 430828772575]
[604931107744 466359603103 375335762907 65988682176 197504042428 18714581725 776519997474 743384608952 594729349581 409973194210 939895966569 1031940891107 919932960726 502218717472 509680365468 700182723886 976358878444 240939536925 852343951069 649521739776 759675057073 55145364686 795087382367 393502348431 515388842644 343064336354 729131718704 192224032506 664069430871 662598812132 529823207432 273117523128 648586993387 239003953138 696797246236 921076447499 774014926613 119262570899 533907617378 224189331471 171975132244]
[317059290556 801753025843 578624435475 212890111942 761752506006 779413846147 578511148277 283932425872 1081005927759 872918332553 456123073573 232795043546 156266160476 456316775766 390139300696 657069788535 868577369859 889170404395 172730086005 157597127827 212147238443 605920120926 724434752853 263275922842 731914107286 724169300941 865834839244 543443718758 411002013695 73948423929 906557123372 1058012680326 637357169586 401165783176 460126339305 174815760681 771926456696 215062031437 228203158704 558468233313 612527959957]
[883489001557 288590720326 953894972998 647337129064 919479553122 505318742492 855248263759 625215237046 595192828593 368974719180 487393682187 358680266217 805043356983 433772686448 97912771393 870993756002 82082633244 73004419253 427815876449 327611851988 516569577508 817707079038 770063643402 668585917310 989001936148 31392852078 463776850179 958911684181 438624880923 255737332479 862592391084 268885894579 620073684544 956823282042 956946290729 616204373390 644732969867 792717577566 449454462541 427889319889 127575300531]
[623281108416 452468969673 827990365463 953812851003 989712291511 1014573735617 687845095931 1047098412828 564679867826 266094802534 726689188339 782435579026 198703870154 190995628114 657598373940 1089949087800 389108947029 297526090347 860624542677 164009777597 617586792772 1059305678816 528268067316 867040398815 891015966653 682682503983 113834638292 332218216069 899922765560 568270657177 354748971083 290504803601 399487784696 442356649269 663000400015 403977375518 151872817595 502312918538 755660997270 750864493452 682339730902]
[188464726514 651698306512 677900359056 183228325292 952760185251 237665517169 47793160034 13219826023 1008227496503 980249194169 946904419650 728081879907 1085327432514 913015424905 336964581578 800754265978 14541639629 250092269320 552069983720 156604827181 964701090867 175371887693 996656270115 601957380835 457710026978 1092837082033 67006855992 63139728298 659946901766 920164975535 1052468668236 1030689987250 924860774326 900371037639 873112809229 78129840762 959976837090 831262055199 724746910589 1083015381572 1029423793887]
[461025748159 1093557415757 789738039569 822465848477 212698943497 739424186537 874913690715 1046291748604 367671327765 585366152586 925261778048 230642959776 10299770222 364055522772 278621669646 671650629504 277743881515 559424112460 372168685827 135109702089 793483496623 45792719072 321106092512 119745933889 922182468829 663911368958 232367304104 334426000938 376908821542 826619381474 702604916119 57566615981 332704850412 45278453985 1073625163670 377066411321 682128244311 45673381030 425123019022 497539801769 625500467302]
[262117936543 707342930825 563510434385 499533045968 705184239903 364634773654 57488094105 221574188743 951596676734 292619200693 1005169273549 44978149644 78100371070 651409151919 781334069643 144445105529 1006514755118 750164913452 828231010259 447672030802 340908839646 1048186790083 814882945240 54623029922 431407507350 22269703158 391843567854 796662850078 927845298752 714786558575 830187495939 200690185257 463392011630 590143127037 653439170028 808204661922 834773506593 55311764972 108902222212 953498759112 887153920953]
[760532587885 840617846667 817189435533 1010892562946 91782451892 293719051389 285861929012 371882659230 612995255139 672525719416 454386606656 425340415775 335369235065 586596134589 547761369264 374980354200 1063247425686 137405520105 283127276583 55314074497 460039399005 772931193679 731908647739 570864994869 885699725102 215505604049 218359322392 967747882863 1037755700236 1046486444801 267097493429 61469432108 1006054508517 1060008798050 62127981833 574445882173 21793761739 331901164339 999408085362 390832733383 993677241843]
[18192363372 766916562768 370314543071 655904125821 506501994588 746103284471 568539508066 776400121553 907405750382 694711139635 1045550939759 418153058670 626149467089 125970624997 314732016560 761250129715 479190872157 1009292086855 720295400228 548968803694 1052615666207 574831062825 315416579664 666905825593 544528016490 292082665571 400801797174 116053289468 12044501600 530520488346 720368880992 699230316717 304449939390 402288602460 617206388649 29644102509 212613615020 689127563779 465889924190 958538411848 593034637353]
[140899895121 906612779621 771397757329 462239376104 415948949166 899098436861 846375507732 703949384537 840789531437 928281003229 403919425475 731726194239 253353449660 1065207552145 434803946324 377525596104 1080871385682 295136671854 468009734862 552754302267 37037430342 637579228012 988657861939 269146256235 837330505477 725815052193 365008113984 1094345953838 976302545001 549274864207 748752540894 532936221730 509974261158 1035429693728 350800357555 76847506583 372307755823 514869271592 16536483150 446604285786 224098641278]
[944925153650 833073693954 693776147190 471701575216 366451355226 1041146012641 741474813218 383303945751 662667760463 767449271805 815988819452 598398063433 301697529080 716051284730 501577645576 973548431022 643095529670 293695695089 445184671444 456813264254 949978268488 1046374860647 711067749302 543337894073 1014433212907 475169195790 777342525188 444889549132 257697763227 736168577112 972739778045 124044332158 46440738359 971959806738 234366312770 622781891351 292077345275 249949374953 913069461175 993363998283 287576278314]
[293528004527 795528623095 295606002785 1077278446028 108990271832 782391595287 721034792186 941598506156 338713988466 982731525302 748873770037 734377564182 701464682192 784780683595 626960856596 895523446789 570815822649 644931443521 793075465510 191712775210 525212413584 436597446860 857170526496 472052491027 884050027214 1097791454669 989258920548 926806459552 572792816655 329915715249 737048634902 679580939611 965778337396 197561784929 252062561979 75928786396 57609027409 69756408744 264845693365 429998808825 7858807885]
[241246599609 480965046809 678724895509 288657520140 602318375550 374029725362 264545967280 427067615198 7708544423 668598105653 436139072581 724663935784 591992530965 243913069518 259713929417 1054191884400 434826955768 483827231782 599244405349 58029886681 530373526291 310202532755 393790603553 367594573224 602634566387 74989249539 471525666152 126476712700 872738164120 327210949502 392011186801 679692032598 740883539721 40022716280 624555699220 426534673006 272217089606 876506403167 758690542788 146803162805 872342910952]
[705796157246 657739200052 570121256793 902315198396 73779946356 246990173976 1040015143427 843481005680 768038457678 114460203549 294224410632 100169281292 990677305028 626218895501 37121883747 501118237021 604635338962 863250344246 598627110280 751615104931 347323254388 525460083081 713526399992 171033986324 149323496685 452473109503 771349925018 41865368513 933966863067 375427240511 957561828455 500000853664 484825278568 500220896830 129148893928 313559296504 206032158490 281160741012 59316114336 550359238717 312032295313]
[935404638465 742035072472 434910523669 898922211351 495157235507 339089451208 884159028227 1004734001127 879917837675 1070416036311 411627408286 774553604240 694174950132 877698432612 655949997277 788212595649 324820521381 506718993548 515104807151 639252297699 916810287072 16669204956 825883156759 352702461383 583215720231 531202651205 303573275567 643381574789 478333212206 932433285342 797561934689 267266543567 561138532099 178206560755 1088205741763 758360978326 822646510640 828208817307 375032170606 120669272095 30656648450]
[397355434072 468248183314 494428692245 157316536925 579649234205 1030556061946 625253967275 133000657012 243489138488 435483699592 675261044381 760903712795 472610486721 760021534692 1021369284846 35814584290 78486012772 618813759079 127989461658 473204755381 487669678921 459326739043 806121979366 840071227808 878315277144 959568209775 1062416837934 1042346812841 674450305005 398240580939 1040183313722 990269671859 712723895598 338546327338 274261754881 583733857614 734450099805 99652660233 62726912957 959010760037 907905043317]
[756847049335 801028544952 655906254980 249141049393 512848761864 1028383561723 109628480880 125050644069 260931083838 333057533114 107012164091 303780129405 543378009705 106708037104 881986187049 660228935485 390375156095 1066755880214 1063711612511 717700006036 616099945507 309248611443 248718350636 226103493207 845524675973 197128790311 751034281858 967532031229 40886458353 599807956455 498750419187 911613875416 870205874589 1076217739878 196554736368 893805579269 668911987165 333629939657 202238698859 847639456960 854331712125]
[37242150213 945505777642 417197499625 337643194111 31705452898 883232183786 222993824761 756902242936 820076926438 155238223924 1079146519642 1005945823539 957553201231 825387525717 847331020702 156122523777 667631725596 180081942402 40836744443 710573054404 211491463866 723946283804 80283807643 332394230012 766982115877 579570850189 425084144875 557258329882 815071204898 574708075632 616257554135 271672679 511847735934 130630265593 796010326560 1086343416110 889301014128 412521676569 976168221138 536808883392 149374167822]
[17747516886 430071156892 1065570907868 841197012987 848461613330 131019379948 777352542156 299992409371 227070929090 521075189439 625325199879 605146574335 976136474506 899453079624 458640840947 38476770032 85692330667 930798651407 821236889373 335254957075 405239136890 1019270542619 429406761581 1056403361768 50521927739 951017555590 199993046029 132026329746 550853975765 990871602240 414942666844 637175388204 698060556083 899178204810 266119713356 350182576517 366218773392 364256862325 584068580779 921297449371 1081754136330]
[125466942762 660745376600 266519999994 758179200884 44788519211 624482793606 263227603542 817935522224 945843235143 706369660697 1081139826268 687088992823 701445245199 358615161950 906146162771 911867172673 558086934053 998065706404 574471661458 607482763906 599786813527 1065373890613 910825188085 680559905662 301547697511 505440851940 289365700293 192160722186 439037914638 613513620795 122245971772 276249331347 195003083145 1038497590945 842305620860 1021345381641 269505980540 340793290209 742253098816 554857823030 360681226318]
[337538473939 72651260976 57766969554 350101631458 1021914304911 754306094335 315596299759 546051205682 605222783034 532578711620 699088804618 819544266030 682230188834 85071595276 462147560538 313667235553 150461206703 241378164286 997110811702 894508039397 269372430201 61028263287 1081282407338 738995195349 312951031369 619109503963 993514340376 1094376935996 1057017905328 586729871499 388700868612 119354779713 173415895760 82512988483 982581940284 566213970777 964442968503 630718230200 242732264087 88808301156 848320571020]
[56530251596 614106714565 138523831940 457507097314 994920705401 125859729747 548919644329 555797157360 546713302532 769830447823 849361443538 804295436335 905667156316 1034103284002 865911394344 1045685472067 98447247180 44459973441 438717636668 684521918144 1042350543784 789883134389 919956293117 395327743572 982266118994 218014448035 1011572234263 737116629949 630919724236 490401536505 448365313306 1046782825296 229916607355 1078724145683 1034705492867 216200134885 776888145100 637434750412 409185406495 1053344529550 329299555174]
[73624469613 544180144845 642718904192 224584341554 582565348820 836299596620 138811789121 41654914869 236908883671 1089555478716 288838971635 840503941423 86673613353 315884906789 611445618248 652528230527 357671055312 649913317825 426758892451 212052410991 152841728276 533131895188 410918122411 867814838650 801297582186 663865640313 945213922157 2772956761 412436173216 71970104665 1099141290227 562504398287 697468786224 494724590004 65871351863 1084471730208 584357714303 966120010639 658298545509 477878558143 1052636435159]
[681308586639 479212111488 714760722013 681014357557 1046670132223 963112878818 323753498456 337803047258 867505465348 281287708321 455624988422 989969970734 90482719441 210368737869 925705124645 617448431493 810151704444 851847361775 535592023718 273576397272 792039144332 1031538143163 435155279552 138751136842 939020454637 294414466295 990887507767 41787423896 1076193526074 397538877888 762052324621 1065174455490 604799709038 674286693810 226456510620 351909253644 123409805643 794673374595 243411519486 1082767848362 437011555260]
[98841380658 546353752877 249450717237 676062753724 995823173206 207391335208 74045265851 972858430009 1073133472469 178808140753 369051588721 513609319526 48911062968 433536926601 26979825180 192631668852 635378551310 255216869030 921160799529 715406169204 438694071182 329841322961 602451678759 1029245969955 599786207602 985577002044 904691656649 752303618526 383144041283 982504826779 906595204069 812486120387 526890757812 210545595399 396444479850 894505458866 155591364273 467908441608 409542065124 224736445099 231720442682]
[858451268786 417136810433 176233289992 758536279037 1093656593516 43173069683 1076883119824 258033465975 898291126929 133226900197 879178352461 99464880878 1033907213507 726246943665 35632505645 534111818994 321942260346 774328236722 908443024493 916429955034 447458867165 833868177007 141689141869 55069098037 366320903324 865815927555 914354215000 619929222202 982483559081 864625256117 565239588202 478701803570 345613577282 632437529971 530118758653 997351987436 1022364253472 297510993022 323402711329 398981361932 103250475073]
[966085939967 983235703561 404362759733 281036160440 661231820719 96442392893 85973622905 704863192050 90550531943 13143442205 700522810819 202046162253 265810208221 997912417607 1021358993752 998735033122 467672519341 177905179832 814807941757 323055949289 529488068953 322188839583 884544813076 649294141720 287489616600 787080557528 896898962917 548437743538 134435457892 682237120816 896584583673 365431974041 63342598970 905140993260 685684172804 233205812291 469807293652 231471504931 88603000749 796148692315 101572977787]
[427872866022 87731412377 17757446431 886148369133 114471491916 570570329272 962928350728 1023651391983 596093038231 807610469614 992613474216 707943027253 1070469353459 16689231181 711026448118 762621844256 97023905822 883144183948 24404392368 866332835866 1019543268 594894638360 803492229011 588623539282 379583488384 555121529963 308746042957 835255946989 394016941902 1090911633877 762173860497 863011981683 34112879153 397625355548 311713213618 95225051304 524531149923 179300765764 245159239309 380924131232 1018035676940]
[596107422031 92889444690 882446247923 697796725498 718384547664 1033231558970 902343537475 199905393582 310770172780 704458047919 766703527477 11953849971 99627870235 958237641767 567635872868 370762973351 189087840042 1084994306192 1088567722414 383089209061 572267926812 557799144057 883934319706 911998003575 72827666550 963480007548 952370117689 2192950266 759763046044 373926605997 748668721043 617030060267 192456651852 133380949180 1050936953334 991736759702 487866368963 804081230268 403384455223 250475587883 608461568019]
[148587399203 204087271749 566462641151 276652233592 297975221566 643464617971 1074502970399 833964073764 919347112398 2498978841 235325843690 278608802946 865325089082 321579652245 506364343515 1064673144509 950645576456 646070249199 912981864521 297731293786 106987683327 180436295744 317207827198 956916679563 402518763625 40915768117 478122662854 119979139841 1065860378938 718505946597 476386460564 778084269069 949172660584 584364923218 209368637820 232002809412 162171870478 76510694874 429981675900 261077840712 158882917561]
[144684129817 323143275131 413562460492 409774930977 1064829261186 760314055337 557418931476 242558166332 1066033366283 1051063737038 630399059613 766016585508 106053071345 768714231398 139685827013 970066021703 185109666795 851226654765 337639012711 194370864533 329258322261 807226666778 132377867854 1097378728707 1043510700879 32868573205 1055523530303 895036781240 590984208063 841793729994 388793625098 382972706669 723841553901 338864061688 293714244776 570519090067 833762068938 546337663729 760961164704 784541481885 916871801755]
[312538189204 647181111955 1087000717642 275293757450 34694426916 199394938911 46833375089 23808204330 410480625894 442050513842 325382401382 167934862152 576091347083 40844036859 484748086661 28845874130 803924023050 1041443225303 60126420244 416246259690 65754951086 540914164037 971987419966 428119558525 650694244304 1085488193108 241387533950 45292934327 334644939944 976813209944 76623695270 1090766766315 154797169325 578993810835 361513767734 811074539940 817099567374 1067848139853 687214251248 667808490923 552703016631]
[696659607335 126320095923 17739635136 95644854028 214972907366 910510564851 90131383535 800830172564 938493595340 560193813725 875637648389 415599201607 816337556308 597421003547 843081605956 871975307885 26954859476 1087753243002 850047784193 957608011307 639917875733 586714461044 355239691042 1023335179083 462330734408 64184125441 256216685962 16938035226 681796789455 216804928317 175330003711 975844247798 151360021517 448354088880 997132361048 22505697277 220690342724 114435962459 656372468828 467367970295 821471912621]
[333352315829 732085351373 186071999485 431929715825 770321537382 881879691940 1093036121791 935438188020 257368809770 384794951566 269318829283 412227502559 381763414849 878729610448 51000285911 589579389837 894941814057 643113079478 567365876045 1094175562267 1091686680394 457811187069 459556997785 327222890033 433706454756 819627908982 1089044591943 383815963103 686831375296 580070213180 947446596705 230478584538 682439714483 352081554587 182169998794 440729125244 492407957480 289840226044 637283142626 104626627857 423690121974]
]