[[277729025209 109071739720 986052007791 364194273027 738013417434 1039655350503 676961603491 709375493683 949059640552 156459870307 696620483689 622376651817 140831686524 1022858328982 801932819645 348808470036 376174282095 716099007839 978521430834 447658556138 18588781644 970575088302 348066467700 127594883154 948448397817 775825020963 981319236390 174935007094 711289934661 479152058994 824159361906 639724702333 709618482437 2803456592 621515672080 927640872243 321371936862 797337154262 380031849972 983732623346 307851541229]
[337238998271 150653074393 1091822768952 432047760294 261423406217 932008637046 204581691194 896513459371 601340475118 902657855811 709799883540 492958746872 881116030675 751113381262 177519282648 425626033234 868957641822 512213474261 1004560403641 103537373562 152387995409 675699074980 686253450026 221098276753 247597795686 658272441947 711339430032 579814429023 785438419819 55621511528 606591469218 780048664850 770057445480 971241758569 356711959677 121236998040 179576100445 948945763887 795814283969 116128362866 144590751488]
[1095566202563 256752861293 809339671313 845909463282 898011117852 697614332955 14418092057 861266502410 562040039669 126381545587 517120646009 857174270988 56203954645 838547723158 889110425794 1009726509618 702533288185 601647210252 1056290643800 496806107044 980296802113 761083996570 1067236984604 928474455076 423449733409 125016456 630508685968 172954001071 271837160895 672699168218 313512005846 250977821302 474602881833 636226818926 304569135352 937144482350 599832859773 55997357607 566952312721 11801021570 1082182189977]
[489566286466 357817631527 852700899035 482176893237 636806143228 534298760663 396811428342 464560379741 81516963347 334741598510 715386746357 221118464266 64732730273 985535592193 26001738688 403455121491 660384141135 826885921959 786762327038 5650198748 347606360239 996370702756 958365972123 764217908109 939261373052 1089622605872 576614458849 71195901595 45904477765 455537784353 547633714639 77311053578 603404957600 291815311004 342590233366 193818817231 315130349749 772313777533 78179748415 114292352051 873757721245]
[948434259753 753374262802 117285200026 657900484959 397820235890 442352329213 761254863407 704295729034 729949854821 988323782068 969522696407 452642470242 853145919590 41991036720 657937597153 700799240056 967611471853 244880187261 581105088281 222691098962 957175936691 874134621565 1096809515534 1038972448321 231933258295 973532855954 348981086676 658370199129 1092033313536 130986164399 509135951016 691022035130 118087874480 668642376043 253952871020 825573280840 185999029849 1215018589 718368541381 492216039410 786218816531]
[813142304308 803740154345 809326053669 916983097254 281374044364 198703860007 651258817663 397493953247 1073162331906 381268627689 621839031351 497642386432 965313565843 983574093300 760079717951 329198688412 486081875540 94340410131 180746602799 1064095253394 153969934046 281935603110 810797535185 698484848698 356919385732 109065493612 19426375467 84025523794 356389518819 48377907612 76729424659 422443560454 612468545681 797462531275 228140514318 697295882042 368256205149 655156896684 210751497768 572711268380 846107926259]
[796267192152 313140644882 61780620788 634909740519 506042210167 218261588770 280764566353 1090692547085 182872280762 756428364787 322451495151 485623291207 19949381753 241055237102 799578659276 1093482932870 20350073551 407745857914 178638810496 732999614426 913711727785 634154398804 27444361978 217826576407 26941340865 250331039849 376450142250 503805226265 1031858963938 737975361756 799812077109 372219252128 1012725076957 594979461883 945680028806 300497855178 523771247786 483104951386 738490939224 507843941913 301360861177]
[174780046853 146985893164 146631807258 954637588208 535729155554 1025995669184 196367492427 638445880099 906755846844 791185269211 718967286732 306497136869 813846252792 585271364767 583328694460 620668945462 790926993299 1051303030371 727467371834 953829979733 733793368970 661891301484 705907837547 373002634927 365555739990 784254285017 786007285028 452057704252 375194741997 789018129593 318920330556 201539514249 463168803753 1006522525144 178610520574 608944729320 660042344223 929111285438 729519882038 945683069053 34116483054]
[566716512398 463462007918 619290835450 596621440039 807782293273 135589911569 346251332983 108031964441 633168304912 13346450870 382970187473 1018889515139 967885612385 629391455289 698352205115 183460316630 297686710362 225058066599 778969891480 1001855858197 819736367495 648984435243 497123511918 1093866290911 860424970124 920562921483 682876506940 35698663246 451093392675 227001781414 795440202258 427031552850 958135992401 890168548698 1010299825818 844866083548 577258350847 510701774734 576618223865 334043254144 867526986406]
[989836883618 261402298724 435610972867 1061735722383 150026586184 102480658067 453517934194 141109312639 394170927583 9868783646 509556164483 78098585815 944886153377 235619685379 811425992836 754067873731 333592077560 737866872512 727435547167 996150074301 655032792997 583006481933 211069987345 272796519689 617445955061 263992572947 629543893582 172453124468 988293684541 710272405530 227225166243 779608301600 534153569713 976517685455 523451233811 165415186775 556558222379 1053667606924 910363695643 207996280241 416556993122]
[151366689486 818217045779 429908101457 450081866379 102882292865 918693415917 694237200389 964342686838 602974883110 13143793349 95481452755 1014288909643 183720775792 475239823786 33070026244 673914144228 261174155216 96570290394 246382219978 504860140964 330026748298 111671510715 841508597145 402515332970 51827554807 675620526708 457252503666 301407871506 943937389279 230475710675 378598037540 491879492492 632563874254 988028784936 1060706174861 759618246806 24448773284 193168978018 829964730574 61215466821 380934350219]
[367161002214 435406818493 684756957872 1011076184747 1052661467852 1042822145572 528597587101 781601935248 1037153605947 222247346289 516166673242 168284556267 908821362377 514059587171 724569529323 249404634559 861351983960 1002474331645 888577229782 770557599718 20699315691 463538488191 226434344180 658352874371 680240550034 537804950988 86601386991 4811686677 185246990171 226585664085 814999796663 202095393460 850013336554 193190410817 484589057276 377013739991 32470749263 138107883305 963874492224 521217371054 1075563631244]
[335602091309 606923025548 404208991644 213651064886 308118780368 459504929010 315579509410 42680386682 656966441724 699372847229 928087731424 368986300882 468668218671 497679310075 889975074634 719638095378 634022187349 873160009062 85550584711 261152941708 435721939682 356301376990 735563993484 726366537910 388917338855 1073372815122 647523353791 927614260027 71231487922 476895597503 747599090455 1022371009539 1076641620311 551276170014 929539260726 983141828173 878619938250 685515331629 534859519991 778855152726 32445320250]
[439471962352 16028209119 76759652932 450319617423 867234230923 33326512168 577808909481 806121423979 1004399534945 1047770450223 501823402807 1079983899222 694966451886 535252793244 377899249827 376694217073 157033701401 1054541498123 388472709449 921127611509 727295922212 582698800512 1094247994302 426227486173 764867189755 992133036252 887038608891 107646142294 1001948784332 45035902934 566519935223 1024489953924 473686802121 218012839632 814717154177 468107608874 347311431969 1005958434273 155471399231 473390788206 582184033285]
[172262616989 945809099661 137165916216 439245048906 161692325841 1069393674608 496220951763 13519592747 889441819798 705317164593 22158013636 878459894546 340887069287 759694287973 97687507694 158494443694 143023980477 885941135451 1003366907052 532250493216 494602763708 359362059219 206577369607 106822174500 9195411109 14908292349 204408362217 845069117359 451993447943 828774524131 141963370576 523777302320 289813347608 547333654646 779760989873 956124434346 98063950249 130857044835 978786311382 347067520644 99702836733]
[29058355869 1072719765353 120728372085 152036108205 70088380363 766526482327 908318252504 982287231998 6560428146 535919663049 210770108236 561309246118 246775415406 291382473930 697141420651 182217582599 843307511915 757507383899 541149328095 794589109791 711971619978 287334694015 834097327782 786193683290 796788988214 1037684646821 250422639385 636445874456 186762965773 639706357841 1085554703455 699744164600 8001026171 797233483546 6272737785 1097165313445 700952790622 805265692376 1045400619423 774347948389 33526621882]
[12501762222 585326263839 939895567247 454108835107 167470651298 476535857969 321131739447 714994595234 69106196497 534811179711 824379131506 756418009373 388993115153 751852124699 249453667185 1084329135986 314744629417 777300479539 1012860485704 748460077157 89939681193 559382830439 167182299405 579669459043 775669754389 424614384271 932953795402 452753726814 633908111646 255082606898 846116714181 298048145916 991717415686 303029500899 824699439474 1082580594075 176765719226 1019229714935 1081518848811 475286026576 264407461398]
[738706527080 865049521677 889667569929 432854091750 819120155876 75608496572 1017888041575 121328901796 258546318373 633809893973 281218719912 848982672101 473737399667 179372950919 793006444449 1062803918123 33802037422 311787693128 827339733039 199255055002 858109768879 470255380161 654075948693 557500881989 13986287390 935438543827 25578155720 1086789442896 89091498656 1054899276633 292267145675 672783541709 508703380895 64970649350 839158875168 139552502708 583041253989 835576097974 575551451908 978060494218 26428917842]
[1045948162078 453912172768 850134884108 305098915866 369201870294 729884875053 1012490589677 888603712210 268856574011 906255683924 935442062069 5006482574 383544673832 419435317060 881716418028 574608324553 69908201526 825833697438 15333318147 997295336792 317765795020 537486411346 304552723170 838754182214 515325587026 877270540514 926211263596 929318985253 56689545011 870500417468 939283961353 619792001510 406092244669 972718369599 465885377618 578308448653 951822996683 240771428854 445235923617 1094687469675 288418289482]
[285281765313 309134159110 600953230525 863595660561 84737792892 392006813805 214563025572 415844091605 697971374939 79753360034 182644924076 323726227852 206419180574 256258315580 90745451093 284068137646 1086259340546 347081244455 189437751213 647040957 226100017079 718677777957 614350868242 42531838778 764587772423 1014498698139 485536031273 1053140481331 814424712755 430985423065 323081723346 450903460963 61382929216 254545090147 178477076371 363958432356 273819272030 1005074196879 493003746152 45734709789 713529220617]
[355605134997 418883355368 4169664844 82666148976 41971564152 722931578266 790227783831 971333148482 447646745441 645380724794 294290119052 163630138756 333543576266 1012569416270 704755940041 159667574789 932933161698 115152266183 814792782642 428272973834 574020555113 75704535648 12052892508 235068839239 872530742543 745590979101 527383710952 872542404250 724603167472 526369234323 558570934071 882005576134 641679481503 604648160950 807526736510 848476323630 822257242060 465739035577 621653296876 950316772207 904334436928]
[221510056475 494010456114 918669248140 1041500507037 122023120499 1037100297949 602622531043 304397471470 763025083523 738641305615 1048685524334 506909676763 479848535114 899418778712 944199692705 668024119782 422566559779 445353136619 1054926434334 679033768110 293508670276 805117348234 45062415684 26667794070 950980785623 978122539069 137607136306 480626350930 125093352419 519670923429 730473202164 12522791480 25575310008 85157764421 527593149011 614856574819 706172489856 37844536918 59557569792 170593688580 491982778350]
[188659988467 591552820204 876260056312 236046237015 867809281681 759231679408 700259718423 464165873096 180301975043 548659771736 189945341748 536794000756 149994161350 472447037660 659272796781 1047867249912 1066521936286 877917254987 171677174207 252175390119 892925646566 720114299906 305211008528 260881520503 990449861468 308055765977 537299320329 956410059537 815374413537 1065498366796 396859120756 312429527188 549164147536 645519532337 809073256852 176066316554 418769336751 11124286660 178291079311 1087719517020 9399936923]
[283084084692 375586798108 145959858483 840004577444 859238665236 156264700652 959697850386 1091310691390 25660250007 740568959823 1009804934615 1049116440 934726938057 1066099244084 466125340427 16034971149 760982108662 87074891030 1031140531712 71712713024 200101774538 831504865874 689581178951 507499368654 710833941611 106665244725 665026630425 1036869643883 571955031888 650922038498 817257780812 226781348553 815992841308 294848218548 649053494299 257754496157 990007794570 775485143927 1071719483155 487166618460 180210269931]
[174497195305 120469036253 286724644844 649875070337 603533656168 1036455445557 239752312763 947927095635 920669025376 444097925532 2076700712 1069055831992 452268453740 970389236743 550560756300 1059778411473 658879637185 1086727502098 800794191586 436093217875 204723521484 1087070236962 214550569864 495097371802 249528262640 638591366560 586939050920 995647130544 741395455244 441679009898 1039953464219 959905226560 168861945474 495436410796 173607168557 16166051448 1700168138 661267004463 1092970255833 874326620159 693063192832]
[604423526455 760083802923 204213493477 70353556727 783684257651 428334380552 531707141031 410388392702 785791434704 281703050615 1074875941978 325080566938 477718585260 1005329129379 1038042709570 468848688914 784296337147 742792420764 791896621790 906097165789 334091696900 851388822116 758459067649 54643906748 836405172727 638823515849 863909896178 303607702161 492654688932 86586604671 1040163959181 440814544472 1065898307314 287351750881 305442718736 487600412919 549923014756 116346844667 57333049206 754939869788 48800432192]
[579743973552 1056251341120 376830081116 202188556104 258853951365 302576948507 857106333190 40226995130 703890368049 661289146229 270715685399 676184370468 936432809159 917539025437 580779524445 882982298236 693609002413 635734119442 766794298525 266655801688 1059076925298 527763313587 441179710857 81174667144 428764015525 875292530974 52683665 805851842628 277763708221 782316780947 203128298225 595365545188 1004634688267 370084601623 908876796430 1018001089155 887816131410 532547015518 841874371525 476038821084 720482087050]
[766871477183 1328389655 102286843533 858142418740 900168726898 85993070221 560912482976 771015848029 590583972168 362277429202 186352483175 557655361671 584964832228 108638484071 550413214391 1012201132377 1071286174136 800863767542 531100289093 671740213997 630322399323 417180622364 898478986456 778155031251 560828415365 962182856444 692796292297 147167019952 6597009478 687487930343 1065863345393 1021915480768 168912562968 107668155576 821047839523 463333236957 240602708447 956541653211 91037004550 440846609823 284393758635]
[1026694384948 373583885030 898183015933 469905508388 586729040250 740794633403 422428268814 109114537272 524711001405 623274759434 602262688487 154321302267 1000706250155 467473819179 240098784671 439659934614 834382500400 849503957307 127897622781 382203322204 773597664908 338510060240 617018247710 791958098581 403352422236 666765344519 217347032327 765551181806 1071114751095 644917239086 623611173326 1028117638773 218296862021 713943153211 450035495552 195264722325 187143772002 352656769659 470725230569 454858053853 1002804873955]
[424418093054 569407118207 784069359194 124043159843 782243149166 1087994732047 814881146042 267047865028 52821125821 508014267110 762480197847 76289775129 634437333380 427237304050 71491389182 343054987856 754585925214 1038826423761 272370093196 829174193530 1031604025762 596510796897 438899943155 1043015215768 520304215544 79919276789 118723112800 1053530144622 1077195211048 1019889572325 297735447438 622235329390 344169450324 132069438187 457377711820 225176587678 1010819145251 674952038336 626132194247 970392830555 680290379377]
[314768427018 57742281831 173147923474 734104528987 1084713957521 645606739662 1010284550653 80177067825 55042959541 260752631094 11290236872 923958858611 396807753766 92644031076 967981412403 93635363233 288902217419 784673712277 629090057021 686687770933 662852465679 184665316699 927932120861 440254584093 129595661317 783314965034 350428057054 219442220890 168223990020 700380857943 517863294376 1094050478456 1036972008198 319350241085 575993700827 224183686310 681289087835 156728801862 1076013130792 1047916227662 538283203982]
[550072211191 538136894921 606659016377 912809232807 165744895656 802090532745 203677837921 647336178675 8157929126 300725914808 55754412675 614306528908 209026643249 326293702440 918586501346 798825587054 817956337407 424853220864 30719599880 144230126722 422626210958 669894526766 156142624431 954028890555 473598038563 558434206034 865112181186 3277492167 509464092859 169966153309 689957516266 210315234653 694652756205 59536862916 861568278708 245782966745 1056605144574 843444943225 737907264666 756958118278 375079004732]
[542687678299 775384881027 14632974466 833715600233 1049371952819 1063217379451 167560476604 1025835997768 549578131587 445422879272 1058899132213 659596508572 876657674839 420999554823 1096813872462 1089375126126 798293065112 407160260737 677233220102 645445580003 667424243066 270667476303 79420183131 632997876715 519852556 774602567250 936229909226 906837804037 279362359898 123906686375 992879936054 490245052795 649007304093 1011180890541 1091373556159 411041084881 996378620449 954352103359 857255589947 75759198136 814732680911]
[836422192248 678264089013 363609946691 357269252113 583849019775 265812767136 839744266121 506305192937 1000269631368 460006611906 138223891026 810193076796 323273464153 1078195555242 954551993221 39206867127 990201443050 1025647735297 995764048015 538064808627 871881166162 253416292495 11196860136 994443305180 47143029745 787655939215 905494882223 566541626446 391766418430 326942409132 791013294999 92317017250 637592122184 202566376077 613545749453 595943147062 274388238285 696655939168 1037871201897 802382166333 977682036107]
[776881461710 777748877766 191532924023 468834051084 908320635629 578464833462 109874048613 507645783583 1067084188274 171499301905 583861928998 22783026390 876187274784 544346032638 23591258254 992917177020 1084187419159 943596510470 468428286267 1053123205214 383145601213 1025795593738 228291372476 17216524508 719415177489 612861179948 710457076603 94696970863 906588974300 122965479080 588532746637 680615628943 1088314140167 966413356606 632660932704 493742313562 603903491303 329346072566 972041203476 204434748406 483626066785]
[656691315471 815493064379 643350354667 7087572097 392805613430 578129584533 783134020719 885334844260 899958742754 508681344658 849744040961 604373884820 518017906699 42439982179 446824438621 782027252703 526873061329 565586090269 453476106159 437156127772 304734243232 333934128550 341800890715 898914390602 628716254447 1075511896866 690274908062 583889692063 886092442184 976998306199 1097242314058 822670783240 548641293618 881715938148 882440175113 147025614990 379520118970 90109260436 644705163028 963808581524 86936847756]
[884291308343 736990508752 443388268083 657627338317 718432183715 338214453817 509867016970 209817715098 379162475503 533033809510 374504098939 378992973979 1067285143287 291498666572 534740980749 172315200297 546557186602 376931916774 1019660892856 902619150930 488842846113 585546757725 184698640433 891518845537 619346318663 415433056072 396912304781 408667732381 1070655886116 586967221287 30494057683 244924444327 927781164839 350908886840 43204805594 318217710572 936326212611 506710301220 67229433430 705832154308 127435850293]
[717529247553 57710564785 178595075027 1080058971540 4906050220 963173992181 190708371855 999026753858 941675956315 163493788705 519931624466 670731785078 853829653478 628118169591 749971172575 524691235655 957562008671 575714312971 939526828248 281438739752 347822953836 305410748247 892175047923 311308180497 461377487226 273200256031 851167894906 972240149882 53283962340 1033281701689 734825495449 565283269231 490181581361 648311952448 413455611009 437149474897 212797811217 862160755987 765173902640 1095603980514 162717408221]
[136361147139 755417934590 746351756479 206404956467 1001559787852 817794495409 461083946953 544077844548 787264863387 863399745537 862930408229 57056353523 850770877942 633354771147 1021226232096 750238922725 903888460419 504614826645 781863315994 413865370239 618303022181 967182976235 645909777973 673115186709 942764740152 644132655386 292646476717 544677770874 768834141306 959209843772 832085556050 40868395543 586578592578 962322132733 205896716388 27934369216 1058892934769 708063240018 851095319636 1062222243173 953387807206]
[511495329029 818621333095 740574240294 371477380044 1037894073480 977002252996 310598412054 417520086730 99363460963 703194574598 697496097911 199819852892 1073182149742 269698399103 774648487084 820884538427 595371243863 989790739906 937649929483 768708407750 721934846697 293066988726 229786108345 1482352133 403706409427 12014385029 512421348106 188945864806 1044551244346 116738717346 343175755549 984094667157 718602733325 470955486300 1044209398315 435468760057 32095663257 205373661639 903448714978 131821190840 513765507788]
[879726034802 799000784001 362847285740 637016229851 729246465485 338748386070 83357404732 188323234247 289211579042 594907950744 406547834008 83796960350 378992841429 867128242278 924546976522 446284561254 620230073925 339544007029 447520314925 662738034698 914246182343 123475138800 1061817894665 489248621364 698074408849 449605214629 242238864725 242570128956 650774593143 528640306312 595643600648 598918066967 887027361501 864513209560 189323018781 414048290783 974528016411 319594574060 70697162510 524142768938 700024982178]
]