============================================================
APM Result
============================================================
Matrix file       : kernel_34_40.txt
Matrix size       : 35 x 35
Prime (mod p)     : 17179869143
PM block size     : 2 (fixed)
Deviation level   : 5
Minor size tested : 7 x 7
------------------------------------------------------------
Matrix total time : 1037938.5771 ms  (1037.938577 s)
Minors tested     : 15554052096
Avg per minor     : 0.00006673 ms
------------------------------------------------------------
Zero Minors Found : 1
============================================================

Full matrix (35x35) mod 17179869143:
                0           1           2           3           4           5           6           7           8           9          10          11          12          13          14          15          16          17          18          19          20          21          22          23          24          25          26          27          28          29          30          31          32          33          34
      ----------- ----------- ----------- ----------- ----------- ----------- ----------- ----------- ----------- ----------- ----------- ----------- ----------- ----------- ----------- ----------- ----------- ----------- ----------- ----------- ----------- ----------- ----------- ----------- ----------- ----------- ----------- ----------- ----------- ----------- ----------- ----------- ----------- ----------- -----------
  0 | 15235913626 14342101211 12185340005 13861071811  7817168161  8990377904  1818166700 11901614196 12090754789  5466960428  3090644250 11990470054 10704275214 12089002732  9655621834  2083771648 11032516496  8854625550 12722474667  9179525583  6673638551 15954311948  8080630853 14436451739 11218839436 12131734494 13489710254 12757623454  6681212755  1205301488 12880189700  4831613706 10980442780 12791288418 11436147598
  1 |  4289728468  6146827510  5304737349  2630818414 15998532609 12256140906  1516286780   226482751 16692074563 10474155512 11519636492 15236212179  2779936033 11659873061 14821651445  2089718806  6298580296 14506457738 14383836400   333005835 16033916758  4861280485  2386211367 14973180004  1108432310  7681383729 13906328452   762586090 10548308168 16355068139 16320795796 10116474396  7996235535 13372648747   691650354
  2 | 12470225955 17176861581  8227893789  2096149471 12680177924  1381663049 10863500917  7640667886   303979767 15345202797 10723419126  6662841309  7109259625 15998784781 10079343745  2369290857  9151861785  9008224694  8562214217 17135775919  6870344268 15116631119 12364916370  4078340916  7387778345 11527148358 12912203097  7804742058  5557769147 12929584778  6772165583 12950981001  3021131477 15326743542  1513819382
  3 |  7678640347  7129890284 13468197065  7769887675  5633079988 14929875125   347312765 11021511985 16113871773 14825786971 14756378396 16481534825 15084845720  6987996307  3073263319  9827908135   821126998  7030319230  4922746609  3937887306 16837346863  3748433296  9817281968  6667846995  4494837283 12115345293  7962207824 16935419522  9294103039  7647776161 14212491373 11437765164  9874022145  5285414351 14516512013
  4 |  5640187310  3816457946 13561526557  3711697855 16113471366 14450429440    52578589 13008298495  4203372766  9011800777  3668300711 14960728155  3269697209 15904785499  1975071926 12962833578 11473642232  7457465539   661681169  3332467999  9231054351  7524808220 13767084459  3657577565 10189721735 11129880366 13960000891  1870824578  4595643179 15227212949  5947297730 15916423642  7773842342 15407063434 13378731221
  5 |  2577129756 12521595067 15698928750  9405320554 10290963009 11414219155 12988488548 15238332336  4068458193 11734005581 11878364630  5892501415  5012301308  1000864376  1234826603 12153023624 13716013179  3283887452  1464395144 13616232246  6475701502  7173975040  8054926072  2280751710   859318111  9896316237 14047312402 12570167461  7434702924 12976098606  9716816066 13281312724  2383652583 15413320937  2406476915
  6 | 11087704081  2519847447   869737080  1828808850  9355872022 15803802064 10710669012 16946573975 12918480191  7038970203 11297786370   179517104   301420563 16467879831  2658821441 16875341416   459990287 16953758171   327539837  6313965460  1985017504  3674689045  5049337573  9901244228  2330387879 16201850223 10730660875 10865085793  9665325177  8805760998  9555294237   212213556 11199612796 12587144012 12379246142
  7 |   320739907 13398659015  6714119599 10321617065  9098512337  6306957783  3545610315  3074047003 17025836818 16891662473 10980001719 12054402477 14274122211  7365666053  5849677815  2485192204  7898602331 17068488759  2017098836  4252449575   271050741 10447530833 14696008832 12108728602  1155276388      224139  3237425527 13899100764  7317263964  1184267947  1881831998  1611949853  8508058376  2371163164  1940222218
  8 |  7731902286  3276875249 15599245204  5673183247 16977966517  5952997538  3861793502  8065679652  3890241341 14296249938  4624971117  7046609549  7497322036 10096744127  9156888241  6152428091 14690250054 14453605255  2854261316 12518824952  4949557131 10122265064  9921739108  1169990401  1130305794  7720517044  7124677508  4551314474  3162965711 10850773053  4134585447   793477966 15241100866 14500488194    30711117
  9 |  6365349499 11690996332 16224354729  7050226092  9159849123  9911912536  2028166839  2491947021  8259940248  5891877130   262853830   881083546  5264725325  2177455954  7123878233 15618226958 12984546489 12012195287  9013187188  7844063618 10208033842  8925471423 11067154087 14917696043  9940998582 13416613873 12217407275 10067802526   465431629 16633166174 16820952903  1872928292 12481926252 10321773583 17050078468
 10 | 12137123810  9318211408  4591257064   744067082  8200186009 10851561353 16868220477 12207072614  4403545776  3185500708  8426302540  4070993530 11938813344  6667545140  9075175523 16348783054  6605424038 12111597655  6160316676 13246346935  5307687414 13684145983  5850515996  2475688262  4128882612 10786568762   634900585 12765046268  1245930406 13845486868  2163131325   241165242 15247190472 10154108185  7459091651
 11 |  8482696761 11215529199  2014849565 10653326075  9014759246  2200061864  5729940506  9745080305  7209796130  1557477502 13772180408  6343763137  5890063804  7069094638  3194092414 13723678475 15998202235  8977105728 12253841311  9590096433  4877637189  4077887621  2083669882 14353169699 14427687202  4082080033  4600292677 10832610577 17035479448  6026409243 15430092767 11643433834  4577506349 12861770499 10946231479
 12 |  1733615231 16391791643  7083030986  6687857600 11469088354 16933627429  2219283706   679130692  2662014464 16486286043  3156023787 12939029544   615603541  9481101008 16285433833  1128064816 14805106431 15722342850  4818959172 11671520463  2970915981  5024247805  7054698081  4963120640  1087218335   439301274 16445172564 17104104879 12803352954 14242278606  2141972253 13904674540  7395180944  9524380284  1594154742
 13 |  5940294293 10261345818  9811982657  6308372362  8342846537 15328344984  8434996748  9552667493  2968690075   489462316  4018639277 14354102296  5822312292 14318651050 14571219479  7964970758 12215618294  7808399738 11526072320  4196539214 15222893306 11032952090  5183995267 13644697303  3630074351 15834725194 11995835579 15024441628  2887889380 13067232044  4762539972 15064617803  4476238941 14070447415  1570258635
 14 |  2196779913 16870803824  5709949254  8280188715 11010445610  8225057568 13885357008 11122097437  6193267780  5796066023  2601239773 16939101584 14494097888 12032831758  1888853030  8211001893 11363811685 17002887574  2602440719  8424905309  1178011279  5628200565  3492414990  9285787018  4712028625 12681671336 12146440509  2687439938  5350617084 15612751100  7819285186   212503419  3257686782  2605005475  6339208758
 15 |  4184682629  3058834335 17069987772 11371717993 10983353680 11086335515 13046830327  7610870009  3279884322  3600122755 16306806707  6694497031 15718920112 15951365841  3972740998  1562346318  9780283375  8435333775  5315992039 14569609172  5194183428  7469815501  9854979151  6273913953  4384425208 15726046048  9855055909 10369924839  6801777064  5391546189 13186815966 11571884005 15227428715  8685865167 11078192468
 16 |  1315994127  6926883865 12149809007 12589870554  1963152308 15414934432  3452345877 14206622016  1634428113  1637418395  2274017250   428988795   381425892   698647438 14658817420 15760897603  6687883147  5443979296  8236701165  8477136888  8132944600  5605195783 15038448714 10989259251 17151937799 10425568198 10970682783 15424339397 12658027169 15708394185  9881986276  9117173602 11710433112 12607840254 15912302731
 17 |  5481972929 11800315785  1335024873  3309645825  8329376318   509292052 17085583055 12453192374  1652925194  4557443057 14947565036 10630673337 11148928972  7624061239  2019070587   322216649  7477747969 14066214552 11360681514 10652249294 10771233862 13282086385 16244505195  7223303031 14558667851 12096145383  3057072193  2479907233  5812988384  9215154935  6860717520  4752211331 10447842117 11982940265 13132911949
 18 |  2871028660  2992504570  6624799287    22930755  2058021723 16502873898 10135378265  7821416703  1772618012  9869539105  8980539650 15664020526   470907488  2026611309  4840218576  9065337235 10674944798 12015121520 13375981565  4018166955 10723660255 15915669119    59749199  9123726537  3476421596  8814116172 12384469188  6025803835 15754055479  6306055472  3255193996 11712298578  3418289402  6773750731 13943473949
 19 |  2378344449  7696267702 16126024736 16761698384  4914156441 13852851935  7752871054 11046009049  7656755279 12326800520  4428050384   424955426 13376361710  3656381298 13955547312 12717619768 13510130011  7267982912 11608354378 12420392597 13864917531  5552012577  2481842605  3257556090  9130519345  9586692853 11587866728 16472980656  9737142195 14375566876 13932246975  4798514196 15653042939  8211853793  1510306355
 20 |  9627444945  5221664611  8677957256    23238704  6559626180 13551973686 12108157113 10246493625 16035929795  7838411840 14075827404   421003644 14695860808 14130349299 16819968987 14011753031  3939779365 13879900699 12304189253 12464028539   146087698  6263101548 15508818539  4904471302 16968350808  2182346240 14023135840 16797993336  8480690418  6398145417  3672570766  8916502756   553085813  6651664627  5630355919
 21 |  5638103719  2078178523  6169409437  6238099599 11872243198  1007755056 12940357043  8696765269 15424645130 11079755350 12590752269   240199117 12777353681   368164011  2057973759  9205571305 14181817029  2793289242  8739990191 14590197762 11954304112 12947892887   961735292 15615642843 14426974344 14101431129   846030322  8037946192 11675527380 14124810005  3874541784 15021835850  7988570121 10922732966  9858565533
 22 |  3219890846  1620320061  1022933746 14579944734  6556601482  6863308155  5270896687  9478018694 16332606856  7360273197  5207370952  5965067394  3001313282  1518582115 15538222272  4753266914  4329077378  1486155465 15423062240  1199253570  9639922751 13637546712  9781596262  8774514233 16736146652 12004553612 16441848488 11502345762  6565464314  3849867328  4473483578 11675639952 12764668358 16691673251 14669642887
 23 |  6337533649 11318847890  2730685538    53040917  5795251127 10151277429   765544872 11133479212  6985956981  5273632348 16166279201  9509520162  1992681915 15299521441  8153784016 12606519284 13565885893 15339617368  5596894174   429713152  6295148075  6161495174  5311049627 15765869404 10489597696 11881060408 10350342630  7727165314 10246043108 15140517797 13997033713  9051814060 15704773405  3673409855   161365373
 24 |  6898084612  9058399404  4787608461  8426952817  4680347091 14615810724 17134121576  3072899393 12736943065 13384441950 10729671335  5678543632 12778635729  3788707977  9354742416 16117005120  2528044000  7606748266 10109922579  8228561801 10687871145  8794140522  1682171683 14382532770  9411793783 14786624167   283858937  2209918369 17162149113  6246992604  1117466580 11416011674 13255614915 13355078450  3340040257
 25 | 16319348682 13016557516 17066792456  3208298297  7601268457  8131855198 14569937581 12304699732  7962742636  3750929542   115608461 14937731166 12530850206 12946463355  7894586136 15292789823  7696630963 14695843004   243863488  7272493875 16248623016 12134291422 13548240958 13611459191  3676023163  4704627590 17138322687  9808204216  6303694046 12131714196  4895411695  3220181524  1647090661  2871356788  3262515517
 26 | 10148487632 16579117698  5465659829 16361794137  3348306767  5578976873  6228685871    48814193  1094415113 16485389281  7815806931  6629048484  6773926375  3807975374  2382368886  1161833199  5267898121  7473479677 14119052764 13695633813  8547249679 16783154852  6944736589   205325114 17018645425  3417455786 15613381210 10568764279   883284464  5422137292 16612623330  1475175544  5215259912  4709408000  4908044581
 27 | 16428054324  1569158253  7154690862   879357573     8874166  9824237811  2713981893 15653591816  8199190933 16959184830 10633737770  7765711253  6857108663  9270284655  6318671972  6994603921  7562869606  8634943749 12048974827  1126217935  6471019269 14499020505 12787006963 16082750837 14251684785  5549840634  5506499685   534795532 16089785306  4218695470 10036288255  3003313400 14125804854  2423630502 10918548584
 28 |   826124388  4607902851  2375859795  3916163881 14957924711 14448794188  9406048582  6144074625  2934420605  8839379629 15314018173 11502268530 15499554138 12835018962  7506277867 12040631029 11053087542 12557519657  1515363447  6688041822  3258596569 13244151606  5591608983  4739723299  1708143606  6457460782   645155622 16971899877 12788631379  7704750375 12397347710  9413372788 10937610908  7663327275  2116794675
 29 |  2178876372  3120646834 10592466586  2615673952  8296434738  5125745019  1438541239 17090059464  9075730609 12734625901  9868064616  5074192667  4549897136  6201455049 15903169993  1618087725 11068212274  3443638979  5522996574 11133003034  1975625192  3645478935  8317630154 10212172024  1417652906  8381791962 16328309335  2027351723  9567514237 12819048957 13130907633 13258101013 16527891066  9197616048  2581522204
 30 |  7817309366   883297732  2877896099 13885979665  5619538319 16285109736 13144848387  1949665483  8858238095 14804430384  8051587624  8475567192  5274864503 12608020701  6288326760 12412954651 14044182155 17036165291  9720715690 12241473179 12107054674  1409383580 10572662879  8874582865  5160149379 12452132419  9731009155  6921047630 11996610124   651937449  3635699477  7269466789 10991809131 14562354902 11131591062
 31 |  9697892335  1750064456  8245311978  4145606457  5245472624 13688261006  6557968182 15121419829  8513895249   343843118  1628386646 15956948506 14060814234  9826760548 15277105847  1325647295  7824844019 14841966417  7680918078 13299266155 16847047457 12615089463  6203302007 11640908928 10827914388  2946341119 13174557911 14196221014  1454419273  3731113473  9888789663  8998356334   643031964 16207975651 12565879596
 32 |   471732638  8641390782 14954848314    58472378  6292127829  9363662801  5467686981 10693831259  2989796818 10725750935  9993760113 15095753929 16029699896   620528901  2498935672 14478563236 15129504287 13728808600 14993859301  9463150430  3754878336 11424342696 10567327681 13253072096  1848057261  6965565904  9714615258  9697032058  4302616510  2708043023  1247958842  1200302364 16689494700  4785436147  9537355039
 33 |  8064219183  8283978645  4475860664 12863907492 15694793263 12088576231 12205617086 14348218844 12968251853 12092861394  5786988159  6174816340  8054476801 11088054167  9559376350 11474335438 11845198834  1900272509  5153628045  9842539466  2227627007  1145314038 12363495401 15422304361  7011664261  2316793156  3926533167  8112590819   216076404 12251706262  2091118646  7475520916  4921768093 11601760220 10729840948
 34 |   591542673 15217195862 10542453723 13287295202 13514113851 13781677229  5410314303 12862858233  5084755159 14009735096 11130895951  3134627056  9175685957  9326547127  8039440411  7811150407  8446798968   929484368 16409316400  9699311673 11804623388 13223289075 16904004949 11677739441  7783719471  2897766626  6425671727  9736138952  2147317695  9457380165  7281177635    18503802  1514268653  9094331498  2849505404

--- Zero Minor #1 ---
  Minor size (k)   : 7
  Deviation        : 5
  Principal block s: 0  (indices {0, 1})
  Row indices [7]  : 0 1 11 12 16 27 29
  Col indices [7]  : 0 1 3 14 28 30 34
  Time found       : 1037922.0261 ms
  Minors tested    : 15554052096

  Principal 2x2 block (s=0, rows/cols {0,1}):
    [ 15235913626  14342101211 ]
    [  4289728468   6146827510 ]

  Extracted 7x7 submatrix  (det mod p = 0):
                  0*           1*           3           14           28           30           34 
        ------------ ------------ ------------ ------------ ------------ ------------ ------------
    0* |[15235913626][14342101211] 13861071811   9655621834   6681212755  12880189700  11436147598 
    1* |[ 4289728468][ 6146827510]  2630818414  14821651445  10548308168  16320795796    691650354 
   11  |  8482696761  11215529199  10653326075   3194092414  17035479448  15430092767  10946231479 
   12  |  1733615231  16391791643   6687857600  16285433833  12803352954   2141972253   1594154742 
   16  |  1315994127   6926883865  12589870554  14658817420  12658027169   9881986276  15912302731 
   27  | 16428054324   1569158253    879357573   6318671972  16089785306  10036288255  10918548584 
   29  |  2178876372   3120646834   2615673952  15903169993   9567514237  13130907633   2581522204 

