============================================================
APM Result
============================================================
Matrix file       : kernel_34_49.txt
Matrix size       : 35 x 35
Prime (mod p)     : 17179869143
PM block size     : 2 (fixed)
Deviation level   : 5
Minor size tested : 7 x 7
------------------------------------------------------------
Matrix total time : 126071.5090 ms  (126.071509 s)
Minors tested     : 1944256512
Avg per minor     : 0.00006484 ms
------------------------------------------------------------
Zero Minors Found : 1
============================================================

Full matrix (35x35) mod 17179869143:
                0           1           2           3           4           5           6           7           8           9          10          11          12          13          14          15          16          17          18          19          20          21          22          23          24          25          26          27          28          29          30          31          32          33          34
      ----------- ----------- ----------- ----------- ----------- ----------- ----------- ----------- ----------- ----------- ----------- ----------- ----------- ----------- ----------- ----------- ----------- ----------- ----------- ----------- ----------- ----------- ----------- ----------- ----------- ----------- ----------- ----------- ----------- ----------- ----------- ----------- ----------- ----------- -----------
  0 | 16577357788   572855271  6040154316  6512208798 11622456766 10231235362  5741110823  6008495394  6144345078 10123997641  4278573876  8087679224  8848429752 13571242559  7380658964 15285571486  8370876061 12257907533  2186857158 13755934632  1582467490 13046995596 10588168222  6769200819  3307719088  6229610076  4236909701 11214961037  6560797245  6905556254 10017830196   465411010 11469145432  9618191463 16953846327
  1 | 11371732205  9709085327  6378049119  4254403886  7413178496   793597297  5670566215 13338816376  8581537998 10681425149 11800391957  2967074329  2548893634 12539365658  3722322840     7358527   109221026 11578049016  7069253340 15520008956 11590464351  6931503655 16804474358 15531985544 10964614257 13262181057   564176163 12195850494 13714956692 11204327580 16505228694  6786252346 16887380446  7554474384  4135456922
  2 | 14364995848  9746094036  2914602772 13030631817 10517651259  4355623462  2922923213  8455769455  6438020676 17165040773 16863944909  7396445110  5720041412  1516166396  9559930117 15268860872   296396746 16641221478  9278494896  4259026115  3776387544  9172980901  5968471733 16157552775  5800532166  4444572483 11873013900   494520152  1135340585   333576212  5295343396  4845313782  5872558000 13213113494 12940093537
  3 | 14690237078 15817979702  8805315593  6488888493 16208156680  9706839395  2290999740 15737720373  7535729308  9160492527 15059077107 17017098851 13736993052  2365565768  2861046196  3435272009  7000783172   855017928  3168961797  6506534863  9156815858 11297891442 12735365228  9267459804  4479048946 11379882405 13650006195 15070546166  5797642772  7820770528 13005191071 16364267444 10124380648 16509264610 11747812244
  4 |  8927506354  3780230801 14908793109 11758621747  6511337523  7648570060 10074757775 10578065516  8587209190  1655689421 10597512157  2000219408 10630070482  8831212370  8588907305  2400030036 13135456905   258575097 15760358485 14933506466  2508357391 10464095527 15898601797  5080701945 11420369735 12828645309   583759523 11412273938 10211004332 16559691249  2120957640  8696980386 10011335731   511033272  9272603063
  5 | 12919177567 12874532020  4356925870  2802219358 12954855111  5581546488 16130856541 12823214446 17127109000  5809634975  1476186754    56348145 12773544753  5897118929 11813562728  6503529813  1179537600 16023801284  8116257568 11279356060 10510718924 12666393480 15782632593  4681656310 15273853754 10117231421 15389624663 15561759123  7051085382 14251157256  3159650331  8306942379  7040281906 12988199713  1032383600
  6 | 16930803738  8105976836   623712728  7319818722 16960258829  6579839904  6448161178 13067694467  7637603658 14999602812  9152915143 16487375931 16939525005  5674527045  1714845980  2890880260 16297463906  8907069969 11068279519  8908629472  7263657425   408376668  6071264436  6183840726  6011159614 16782705306   429089734  2360466606 13399440655  1619740600  5699330772 15395604963 15115897237 11776870384  7707394445
  7 |  1074571148  1348953271 16779997799  4382937143 14143327584  4155519261 14053241395  5230410750   494540203  7283499192  4941428526  4321775681  5105637846  4330328825 13745727756 12123471877  5473955995  3721822937 16818683287 16156733071  7495047271 15420061072  7963342396  3541270439  8084490397 16376356635  7091251883 15411920088  8033622842 13175690817  7470374980  2441436874  1163066474  9240420925 16830064923
  8 | 15266834226 10701101936 14144254518  9227988987   431455408 10974716622 15113562242  3754399932  7806934416  3782895184   686879345 14706308950 10389120441  2787347713  7015746438 16268733694 11307720792  4634176759 11387602266 12960903522  5604370114  6839147845 15007678709 15888955313 15796093981 14845860882 13128279155  4425801452  7344420793  3126420099 12385970092  2145401306 15285563705  6639698090  5916482589
  9 | 12713127826 10248603339  7623694668 11429727541 13040288257  9095777491  5770123032 12889421434 16568358636  8685885656  3950547001 13015306148 13993182599 16746256329  4887437458 12620970649  5430984829  1048830655 12840742247 14465204518  1351099583  7875301318  9608821192  3202105113  6908775719  6919151156  7329563604 10545238658   885730152  2055818483  3544001152  5362944726  4888331828   263440510  8447194588
 10 | 13890255348 10496541517  5671560325 13940676786  2463430934 14630950928  8498536840 15423987693 13905110877  7394263076  6424351492  4456865423 11722310046  8393658999  3756477450 13064421606 16522344278 13070821385  2656896994 14982498715 13789588307 16032751355  6616520438  1719393199  5323777526 16653933045 15347200570 16484953816  8614870915  3284535866  2894622680 15001075557  9399027457 13594556025  1656149642
 11 |   714212134 14066617070 10882696189 14628608101 15475939030  6417803738 15140133275 12251676831  8171517017 13131240159  8341087092   437766266 12621556726  5950428549 10638027009  5513843240  5919733958  7547738954 15734945167 14798408427  6003849039 13888294974 15703634100   939146947  4201060109  2452368902   452604415 12761677208  9648252534  1348429279  4793187505  1097118745  4461710273  5300205168   273243492
 12 | 15076083873   194297572  6284727628   696905892 15920502211   678789192 14277013495 16612157183 10799108275 10967781422 13988135593  1841616324 14913889605  7253626797 16642735345  9738222727  8302996573  9706453054  5977984689  4375618542  5156833465 14968600592  9205783142  4457283365 10604665449  1861735469 10481656165  9021018326   264143514 13379335453 15169711998 16139733945  2307651898  4243779246  6782500247
 13 | 12125760584 12191662442 12565156396  3870334762  6331206652  7449274490 16543900791 13798368990  4425465745  5286203550 14825136864 15235458188  8209354931  9355901956   888720882  1572709853  1956449095  2452964481 15184248389     6345169 14753252533 10876622861 13295997081 12789027044  9652360567  9336662151 11657561832  1593138411  3376655299   686835512 13612255406   213253943 13570010961  3931057246 10203371506
 14 |  2179191775  9543204755  2753041961  2176858071 10674705785  3188538456 14789057187  7579807867  9697569353  3109212577  6779970280  8139866537  8536883137  9995060695  4091517936  2587209440  6574432990  3762848944 10946917966 15633690045 10930428165  6734691209 15830809467   801566888 16251948820  7994801068 16810351935  2627119084 14832414353  5612955054  4721988934 11994713829  9242593362 10976001109 11222934377
 15 | 10589396407  4192834166 13128883603 14964121281 16517208715 13979314276  1886945053  3172441811 13358957851  1524213512 13146153610  6620435586  8503825678  8840054054 12219282070  8400889671 14004779127  1132955130  1684777215 16784745752 13374300838 16879002278 14466884625  6397056108 10794295080  3589186847 10713908435  3887566833 14249674224   140236213 14385002158  1348361299 10627129721  2328510387  9820990137
 16 |  6587756750  2233250549  6666868021  8751982370 16230367891 14386777151 12566832941 15697677593  9480194564  5576716282 12006989940 16957732408 15649291147  2939636347  7790029461  8997306542  7364978498  2678766982 11879641743 14878377019  5408077096  8020961668  1932771697 10654332491 11612854777 15774767978  8179291728  9825620999  7590844769 10681196787  1176831483  8409829911  4373307342  9695499923  8661423149
 17 | 17058075336  6910136206  1280979891  3595922763  1030026106  2425364119  7714918810  4944930808  8910630885 11504177701  4110315337 12839087074  7874093954 12617166453   982763934  9988439432 11504490762  1879885383  2740680927 10736297090     3811760 14486469040  2213467281  1590892970 16243593280  8499459328 11522940558 11932496114  8749358363  9495641669  3781109877  7338710116  3527498889  8514315307  7147404007
 18 |   774520532  8580573202  1346211149 11397766968 12338154682 10722255254  8664601873  9130793396   972818097  9322744399  4302135990 10738500722 11527184282  4581091443 16144795513  3932964563  4785957691  9176473011  5573814157 10847434332  9245950014  6825226392  1876322965 13663798590  6538333963 16132224337 15610391429   699488550  7054150526 10402358279   460429880 10801101199 11306949808  2151064291 12014559714
 19 |  9295519249 10147000919  7696127034 16803923738 13001629607  5054477488 11179654500 11586650344 10961979063  3442000058  1377963102  8572533101 12678406999 15621581268   572138788  8515273970  8996570923  9080380348  5937733943 11757268832 16149888543  7882770712 15881116263 11503839716 16017310969  9522250856  3483092000 16098203184  8547725384  9652547193 15403594811 16429445634  5886810792 13899495241  8009458270
 20 |  5287157302  8364786434   633536893 10828806236 14394036361   431953985 11260646986  4627742401 15706619193  8751333384 14386755955  2463519530  3505099386  3372388102 16457215780  2516113574  3960004110  8832239809 10729193335 12380838177  8572198819  4928936172  5848891310 15581913185  1347278897 10517376685  3708822306  8006778316 15903953154 15095939638  5762328703 14699986664  3410217211  2777363717  2228196241
 21 |  8342159100 10151788266  8700784012 13151144851 11136036891  1862179102 10463146791  4741739575 13710143501  8659092855  8345826738  3314988205 10276486297 11681946288  4740862611  2230122026 12809452125 15318595497  7024403471 10143514138  2709225556 12524096873 13888615187 12293136916  5967182085  8111267301  1019956403  9711216482  4902850158  7840384544 10478657609  6888656346  5346572474  5750038319 10108631036
 22 | 11956102312  2004780786 10996235639  7151999222  9866370338  5076430410   297871915  4504524460  3897243121  1804933215 10961277481 12306896286 13199503551 14795374137 12366054157  6206207855  8510119518  2286280115   539216029  4973912159 12629190098 12926742073  1881627578  2981300370 15541815201 15361451104  6125130123  6679214879  8072071513 15253177403  9112855021 14324190820 12775639446  6286540829 10986922257
 23 | 11448695275  3205387264  6979939021  6689098660 12494050019 16985451021  1742021524  2259782364 14825246187  5054919514 14673426408  1568600866  3462437340 10542562789  3292155463  4758435875 15428000238  3838575366 16611757945 15547969243  2295644253  1050610996  4529483137 15181187164  4442677354 12948548441 16718287143  4716385797 15886493065  5852675964  3314698215  9731160938  6768921884 10401592225  8585374573
 24 |  3721002242 14043260644  8725714896  2304659475  7750719093 11769699980  3848334808  8849861122  1189672553  6088042765  7082636782 10972891966  6769536534  5207465574 17061438013  8946815175  1889216370  9326981709    10972569 11021748021   463400934  8679535385 11881706123 11896291457  4101666452 14395595486   347185387 11321078457 12186198697  6202997185 13578883728  7073236779  8514650161 11592553827  4155087424
 25 |  2691229970  2630119065  7650412615  6087825846  9666104887 11290161629  3463050999 11216322150  5115040597  5975366232 16268460077  9331010500  1137814107 10053728308  4115675873  1046999073   516839235  4170855932 13918757933 12591315060 15408398171 10965202901  1232690433  2854988618 14287237316   160279853 10036272945 14884577242 14277154498 13367231791 13919138261  3576823903   448169120 10631452093 13125958888
 26 | 14343632475   767079844  7575707293  6339883107  5655904984  9791651617 10151511189  3314756955  1795037192 16871922253  7075030120  1382981049  4567204409  4681576279 14180340303 14885000174 10583638405 14916023566  9460816378  8207159299 12305488866 16910489242 13060360457 16397054074  9585201489  9980608781  6712909432  4694850186 16586672381 14492951360  8651501865  1447249846  8026157828 13111851983 16333036436
 27 | 13395172587 12395557561 11998888160  2843508796  9483047222 11544586345 14276195241  8637606682 11475908440 15379053949  6757460336  3054942239  4597143658  3727447834 11386456627 15036404692 16792822555  9827309434  8368650152 11689257290  9635852559 15235871299  8709625884  7553946771 14073998883  8577686393   164491684 10632974440  3388474806 15505059355 16997616553 12787681733 11052442949 15355166605  6157492201
 28 | 15055820025  8846072485 14638530744 12418198445  5832181260 14893324403   210475646   339796410  5151923995  1217977553  9011506082  9140493707 11697566185  6235831643 13228881918  7071067523  6905305470  1959593419  5246927420 10765427558  2407500351 13282592597 10609809283 16150269989  2340923270  2378191994  2416321472   522254005 11769715107  5438549116 11030143185 13839898164 11976352582 13436685088 15329348681
 29 |  4266312061  9184973140  2701800492  2368824861  8277729514  8073830791  9245303452  6789570613 14687093257  3236457443 11065625479 15661379676  9389168776   813407673 10309142052 11552674895 13183989830  4638482939  7361806759   793882976 14480694384 13618087935 17166861040  3206936494  8366873031  4239271228  8761559596  7709268278  1705221323 16588233269  8458901043 14099166037 11367180172  1272688203  4507669701
 30 |  3941698029  6341164193 10301612261  1982000832  7516094606 11136733615 10161233862  5931052924  6740435721 15110609869  9229549683  4500584572 10884803143  8187186023  2493227767  8658185920 10721150703   240025706 10130499491 13558215236 15709273469 16836904511  2761580259  7871017905  7123612127  2347539176 15591912507  4011325175  5840944646  5575578305  4137850974  3994425677  3582192155  1182222221  8923915541
 31 |  1446995075  3917248629 13905438842 10547038477 14634712724 10850169103 13784869821 14664299168 12549127612  9173763611  2410312338 15628642105 14688136599 14849334162 15443759299 13089001996    67974467 14994145847   109276644  1143870162  4743221121  6114322707  7926100873   881692792   553116592 16261628079  4682456096  8138241595  5634170168  8634572793  2319843567  6411609606  1273332518 14979479578  3172625374
 32 | 10048561413 12526045414  5299122162 16576881969  4583356339  8180596110 14884308540  1026240390  6402494069 14802651490 16278231636 14047664951 15427992883  7515280269  9838539218 11449201711 13617649752  9355469768  8390177761 16699250386  6082223478 10838655292  6968664923 16533196999 12874147237  5151119455 13514078269  6631016963 12353488126 13209511799  8208939593   493827935  9718627443 16469501281 16939387268
 33 | 16493594316 13739352923 12380349364 15129920809 12984296127  9929490090   264055320  9967282064  6568028276 12377929172 16786300557 13189214848 15876682741 16047061650  4344393696  5794706187  1237484692  6394314917 13914706689 13722433198  5148355477  2759722463 15405797924  6942928470 14988896529 13914257371  4708418249  2243902636 12443286608  3327981881  9980548664 13678423599  2161353669  6636980708 15597689341
 34 |  4160023582 12895031329 15229081996 12210653428  8139842034 13144713038 16908773311  4047737921 15214065361  4314616722 12439692949  8166421284   624919690 16741589194  5144992076 13150895550  3694935190  5022989690  1743952069  6119378843 12962742183    78739362  1497245273 15856040082  6264017474  7564787112  3837085184 16380892815  1983164530  6657323091 10619841349 16107632010  1238282854    47195048  4975268452

--- Zero Minor #1 ---
  Minor size (k)   : 7
  Deviation        : 5
  Principal block s: 0  (indices {0, 1})
  Row indices [7]  : 0 1 13 21 27 29 34
  Col indices [7]  : 0 1 2 4 15 20 31
  Time found       : 126054.7969 ms
  Minors tested    : 1944256512

  Principal 2x2 block (s=0, rows/cols {0,1}):
    [ 16577357788    572855271 ]
    [ 11371732205   9709085327 ]

  Extracted 7x7 submatrix  (det mod p = 0):
                  0*           1*           2            4           15           20           31 
        ------------ ------------ ------------ ------------ ------------ ------------ ------------
    0* |[16577357788][  572855271]  6040154316  11622456766  15285571486   1582467490    465411010 
    1* |[11371732205][ 9709085327]  6378049119   7413178496      7358527  11590464351   6786252346 
   13  | 12125760584  12191662442  12565156396   6331206652   1572709853  14753252533    213253943 
   21  |  8342159100  10151788266   8700784012  11136036891   2230122026   2709225556   6888656346 
   27  | 13395172587  12395557561  11998888160   9483047222  15036404692   9635852559  12787681733 
   29  |  4266312061   9184973140   2701800492   8277729514  11552674895  14480694384  14099166037 
   34  |  4160023582  12895031329  15229081996   8139842034  13150895550  12962742183  16107632010 

