============================================================
APM Result
============================================================
Matrix file       : kernel_34_47.txt
Matrix size       : 35 x 35
Prime (mod p)     : 17179869143
PM block size     : 2 (fixed)
Deviation level   : 5
Minor size tested : 7 x 7
------------------------------------------------------------
Matrix total time : 514038.6880 ms  (514.038688 s)
Minors tested     : 7777026048
Avg per minor     : 0.00006610 ms
------------------------------------------------------------
Zero Minors Found : 1
============================================================

Full matrix (35x35) mod 17179869143:
                0           1           2           3           4           5           6           7           8           9          10          11          12          13          14          15          16          17          18          19          20          21          22          23          24          25          26          27          28          29          30          31          32          33          34
      ----------- ----------- ----------- ----------- ----------- ----------- ----------- ----------- ----------- ----------- ----------- ----------- ----------- ----------- ----------- ----------- ----------- ----------- ----------- ----------- ----------- ----------- ----------- ----------- ----------- ----------- ----------- ----------- ----------- ----------- ----------- ----------- ----------- ----------- -----------
  0 |  3962044284 14061840582 14251035947  5786708271  8944874134  8256849162 13304632461  5123716476 15568715862  7606540958 12971126609  7534730732 11494664484    27260217  2759936687 13880425898 13316028265 11078644900   291806745  1189253966  1182990186 16658720930 10562629908 14959081267  9258064531  1927191437 11659852908 16045813350 15684768610  4956254841  8791054047   290201648 12716108805  3307866006 15493692869
  1 |   227159293 14545162907 10575444341 12657685306  7935876947 10424158028  7398132310  4800630394  6208778888 15046046193 13614416995    51630345  6096335307 11899102904 12523559210 10534797377  1757699327  8070567938  1706937889 16239223858 14676841248 15571760378 14056483624  8017523472  5129272214 10645134619  3944233839  6084655110 11383063599 14806031342 11504598144  8773181112  2310043099  3861928163  7104203546
  2 | 10982528699  9828001776 11866334014  7644546125  5217742402  8582874073    81820127 16610573209  1646851881 15556889755 11792930416  6162348164  3903251663  6840761145  2838029655 13325684906  5351950239 14586631321  6505316059  3190337959  1505521744  9723508139    48308228 16888043331 12243681773  6007737581  8829927189  2098678960 12004343536 10567681255  9909706013  8312198210  8966684048 13825670746 11473573102
  3 |  6316876022 10591666255  4979419324    84163182 11800585523 12737128546  5490117236  4141283061   946325877  2777929060 13290237986  2570365321 12764745459  8782166286   771736492 10778282758  3364235569  6315920184 10110545697 14774739427 12749978621 12535721238   878499221 14372688874 12966134471 11522946831  4499110105  4826453123  3361689266  5633303044 12509442197  2366695154 15635375560  6956552220  6733167004
  4 | 12023297767 16677696530 11128039097 13967174079  6745451120 11224597710  9603680129  4696317568 11659143571  9653578962  3183308008  6800535532 10252800985  6942097951  7946342195  8792992094  4070154863  4216899462  7337376866 10584607722  8099463461  1544207353 13073490211  6219424917 11521341415 16914521170  7955825831  4994599230 13933913349 16976124733 13919023077 10849131869 11250872499  1345876729 14650407645
  5 | 10641055243 14967253627  7055253995  4460430122  1726792874  9094964639  1348227575     5793899  9692702292  5472336770  8592581594  6541688542 13667801069  6658706501 11537455824  9749369311 13166331859  3010649895  4895825734  3397498721  5936285955 11229792432 16009705171  8012212097 15165466479 11398488874  2842701339  9177113495 14365109908 16165743123 11222296502 14527935423  7907504538  2007674437 10706817976
  6 |   298010707 16083144523 10695163027 11558912156  8625436581 15212017548  8715864429  6003428511  5755060919  1161811361  9103700708  6275679168 12108710947  9702530879 15327948307 10232196960   611154898 13778809423 14741734272  9875844392 13964816676  1508691641  6140079527 12924347574 16824470918 16368656028  9300755237 16756604774 15306681698  8217936915  9329211941 12957029735  2645045282  9552723374  9160683181
  7 | 14843363119  9722179579  7422554977 13778261443 14065266095  8111889915  3060063720 16470528190 14249816753  4673669066 10037639564 14814459282 11010226310 15872512314   742674310  4486026065 12660533946 13325476731  2004052532  7100842818  3650257308  3348008965 11569018670  2810959218 17104741745  8229433024  7175241771 15614908998 12155673699   402408608  9580850692 14374038165  5599340307 12262570289   854283903
  8 |  3488092842  1670307385 13857030106 16893264167  9808098844  7942721933  1490481272  1700780294  2287324227  8525167889 15695214672   223130674  1919073659 17008345032  4881210241 15937607559  9148111161   406338394 16497717997  2776404164 10481437810 16818179460  8296350994  7208637211  5535582344  4929671565  2308847757  2014501927  2764443872  4352286721  4414368472 12471920273  5236488615  3566966725  7601227401
  9 |  6062633563  7012177482  9257907837  4655031748  9969610922  1057689489  7635136110 15938429449  7170084404 13139293103 13999908966  6745703761 11766928169 13560125975 16707185475  4233175078 13825042666  1470139179  6390245173  9304372189  5794133521  7355916166  1911601680   257422228  6018844048  8684133703  3647445860  6169863564  4462407400 14137911161  2758640929  7428738005 13636745569 11106698469  6817701595
 10 | 16863325557 12249702224  3082909294 16057184223  7982484078 11707764990  4810904175  4393636554  5629022935  9458595154 10558083904  5608804363  3373158926  7007688275 15062683347  3866844809  8724140661 13782854232 13271539000 14252152617 10878975049  2676766557 12017324444  9873026918  3899845146  8038494391  5841726860 15643623564  1728358455 14821576953 16999753960  3081801019  1512889461  4176170164   861586248
 11 | 16508942503  6040534604 15447962141  6913706417  3008995263  7571249982  6523209674 11307744773  5657565342 13854473511  2951806031   139123400 13627808707  7756535494 14807136935  8949184820  8030788122  8816398647  5065348878 16076078890  9855593668  3377286040 15439499704  9307161294  2757477063 15207294769  4728204154  5952301915 13490250310 11042525025  5825759668 12528351664  5813613560  9221213310 16596111613
 12 |  2316267004 11150045997 14981014361  3873027216 11354460102 12233728013 16449638167  7603962950 12864867439  5719902290 11161105568  4494344442 12707822517  2147185478  9298673444  6844569650   947473241 14205441113  3096044012  7424866884 15980314444 14414597427 12509018017  2919648797 11382470047 16275258118  9341507006 11549152491 15232604017  5553523122 16271626458 13662033807  5605157316 10116587128 16710176388
 13 |  7243779733  1231982816  2182546694 11744714376  4093853156 13868741336  4150313774  7259620599  6924446110   260222062  3167311610  9597009249 10174126685 14818404114  3281763780 12878289891 12911791857  2928191188 15663797388 12781421068 17145670752 13483010708 11497710058  3971598559 13123957893  5906421629  5331162068 12822019536 13204306745 12487721126  7887392612  6215260220 13716140490 14181280188  6035592550
 14 | 15999271746 12912487892 14932047197  4051352577   939115322  8309218351  7780175951  7882429807  9914949064 10726282928  7103480993  4003994761  2890562377 15062085429 16380841991 13705882545     6995505 12718092708 13449639250 16831229230 14681826460 17110189214  4960538899 15664847450 13978551146 14441590329 14993387471 11534946178  6596596572 16152991028  5729688438 12766558020 14066276852  8057369950 10683475835
 15 | 10591986893 10321491733   420689360  7862783626  2609804957 15221195543 13775929147  3942726035  8867343703 12666813598  9538087424  1784431823  4440953543  9663307645 14914769752  3088699113  8561830233  8755948425  3280845445  3266770242 12328016967 14212584198  5756473540 15657173190  6591639826 14948088362  8322955831  4757517916   664785255 15121770935 10399125819  9646364797   440350076  7893171291  6762180621
 16 |  7165366828 11073964000  9576166236  9984313196  5780690504 11754589332  9800462283 16040745280 14228578319  9264515708  6842443713 14417824282  5330887063  5010143424  1783500802  5190768411  7503497880 12463454443 16433249332  4410446680  2643771815 14402673605 15950254286  4852706549  7196991902 12635397616  3583990245  4723823043 14495327336  8068586162  4466001064  1204555766  3910499071  1389355258  1776134378
 17 | 15982291374 12438083363  8676669173  5108647154 11362365299  4691433090  9172033758  5649428939  8939823983  9935400376  7517966638 11074977081 16259625813 13699522107  1224344136 14737711820  6045326288 13351470874  7276320121 10874106759  6214698149 16200873386  6851996440  4202094863  7703440406  9409017620 15919584736  6754814363 16041683332  5077139043 16827384513  5763073712  4373835674  7545318128 11056477248
 18 |   996312096 13237056494  5130795119 13016102926  9459342084  9961959987 11921653349  1528779317 16477235932  1047313722 11260206284  6147682270  9907101560  7787987410  2677178667 14311820949  6470962551  5268901067  5542401642  7615039415  5287927969 16294344086 10165561690   902120666  5077925059  9201541941  2356308284  3906038336  3854310086 13277894724  4496107716 12078643017 13009384329  2374548144 15196365272
 19 | 14005291492 10767665590  7442360084  9544599786  9115553058 12657053074  9594878061 13480469565  5771059247  8518868090 16980010385 12988044209 13977183793 15716325423  7904521146 15001041900  8852664293  1664390422  7755574548  6091479304  5187258590  6199267199 15021701288  1288833872  6291277270   242477265 11520862452  3899419218  9437128252 15793400596   152372018 12015637008  2696243705 12046301299  3603706135
 20 | 16144393046 13893784838 10340498598  9003287496  2420446668 10567787673  2168350129  8099117852 15248981623 12427093965 16859600688  8496532896  7070272784 13083759570  4971501606 16503534638 14258175523  7588025048 15526897207 16242796959 13446751962  3075878410 16681527798 13215808879 16965754958  4962749957  9316837176  3282874521   249519149 16652102374  8463536102  6610663444  4184828422 10946693879  2120404278
 21 |  5431496184  4817692574 10227997846  6887798147  8865350112  1889892777   890096817 16178251980  5144108482 16314989277  6577283290  1302032764  3100057496 13462767600  2561183251 15393960211 12718759019  8181631621  9426970950 15613338665  4939773323  1920697558  4355611507 12115130896  9710089949  3716612556 13180629068   960005530  9064738623  9247286225  4595873431  5756177231 16607645600 14641060492  5004484142
 22 |  9545652390  5482523533  7866616555  4960839149 12181519810 14510154219 10707038739  3958595532 11763454502 16027935209 15861893350  4768991346  1571320519  2743091734 15879750793  5588328348 13645782013 12340995788 14386648912   197514413  7110753669 10101386905 14478860248  8888126707 16192045542  1613138635  9459131849  1371083755  8813533811 15761201929 14575633743 10378772399 16262872112  7861444231  3601163950
 23 |  9203002278  7526023139 13324331990  4827725077  9943474197  3018029863 14119712311 13699520989  9908823485  9928639781 16266540640 10493402562  1304999506  7364253627 11357070810  4911138130 14390579242  4658254308 15170649001 13698292906  9105207891  8051565482  9365288538  6706575251 15133795552  4526980941  1719399418   164969059  5365557639    90496367 12394773332 16345092723  6248383987  6676278393  7633576797
 24 | 14650637237 10804387849  3839738937 12626266950 11552953083 15994505523  2669723962  6757293756  6683062089 13819024921 10516017005  4656099057  5540173071  2159292003 16814957747  7410420637 14641782731 14159003952 14180198007  8360089335  6512047481  1599199202 10724182017  2839382607  6241271342  6679538535 15254919448  6703565924 16770569476   914355961 15291312023 12661202760 10116624693  2414804838 13004759308
 25 | 16810479244 16435306294   830059752 13660166728  1973877167  6796094067  2826314053 12832360769  9529514691  9452526099  7996999237  2711917048  1724923507  3534970465  5239200824  2813516113  7056949835  7351622288  3414491943 10756188930  9839570403 14272563549   406490660  7119572189  3446571352  7241413084 13983908871  6822867847  4916209541 12470197389  1899057490 15458894636 14103855922  3541742926  1919825301
 26 |  5460609882  5780039104  2200337887 10834268633  6839531412  5987143079  7784402324  4153682163 13851474913 12704624936  7183090060  1806103136  8196706493   711827527 16367599105   267134009  7684332047   674794254  4879720846  7614858063 16471688575  7076595954  7203783480  8064223979  4561569879  6828641015 16670941589  3302084068 10034748753 14179796458 13088648220 12694630286  2729601522  2130488114  4651816857
 27 |  5808155506 12059861245  5002929399  7655796344  9134283737 14801691963 11390822725   695353332  8054887771  7009710823  2788963394  5836207714 11617345780 12362416328  3450453462 15472743832  2429337716  6009811423 10613434251  2327405719 16229186318  4888805228 16329583077  9223174558  7227658144 14346316758  6127375262 14176759217  8788702983  1659388610 11266154873 16422941434  3831349389   237921188  2171688415
 28 | 10199563713 13303518102  3424386742 14062140719 14301093147  6657021281 11646259646  9310866114  4779316488 10770681492 12461661696 11010570526  2324168280 14493259485  5617494216  4176192647  4638154420 10695139570 15786857793 16076732623  9693377272   668926514 11485458013  9207039813 15055609622  8585239761 12938945124 10903413898  3011296586 12786001707   683133467  7057273309  9642881987 15553840384 12075070760
 29 | 11336387817 14593987349 11535550418 10063835781   601637966 11129004019  3978380831  8201479394  7756133635  3797271977 12388442212  1554565894 15672676244  7880458268  1402275701 16316422002  9669478092  5535721520 10805447831   263730807  6963755501  3372566078   985621228  3898391978 11885243785 10643844244  2260048341 13984200503 10544613644 15423305988 11018497635 11315414078  9428207049 16221093300 16063413886
 30 |  5877228504 15702312076 13273850218 14609902858 11799925737 14578826480  2659037640 11283839964 14312331199  4262867403  5320299799 11091732708  3523003038  2791275703 12686103092  4997703746  1769574064 15708835597  4162620154 10417094831 15460593251  3605232801  1238267832 16209204469  7462965492  6623606399  9175511514  1878648483 10840829423  2555797599  8164558599 10888039511 14979376737  4677492636  2082131323
 31 | 12110346856  3557603049  8520170683  9954687831  3643214626  7137289467  3721730018 16469234653   572782714  1427233441  5297497173 11308111123  7632025681 16900913772  8024590690 13278469781  4203911776   919956476  2321265762   664546459  1459534107  7751008395  9752021863 13667341191  4051926840  4268954221 12656909867  3641083482    48011332 14049167411 16278948962   477499435 10687269802 12671206640  5220057308
 32 | 10191173557  5365581361 12118065659   261365660 14151712163   843356394 12109883778 16300459213 13020877442 14689090501   167801203  4049736673 12422198043  2118441610 16713860651 12745993913  7333903824 16663645805    53996340 13443796543  3920810577 12494676845 15599750036 12866228964  2602278618  4679895465 16682086987  1280625229  3702736415  1426677071  5580173653  4504440733 15158588669  4041563460 13830453703
 33 | 12896521488  3447349503  8034828328 12775683034 16189689979  6265757380 15841058170 10842132418  2522560508 10007322558 14226578135 15713250426  2973385927   106862662 11247701619 11933011760 15402458155 14785576584  6872711449  9092008363  8833438520 10667688157 14524072369  2461266252  6036673055  6945749471 13440982169  1622876164  7406780819  3588430028  4160361154 16736746398 11199901270  5469873380  6235868643
 34 | 13961144440 16660693976  1169059261 10346965968  6796705649  8660242082 13380227135 11592481234  6335626599  3467500861  4825341468 16232290542  7996815439 13146187750   119821047 16479045889  9816744209  4789300492  3566167910 12778880008 15011432585 11479402579   116147624 17076647644 15803014647 14181713254  8969779502 10424831355 12229510014 10369284905 16191821723  1932439477  3546432770  7009772088 11897243894

--- Zero Minor #1 ---
  Minor size (k)   : 7
  Deviation        : 5
  Principal block s: 0  (indices {0, 1})
  Row indices [7]  : 0 1 3 4 7 17 33
  Col indices [7]  : 0 1 2 12 13 22 28
  Time found       : 514022.0200 ms
  Minors tested    : 7777026048

  Principal 2x2 block (s=0, rows/cols {0,1}):
    [  3962044284  14061840582 ]
    [   227159293  14545162907 ]

  Extracted 7x7 submatrix  (det mod p = 0):
                  0*           1*           2           12           13           22           28 
        ------------ ------------ ------------ ------------ ------------ ------------ ------------
    0* |[ 3962044284][14061840582] 14251035947  11494664484     27260217  10562629908  15684768610 
    1* |[  227159293][14545162907] 10575444341   6096335307  11899102904  14056483624  11383063599 
    3  |  6316876022  10591666255   4979419324  12764745459   8782166286    878499221   3361689266 
    4  | 12023297767  16677696530  11128039097  10252800985   6942097951  13073490211  13933913349 
    7  | 14843363119   9722179579   7422554977  11010226310  15872512314  11569018670  12155673699 
   17  | 15982291374  12438083363   8676669173  16259625813  13699522107   6851996440  16041683332 
   33  | 12896521488   3447349503   8034828328   2973385927    106862662  14524072369   7406780819 

