============================================================
APM Result
============================================================
Matrix file       : kernel_34_19.txt
Matrix size       : 35 x 35
Prime (mod p)     : 17179869143
PM block size     : 2 (fixed)
Deviation level   : 5
Minor size tested : 7 x 7
------------------------------------------------------------
Matrix total time : 2067552.8010 ms  (2067.552801 s)
Minors tested     : 31108104192
Avg per minor     : 0.00006646 ms
------------------------------------------------------------
Zero Minors Found : 1
============================================================

Full matrix (35x35) mod 17179869143:
                0           1           2           3           4           5           6           7           8           9          10          11          12          13          14          15          16          17          18          19          20          21          22          23          24          25          26          27          28          29          30          31          32          33          34
      ----------- ----------- ----------- ----------- ----------- ----------- ----------- ----------- ----------- ----------- ----------- ----------- ----------- ----------- ----------- ----------- ----------- ----------- ----------- ----------- ----------- ----------- ----------- ----------- ----------- ----------- ----------- ----------- ----------- ----------- ----------- ----------- ----------- ----------- -----------
  0 |  8077711856 14037537416 14898299380 16641978478 12728917589  5339527459  3861308197 16435844976  9555795113 16553124120 14159632460 16029345799 15930559469  4619808598 16764751155  8308782477  2200487282  2712831312 13836468416  5209559738 11367393285  6408768937  1560484250  8229550088  8648455216 15910525822 14562885940 14662444899 15550649462  4950232376 12236250267  9522424452 15254371333 16308961071  9024703483
  1 | 13508285280  8236471560 14514706757  4057864601  8689135009  8801346622  7188414625 11205266437 15673430940 13387226116 13402421298  6124617006  4535688188  3830996774 12422423758 13866644586  7610906945  6478460538 14109827961  5274744653  1447407001 15441643300  6180724855 12324609245 11540576670 11729978119  2819357305 17088403533 15068082981  7998666999   912869690 14306308054 11247994844 15879388409 15325386896
  2 |  3922941556  1981746421  8226001170  8898546971 14900646943  4768617772 15035230905 14900065136 15894937907  9657573583 16369875237  9115715094  9950126075 16589613104   320527553 10422575476  9167976321 11239258074 11616656440 10603957691  4228148942 13607814618  7973985503   649207459  3344903475  4212734680  4930448978 12724574217 12673003210  8709261846 10167554901 11931959537  7291267369 14118019272  1376714372
  3 | 11261281828  5059883635  5894460820  9329673647 12190019331  9850272501 15352113023 17029812999 14088070577 15496228767 12174747696 13050451789  1845852131  7890937032 13555073504 11441077303 16595272530  6392385637 11432565210 12917463994 14221062004 14119970689   904918243  8847176122  1738623093 13704607911  5527567698  3297162866 10051463876  2140280801 14453436726 17048289918 16768921297 10650499760  8028079570
  4 | 11208994678  5197514055 11997380782 15226690695  1286139969  7522252440 14502858145  4036556779 13121350168  4782081303  3332940929 11436199990  2569647249  9483823160 10832116624    20250564 10144631446    87439712  7175443495  9362543103  3893014468  3393717126  3382822523  7300676403  2407926553 16322675126 15503241332 11911522563  1573856082  3906241568  9347899910  6549820723 13861381006  3766538178 16961243924
  5 | 16442291577  5457243338  5448033983 17058035742  7811610435 14230293972 11213567881  4270160751  8655408208 10516829446  1202702411  7296173524   800589803   839589833 10842761292 13468626604    24404612  7470289319  4602057411 15097280824 10511688424 10303461144  7004102740  4966196192   505848798  2964059644  4295993454 15212399944 15661266850 12659968404 12843745949  6318943796  6672046221  2814403786  9459970961
  6 |  4422289173 13819813830 15248460119 13762354910 14559807243  3400644402  2163725703  2351865272  7341320959  7808194057  9126326088  3979014824 16956486597  6375816393  1405252765  9639007774 16604235577  1764763451 14995636120  5704085122  4137547165  9699072226   452895220 10159884785  4529985639  3990094644  9608012629   663532592 15531840714 13173830050  6682158930   164661881  9408428512 16277319277  6809720642
  7 | 17049961391  7365522241 14342825519 13601994691 14174494080  2370990104 15281398570  9377920297 15508038919  4419239313 14117402923 15737462933  2368340071   222928498 10682207315 10097360377  7455320092  4962278055 15081830456  2904817398  6219901941  6748561407  5450486159  6462263181 16050845887  5730896505 12441831179  8039069364  6944781220   238747690  5982658620  8554429881  7351600066 15210521278  3076603808
  8 | 12773876895   700659735  9840356330  4031882770  9697822156 13199396123  1768278692 11587200947 13649275333   917617802  2840370327  6757674950  6176081001 17024510821 15533438153  8343992617 14494819926   841763969  3187203696 16800249202 14657616394  3270207507   911572181 11125877662 13172145925 14113863125  4374404150  1196842266  2367758755  1758337042  5557128957  6449654165  3754662087  8047657325  9813336329
  9 |  8749395415  9408735673  3930417841  2499520235 15920274326  7975097481 13543404611  7107779205 16364299795  4196614840   817629158  6709000981 15751271022 15372373022 13439112704 10748525024  8500950028 11016025064 13339767520  8524513499 12621521078  4763960897  6020618427 16178398262   373994967  2580692946 13945105857 11788623687  9257141170 10918975257 14912325793 14644811924 12914700223 10770038343  2573143200
 10 | 16958882013 16212112403 11062620615  9579007005 16984832280   498621849  4621863264  7053264597  1708595595  1551653137 12123182751 13088449459  3679785061   442581943  9731367193 11301265951  3459939349 10911603506 11734474888 13028895741   495954403  4119541572  5372046167  8372263592 15245609488 15889195487 14569048334  4420544064 12005348985 14499898661  4818436619  5758095311  3339924154  2478876219  6916003248
 11 |  2520167736  7632613542 13452856099 13037440975  5496729301 11008313615  1894143710  6064795541 15011489391 10020055685 12885914845  2768015953  2122733157    12299266  3043405164  9750703398 14412876340  5230975506 11836101121  8019664202 14385232286  1396063730  7250837026  2282225653  3416624942  9624654313  4827562512 12148388086 15100022419 13909942026 13338774297  1128541304 12311537484 14236593917  5260691181
 12 | 13048970038 16155641235 10441335201 10790792695  4477075709  1833338071 10369223271   876091376   140877219  3084463207 10364521289  6573632306  9711441200  1042050922  6949452248 16185836745  6333890901  8072474735 14374150374  2289115927  4306966595 14697798089  9757086192 10812391036 16722905061 10340453264  1488472093 12760584923 10559536447 12078989724 12573973135  6488602275  8587057553 11069266145  7497841986
 13 | 11657437984  7230221672  6352978337  8426465120 11206092319  2486897584 14162750991  7493137625   207882465  1063516177  5072415794  4438082050  8682437950  9878137862 13836513872 14404597808 15763311907 10682887236 16644652527  6239612041  9618307940  1644403853  6328087677  3897757167  4281931650 10350113226  3601866909 14956448220  5471981062  3975919717  7954321556 11483224488 15957899026 15041309404  1519315989
 14 |  2129639070  7501112850 10948901470  5907285716 16087850063    87801328  3286441194   390312484 11874991283   458924236  3608735037  2488175909  2164490165  5386892313    14594206 16756928757  5461659092  2199159266  7539993167 10415583202  9195586861  6427638371 12529728507 15366878219  9047677917 15228729689  2243369044  7769074247  5360938849 12306219672 15297455213 17069201619 11347178617 12526262555  6837232640
 15 |   869783468 11065793958  7107924817 15573269848  7991709940  4357238029  5636889003 13243887164 15220188629  4193928336 10951062322  6432775181  3077104559  3804684398  3177022677  4366541871  6419840398  3038370634   670187731  6360310097    43596631  1942410151  6463281092 10764681689  3626026134   678567763 12429510297  4819041648 11141877549 15989096592  5408792182  3171856454  5253752475  1270164955  9520435635
 16 |   227986528 14545315079  3876095136  6257925408  6222724305 10743168004 10722293694  6546445857 14421046749  1196526872 10057785932  5809219307  2842167808  7811867670 14575420743 13238057062 16293858365 11269521336  8997470609 12639092554 11283851805 15647336110 15816294463  8547285851 14635761865 17135063903 10768611693  9477616673  3830431999 14777086348 15349610554 12280810245  8157787870  2432120189 12174674145
 17 |  5168742609  6785882762 13579373136  4655282207  9332426103  1519070279 14704901067  9403489667  3898862624    89392040 10659666507  9555761083 15363310632  1357436170  7795825641  9938328002 17173185477  2819665708  1258086178  8779226303 15775506738  8567456320 15891946250 14453036892   320384080  2342202339 12074320930  1013095608  9192461420  9900581445 15274098242  7700218602   443673789  2034046821 15353854218
 18 |  3296091183 15259560887 10754525491   815503222 11537121857  2201293590  3762520409 11775191993 13144986983   517175710 14840879292 13062347186  1915339274  8011977455 12666338414 11952430748  2689559091 15944767675  7510078332  8518233774  3185594643 16610939635 13492157332 10161897305 11851890073 16997942229 12535740469 16349594639 10599647764  3690138520  6443097514  2549718212  8384096435 11504678800 12902926568
 19 |  5209939734   939279286 13904836662  5005305410  9805061266 16189021617  5760224600   595228657  5880705419  8109630863  4005207391 15087893612  8477091062 14269941295  8237287040   677770453  8737516409  9472259576 11927060245 13794115769 14479929765  6260249355  1075088357  3887228226 12145735334   576311197 13349432036 10648036075  6733664457 12037496243 13938095359 13265392196  7591736437  8695440798  1165154848
 20 |  9128138942 15581133492 13314377043  9555723273 10468378508  5124812939   840193977  5309335705 11894519576  4901898598  8654610011 12337208313  2122001079  2981624342 11445855991 16053316464 12612910780 13193270288 13870978857  6445999256  4848199296 14059790929 10793842061 12694092809  8054558026 11975851216 14043475036  2657030481  8589658035 12729251323 11977016056 14985576673 10331981549 13805308833  1370394880
 21 |  5672813402  6890631857 14533232205  6664534597 16567413315  3802194049 15308984922  6354464113  5423318311  2237969459  3431398184  2887196760  3253373975 11507176883  7415884708 12934540952  4993100279  9054230078 16050809046 13353044926  5844994251  2529165916   128870311  1653097148 14792943926 12539539964  8039945290  5233781523  7301712957 15795021441 10887055488  2470456714 10654968256  9693692213  4375970491
 22 |  4624125883  4615338073  6352674320  4529150296  4697365913 10170037021  4082143118  8641089983 15323761125 16387067320 13070803647  8097457700 10208319248  9967250040  7637134757 11509065655 16295600160  4516952349 16396490012  5215531068   858331689 14089798535   331600845  1610673872 16666550450 15086018957  1904517405  3269587795 13873621051 14921973161  6883113964  9522903658  7939655605 12520380250  8404564395
 23 |  4062351736  6994051031  4611227120 11813967532 14097075230  4463341167  3920557605  3502847515  7694466925  3683435871  3163599414  1270802944  9986064838  5637850784 16476630120  5660260518 12015820868  9525698395  6324300460  2684088721   726742551   850215619 14120827749 15590825632  4804631296  2164736816  9483247219   336189053  5658204094 10979260709  1037228674  8934606755  4254590942 14180082926 16571390124
 24 | 13782475847 14488091214   419843203  5008884003  8538201522  6783898244 15421134499 12747436286  5967294450 17169945880 14286001254  8712554948 12971574181 14034431931  5423781061  4902587673   237014027  9982187674  2007163908 11572774893  2433184881 16900707885   777026140  6707554122  2330588379 10515451828 13300263909  8845323205  5412581625 10631163908 10557899492  8956587540  8095079315  2183072701  7892517758
 25 | 13507373796 11390667448  4696772488  6741269817 15012127227  7307944062 15820291727 14665005519 12423158039  1040164129  2739088696  9316151319  7759683153  5146496455  1384028541 10193080213 14257947932 16330622742 15688057290 16586074046   723900154  8707835797 10631425065  9955524148 12601544764 10420789012 15799534547  6251335725 12105002330  6097998946 10753718569 14459072990 11215895990 11170980732  7406563142
 26 | 12014585554 10033625172 13414144735  7606028683  9395907346  6044373129 14306433593  6063860586  7414547663  3849326691  3198612979  5205301023 12119115971 10418464710  8465773595  8854849242  6415495259  7650196970 12099463541 14668461373 12690293350  1407070093   970393262  6989918571  3154364737 13117844749 17020283848   288701792 12530621580  6394074721 10257864341  7722354996  9596887885 12503100023  4603944131
 27 |  6462482708  7625013839  2670261534  8462793918 14598078416   555446877 13643109975 13485926562  4119893765 10938698115 10227795862 13541502913  3802669738 14178859261  2771652417 14082330130 15721945886 10365516974 13309671193 11152076238 16425806910 14753200857 16768147621 17133069194  2179559172 14537794802 17036334493  4776893248  3663781552 13311373436  9540274655  5223407178  6527839830 15911319626 10382279201
 28 |  5736792878 14060790964  5802239754  2562006523  5135482201   554116503  7014790842 11670273928   593609776 15408412039  2443275897  2914495700  6310416803   554200176  6538736261  5995113105  4129487716  5220728834 15635488295 15899368633 14971710292 10354360635 13344198266 16356625603 15706712696 11621103937  5089668920  8056548726 14530122290  8893697393  9707317565 16271677693 13065063306  4177754195  3556492024
 29 |  7177519019  9295747556 10199683025  5808068884 11562353854  1446971595 17093857369 12800297157 10657941744   358841327 13369229224   333763784 15775038640 16698214499 13724693971  5147446467  5534019011  5987888033  4084088928  7976370907  7077205827  4270022040  8492516966 10311414208  7003028710 12211797852 12581860481 10305482774  1051358671   461537636  6727573267 10508348783  4610522132 13751087444  1918075810
 30 |  5587894336  5317270039 11831070360  6496148551  7577383943  7105297778 14248342654  3109327527  8777539120 10410495534   301161638 11052976909  5133880947 10138287679  1478167722  2459748758  7323286358  1516979123  5686098939  2893897112 13572278474  2640910004 13282578337  3480414821 13937830073 16140241851   660095022 14044615226 16622924755 12006274157  4890396840 16179071537 10659156780  3162452560  1263686422
 31 |  3661436941  8138574822 11956191234    13379175  3003976293 14123784367  4212964274 10418640410 12083593099  9542916615  3694993061  3260301834  3217633910  4842534701 13528615556  8416616542 15162765533 17042129644 13152993749  8227089221   686485436 10688631526  4016604929 11749720518 15590767350  9610595666 10467888442  1700199941 11372807408 15179482850  2468227952  4532096347 14602457225  1821112792  8151267860
 32 | 15332143719  7765270110 10406325543 11425396524  9562131569  7456791959 15584651975  2645854709 17007663411 17025782251 10765862766  6425291497 13612420555  4593899083  9154039464  9998743246  1019101724   128298875  5043000975 12562333518  6211267661  8324739961 14685373673  8023510529  8323546889 13630163057  2906705141 10666910351  7438271129   962457346  5648447638 13258774408 16368748146 14899798322 10902646192
 33 |  4972835577 16365909827 11207575080  6423009101  8589911128 13765477533  2865287085   386468457  4872204219 12621987384  7415725375  3765497559  3660261703  8813054375 14574571107  4772655614  7055140314  5692995289   717266251  1782259472 13686340283 14105323541 10087828863  6143964600  9747593779  2013622890   175194606  5365901071  3626444356  7301443602  9716710425 10461928717 10701228088  2990382414 16682934681
 34 |  9211798668 13478373127   625066927  4420471256  8986539934  5529636665 10960548943  4693280644  3048415978 12719632389 11212434011  6567304397  5788290486   802602770 16488611094  8104951266  4094903228 17143171963 13851506572  7068159729  6528769301 15019053545  3823011736  5130184113  9011648063  4413525145  5511885768  2926105534  2038305354  9048640514 12894977735 11125187241  3178811997  7132564771  1956766112

--- Zero Minor #1 ---
  Minor size (k)   : 7
  Deviation        : 5
  Principal block s: 0  (indices {0, 1})
  Row indices [7]  : 0 1 5 9 15 16 32
  Col indices [7]  : 0 1 6 9 16 28 32
  Time found       : 2067536.2720 ms
  Minors tested    : 31108104192

  Principal 2x2 block (s=0, rows/cols {0,1}):
    [  8077711856  14037537416 ]
    [ 13508285280   8236471560 ]

  Extracted 7x7 submatrix  (det mod p = 0):
                  0*           1*           6            9           16           28           32 
        ------------ ------------ ------------ ------------ ------------ ------------ ------------
    0* |[ 8077711856][14037537416]  3861308197  16553124120   2200487282  15550649462  15254371333 
    1* |[13508285280][ 8236471560]  7188414625  13387226116   7610906945  15068082981  11247994844 
    5  | 16442291577   5457243338  11213567881  10516829446     24404612  15661266850   6672046221 
    9  |  8749395415   9408735673  13543404611   4196614840   8500950028   9257141170  12914700223 
   15  |   869783468  11065793958   5636889003   4193928336   6419840398  11141877549   5253752475 
   16  |   227986528  14545315079  10722293694   1196526872  16293858365   3830431999   8157787870 
   32  | 15332143719   7765270110  15584651975  17025782251   1019101724   7438271129  16368748146 

