============================================================
APM Result
============================================================
Matrix file       : kernel_34_97.txt
Matrix size       : 35 x 35
Prime (mod p)     : 17179869143
PM block size     : 2 (fixed)
Deviation level   : 5
Minor size tested : 7 x 7
------------------------------------------------------------
Matrix total time : 645157.1460 ms  (645.157146 s)
Minors tested     : 9721282560
Avg per minor     : 0.00006637 ms
------------------------------------------------------------
Zero Minors Found : 1
============================================================

Full matrix (35x35) mod 17179869143:
                0           1           2           3           4           5           6           7           8           9          10          11          12          13          14          15          16          17          18          19          20          21          22          23          24          25          26          27          28          29          30          31          32          33          34
      ----------- ----------- ----------- ----------- ----------- ----------- ----------- ----------- ----------- ----------- ----------- ----------- ----------- ----------- ----------- ----------- ----------- ----------- ----------- ----------- ----------- ----------- ----------- ----------- ----------- ----------- ----------- ----------- ----------- ----------- ----------- ----------- ----------- ----------- -----------
  0 |  4355241928  3068065476 10224899571 11322996567  9922179448 13299184380  8981613886 17010477043  4718116650 15716314090 14641641296 15439841828  1064823690  7530151503 13713636637 15539545182 13146916703  4289662141  3141727270  1415121356  9299528420  9384160508 13453468671  9163184861  1476790024  9799671650  2644555205 14666539583 10144718761  6600052596  7749924910  4504578384  2003960354  6135584702  7620106684
  1 |  5159069832 16385104901 16397870450  6331591861  9037073689  1564433198 14211348208  3661243882  7802834517 13878843758 15535851578  2231527141  8664389706  5922976369  7792340851  6422087175 10182776019 10195591685  3331009352 16287041975 11863651493  9094265219 11706814412  4964390457  2173310411  2343669678  8251405952  7301620505  1628129108  5318385641  2833967921 12149363280 13392866588  1146150562  1166125320
  2 |  6145989230  4014451530 16623733903 12302179294  2374007661  1721127896  9813034479 13511900003 14227310601  9933754766 10906405585 15763451344  1467589444  2197745526  7612016106 14248108476  7744638457  3421225463 16330484463 10090768926  7668850922 11125585932  1348464869 11757579610 10004780002 10182942769  1599443979  7317279652 13658024195  4889699049 13564780928 13844860022  5335510330   637899921 11383601445
  3 |  3999918654  2881204753  8853148494  5913752435 13264405184 13640445359 11336123509   854312918 13250188073  3549483508 16170188973 16784501372  8951720748  2932751129 13952036104  5043255995 15917847205  5109899222  8180865103  1927786668  1496443244  1501473438  1135364052 15148521180 13997385078 10607244672  5962458171  3507022888  6196921265 13406897966 13913973198  9138146821 11566443007  8101542405  7680071735
  4 |  2230625375 14073992343  5116740814 13470777296 13409829166 10181828220 15093356142  7889505547  9647326953  8497444635  8161548232   410856096  2763728759  2407475544 13687250627 10490629958  6206906606   855863824  4071982953 13596715269  5918545363  3188167581  4340659707  4191425911  8811688972 16211306423  4840527814  9660718968  8130287820   496592313  3147096543 14789866809 16821143390  1636648629   412033926
  5 |  4997449543  7691136635    33610878  6103326640    40847105 12921114678 16725419712 14165528448 15267971012  2960093301 14371497351  9052149657  2849108544   938146646  3566510417 14979594639 14471612582 15399009505  9706206592  7192227973 15825118844 16002891173   436891311 13398967084  5258834283   266536237 10198594588  6503849906  3318622578 16167645635  1024030540  7756529313 13633883758 15135714645  4790581807
  6 |   175740376 14620670174 12303739270  2866683477 15657784449  7419788584 13883403619 14197266689 17062259230  2103584977 15718535607 11561148402 16164619653 13878148688 10433426468 12307801843  9365460255 16673014752  8286585904 14465228558  2374505589  2161874290  7039341803  3898032384  5120954585  9013307979  8150288732  1567366725  2953480956 12848677451  8057483395  1428229565    56425587  9548066071 14896970314
  7 | 11856841853  7802947122  8379492585  6688705098 15620495867  8000700812  6851209477  5784302644  3257046129 11890920130   153043707 11795295596 10407454866   417623682 13311915535  1241370538 13833632884 16846336338  3176842820 11895003645  5083478985  9001399873 11342216048  5445987787 16197532339  7779886810  9082983398  1466969633  2140302022  1623101857   492688645 14485208238  2019789762  8978361785   780130462
  8 |  6716767355  7027184348 12233780344 11995534450  4552104104 10376664350 14623724351  8311349261  5506705823 15942370347 16784788127   838343312 16468552332  1211150494  2455980452 16037442823 11672474198  4780608298 11021979908 12133178542   298922268  8163910013  7986481239  7540936467 13790155049  5086636782 10062397787  1140808931  4887894277 11794257162   736717305 16666811331   217985995  1887940394  4725445064
  9 |  1566610307  4091158018 11011878471 11650585748 14724565389 11854574611  8022839856  9908025643 11916871575  8367982311   473052961  7683217912  7991943312  5958300665 10208024870  8524115870 14327526473 12083943029  2100042284  9321045286  2786352882 12379163686  5145104872 11728930134  7883269832  4052969061 12822417593 15079759818  1489338890  1426892349   958700717 13368609095  1672908287  2568627928 10000437443
 10 |  7181072259 16595592377  4151559011 10333049050  9184803284  1473373312 13325949900  6133134122  3170770586 10296617105 12651247751  2285886777 14559086074 11008787308 11885577917  1213899923  5246851956  3797472193  2727758236 14175771276  7000656280 14364738469   170903784 11075932143  9569413810 13758297848 14900725090   168536213 15044073137 14487698196 16395481921  7736850432 15522859028  6763815020  9952471622
 11 |  1380677364 14546856208 14063131944  4385575307  7149261422  4053682707  1887061817 12230262379  1241887095 13868780400  7755142092 11914707204  2401749888  3685593962 11525633684 14855246658  1853433200  1205340566 10788206601  8104218290 13607933094 16738027606  8295767594 14817606661  9720878542 10732924774  9044760721  2035364087 12088970721 12517108347 11655447182  5931013215 11930642812 15336936283 12177050453
 12 |  2002721185  8449791281  2063143831  1404533087  2783467969 16589197981  7437405802 11397654057  5718050209  7347879069 10555586595 13747659321 15425658940  2486025443 11446869460 16290486883  3868798971  9466868635  3763521015   274721510 15560729477  5543456222 11285822110 11882395423 11659337324  7231235212  6704325097  5250682636  4585994594  4148088428 15198034915 10023023658    16901556  2536792395 15170917123
 13 | 11683581915 16429533089 13228754819  4696043650 15544437173 15759169860  6256372231  6218747609  3180638702 13909607958 13017224975 14308250177  9566079607 13888031267 12061346741  4341844707  7382995868  5590292464  1458461347  2543343252 12263169632 12030191780 14140853316 16305853110  3813158055 16387250524  2368362324  9408746589 13744790023 16614356360 13409600891  4185183015  8620116082 12400064279  3683992749
 14 | 15358573793 12757816862   219337724 15502348835  9394058631 16085258448  4245764282  8400789835 11656286581 12538611717  9717113801  8783931281   942243063 10700399841  9620524632  6147133798  7674709824   832671949 16068057613 13389981452  2555214455  6832560131  3390064196  5689170785 13200649096  4037944594  6958125898  6791735995  4422884901  7677570876  6303629934 10445674989  6017943029  7811531595 15982018917
 15 |  6280197204  8003375386  4772916800  3658096348 10445257619 10049235740  2308086100 13298757364 15484027837 11067435590  1544872786  8697141575 15740968412 14141058705 10154844888  2613567452 10329894854 10596639276 13204375468   416180649 11318143481    53819868   772080697  7872260252 15661656016  6715420723 17133415982 13097345110  8221242828  3175550719  7936602982   774330031 16634144917  5796886906 11921561756
 16 | 11009067889  8914021594 15017071650 10798203405  4784661962 16257284714 14706409804  7187376935  1439157942 14352609590  4022236473  3370941564  1503969220 12880817993  5748681323 12669689676  5788927173 12981106454 14301281114 10145471582  3078428946 14063184658 10081838830 12645409195  2255274644  9856006544 10817517862  5399141951 14252165319   655922531 14606544166 12980467123  7668909179  4867662036  7194219478
 17 |  6729337700   278340036  8724007174  9656580398 15236395843 16466104474  1140289546 16466657208  1993364704 14060084308 10840656880 13907560185 11420234776  7711174871 14887136919  5200438874 16574342016 15558950703 10077157589 16173487427 11557631486  1207862702 15981801116 10852369537  2170125325  6065547907  4969891981  9877354451 10303715601  2915174011  8556386146  5234350065 16598122902  3402802970  9147915680
 18 |  9751240883  7949262976  7943591244  5890047562   809210967 14539445102 10316722621 15041450946 13056055401  7969743438  3582833302  5706321870 15347136428 14012385932 12044487548  2974895121 11275134617  1435654255 11357615845  3734895821   306983963 10598804255  8405403303 14113849641  5011564908 13822464417  1151483568  8894566498 11459307602  1721110014  6788887742  3955775275  9369075243 12568455256  3473972933
 19 |   521548110  7519469044  4739160217 10898860278 11823338091 12734478991  3018829341  5125331032 15762857983  1790919912  5931241588  5292272528 12909909868  6111348535 11829462160 12345383169  5656770274 16880243102  1958126651   191615857  6656441552 14676006461  3593720661 11599358494  9202970065  4008836357 11719069879 13423593653 10030287296  7105742659 10536189108 11720515799  4708240189 10092613815  5479640949
 20 |  2422433969  2733945263   496162526  7479988045 10633264764  8764762755  2972540665  6416290682   535811632 14615350673  7720008087  4221834254 12288189948  1615270088  3277096582 11067719053 13652683623    83909890  1988192535 10020303194  3276463791 12459257405  5088886119  1659751160  5461683633  2430632382  7928817993 10391273603  5652768270   379851485  4633135723  4122717117  9927370907  6682142248  4465124385
 21 |  7874792563 17111003085 10572697578  5515153563 12391719532  1972293779  3061556976  3015033211 13695153916  6036320032  5445970971 12953282223  6731223231 16402973652  7273614586 10428246206 15607108592  1963905426    42205591  8616041354  9355636217 15135160018 13038179755  3749225575  9328116544  1368256798 14230347535 11355878638 14573858778  9059852878  4869006827 13006864018  7303986855 14886802336 14736028318
 22 |  6903392060 13986845872  6761684371  7366694337  3058181583  7580109267  6656308578  8106448438 13801307123 11523067460  1804511843   946590339  8435482870 15727502204 16828199675  4089872233  6488192912  9389392904 10283315744  5875035632  5007423791  1826039595  5418787464  8599211460 14013164675 10690251187 15955256073 14789621122  4957428491  5217122490  1579778182 16546754997   573707660  2137813652 13109168252
 23 |   251880807 15306327706  9573732566   639130193 14351442600  7263111347 15381675610  2773050353   210309204  1799485737 12544023423  4155091534 10427332628  8788773651  5545570264  7232325561  7076157179 12651551591  9656450062 13661280122  8152573585 13264493568 10661376804 14508028232 16229013675  5316641755 12955780854 10248328416 10210711600  7510371279  5704811318 17046656623  2752981529  7054777386  7161335911
 24 |  6550465489  4541021752  2512000904 15935274102  9052628609  1997706727  1756333837 15880913722  4484203542 12876010639 15586917290  8283009450 14765701451  3554929665  5943474962  1381880634  2186301378  3606693417 14989564693  6529010295 10219403012  6181369474 16607750578  7240659782 12337623388  2603501334  1261785444 13931656456  4418686956  2137239181  2340872632 11726552389   817468198 12191678906 11073376589
 25 | 13923406218  9995155526  2076596684  8668250511  7523037293  5528297173 16631850856 16968077749   758872661 15205486490 10252618872  3494149197  3990807833   642418590  3491618348  8890344920   321414094  8823160323  9486411684  6335734466  8928489731   426683207 11579261840 15627715342  5211996383  3640859769  7547328492  7494539458 14528551377  4996125983 16326996216 15573593444 14345676194  7285663513 16174646068
 26 | 10696859366 14429726498  3347887878  9688756756  9743373942  7219179148 16533059357  4866059696  1897173941 17012323139  7213490538  9784871716 13113138222  5009139377  9191864659   436677673 12396352505  5432215230  9017716789  4097531329  5014615283  7330092017  8507722155 16107913679  9992983138 15722381080  6863808823 16893143663  8819676432  7119962414  5232608533  9075827218 10462577636  1595035661  9438209286
 27 |  1268629354 16776582795 13142569882  2931549320  6062355161  2610531766  7074133829 11901217532  1415800240 14477640297 14598973104  4921241889 12829932310 11201441630  1979455596  9760940268 16316769310 10417226243 13857356682 13407351184  3410618492 15769525917  4970497046 10863043392  7056708832  1906486913 12264780755 11876152862 12777861392  5146119128 12647511636 16194665865  2677874858  7417621287  4026055164
 28 | 13395864844 14862678589 13852747210  7360230831  5621384189  5117447920  2304579144  6685057902 14796505643 15498832347  5120039425  3157698657  9277874891   929318166 10819134709  1279090120  9782424348 11388924963  7927298347 10040865298 13967565924  7928006351 12964586240 16223448874  5494055663    58736306 12483318971   968113013   394181004 12542850100 14743635470 13317479378  7429959182  5615030291 10674337951
 29 |  7478561357 12107337601 13450026113  8703495286 16577908059  5123871292  6968966210  6346289871  1913617891  1012174140 10327064542 12315850247  9309668483  8728355164 12878303017 17045005113  2840524727  4352137615 16614522316  5434104366  8009698294  2058786078  8274692469 13137862314  1651615354  5661784392 14628869016  7064941547  8551452592  1052921767 16173831477 16733451307 12474668522 15000152012  6250123660
 30 | 11073032728  1923045774 16421231561  7513506952  1174753783 12610009511  3999774389 12100152544  4314248584  1701269767  1531953200 11773856474  5932121488  3006418266   639253844  8149232578  8659127407 16137900279 10566070040 11202773546  6215064325  2927226265  6537480364  8225508937 16914048537  5877865489  7648345607 12737913486  9939195812  9567649263 16112925197  9721386404 16007012137  8624761988 15790287809
 31 | 11084706639 12474552369  2908834399 11457534592  6428937602  4848052074  4957380168  4884779702  5497302544  8680355288  8937275315 16394964036  1446897327  9306900522  6008789607 11344169723  9774684180  6143141321  5453292345 12458085251 16608411167 11618245441   171876689  7355500589   716196235  9801803495 12326286974 12364593503  5431888552   799340893 15552171054  6111428281 11971197245  6265762920  6955047979
 32 | 15251724160  7742448177 13272766508 14470736637 11363388174 16622697708  1688973591 17178256216    14369708 10444872374  4067695984  3237848282 14996517244   357551930  9215159360 14568534903 11714677304 14633700114  1670955193 10819577311   134562671  3550210593 12342227195  4999234358  9811082315  3439298143  7130087385 16429662259 15992728279 14240217295  4910625286  1794458555  5146377536  8789123648  8030531475
 33 |  4141501952  9720657865  9527928244  4699882888  1787310996  4920623747  6541221984  3730191877 10316519658 17015115509 11693525120  5628980930  3411904614 15408216247  2096961150  4843540273  3298173048  4416476046  4200106191  4142525097 14781462321 10123771185  4009691883  7810224252 16659537755  9007276593  9494778768  3397701472 13070608338  5323098821  9593945142  8825271094  8192689547  7077333197 14764786761
 34 |  9059728119 13241674304 10575178446  6040801916 10557761327 13705016047  4833929255 13757173911  3935362396  1731539072  5067348265  9330627403 10512049828  3170243262   141453545  2597042665 11515773555 16123424905  9542285871  9721116026  4282155550 15341184584  8762681889 15372445618  8175765252 16419959718 13669881574  5049595911  7722344801  9093222339 15933811538 16517242866   754155049 16425918651 14149179311

--- Zero Minor #1 ---
  Minor size (k)   : 7
  Deviation        : 5
  Principal block s: 0  (indices {0, 1})
  Row indices [7]  : 0 1 5 17 25 31 34
  Col indices [7]  : 0 1 2 18 22 23 33
  Time found       : 645140.8628 ms
  Minors tested    : 9721282560

  Principal 2x2 block (s=0, rows/cols {0,1}):
    [  4355241928   3068065476 ]
    [  5159069832  16385104901 ]

  Extracted 7x7 submatrix  (det mod p = 0):
                  0*           1*           2           18           22           23           33 
        ------------ ------------ ------------ ------------ ------------ ------------ ------------
    0* |[ 4355241928][ 3068065476] 10224899571   3141727270  13453468671   9163184861   6135584702 
    1* |[ 5159069832][16385104901] 16397870450   3331009352  11706814412   4964390457   1146150562 
    5  |  4997449543   7691136635     33610878   9706206592    436891311  13398967084  15135714645 
   17  |  6729337700    278340036   8724007174  10077157589  15981801116  10852369537   3402802970 
   25  | 13923406218   9995155526   2076596684   9486411684  11579261840  15627715342   7285663513 
   31  | 11084706639  12474552369   2908834399   5453292345    171876689   7355500589   6265762920 
   34  |  9059728119  13241674304  10575178446   9542285871   8762681889  15372445618  16425918651 

