[[20748268 79465505 10328795 97964557 125968765 69298652 75558943 4066133 50525889 14481913 79619425 108514556 71921720 81307106 27838835 80223769]
[21890782 77899385 126715984 37780708 604946 91157795 99746537 89715413 26529882 68997151 23198340 11507459 91348658 100112059 102928400 28325627]
[31764215 75566492 116561827 129772382 58719063 18042535 49943403 75262265 109500111 79169414 106748770 77829123 16101725 23018693 105669709 80992978]
[106884854 73047112 7838822 79116168 93633073 89907618 29680653 16960618 47793516 54304268 22969634 56871379 74944477 117900985 21445800 49558097]
[115625389 15578684 108928155 14389817 89462284 57817698 124543902 116437265 127516630 16182879 25672632 32836970 55518231 34130000 8003902 68881857]
[93147712 123253098 82876493 6814043 27244602 54994034 107283431 2441891 16117581 126156176 54684255 24546734 3927714 71605977 49729379 73292278]
[55051056 108193833 48025356 27587980 82152159 51237107 64610010 124015497 9624767 122495271 113916181 122641358 56116152 12796244 31024392 39608347]
[99175830 39766569 70929022 99538374 44742071 46465376 103939114 49988239 29939356 69421094 54450716 22852622 30973785 95077910 68989939 55041704]
[116454553 115777478 91737108 61232475 109089484 120220447 17487284 31815186 110181992 104339896 43707571 6950387 36175055 117662668 90231125 105484516]
[43326638 118961082 127394064 121887585 67092102 65615444 92808274 86219753 18972362 60055320 75133937 26341728 97102135 59388425 26760770 52182405]
[117432789 28667090 75302733 38413734 69635980 88550035 95699629 731356 97407668 100023406 98754725 59459019 11968248 40555632 93906491 33332828]
[134147476 85341939 27101700 53425752 82821295 33121772 106995853 10144072 129046018 35003423 117306928 72889132 703340 93296878 25880085 37503991]
[131840075 80685633 102353877 83037534 96106085 31489618 64041654 125727838 2207015 53354226 82930473 110731825 106887362 125050568 10113949 114583389]
[15031944 53845942 98852602 27161766 25923798 120997402 75387800 124264157 81561246 131882846 87237630 97564161 122561377 50205605 29007916 93071910]
[69461154 50385143 46053204 118406523 27977573 32908573 98490827 70592599 20647121 97558168 101230622 97710470 51207152 57677272 67824264 56061728]
[101071234 105100052 50611955 86754520 2061438 51823350 111321505 79234062 70569196 11117957 64272476 47761998 16977559 2512411 1974152 88765522]
]