[[20725556 37361556 108563168 63546173 48043329 11659830 85421932 78789667 83563602 16935843 86602197 59514119 37514439 16091643 78533526 44182280]
[131736192 109871745 28264576 46621698 46326187 109172876 129766391 85699975 10571008 91996384 28120475 42947520 85600275 126658743 105572326 59658706]
[74432761 81913399 32944411 97132768 66046538 30997529 10439332 78249837 25506779 97698950 50983678 38604510 30575910 124551349 11849455 108580849]
[132475808 80794324 133908896 50293510 25335912 765989 129794946 46461773 94180624 104901671 104167767 57663634 53335404 23062201 69567291 66943684]
[52519168 1458945 1551801 107476202 30390992 29964345 113284491 93680078 62682140 64853954 73105743 134156308 121023034 16128746 83376113 64104164]
[62499989 82319486 44259883 81027291 110229316 128990291 58680019 63356482 121499658 84055650 118012518 103877590 19947452 27212396 112330244 21273363]
[5123104 105808499 33417445 34161589 71765804 87364170 20698197 126535922 34486872 69199509 127085534 78416002 65923428 35544516 80273974 58670453]
[97078518 121238304 83447223 87430745 104241663 126995197 37431103 74769051 59268743 9606428 97050679 130387900 113966150 109420330 112913729 7695570]
[105536183 64350123 71675863 4330513 110410047 81650748 7411443 6155100 119742503 48408018 20774549 71508 81036093 34430507 16219753 72459596]
[125553729 131608365 12984021 64565340 18184689 23253067 378801 94412628 339651 3281026 123263698 81954905 12273127 5031927 113654580 110843013]
[570172 81113127 123812486 93467072 12027041 17084530 49699166 50855235 108043669 102340440 122643767 113064333 1541272 124503540 94600101 48590878]
[98190010 117791674 66513474 59236604 23451670 533594 28734640 121348690 22705172 74770238 123839665 60987859 50973263 67576686 46800143 120953799]
[75533367 100713907 113599084 80196543 34424287 65845297 59919049 16840109 37589893 50473731 73900700 40645066 61994959 8031230 71539738 25005287]
[126999136 15706703 39086193 15083355 44265267 104119620 106436905 118495372 15177185 31330155 33537754 108907424 45168575 48505612 83820702 124610125]
[808135 49733291 56766528 84558377 82045342 109030616 56889207 29924184 105904454 80289682 44602036 105275167 73171530 114771213 5092005 72684265]
[118206399 12224809 41185088 71714189 126526787 107951048 55794727 99412367 95780226 82351631 130947178 40593274 36940973 69229148 6706374 123795272]
]