[[25566198 9240265 2349142 31999283 14330583 27489554 27454374 22859104 19029038 10070375 21833296 5827404 21844996 19366313 2254224]
[29403143 14808374 30452999 16468173 26752123 5013891 917912 15785430 7021759 32946582 15207068 16764271 8806657 19872092 8085200]
[3749359 30777082 15871644 3520344 15777470 29776673 8530319 3018786 19952633 3325742 15143712 14141913 119195 1096228 9362968]
[15177136 307353 19811692 5361273 19428393 3654468 27966445 30312828 25868356 24033295 7659272 6144737 23336376 14125383 28709397]
[30382964 22522716 1148645 13134513 21501992 10590220 19251010 6475596 13364804 29202906 11091243 2144271 14729346 22765735 11437949]
[20783058 28309494 4038824 23839325 2887552 25928276 17473987 26577587 17192654 10965498 1009773 27047181 7089899 32941970 28633270]
[19198312 19770500 19135865 2500078 32896583 10507028 28058646 19680436 2131876 9380951 20729852 19054050 10538267 30956159 29860987]
[23763799 16840823 16275149 6071062 1915719 28230859 21767429 24249941 20924948 175230 8775146 33405330 20430452 23070858 31960089]
[5858854 4911620 3236596 15919536 19380974 16288606 33175518 3619534 27090431 23785604 25658644 5483432 31949237 21602467 4529030]
[1213582 7466808 4847286 20198833 12404446 12693004 21781447 9097639 17357069 29129188 12330353 5345503 19379597 29205421 22094670]
[25634326 6280082 8569700 14143040 27741240 15071877 30698348 30860714 15563726 815250 5898863 20438616 30655310 12438459 6633034]
[15074568 1988712 33009042 15929303 14116066 8566122 14964116 22522132 3022759 23104564 19060652 6169064 21517790 7258296 11097651]
[30685674 14364999 28437667 31042959 28424930 18355166 32037625 2549506 28904688 2664149 29329700 12305578 748105 3748043 1762624]
[10038840 28535283 19143061 31600906 9536944 7559300 26264397 9664835 24107068 6794127 27213920 23250242 30051700 10210758 14947712]
[19707629 9978998 20171506 26631235 18830057 24045153 278449 24975584 32586767 17424307 14538141 25791255 1720531 27264436 26499426]
]