[[2828518 20961943 1811550 11831790 32797212 28368549 451102 6103379 14278873 26494429 14245342 30483811 24592180 3890621 17368617]
[17657873 14962692 13773742 3336351 13131323 5298596 1734735 870840 15727654 22102788 23964568 26437292 5640172 7462778 33149150]
[10391931 1420793 29729482 30851228 2869737 32768921 21783540 20583555 1365933 23303343 18046665 8903739 12136447 8352858 23872988]
[24600875 14282108 4712918 20862592 19727440 32135346 21460797 9563034 5451053 2467696 24353238 11044849 5733311 28971348 5641396]
[26194059 16133467 27241734 31019612 6873373 18071543 25733834 23829607 33486952 7498767 4115844 7441303 32432720 30326137 22952694]
[18146545 22128346 13594557 31575676 8332880 12199287 29181719 7188843 21210897 18282613 28429314 7326454 22217937 7475981 13270096]
[18182982 31193644 1761400 30498778 20834057 18383503 33130422 6142930 21503913 9730142 27023379 22633352 1600834 24549413 16707816]
[23907694 23203242 2149620 11596419 19935499 24791322 3455634 33547351 26634632 2269605 18987330 27556108 9153797 28591243 8331043]
[2749879 14265632 11582983 23768552 10625523 8995364 21215154 7199277 10579408 24983303 16983669 22955377 33274151 18133334 2876919]
[11618772 24183265 4634237 12050972 19180942 15111848 10925560 17901441 4583485 26010315 12168683 30537604 13742940 7185819 4235312]
[3718668 1717099 25958496 2270286 4643170 23173705 15939640 12984084 3853165 17699177 13570262 14063090 14058776 6708418 12399337]
[27838540 32410945 12185883 7254444 21404055 28602125 16125246 3944874 29348955 8601269 14420824 23485767 9191008 9674740 19073424]
[6991322 13739690 16447585 22824678 30437959 19663294 23524083 11093101 31007095 32591169 11247293 11214073 15136568 22919924 24528624]
[23071005 18891173 1658571 16804641 33027482 17328233 26687406 19129646 3364042 4758975 5446462 2621431 5638270 14744287 3314416]
[22068881 9201460 21302015 7466045 7718550 21584865 32853868 18221126 19689971 24602870 28642664 6465685 21837853 8183948 12196689]
]