[[30794814 2210255 21521572 19820181 24724909 235598 17514980 33205758 22773033 12486809 9160528 16126284 26509261 22543343 13269873]
[1444832 29069228 30169783 22403394 24717556 28353414 6293768 13491501 29987984 10456337 28798754 26798275 8950485 13494678 19204166]
[24740246 2498117 868960 20837132 18640617 25380114 15105123 25384558 30607391 27031989 5106391 28793119 25109627 33449563 5981787]
[24082035 11717119 9643211 16213361 4815103 32613081 1559026 24002845 31835519 26742242 20426861 9776947 2244128 30668005 16162149]
[6746026 29029963 8397277 2166147 30188345 21969145 32508514 23751705 7071901 31384232 14423342 23407695 7725215 5870091 6311599]
[5467920 17768527 21341520 15264482 32685477 13531727 30315008 33339580 2990346 29496850 13799778 14258981 25180744 19437128 27176178]
[813235 32806818 1699151 21636381 12394613 17256075 12216764 20905987 32124589 24657758 768031 31615220 10725124 18267107 17783078]
[29061387 9259644 20019779 17234060 30676389 19482764 22840175 12552264 23906229 14140142 14813903 9304717 20414295 29030326 20037278]
[14171872 13195036 18517641 31905579 3713337 18224063 32065545 19738238 17282019 7980029 16419159 2152929 29200528 85315 21653311]
[28617744 255836 17985530 20444998 16850800 31068461 11018414 7346798 9308401 15989795 3536596 28669693 17640060 506787 21464983]
[3426309 15401607 28788082 10966199 20860402 13219057 7261325 4573679 31744626 959426 465824 25934252 611876 8353332 10805659]
[24430941 10758472 878381 8018522 19777378 6377744 5884901 28866246 11711019 14592689 15541946 24218908 12632028 6621429 26994312]
[36561 12144105 24510001 917339 27390120 21696306 8271819 26806282 27495757 21252044 1964594 7095762 499924 21365119 14479028]
[6985190 30666860 15133468 3659876 11373586 7405677 7091178 98573 25560045 19053153 5905167 3704204 6954470 15149735 25672977]
[16633354 9406538 20638716 2021165 8451823 31826513 18429072 7373172 12021902 21838730 13979191 700333 26961316 26351765 22309760]
]