[[32221138 25146539 20046053 19853767 30213955 10965967 24669609 18080799 7951499 30689770 14268131 18183336 20633128 9997728 3119614]
[24370397 6884104 13883240 22166454 17396805 15814627 21264507 29457715 31975305 13746535 3696989 17460143 30537487 23715097 5879328]
[18540992 17774067 25721531 8878400 6823530 11801587 10052261 8160733 33181594 24030114 17512233 15499859 6526224 7446743 1515624]
[23788394 31717692 33162292 10329367 24781395 3995816 14001066 29987268 30166270 23042215 5724151 29402639 24976204 22331401 24333962]
[28587782 22333473 4763488 4213643 5247567 9563591 9948929 15379922 94298 29194450 4624162 7197837 17561707 30620730 12584442]
[18421093 23249760 26186577 11188348 3517008 31727890 1772931 5180315 19513817 22555276 19616839 28782127 26576425 16525781 14236835]
[11355950 20628921 28572008 23241101 2946411 22675923 842460 5915562 12426396 33158424 32487857 9516814 23005315 7785452 14508146]
[28717479 8991110 23657084 24832482 19969033 7232800 7523128 12219380 14570361 14895850 13410906 29480574 19995761 3415215 28952426]
[21020260 16796487 19360853 14111249 32807638 14227457 24700924 32831985 28647253 29515829 7963842 234211 23246378 343912 9903762]
[3029989 917214 5520533 29101399 4891693 10214912 902046 12436606 17967048 8846875 27886060 24700918 29726488 32483030 19252528]
[4406389 14810413 26001371 25023487 1815607 2177512 11755011 21951627 28181022 29526559 6666772 22669263 16837366 21711414 2317290]
[6180953 8478324 25003657 28086647 12354399 7977680 3404863 24984343 33521514 27378371 20349890 17091374 5178999 3620820 25101636]
[5470362 33051032 32878989 11885005 958720 30508042 28760227 16094031 2621542 21648601 26755998 33096783 20501996 13336094 1626622]
[28272206 24268352 20637568 13208082 26411051 6635811 27492311 27751789 30920954 6442550 12917191 21862220 2130712 20729120 32287321]
[17406617 26453958 19999268 25697557 6180301 29281519 26665984 6018237 4156896 20845618 14747438 15698063 17308783 5991162 31935670]
]