[[386024 7594201 20104703 20027522 6668672 22855272 20731054 23748056 18081445 11202189 21726972 14617036 26536576 22102470 28838145]
[13372337 12175095 27099233 17426826 26944770 6494699 4372527 14244511 4724680 5106139 10544595 12892028 4268479 33082485 1340340]
[9594133 18708586 18867333 14962654 11111903 16185964 12560197 28275911 30785208 8150495 12855609 899434 2517014 5249465 18514559]
[478749 24249641 21956879 3120540 11821076 19269560 27268507 26358835 25241538 30131297 9720336 5812663 27626013 12140555 25110559]
[14720795 22800437 19372732 3772471 18675289 26224784 20931995 6016777 27737420 29665686 32006583 19480279 15731685 14844539 15051447]
[22189694 14683170 29922171 14439717 11486097 22226290 2606307 13828335 10347594 512757 14326070 3805789 25721607 31287736 5106001]
[17862987 23740251 25049792 14359384 17920728 26143658 31416177 11676606 23335104 28061954 13555387 11941132 33220777 25608266 23324603]
[8998453 31197514 18751684 25022048 32625573 17087167 26442780 32707548 21525104 16135877 22245225 11870055 12553392 30452067 23059723]
[22775085 15037030 15759293 29900140 24353601 1053416 13914293 28988782 7870696 11801476 19366276 17634680 7573713 25051398 25984102]
[6071790 11782020 8665695 12906657 32425748 6064955 33522617 26111747 25121743 25043425 7708095 14645906 9491531 28235031 13111456]
[27476269 18064203 31011323 2559014 4415072 31955968 19432293 27786157 32196672 6366747 28684211 28538680 9496154 820499 33192071]
[27382810 6169145 15589018 9085877 6581830 33470371 8434073 23593261 326354 25660022 4251177 28521684 31403436 29284544 24021666]
[2870282 15254138 24662540 17928623 4291981 29340655 22908231 9544878 6433204 3637065 2024181 11753480 4168723 26226120 19548560]
[19301309 28569368 18271311 9666248 15832601 7692904 26754312 23929848 5167528 4622408 3480834 6620986 5434717 27606086 3252551]
[24977374 15491745 3079257 24901971 32361453 26872111 16622850 25841473 11537040 17549623 31847901 4704965 19075382 27022434 2563417]
]