[[8656598 16871944 29670351 10898221 23186751 33042497 12170400 17483074 1001081 13441238 17851024 5758743 31884907 11759733 20524925]
[25201662 27212546 16203393 11795228 7480134 13430662 14577180 12264406 16275317 8459853 14616862 27423495 10341923 2387011 31195271]
[9063797 8968571 33442822 17275268 15797424 21233150 17479134 3286012 24351079 16398945 22471001 9459497 21741470 27655924 7971172]
[20822264 50912 10850284 16965897 21638164 11804397 12588226 15310287 30803647 22378145 30967911 9946606 9208630 15815634 32418191]
[30036861 13745028 18052046 15394309 6314264 8519361 13910510 24953865 23296330 9382816 6754095 25421769 30425814 21794629 18437592]
[11707077 6498348 18004642 28269505 9299539 20809266 1169136 16369527 15662098 32168814 17210570 24886556 14066127 6760844 11526411]
[11908631 33108755 24680515 13836489 24220489 24549640 21976777 11500154 12620234 3543300 6414142 13913272 12800488 3165524 30646553]
[22062046 12505058 10053474 10660598 3151345 29106022 10758271 23497141 27577335 9419878 10560495 777934 25328530 13338792 9651640]
[30627021 10625176 24682382 24755892 28816263 9911016 8384076 7403676 11624739 17922058 11162271 31533898 20830591 1520930 29481116]
[16510009 14955015 3155721 4009684 15206105 29594033 30096537 17214040 28176408 1189239 17191377 7889536 7647436 557202 8068244]
[20354457 31740171 11626944 29993218 18043917 2312750 23665 3968737 19385337 11472981 21840312 22839082 26813276 2259095 26489721]
[19415026 14568329 32615671 31603836 22810766 18130127 9540568 8627111 188757 735467 15791768 5533185 28407971 24764135 19784247]
[1190677 19691538 6996866 31031610 6792798 5565312 32604363 6417615 17261967 291361 13384524 21265113 24580172 4299126 25517774]
[5418505 29859276 29169797 21119352 22465094 15208753 1524439 3842193 13704146 4343993 7976209 1439600 23437487 9982714 21386608]
[10676884 11844774 22385227 5214970 10560900 18404287 14248147 21160142 5202888 7983927 15692960 12946912 22778004 6571707 11629574]
]