[[22066969 11058578 24168003 30258666 26836291 12810664 7980977 5938808 1433711 28493830 22755540 25833049 8715302 31770971 13412392]
[9032573 16099548 9790906 26270181 14062834 9320332 940927 27073970 10636386 26672330 16775309 12018247 15874068 22721572 5219484]
[5293576 23386383 18195662 11738330 9460720 32186234 6442220 6673281 14176859 6211525 16253953 14978524 24711012 18739351 23336922]
[19370469 24573204 11527753 7965040 13849596 11448755 1825380 16266880 10910189 5599537 773947 4033253 3996257 20848836 11912358]
[7328882 29845240 16364536 3387824 19935899 4026562 13013096 4058611 30431209 30058394 28746612 2435649 18415687 17944791 21597471]
[21788509 10509012 21707876 30266315 8729722 9671025 25174441 19748777 6902629 18972401 15214474 25262843 29639875 3625327 1868531]
[21702371 3973791 23177843 15428470 29472610 3909372 27765584 19862607 940448 2193598 9099329 26986551 17609904 28692931 869283]
[29404239 28386862 8473822 32285362 7144347 18374650 9738019 30779267 16129128 2530662 2764435 5306490 21182566 7702741 17376010]
[21355596 19182818 8056818 499543 10584499 4786752 29601964 7777445 20434299 26896010 13625393 32237467 4750328 5316777 10412084]
[2273129 5537515 27700067 9066735 8042960 13113161 10961334 121425 10644495 31465288 6552534 12328223 4973049 25355287 4747648]
[26709565 4579174 6587462 31792629 4381692 17638614 29602844 3127910 7256104 27825237 7034995 27069152 8407315 33097591 6139697]
[10717325 23627348 15441805 2813756 4451693 4644234 18939084 7224355 25603864 5718769 1771348 19736696 16410372 9242915 24534318]
[14243089 21322402 6423096 21452360 18609782 4901829 4382322 18094521 8807958 30640182 2510743 32151863 26358638 31827305 21913341]
[21638530 32279570 5386722 22627865 28023980 18635812 14544739 19338031 27299188 5759279 25206272 30643711 9277814 6229951 23812658]
[14766759 7606 14648364 9573391 14584790 14635742 3418202 750578 15939624 13720212 28430117 22670410 17919771 449815 23533148]
]