[[1773247 20593224 4246846 12182354 9712871 31555460 11862043 14527926 14148563 4410290 14719286 880810 8674455 22513027 13594712]
[16234051 11539000 17277704 9520766 8260393 16515799 20271394 22756470 23742502 27882215 1145704 10110698 25826178 9731447 8481432]
[17299127 19817426 23297142 16971875 8318936 31653811 31359695 10743846 33443326 23033616 22552255 10623638 18469218 25373910 19571291]
[22766722 11104237 8083327 25045649 33275687 10312352 7430331 8283002 25988795 12730442 16578606 27606293 29317556 27750446 26964836]
[22083391 20784051 4880632 222235 15606480 8848962 18085452 14664870 19671340 1457161 10470964 21754662 11650478 4063683 84241]
[10631081 29962878 5352946 20749658 1033783 5993642 11652044 20461190 3010157 32385959 14451773 4996739 21453896 19035683 16628150]
[28847646 10753829 31351338 30646176 17799001 10289312 11507368 21873660 4211011 8186860 5963983 1969862 25864268 22493584 17599531]
[22473945 15867215 18353499 4810455 20934655 13758605 31247522 14776970 23218989 21784603 2205906 30706370 17835417 32124001 30195379]
[24097010 31212587 13757087 23609685 286248 5774040 15365876 15923317 3314980 28307313 30237406 19165427 26924273 11408991 42914]
[6137380 7937050 19852935 14252762 32445916 18505922 10852936 30657774 22667121 9487050 18327943 5480957 16580214 7838879 12403271]
[26953858 20896963 7601358 11533289 3269060 29950792 10783816 13480136 2624680 10841491 4022689 11950855 9798596 20740472 13858513]
[7343584 32687172 17393597 22007743 22027240 29793244 26030474 7762555 27660656 21491282 1980257 21289583 19642090 31374231 30275408]
[28130898 9737440 24545533 16611456 27272581 21350309 6092657 33380064 27621801 15974154 10543881 8222904 29472323 30062081 17758844]
[4836578 25212955 27714581 28496631 30867303 20697364 16904890 11947214 28588124 10808086 31703724 33234310 1920014 15970624 1167091]
[32313441 24144868 7294551 2820568 10168074 4824680 21496413 3522645 32099343 10209742 32625946 946303 12291683 17353407 20122462]
]