[[5942634 2871932 2523874 24641818 16017966 23950078 10869715 25532682 18492610 11131523 9405559 19365353 10419692 18886007 2204966]
[7879480 15077116 19790786 18403018 8976824 17670281 21345685 28215873 18475534 3984688 5269347 9186852 24209161 2944342 22241913]
[7348370 27737953 20378531 26524665 30907346 27995859 22588837 27480864 12804540 31494896 19362869 2329931 18083767 3347622 23348030]
[32676917 501051 23250595 849068 22256017 4374012 62092 10923439 26549399 30628916 28575979 28073195 25954877 22037594 22441190]
[6660085 11156439 25953022 23398129 5399296 1541684 16888192 28799667 25446021 29706242 1751238 9175463 8330066 12542513 22978311]
[14855897 5474530 9311147 7519494 29487544 23298713 26329573 3060775 17444582 12366519 5386697 3324225 19265221 4365428 12151264]
[29860852 31894163 12286129 14463995 12248468 7258141 18569476 24236511 26139468 9482781 29527182 12633962 30110560 4483154 28901314]
[18459483 14068901 21200523 32445063 10242280 770162 32464903 24547024 1703885 3294868 9753850 22552836 5392348 22673830 30457804]
[10895669 21956255 19362228 10098719 8020534 31344170 22609797 30152660 10443245 19586862 19327688 25106363 31392605 26872401 8872932]
[30790755 21625625 21537694 2671581 30338573 25326251 15557108 21264609 32837377 2656191 12233173 3512016 27755326 32864852 18543607]
[9138162 502038 4575164 3992733 25482472 15061340 21624405 18047815 28378494 27018164 10564513 31133553 28878165 31108655 18704337]
[14300207 18651411 6227475 12416465 27313494 9308668 32075402 32450848 23728949 13323976 10507182 16580370 15598033 2445422 19933229]
[9877185 32119147 22112936 2144035 9058546 14478781 23438511 11888229 31552638 12933419 20721971 18977488 14836620 14827977 24070204]
[8499533 31439983 11136318 19601311 22338553 6975901 30638019 23104791 1089201 5950236 27295831 30416007 12034109 21351502 24323801]
[18452827 15757599 8805826 6291137 10815420 6001957 21065664 30379101 22391753 11353763 548550 28433375 393542 3971597 27893168]
]