[[25970169 20096735 20309649 3736136 20062889 6378027 13422156 11283330 32211879 29643522 16554770 645462 26069096 15156810 11779898]
[1639453 18070042 32900311 20258369 14829311 22598690 1799005 24581853 1554078 19816071 27949112 14418790 1080604 15883506 15432191]
[4056632 14126520 17377182 136229 24911276 20253688 15261977 13037027 17352052 31715389 3813213 23996542 7237638 12191720 26935868]
[20434187 7663858 6051289 1175613 18690970 32543602 19233960 5700179 7076438 23947132 33552113 1575491 5019710 18197772 22247105]
[10555082 9051473 15478537 2855457 9897050 9235822 31137957 1568869 16239533 16938167 32576865 4004103 16472339 7561670 13771575]
[2681252 1948259 32688765 30653496 5112364 31594717 24087584 31426264 22207280 27071784 31624239 1193438 15199003 21405281 18674699]
[17516500 12458021 2540519 12008749 11485005 24209874 22402571 8152542 20601377 4021868 29051080 31744243 6853863 5626534 12688851]
[6867495 27492875 32831629 23909726 4869873 31256463 19468834 22725809 15530407 16254158 17245432 10881761 26491457 8765947 10613542]
[13598935 12566231 12341694 4842 4164401 13292626 4294522 20382933 18312624 30188882 20156588 5319208 13108724 24446571 19502051]
[1983962 16850823 32616384 9715250 18681987 14198316 16133223 14937020 31900796 14993057 31790824 5927287 19309974 19278377 11916811]
[24050279 28287196 23989848 21678411 9556758 6513151 1812633 29654277 7254729 31454849 25311396 11612065 8668495 28305940 15942521]
[33040604 15275791 26253354 29951840 3930196 23847511 18662757 12277881 30824375 582836 30128902 18134680 2234604 5221896 11037281]
[26447750 9664383 27782943 12875145 5991219 27027843 17857020 26391534 17069508 14777172 16280723 5537157 2017241 22878666 27715890]
[23018722 20955536 6277926 23911711 15944452 27247028 6114502 15692509 28377671 1889374 16845597 33134933 8200699 21262419 19811211]
[32558808 27931837 22945825 10117015 21266593 7293830 18145622 9640840 32749001 11813000 22191047 21402942 23928140 16901290 13802164]
]