[[6004224 15897104 9074856 21153757 22328053 6273659 8190673 174014 10769865 14223079 11283624 9853888 9253125 30260590 29281599]
[23290480 30163157 25185185 20444325 13298319 29756355 31075869 12078635 28778044 24469136 21123504 9629555 27998297 17768103 4315567]
[17148314 6216805 2795831 4212529 17781493 26037643 2960615 20595202 31610992 2205204 7749392 13095608 18365086 2379722 14620925]
[5568429 24013740 25226017 4403200 21019497 11327261 33031409 30958822 27710178 6743864 32326491 25871181 26880776 19693923 10313699]
[4659823 32701407 32134116 25607214 10792118 4428455 21118079 23574107 31357621 8312435 23815097 4256219 8802932 6829698 7585335]
[12342183 1161699 8629207 5544310 23067385 16870307 16468706 29131845 32765027 12772575 24683066 9298076 33136410 31894028 19467238]
[6684118 6938888 33421733 3099720 13632815 29613071 29223550 23370459 14300066 21980891 17833691 16141401 27750482 10829646 4972142]
[6332996 27310149 5829353 18141841 13007157 25666529 12668169 31820197 8455385 32569332 399141 31461130 31386537 4854620 20104642]
[22252175 29569013 15478376 23648896 18182102 28527403 652889 13365414 12819430 23070025 20677972 16473051 12637979 20375301 15175111]
[25077575 14210439 28631616 22339965 13350278 16130738 13339126 12094791 16127740 15805725 4772239 19730717 5433023 2163147 31455257]
[25947213 24445682 24297269 6287576 5461097 12633085 450489 3314575 15566127 9724990 10749849 4927329 28787368 30287732 11045447]
[24059036 33169335 28191734 27822662 28889910 12001484 782004 33465759 28477451 29943269 6443539 32881995 5199082 2028124 25890622]
[21955031 13274675 26090536 9165424 31358117 14117499 16903556 26992956 9370357 32237744 14537836 21831671 18063053 6815640 21932924]
[17154618 7025485 28114690 31148597 31591568 15986279 20236986 14662700 25222269 7004383 6690737 27210366 1912509 17631358 25429498]
[654257 2231883 31675541 26243778 29508649 667624 5307526 477132 3058983 27106876 20489022 26299501 23782954 4039438 13825350]
]