[[14165867 13365204 1535240 28114238 13554992 28201585 6309069 26053071 13889055 31185676 19548894 27235767 29279286 28118143 19136507]
[20675137 12248438 19515400 18033531 2116807 14185261 12641853 9682555 26596746 728488 16700487 20957122 26088517 31571760 25483500]
[25442310 20018037 8727814 18430248 22204192 4525333 8866860 15820028 17941165 27864171 29701356 3257280 15825351 24463809 1887746]
[2679955 25097300 17019761 32772533 31284163 11737663 24885551 29112849 29016017 3812532 12514367 6520494 12367556 7266309 23694798]
[2399330 32322734 3602138 21027259 3563591 13260962 26250987 7613562 26760633 31809604 1584181 3818430 21201218 31976101 25677961]
[12949939 17288502 1119368 8867863 21145049 15261249 10119077 32427150 3579906 17448171 24110773 1813742 17378457 29222335 22565936]
[14301749 20831330 33158590 22089187 32358100 13785847 534608 16430276 4883995 21180452 16813765 3329749 26765594 18147322 12993702]
[3144143 22368889 27411777 30272487 15169375 1567474 1813035 19134662 33122014 18140090 18098381 15323240 25511403 23884965 13322162]
[1679493 25920294 26598584 21114626 20434821 7531544 20400378 15716643 4967728 25494806 18677620 4650737 1378072 17765253 27118490]
[29364211 30782076 7394887 16236798 8902996 33448022 15429413 7057591 30680084 12856409 21099480 21282285 21633504 7963369 11600243]
[14115210 23591943 17678313 29046688 10957048 18569067 32106679 33523172 11543622 9094365 12904156 22871925 24290724 6688717 17566613]
[13830226 24431914 16523460 21534229 5115493 22037096 3958262 10335796 1961234 19828091 26394595 22276479 26680520 23132271 6696662]
[33250804 13188401 13421088 25297655 8675868 27907066 12744013 11314650 9932093 852352 22365279 20640911 28809753 10754361 28748913]
[16927170 31147760 20307512 28077333 6144651 11709218 29823418 11679571 9633011 16007682 24217628 25264382 21259998 7186673 23470581]
[10672678 9766625 15539036 28421622 17055196 20563366 8264055 29944591 26732766 24379064 26780599 14496482 2023724 18142188 13048660]
]