[[11491026 1896196 23123867 25769591 8027623 11919105 21814885 6317230 22407529 12715579 32791680 13256690 5860352 21590436 26586268]
[11433966 11940094 24122889 8361760 5952950 26639998 1963696 19334605 951378 15294801 17963393 15868623 9067984 15263823 26212212]
[6352039 2846427 3564491 26099275 24923179 29906284 17787728 10404263 14571112 4574622 5775693 32174965 22593817 23205154 22538127]
[1331046 6648647 12910728 26838728 27006823 10797866 22775634 28538198 6499076 27738749 17665300 6943070 10749712 23307136 21927383]
[15817150 26164673 20423281 25465003 252053 29274896 32432735 17786230 26476994 1962155 26217287 8767428 13759251 26429366 5917280]
[16522015 7656084 29707304 28111866 32743444 6665878 798196 6354627 19244462 28768336 12238465 9106500 2269809 2701759 14590504]
[23399840 28971053 7791460 2826068 20128497 32093131 28893223 23830548 11553425 18766946 16443073 20857080 17639518 4471539 7308192]
[6511472 7229131 3417573 8797087 3488065 6200202 9754000 27564637 21927357 22275178 8038660 30931692 2677361 10770663 11756089]
[14440903 18093975 20361170 6166073 18274132 6139089 13044933 24478707 11135386 28809304 20074747 911687 681174 5443078 8571130]
[5331759 25537001 8418024 20401752 4512292 10849296 10648456 22691940 3978094 33082638 18833330 6632509 30282738 777471 19543034]
[29938099 18853973 3421007 9351279 24257048 18589459 27910867 13829018 24463058 20949976 4276636 27528541 11080518 10276807 17109866]
[20087758 13642636 19499871 10502674 21142338 26814902 21962838 25023498 19787230 28354838 5065309 30303381 225531 2054846 27646253]
[5694621 26612308 10534384 1656765 24593342 5151628 11651603 19233984 28675196 20144631 31429780 19621016 4641865 26031758 19436276]
[18403252 20397709 16972135 18078688 28657267 373733 30402370 15413393 19311190 6079599 4208144 5045198 23639129 32046153 22679576]
[20767125 5466650 1270105 31790078 29303749 28360927 7090752 12364236 26959450 12515929 23132448 28066898 32152400 32554428 15174985]
]