[[8253193 7841439 20982517 14690202 27318610 22424466 2750002 16626882 12758185 9879603 4917681 6555401 24791474 11529816 28480380]
[4746248 15673179 4130061 30468756 6483715 9825963 5179695 28696932 18632495 10786275 32000705 6572363 2643010 14738177 8447621]
[5420571 25074225 19937683 18821990 7431926 27643741 1526229 17476816 20160302 26441012 21141476 2535654 19825294 6897439 20664167]
[31299500 25037804 22643770 8714218 19347267 7165404 4645767 23071129 21016025 14294937 3670861 24417987 12279340 18595223 13258706]
[19255993 10541174 16513075 17136508 29551193 16455728 12972223 12987069 21149323 552195 20090646 8078081 30796552 26351108 23868033]
[27226094 18323472 6267408 2482342 23368486 14710439 9122490 32141833 6278969 30561908 19006967 15477861 6106107 31286705 2481217]
[14117869 5164009 26819833 1564002 20625919 19241277 28502085 23260010 19962917 18591680 6278680 32507280 13370191 20639113 1303583]
[24112859 5281420 33133844 11829944 31812229 26908675 2550206 18963345 15367201 6088031 22027936 30473840 33328124 9638639 404849]
[25418329 11225306 1161066 13773576 25037357 194931 27783826 12928670 10150637 3897271 19258599 28717128 29209973 17602959 522586]
[11851954 23119505 6990712 3320061 23621473 21499692 25275322 500495 31805288 18806975 9605738 1406249 14276655 24508194 863013]
[9212188 14015145 1114250 29641330 6304062 25937906 23353247 20920325 17076662 15943611 26436445 12768134 27072686 18184006 22259356]
[3130525 29054566 31718311 16472709 21439830 9461009 29983135 28778005 24177747 31196202 33068776 31311670 939335 22549419 1782219]
[2375265 19215305 7965642 3404206 3064400 6253169 21356311 20164660 22259160 9028095 29720212 25530257 6270521 13833300 68155]
[8486432 8455070 13745466 6142702 6605829 12995532 27727058 32577497 32806224 3163187 15626090 21028544 30556418 2722837 16667492]
[25134009 20829891 17671398 23140009 23745831 32528225 24085893 15911613 19102740 33440245 7139393 3967868 19824854 22697871 15653215]
]