[[2545580 4789736 11259352 19749790 7039515 26904224 6075810 27037983 17529934 17942408 8258102 22762374 15299116 9782328 16350342]
[21877841 2964228 27148392 5748239 5885552 17710838 28427485 24695860 8616461 20115086 6326057 24293890 26779925 7242138 11526738]
[32496104 21189441 23015854 2131723 5797726 26203775 11425837 8973349 18596060 24508790 30039419 8701336 33446190 1918510 33008627]
[432349 28002906 4098837 21995824 23163826 31155545 27453589 20981597 22508528 9191014 17278351 21691782 4911956 22164411 22056232]
[23236920 17944432 10689779 1152707 14060046 2077546 22065104 23719360 21322427 6707315 16626837 2023109 24934719 17324833 30209094]
[1804857 25847390 28983563 25628461 9819028 12721390 25621720 19809655 18547059 32305905 3618781 10604476 1889285 9941367 23621871]
[21070726 10737941 11441809 15673848 25211488 30357019 18727023 25608497 537296 2838993 11137839 13142199 2888789 24991974 21756705]
[7795118 134802 657713 12638765 11104537 25486050 17259043 27085703 16313388 12261873 941723 14831133 26706584 24369373 30561068]
[31379628 3706279 14779690 13544093 5061401 9262677 31319253 33076826 28273201 31596046 17290923 22869206 6753509 31529572 1013703]
[21283249 13392714 2130832 6069292 205536 26632362 11472978 27928242 5408850 74719 22613615 13525277 32058503 12336690 28931900]
[27395367 27035872 32100624 20790470 9985349 8468719 29889015 30140947 24580445 26525372 29958753 5073347 25766172 31749646 1726951]
[1057088 9708014 31506132 20008874 16755943 12510193 19920109 7678208 30965722 19541816 26373889 14382069 19932634 31910017 5535864]
[9043893 14769098 1638454 25951068 29983874 328206 7519207 31681875 27981671 15619242 9767307 8650805 26814750 28327401 16214305]
[14462238 16155464 4313105 20269069 12680459 18861090 20416998 6980365 28084375 9127422 28038369 28239261 3532570 28634831 12321386]
[28635924 17089203 22249851 18879877 13842361 19027410 24757688 16583393 11353420 6054174 14408992 14553167 5646442 5963477 12962918]
]