[[21864713 9125958 8867417 24222384 30054338 15340530 20220853 2671930 3446966 501833 15739846 476042 9971091 15554619 4826371]
[15999563 3890640 4375977 28115501 25602462 10836460 10845835 7224586 13833388 6572999 29468556 2269834 23381165 33169659 12861677]
[31885740 19941921 31487219 1881591 24861773 5250702 3172190 23568867 31425182 1505619 23834243 5297312 24193305 4881200 27280212]
[26739655 2618975 20423682 1332440 19739853 17103502 12566279 15030904 33390030 17701078 25461331 31693691 5300746 22232409 20293971]
[19103219 15210526 5744039 26392897 17035344 12180341 16938952 14902053 25233041 8965223 18230788 11717303 19643216 4460774 22478241]
[21022608 5774292 23137032 22879376 445060 18175772 22929369 29282522 33269093 1983990 11018730 24727725 13966814 2246590 28249272]
[1240360 25528573 6362007 11529693 16208965 1807631 15988997 2363019 19852470 25989421 15044119 11514125 29358123 18277985 29398195]
[31390753 8079341 1100265 12628885 10400190 20625547 16987066 7841924 19365821 28644117 24867826 5229705 6413143 5844821 12194835]
[29317181 30415107 20473557 31591724 14040469 20674572 20332171 24035689 11110736 32455492 9560755 2240796 26308719 891325 28537668]
[17106831 6537593 26460968 4459458 19216864 15434284 25065624 2978526 16951028 32638822 17485666 23050989 30738744 23473744 15456217]
[1634374 20762019 30118379 30252727 28543468 15141219 33395212 13791897 9656709 30074416 32246663 23411171 8553941 18355 21773341]
[15062914 556146 22668227 27644841 13956925 21368831 22499979 16854438 32227238 27030471 18210050 28400552 28022711 21782531 24665417]
[9950785 27216477 21482147 20956323 8350292 14373585 52963 2859017 2422316 6157208 32034832 30915916 14273639 23308290 12506929]
[31808046 18250409 26403035 29266979 15406246 7386118 24729325 6585918 23917189 7621421 26232926 17132747 18255667 17165343 24673225]
[19425053 19226258 30551205 23598197 3351236 10987576 11917190 6227209 11252789 866468 7375329 27749692 5580233 8392973 33090631]
]