[[4901631 7258360 21470600 28074757 6280597 22254516 15372792 7047180 1448535 32148147 16218050 26177684 30619082 25089888 29459110]
[11286723 5889221 14606405 24066006 30911749 5626857 15328922 25590139 20263807 17452941 5583181 24689613 10238461 27223481 28775515]
[15237132 30591544 8443261 15264618 8366721 12654623 11138109 15732141 12384528 369393 5660349 17043959 24133118 21080326 1791285]
[27521432 9590297 24668448 17451586 19696709 16573988 29205157 23729618 6637261 33484616 10775646 33074215 28503251 14332972 14944289]
[14635538 11837184 8344146 20938624 25988680 3676305 26444774 3362512 13374206 20855290 3147264 27582344 10954556 738210 18750742]
[9606476 28034057 5031529 20079122 8655860 4239355 3777822 7171187 22773209 9094096 28151670 17496851 4538447 21179273 31397714]
[23651288 33474506 870313 9595522 7178734 33208801 29978194 17109411 32338852 23343972 5022633 30828809 31527522 31787667 2382713]
[30522103 7649440 15431184 9966353 910257 20905424 8606538 25113827 11010626 15238731 11530889 30844339 22406376 6617334 30710882]
[18700241 30832098 10291053 12757366 29846271 15645528 2338514 21178460 23500460 12304107 6248403 18690318 5133954 3689056 15877051]
[16715865 9485528 4577532 29943505 30724225 25561058 4569519 21747443 32830360 21633955 31968156 17968220 6592083 20250321 12357024]
[31657794 30524046 29367485 18689869 4982362 17665139 2733151 20922182 26421564 652583 22429828 13943901 23254532 20210949 5082700]
[16650651 277293 5198779 18578367 23208478 22243515 9605824 23887707 31377899 21050349 22169881 18804689 18788536 29049862 17274665]
[20681132 4165674 29099532 10343013 6863804 11265967 18371759 21062086 14997988 22990589 460139 944727 26223447 8467504 7459133]
[14304619 20610167 27709851 21735922 6327839 1696380 11530586 17817981 33015918 1440642 27914716 11033116 9861539 13599315 10109574]
[19086912 1120094 20290600 6401723 5111320 17323609 32248353 14935058 12970129 11187688 7966818 31543796 27372519 32177564 14663913]
]