[[1504069 10314446 24627191 26590098 12635961 25639284 2888201 25020497 8048241 10985540 235656 31603745 27965593 33059774 31780412]
[13605607 22021072 11200556 29419744 25287547 4798348 29664873 17817403 26103362 3314000 24664252 6095372 19959761 5574428 33527019]
[29642016 25335798 22571342 7704971 28152206 15263694 2024078 33078770 1919024 12047168 28525378 16146412 30911410 12001628 21337150]
[19123355 28729522 255534 6006482 2299444 5840874 18744029 25378229 12062255 20205024 31391871 26622085 7919336 2045554 9043443]
[10084440 13656225 4101786 10088654 16649778 10080565 27299294 24212669 16347101 29277778 30164600 12484801 15968016 5621300 28258292]
[3536453 1672680 25088266 27701509 27853813 18375925 30749107 27781252 32140455 2514740 13536998 7110595 30444834 15114814 18419353]
[6425374 24017366 17378589 12646276 12402058 26877759 27105792 16323947 13065629 3088739 18301976 12703764 13778234 31514554 19412783]
[27890942 26866953 5040250 735205 25686460 8438875 3532048 31900814 16656406 26979507 7838850 31611711 9635248 13018601 6893586]
[1939034 7152759 4764862 20382466 3062279 24942445 9566790 27114377 27396235 15585839 433424 2921518 16121309 3711650 11131481]
[4483388 18499543 20568076 16782737 10645856 10151538 470583 19776251 1618528 25323849 16293294 11654306 10441955 11909768 11194000]
[8409236 243047 29652044 26669481 10815144 28804027 15612948 33007834 17614491 8718793 1877112 21320479 18219309 16031574 2260690]
[1554042 30505904 13543256 5878919 9334862 829998 1043871 19110367 7754599 11416144 5805781 13977354 30129418 29697807 11913146]
[14125317 13003682 7112754 10871793 24314067 21947284 20778779 27537634 12561634 1075486 11216449 5063226 26403232 27142373 20826813]
[20892436 9689502 17732560 22627738 20755204 18536658 15566238 32654855 8404334 7591745 24009115 10468040 14227740 29076933 20424928]
[31090165 2612057 13997100 29790345 11773724 29789873 13278105 19383627 21290328 258127 28781667 3028158 218901 15821036 1775531]
]