[[4613453 32072229 619651 29374241 8233085 256725 28144550 2752524 24451087 22468911 16964559 8083076 28066889 17298567 24291927 26243931 17127667 1378088 10210915 20259696 8168693 9230331 4040897 4476977 10680393 27758735]
[19876301 9874590 17857829 14360534 29139970 14660316 21296638 25277528 11815067 5717269 4316734 26479733 9048587 26817038 2580807 32687122 21066795 869208 2273128 26560535 29622552 25902546 47939 30667019 17467982 25205856]
[39404 11633686 1445920 21426652 3247661 28180128 16419542 12535910 24640585 17057393 5126217 26925038 28843155 27215470 20965583 3005330 27784453 26324419 16304532 18247397 9839380 6914187 24186144 2078726 3760922 1361701]
[31474033 24776804 17360908 17412494 17570572 1491304 7642218 11618905 9987185 8079853 25152199 13284904 735327 21237388 33393085 16161536 17736229 19299379 563037 3671480 16310872 7862380 15994540 4464505 20770145 2330070]
[30357309 23521062 25927433 3627264 1696686 17194253 16098152 22877580 160502 19859625 31967466 4103700 27874631 14141429 6488677 3591506 3695759 205678 6716420 28118633 23109385 12856624 23291086 12458380 23486113 3077476]
[13956827 17546553 6624035 8302231 177533 24422972 22639361 21427962 24790529 23759701 7276062 2828697 14878880 28855965 8881988 20550461 1432871 26223805 16861512 1702331 142092 7314854 10414107 13333848 20616272 18972491]
[30039421 8877952 1972755 8448393 13746783 25005541 32613598 5554067 9334993 27357153 4071022 2543641 29184868 18835036 3923924 29383663 28033396 11413625 10709551 20080457 8307724 434265 32229556 31299892 33410496 4625770]
[11714122 15216289 29306248 12890550 29394606 6666499 22663943 8558131 1395498 14193520 14247918 8244898 6963159 25488541 10343664 23744941 4492835 25714079 21494472 33398302 2516576 3857457 14343815 20248917 13571501 33167401]
[32598011 29153531 4353561 25475259 11690807 26762504 33415301 166220 8807655 6701410 4223997 21306891 4824184 7292904 28289544 1288632 31670417 29581885 19146360 2134895 30913039 31380706 31274955 18919446 13339144 7434670]
[12372086 22767470 14524692 1665015 28988338 14562936 7049049 2128765 27036070 31384610 11486198 4662557 4376902 21667678 8938955 28065763 7669140 10392838 18277411 4074210 17751624 12814130 6826235 30109782 32755660 26796552]
[30999032 24599277 16173854 27099877 2692483 3845974 21783039 5230290 30236689 10408317 9181470 10129692 17428083 2729653 14194995 23831314 32560398 25589204 31793924 25800335 8207236 21000262 32105992 9551655 10125987 26429105]
[20775566 15055384 650901 30041683 25417894 17581697 2958619 5339222 1899084 4661885 20883050 7345604 6903146 26830588 5998027 19702798 33379195 31832739 26133419 29533516 5187121 14313739 27708697 10499890 7461919 15888027]
[15367475 29207630 1101141 6393262 5727142 11496099 1366512 27303463 2511483 18702384 6593366 17320491 9251916 2431099 21058282 5222106 29014633 3765600 2934026 8486332 3925879 7906173 20218031 22862879 7525909 21632657]
[28059346 24231672 20706914 15863402 4420226 32771995 28592456 32158268 40758 26733295 19897894 177173 4200789 27557799 15063170 28587025 1099062 26266588 1296735 14913072 23429821 4092934 13146846 30806613 15211830 7550767]
[17077458 26186586 2114093 20084192 4306952 22362787 32144718 8366181 10494720 23477522 26193980 17393131 32632280 29858383 32558914 32318486 7504126 14584278 18501754 14478123 23898170 7971392 13012118 5667903 23757795 12077988]
[3704977 8446922 26435556 17478134 30564169 26166230 15532467 8223597 14496028 1675007 1392557 1153296 17386192 33091843 15225597 26406204 10013295 29220166 28476987 20838229 1794560 32357475 14286059 20052897 12751795 24814849]
[19490476 26119035 9697395 11130669 14421105 23780813 26424792 16738451 23380672 25212434 4364328 31099954 1244943 7857274 6066158 1412769 3383567 14415010 12369402 142879 2458858 21838824 30439915 19122572 33437498 582982]
[15351550 9239542 30909798 30657948 16414761 11865164 31354169 6341411 821078 17199609 6267732 20269333 26177384 13415801 9206475 31524408 21513094 18677930 13423022 711452 29748684 14522626 33473899 14550074 14333781 28228294]
[32266223 18033416 13204873 10123148 14899434 11505824 21198729 23901847 29805761 6402265 15034244 12170796 9105807 21795445 24061999 22924853 8699075 5745692 743207 20257327 14577086 23348934 29577387 26478962 12533890 23753995]
[22315467 17664126 3973242 17005600 695227 21502125 19823810 15209131 33205241 31756736 1781187 26896959 15469957 18678410 7506371 29590501 32245369 24764231 20180494 11850053 18771689 26912707 19315889 13598259 16527112 30732445]
[13236501 3108938 23514781 31003849 27248025 31573789 13291017 26634178 4568773 4291768 16525510 11247503 1255472 13767837 26273487 9999034 32785259 4768678 31336318 13413266 9169644 607256 29775680 8265556 23477586 29226644]
[23033227 18851752 15999597 8044981 2073730 8960652 26847506 33554338 315367 12066195 19422189 3834177 17699015 12083032 1000691 26063940 33411567 2822686 14860103 19704884 20974689 13682819 24662506 401541 27811605 10473230]
[28379094 6052842 23297009 27852929 1313871 28129143 24801012 27559517 17274276 31013166 20332660 553091 24663742 21648662 3715568 19907579 12454087 28953222 15843853 17705063 13896076 14247464 6666118 32990076 24991187 26018786]
[29964981 12159561 27794252 25761516 10702469 30326802 5311440 7228334 24813267 31769984 11960663 31630673 14245744 15166876 5853082 5987389 23841931 32414027 23067750 31845406 18393739 31989273 30607089 3030278 205561 10800101]
[23622540 20372628 3059441 10844676 17458991 22743719 2299533 32365966 24503101 7964677 5696283 23092469 5754342 4958885 18543475 2508316 29569459 14988563 10962822 5835869 26654563 13200022 17709261 5649103 10203710 23679478]
[242002 22706024 27941921 26649814 32750629 18217839 24211037 31218294 364847 20379801 16551804 11625619 21872731 14366632 242967 7264006 10663783 18641619 3140707 27222460 23292342 16614772 19614077 25861627 32734308 23303491]
]