[[3323476588 3171500215 39916825 480094348 888010943 1285663802 3434019580 17178579 4063820088 3626760062 3764273266 457817472 1569671697 1642373538 3443118554 19005968 2261107389 3625929314 1395733423]
[3205844286 3335686848 4184943244 3446985417 3108296133 237678682 4189520695 3307904095 46192888 2175629520 1702661179 3616629099 726098039 3994265805 1501553192 1124262693 1921080369 2901547027 1956269557]
[119421378 1569307169 1497891059 2701627076 62903004 3640873200 108956184 2797310528 3530486531 949864065 626562491 1399474334 2897517015 559005360 2693932774 2718456967 334812181 2490884505 873714355]
[3830727285 3088248959 1455457528 4110234733 1155152945 3186271304 549571376 272991438 829116162 2549924492 379750505 1460418869 3763129029 6069721 1224913603 2506997691 2509751031 1669869376 2034859033]
[2450744878 677426830 2018571195 268029849 3082665585 1671733398 2229974342 678899947 166571571 3172446102 2395706238 4144951435 75111398 1530868131 4022426318 2313200404 2391479140 1956057161 3941838443]
[830269904 2578780580 3356419045 868094541 4102826100 577162701 3257248890 653061391 2778782077 2525507492 613863588 1429509454 3063399781 861568319 3236473162 185907985 2494680645 3468227850 1781127947]
[1861940006 2935376459 44820432 712317960 3001318523 2900874479 16846436 2897429103 399249785 2820635205 2921378402 970293319 2318271027 1475029403 857487471 82749945 2511669057 1960013400 1343851448]
[3747946214 3887558496 3670731749 254539649 3808969077 1051217512 3695620167 3120863202 3250652373 384827450 2835074962 1735251361 694703023 2627529716 225045170 3822059176 3111114186 720854596 1786321461]
[3575254495 2880824633 70258392 635555753 2183117924 2480443013 1436720337 1677381878 2172317345 2436890478 2719385225 2102412842 231516558 3490224389 2517524534 3424354519 1461262979 3294500228 738255027]
[3012436412 1028865481 1424974819 1638444205 724786152 4250624129 2824505062 2657657467 3845604945 1523689551 253779692 614695865 4159958692 673341364 3704834811 923810231 3366809400 241586630 3173030403]
[1310323847 1737361571 2109209322 1549053498 3500306408 2417649903 563113028 3863628802 3119260394 3011708744 2909060618 3162289598 1488675999 791543964 3436196024 291660429 4124316424 1247914326 1617285189]
[3650747181 692851985 2838613371 1946433942 1505489618 357577311 4010102673 3104778468 2767470818 1128939505 514807140 1571944068 2779032296 2341686198 2119156322 954657668 425009247 1028548443 869099091]
[1155514666 1542114359 3731010154 3818341863 3263736871 978851645 1099398877 2648509633 3286310907 603714915 3535689162 4029902051 1638176501 4176012330 2088442339 659612040 1761328673 3660074040 806835491]
[4069599312 411677570 16682520 2049415536 3282445491 2094933364 3421619904 2808415728 828951666 628287169 1498695130 3526894768 2014508691 4265583292 2467501203 1423705324 2602224833 2401649196 401126213]
[343352002 2631451412 2061503796 2451102887 3496653449 637203610 3794193244 4208305229 2792714944 3971363927 585136160 218085052 3269965174 1059464607 391141928 1459844207 1993414224 1853607780 3786041134]
[17382860 2277369567 4090822677 1246182105 877304047 332309559 1514801177 1786083262 1261132699 3040074725 295625571 2154870769 2558124155 1004320939 706230274 171849376 1116706554 691087413 419716784]
[4016417586 3415998250 844740090 2993270911 4167801425 467382881 1868597930 2877974617 3339709402 410280783 2874475758 1318797685 3726906026 30791550 2268448402 546518832 3328677966 2086307022 2211354383]
[2349633275 3469743086 4278835461 1213518388 2065882604 4259926275 952193567 2659551194 3084201172 1519677917 1382953282 2935992906 2782569453 1505418833 4278165181 767087522 3868100737 4034000672 2695593154]
[2910651624 3353090886 651796089 361833497 3351442351 1510870533 4437506 1883001018 870134815 3116087859 2185286011 3653145513 3505036560 1228114071 3411974832 2466914303 2780643294 1993084151 3116179955]
]