[[3029950245 2335469891 1235946263 72862633 1299359928 749517663 781207292 3632115815 105229369 95208684 3435922522 2079336992 3959441021 2914074604 1999058351 2522761793 3476364144 2197092313 620694021]
[1664214777 451620481 3321470637 3331130715 920162216 2057463217 4164018725 2981811665 4252940257 2460708803 874921667 2290346109 413667263 2809707019 3843292108 240859160 1868839630 3919985223 3327732735]
[724323073 1117429461 1166887414 1166319986 3715558698 2537168055 3187276359 3531342164 2124052657 2415469278 3260226983 3516285531 71431383 1669184474 605917275 3154215778 1048131464 2257472054 1329844256]
[2753523625 4210241126 549505337 805715483 1600982760 745142709 43515187 2914693476 3331347779 4199418923 1527444255 3903832629 746653860 4268279267 2565407013 4210672956 3309723801 3725564001 3722034322]
[43558040 100727945 3299355331 1573013639 696460873 1597666417 4257093890 803178258 959324058 1612540392 925959475 1805366622 3198084548 2901348865 2848309012 4093562154 2756464999 1928576158 863940217]
[1155954520 10552012 107606050 2624636305 70147338 2295220002 2440008489 1823008090 1974304453 1857122972 4242780049 1531589739 4208734890 427152992 3787285918 1051369516 3914139000 3645535525 1064584955]
[2845546491 2144622993 3125879140 1251523792 3093562228 1189466726 3230061302 2984210328 2560418782 453649966 3266196576 1768393631 987569589 1917310335 1101636567 2822763627 3661710758 780706329 3413370889]
[2643180970 643455141 3315177067 2545388293 1635186179 3646266920 1926335795 3638689213 2253899564 2074070794 2531549056 3582635181 2951491291 2487388250 2559303039 1133427559 3730908493 27336987 995564193]
[2151464290 3411326738 50598974 881146186 371113796 1563813920 497112268 3547791019 467964033 1297993292 2871592642 2728766270 2591794064 3083683613 2874974063 1360330452 3117065610 2937174825 3872107181]
[2736429637 2026659728 1318341847 3039902217 177152190 308428241 1918711321 2539964993 2625221985 3025533181 2450482418 3931696202 3899948793 2050144754 2512920833 1090589855 825469273 479026811 863208094]
[4182902181 3200695490 2653617329 2999889019 26423340 2592180769 1677267141 1969837199 3636182113 2068811098 2136316130 2001933412 2927873843 101168401 4036885619 262533294 2161380844 1105376797 254668142]
[1681982857 1546246667 2003770904 1950827120 1627206303 2821838782 31017895 3568805410 4275173377 2412360217 902544731 2266934604 1928499492 2295783952 1100633196 3384358178 3597340173 4002472968 1312939872]
[1217009197 4085052151 1679134957 3995989332 1895788302 680072066 537675864 3414389447 3706864179 519266131 3653590126 2066142481 251245945 2754339213 127662648 2424600258 334916174 2855372262 671969615]
[3844201391 3590711652 1226273082 1724460468 2383612288 3391488903 1145835035 1197876476 1784885761 4094749092 4069070652 735917973 1613487802 2557853962 218465487 564804900 896364520 2568125069 4185188500]
[1665652840 3316614183 3343110098 2705511408 3233936362 2445141740 704572709 3820787037 3510182586 335597065 3734587246 4002958293 4170194289 1925160733 3315609430 1288659657 2538209215 2028058500 2946514339]
[3402408658 2824926265 1014064216 3467401365 123022830 2268825456 350045063 430533668 4178621306 2266796189 745022704 1245865558 2738701654 1959840495 1013456533 3985508764 3229053611 2673190749 3274314319]
[3833812991 1147903007 35765572 20341890 3888608695 3534823865 2324484144 2189374343 3603821722 1369963294 1546519306 1585389878 739270908 2069054060 3000418499 1382847261 3878979679 2614897401 3766815996]
[568834187 521233188 2253356209 1942250976 1155672830 2661029354 3010423742 4210816510 34878410 3480788375 2025732885 2716164492 3663552750 2483664091 2585242020 4286216928 965501280 3538557395 669856650]
[709130384 358590489 1439851495 1194381382 2241661033 1664313286 4215188930 3653382447 112574210 1772273112 4269771103 1280700246 512040681 2780102516 1141163947 2422316189 2789655149 3899962466 362585793]
]