[[4031269250 1401196665 2563271576 1698474658 265141578 79794437 2034993708 3511005177 1572002400 2808396522 3786208587 895674951 3933326570 2969957008 16571867 1941166 2113028827 210555873 416456978]
[1849623334 2234186658 2030880786 1902548800 1682326169 3686798314 1231862812 895387366 1940793485 2615782502 3155714669 100117482 4050196621 3716134600 3547434975 966072418 2885384873 2762130586 2398507578]
[1274480211 1635034498 1778569511 3173479725 4047317588 1067988652 376504388 1959545897 2651588407 3531728729 3610115063 991798539 1668868805 1421350621 598373897 453933299 1019983864 708210575 3632105138]
[1700041822 2664612902 1792318249 3218413305 3681704909 3138364681 3061425732 1882136458 753525752 2441713025 1911410812 1573263905 1582571208 1487280434 348036919 2449479504 157434311 1848873023 3895778839]
[1031116809 2437166910 2053858074 3351485011 1777406188 576677366 2648668135 2205910983 3671239782 2870568091 293748503 760584748 1952806677 2674102963 3651374983 2251140834 416654168 3802769375 1008857999]
[3065092232 2414140073 2148998676 1454016218 1708410813 1773811884 1249852559 2306946835 1413762275 75943045 1144692277 2506430573 452990959 1408214971 3378994936 378124133 2457660340 3184416578 2926137091]
[3776321179 3656293789 1530928725 989078806 606553072 2298973562 3630122136 1320943386 3985447845 1830181797 1157425467 2112399379 4130530268 2846820609 4186707088 715371965 3319879895 193312006 1421743056]
[1506815575 2939729607 1418813076 3933752076 36631531 3885332151 2645712464 3196224952 1522833627 618633949 2518473387 3140418810 2188164422 4182712810 2982726922 31315430 550961488 1259697420 268568096]
[3972034654 216561106 2500812561 803173936 3954888407 2406631242 2430529683 2660811135 2212740286 2330136154 2840040082 3120055211 907810976 3426762456 2922531866 3300925827 2622458636 4122891723 3754301338]
[985802522 328547888 490215555 4212211851 985590816 1372403825 2566696899 2666626449 779881002 4208093582 1929766707 2427601804 166315217 1722283977 722411595 3798937837 394143228 4184718456 4231041315]
[2801436104 307200295 1287298427 3415868638 1989193843 3897629069 3620197573 1618464268 849131729 3859678009 3263728192 3194353857 2830193003 3249828948 2380277932 3797101442 3690581255 97274872 3983063952]
[4203729364 445547368 687184708 3015185456 3266169626 1248387915 3398859621 3471709691 439862316 2628016133 51036157 1214882519 184576496 1192727610 992858814 3957267397 234596371 1148985871 463459351]
[1398450073 906669381 3782832046 2557572515 663824690 930418163 2875280889 709851044 1672941033 908650350 147814975 3098364059 2030068527 2016067271 3375382516 2222923888 1287060 1492103663 9000030]
[3360879421 3077900983 1304538898 724494929 2408352714 945072933 2851337867 365767929 1408228890 2973555130 2987552409 3369397186 2720787436 2605166770 1568480532 2824874387 3479330925 3972306642 3819934598]
[2635761963 857602938 2480231102 1806775160 693694078 1755516710 3170128057 305932653 2440927970 2664336990 2513552067 2552388064 551171937 123637798 3933632779 4106414663 927562022 2545807061 1708045473]
[650133162 1981999242 311434250 1952492894 1157488814 1735593193 4217215004 1510068878 793078309 209123694 3201149905 570086974 2426198082 2910283460 254007658 3934334865 2245186380 3626039343 291306972]
[633858168 2803187020 3016078233 3390672304 1006976819 1355833284 716515040 3483795989 2115486274 235542987 4191356097 3180763243 4112253609 2826233989 2902866018 440088247 3776371274 3171168222 92585048]
[2992256421 3213368843 3247819479 3951819784 3756862056 1009725150 212706097 3721626234 2544645018 2232547686 4283056985 2348515059 1565652706 1820086368 485409102 2383149157 1083167856 3337527158 837093084]
[4291785476 3050890829 1820452735 452289538 2323766309 3340700515 3936160763 3317848204 19292486 3572915490 1631476450 203828260 188872565 1549544385 1329657536 3053042232 2507318204 4002356721 374170870]
]