[[2520550135 2645075914 909830504 3675949115 213937366 3725927101 4204722548 3970694186 2539360629 313910236 2783812295 3391011297 4283123796 2329176001 2135338350 3649546700 3535715550 2913352031 3424101528]
[3194550871 3671738105 2630473404 4099456544 370829694 1517867222 1139355268 3575377542 4138750788 3303266526 3909052268 3773217646 3132913510 3848047068 3932327078 2616098460 3368061640 1010507691 2451397704]
[3147455056 2085011112 2982319336 801837903 2357665354 1573347929 4280060202 2397067834 3028600762 3338466910 4136477795 166596197 2258550412 3019192410 3708451365 2257345543 2709348161 3719086270 3328927818]
[567696166 2910285142 3541162403 2993083805 3945286527 1493444518 3142321835 4287571751 3228425863 2959839075 3333989318 1359608119 917573428 810427159 1207630976 2904534834 3917490486 3293312206 864583127]
[4068600849 2828737007 3787171758 2993168094 1381574132 520438581 2305869141 957614287 4115088499 2261215091 948908022 4197247343 2420733859 1875350113 3618220620 315516808 3855303694 909060786 1505220643]
[4282036974 163586382 2504592314 2442955048 638493979 2643449334 1728008347 4053319 1560210792 1042483847 362573352 1188553262 1258521566 828169960 1583877943 4085348589 1880062792 177958945 975677390]
[1412140702 1011264588 2486677974 1540286737 619992649 2732640276 1550692576 847931862 25066750 1925362737 4028837029 2588741434 1996503077 3881004275 2822849736 130374347 3456451002 315506263 1991335024]
[3561550239 1761594496 2462620122 924140769 3024285586 1465980521 1799518776 3621859210 4071255375 2799063572 2447078418 3645952413 1365274450 4231852688 188901898 1450825773 2551933711 989201609 2581841936]
[2736510777 383900195 3491962492 600965305 734845796 1325931970 398695635 2968995616 2378322841 1310472102 121299544 1110013860 443747219 3322288686 4058734671 3652703162 1323496467 155919442 1300210887]
[2398131545 1766567926 2316449127 221533051 2126938165 2271303207 2669109889 2148790224 2351383668 2332921675 3002887415 1262034451 2849958856 2399449587 1059063104 3777871584 2770465560 685995766 915817102]
[213313554 2723447277 3458463319 3719820232 2021850813 3640572263 662978300 4000741364 2090430601 9014786 3197705585 1061357941 1238893176 896253936 3747859778 2128258439 555855197 2189724889 3491766432]
[1690916208 1385259601 182154452 3705323710 1408071462 2893688984 1579784294 1656587257 1816605756 3014094060 3234406519 3072132173 683312110 2229903804 2022326413 2475200508 4284892350 3430331892 4126631219]
[2881154576 3874932209 570627217 554654751 2347804042 2504498396 2089608431 343120531 1217874400 2110043520 2233717782 2294555186 3622235984 39867769 1065111743 979298273 483264375 1389472605 3410257363]
[1718526195 1342623791 4034783984 3896743595 1185486681 2214877196 2537743612 3206450835 1047932778 4195570206 65605367 3401334266 2287936693 1893780529 2487636796 2677805226 2306811296 3673259016 3586689220]
[4101696800 1430200646 2848131109 2989858131 3373725607 3689494732 3754010660 1097474172 2458428011 1823019462 3055738753 1799962186 517681533 1178424530 387837611 719794133 2318773858 1777545767 3673249029]
[2724696243 339550054 758795165 1832196301 1746014059 643821360 3381142987 3357097763 291308732 2069014213 256349662 2762182803 28252033 1463082207 817842862 3888493960 3631338010 414248698 1580182497]
[3022273720 515001936 2057670792 1923390988 971279689 1545332303 359813711 34348575 1514936225 2439692195 2234058274 4143656752 3025304932 640340260 15020961 227227324 2283704142 3471284961 2775879327]
[3551355457 745095980 1781457711 3189514487 4022391822 936520864 2288056201 1205343958 1266528269 3443397894 1324915215 3357688935 2451810889 710192547 3854567361 3942514569 1985461788 1017928307 212095210]
[3026871918 759231823 1261057431 2361109327 3359889494 1891530928 974827045 105899220 3862716677 2979683675 855355063 4048761197 1034986956 2333653617 1541913117 2265287342 2884298319 3094889309 4266233266]
]