============================================================
APM Result
============================================================
Matrix file       : kernel_38_15.txt
Matrix size       : 39 x 39
Prime (mod p)     : 274877906837
PM block size     : 2 (fixed)
Deviation level   : 5
Minor size tested : 7 x 7
------------------------------------------------------------
Matrix total time : 388048.3401 ms  (388.048340 s)
Minors tested     : 39279550464
Avg per minor     : 0.00000988 ms
------------------------------------------------------------
Zero Minors Found : 1
============================================================

Full matrix (39x39) mod 274877906837:
                 0            1            2            3            4            5            6            7            8            9           10           11           12           13           14           15           16           17           18           19           20           21           22           23           24           25           26           27           28           29           30           31           32           33           34           35           36           37           38
      ------------ ------------ ------------ ------------ ------------ ------------ ------------ ------------ ------------ ------------ ------------ ------------ ------------ ------------ ------------ ------------ ------------ ------------ ------------ ------------ ------------ ------------ ------------ ------------ ------------ ------------ ------------ ------------ ------------ ------------ ------------ ------------ ------------ ------------ ------------ ------------ ------------ ------------ ------------
  0 |  89500022607 145785254875  38005678833  89252720618  87547566941  45688444643 224957485142 220109182331 262112169426  67573904903 171522499937 135711269261 104047094897 177642547156 191753362774 144204738318  78304505591   3446865783 158955733940 108664866066 152599706814 124214136687  94048502001  60972096566 195146869865 173067406232  31427789211 145901733187 146289711939  39045343652 157322181109 242047462266  64520095450 195238060915 118164940358 260901389393  36625806908 151529204498 144218591797
  1 | 162319302576  86804460069 127245884338  45312342135 170193236707   6213813278  23719838889  25227720942  36833060929 251728393185  86988432348 246620122466 183526502107 272682122812 174453406902 114701823149 207714665995 122520224492 225387075719 171157894915 163075365577  67967977929 270016138951  50997284235  66994393553 237555532248 150580303930  36622323820  93668275202 127693557311  16862784339 157547351074  99332851463   2711260840  98293479200 139074579811 108893456040  23521665154  67548758293
  2 | 101085389912  82277319709 112607186268  44092482900 182036967253 228254155908 217912911812 202976593880 265644304417 182076572418 139420537942  60814756306  72771088784 255190221472  52875855643 115320320740  80333812617 182915038622 190599860898  51610422768 186025306850 168515420981   2249021093  46257333489  75681404055  46908154918 108536488129  71932602255 126411970159   4254378764  11071624683 140488120680  15165389888  32771771284   3361594936 248707433940 169582376347 235210875369 267040037715
  3 |  97339387177 186306453671 209242839469  81366155109  32137170346 174252587181  73284621330  92002101478  90919320723 260641405086 263550552083 255398483855  73404728122 152524320889 161095077684  73374134316  10972614293 162940850311  97171087162 115866916568 105555823491 261153292027 238912695919 176561070598  21460129281  87435584460  25254663945 242224178690  13828692665  78610139204 118386985567  57040540194  14289329869 116553799405  89546942300 274101914260 254006632289 239433678862  12088959094
  4 |  76287791637 118414017122  69879394851  73236148517 140328151765 258272610273  54746213124 194995638427  75933070796 139047623274  30189408029 160394290439 245993864672 208352003776  38674635336 224909619765 177043625498  43360308730 186220717104 155094948105 190516920181 189545789499 140686055285 224523049563   2703793458 255282428071 208344026075 255172859763 101284941274 101739341608 106279285039  40710658556  79498806637  23548659150 224736496640  59746497726  18082434487  50158301542 118429999120
  5 | 192907583442 208447246473 261276615732 197888003560 103966497193  67359764896  50296573214 196696038890  74705084799  36663625618  93252005948  51955428753 150254646158  85767167596  33030388641 114901804450 234136700411 216996161820  42363966166  96283650628 121876192198  64852427089 131348796562 246098548987  13693941071 153259477124 140545116253  10012811675 204666103930 118916368038 191310374995  58467491099 248261109146 167909183850 192457875105 170903232120 193530581672  76854018815  18028346159
  6 |  50667194296 119317518589  65491897071 265453502812 118748529923 149761524973 197600841319  55358924279 204595472409 115561981838 153579213819 115518745326 171143138944  18649585738  52908005317 138521507799 247770788034  97707272810 160175417331 159620009044 248393784679  73127741619 258510315142 233009395830 200454758767 201363244655  65625216653 133145861840  47855545333  25149599920 249225380666 157335657665 205177261729 264843166945 220553939756 251284723449 180528239647 227836423289  83101657831
  7 |  83987643672 221512502618 266421230137 240540333585  18979704741 270391123430 183799699648 223885926431 113785192324 111193660424 233057122841 260857598907 161953306732  86734193282 185757041249 150945181076 105933555957 180210619517  13026534663 229905612412  77117673655  38730494503 115740820964 228495464604 119440122407 248829020039 249344863477 176356648866 169355898413 191396078864  11637704294 269261593391 112546312765 120119933250   6825358543 153748243424 272278980837 159353903627  53619783975
  8 | 256645273816 209169906758  14807080013 142620282365 267765521864 116664291682 212827136687 261080993985 162361128756 203971075997  25392828096  68668404531 226455907555  69325494181  18782994205  75829477710  77565118738  19419287409  40530546005 213427422096 257556968303  61430530945 250045652384  94385386119  74582347423  52813776217 233137364546 142117449104  59893712240 274645257685 163514019049  22675488269  81445274074 251331330107 211052464616  78673083192 261808886937  78331112128 132824854489
  9 | 228861720650  27480331707 189255115959 184489513140 195413086820  64913257521  92877407472 155178243784  47330488803 200749232618 196619818436   7468849121 136762560209  18222985880 191712024623  56956137858 174263454561 153386417616   3486082046 175298916046 154708436740 146011946359  57772301145  59026587738 100568251263  18053685177 126937557373 147754135462 200500342307 101105412960  79811759371 140942163859 108265377790  19677449953  29654602400 195090001486 241659966955 153975470360  88090874998
 10 | 141655304726  51209428512  73806509558  12339774761 272502010307  96578266995 110056934301  63139586600 241806564318  72724576626 232253844932 142976047164  40509977748 227332825941 265750033857 154130936464 135473036165   9990968198 156754080674   7185940655 274151966699  14283688885   2606255531  99960459730  85684963367  19348074115  21907815295 186118943129 156882940400 150565184250   7689626955 239052769663 111573737976  70983443042  33292705002 179411526558  14477578849 209853729446 210493138205
 11 |  56439211288 209310825784 236141142283  93911837041 176857340479 252192192919  71494737877 237473809017 225303859623 240639652333  94778502158 270224801150 124851124392 120435046591 226554936195 217570039422 236966607322 252452573888  13305097209 116335967718 174925877599 270275675095 150133691136 146045625635 104059112416  56252176913 271023586526 155345795173  25782062143  63838086986  13556624098 274156309859 242923105796 105407501503  32485114510 187346390716   9101638673  38542208439  42186621456
 12 | 194979512346 140060330649 193764958891 133890892828 233823878005  89289204439 268451818677  61275588179 180270885554 250441562544  98273364188 229341220196 269736311894 226944884106 257914108121 134770646167 134071698158  21524935980  11123292475 252234446608  48447721266  96287948504   6087345536  94168919619 180196085570  79791782628  42687530245 106720370956  69025281846 252003588045 248900280373  56955209177  70311674624 185191977920 229221107150  18563180661 107127081686 131898612466  52001626553
 13 |  49308508433  36392238908 211075107581 102060116605 262267375203   9717962041  21865557207 155536316273  62072141736   6295663843  11859662070  49639822018 227909485585 125024906406 227230010675 127547138919  99257802194 229236694248 228468311136 205503198112  30211998852 117479417659 134480884002  10783726351  37717377549 175919713482  36334417021 211542989870 237722525119 269456890021 122376902918 178695085458   2774151451  93945513831 127584875000  12106385109 147898581870 137593971057  75653444752
 14 | 173302611231 218797506057  57295475128  66348514257  17545376147 172307400083 250292753179 213667836557 269104179223 203645508744 188798325139 135056217285 125322279474   4717506260 101197594466 181349140019 151003494502  71529042090 137466059244 191998620218 132099400882 143748754479 257797280996  16473004746 203486684618  69177935914 272156767287 253614660120  11618358109  57764789979 260591357525 259769529062  76062995836 179787036216 161397896228  63795267839 109711196739  92404249594  11573928283
 15 | 257329530490 233843601644 223698647052 134158851355 112654665109 223785867880 133102958223 132212034594 239915981332 161009356790 191054999864 229563533808  99893957409  85251348831 110260488099  21345514957 166463784201 247974876780 172543240615  12285388399  36019318990 106446999854  84880917798 159854228426 262634838743 212360068028  40594878093 114419072979   3974116117  76756976735 191711467567  67861685574 180300840105 217785773002  67927951593 204626046496  13797780047  95145850200 229820426850
 16 | 248638188165 115718659353   2877715431  31598651941  11703083867 195687810108 120672211321 204217914401  24836552521  48688044222 174517905290 268654676165 256538776662  74572405831 121440589839  39307957640 247814414254  13584711697 134600461075 262552516758 195939146821 173953265327 124534191192  97467789595 101732562381 137318888855 125590014473 153393098900  46981419162 126604471627 177998883990 256481888781 128523618196 249089724455  37167111764 264308673301 207464370772 190290894544 268271919047
 17 | 152003440245  98495776813 137785780350  14285319533  63049994487  57136303125  79150559969 116924512200  58258676815 231787818084 221136744447 163671445286 151982505617  63026516846  52087950064 129254307224 123117773822  37853563020  62889185150 222353467679  26757684547  88314255332 183340157163 263323400558 167934655513  30232120559  79610919371  41995809944 141363934946  29334630634 240539900473 126802452583 241967211780 152776826300 270171831360 235975982990 237879551317  91015873401 195372434512
 18 | 199067433093 187659413682 117246432348  59175405357 209344468895 210763786484  26061191721  37434607381 165364338570 135136051319  21503219425  58205467242  20231864790 110358691230 111319591768  98402192548  80073245611 223018966442 229744170229 267687597714 187433192493  11008474565  69235201068 118299105838 258109431222  58388976049 174959245148  71339325476   1643433865 203567490233  37381478069  40737713281   1156142745 244382544112  63833981177 135940777905 270836695527 202524183037 201877220612
 19 |  43055188845 199949667525 200714371216 140490427985 204907184089 254158060900  94209026269 171586861530  54433416038 224417446361  23613693873 191063015616 104365052042  11562038329 210665469889  50869025805  41098872989  58623748756 220975330119  95577473444 106240075902 110695201803 187011383153 175235064011  39794820449 230562287358 129802430692 269679854727 156538499634  76533839400 192760731010 166935960661 166836580940  15614318631 250811407941 172415844913  27646842387  18572550425 180072354449
 20 |  15312461508 229292554659  19678184447 262943235544 266075655551  73914714115 240334216478 244386432039 272943954207  38422086899 256292152931 232952109563 115044580050 159812328559 191221302460 274817130145 157933835586 239671562547 256066586673 103776509010 124681541622 164981549852  93175054348    768731737 133840361926 195916068520 231623758642  19070901855 182153163959 222757570638   8964761679  28968759441  36532815956  39927338004 245613857733  35851443944 219628151726  42495662405 143679485174
 21 |  14236073847 140086854803 208574272863 145894586849 137539261581  78998164951 270863852027 109373895417 182312286135 199239428721 146535426916 102160912659  23759819673 218233997455 272054654912 263746169023 219890276361 152743631385 253464341897 154286987869  10745568495 117625724951 246588923818 164901967236 130733370365 176961948380 175809880304 207635946292  64120355275 210889803510 192179082294  47763500734 155381982677 204287903489  73044155025 215326562796 239521130991  40802580815  33562174866
 22 | 200221301757  13541650316 179431513397 161443129164  42570966560 251655849506 111087809940  71511934850 206639560178 168353959449 150399588891  40676701267 269703239748  79435499412  55370645316 154051478564 129536483720 265825992635  83942066647 137415062752 246137371564  33877447583  33345874851  98880159190 121455504621 129486094217 193346675206 187332674974 173071040051  95339238692 251128784359  84675154157  96075617347 122616475273 149241428408 182363483820 192998590352  77060532505 141975982911
 23 | 260669980192  30330278917  49319665635 243434402634 274421764825 141064549709 233517151553 169508923751  95312168612  47657593548 256244056182  53808164368  72735425839  82880892302 165827578803  82866388189 169732870091 240860752844 120131774893 145934307631 111036020012  60280335830  79897134787 129192840725 259316468512  18370208107  61280467223 250335428618 176865787869  19133627826 216002150366 246473097056 243752915428  63543588312  53769598089 141360011180  31169800833 145700142229 225896342928
 24 | 108811245955  81201321027 200650721785  64359779924  44899618752 164889132672 162481688318 165713948908 174347348737  42321088078 138506505577 101067064184 149779434401  14925783882  59026562582 156690084710 270672049424  67288427611 159129479292 203856323416  32305871814   8390578043 203761906721  21607984177  28677194143  71894605528 200369123658 195717439736 165973680752  83070041582 107687977708  63835982648 161159431911 234721010990 182863236963  12965418918  52962548349 191967452725 156952966682
 25 | 171634570720 116345255261  58544516070    382800574 106615454920  97897088208  99080521807  48839399926 210478496392 108847523499  89946632795  22777818373 258795215077 158258591807 154798508866 198224254610 226044117366 177962598436 172705834901  12651792153 110416500833 263773895876 225354814714  15485832856 190044624363 161704513028 260982806619 177611937120 217338363048   8883528285  35195166021 165145166251 221157478616 154335391535   5405536501  56539624320 256806981441 222696448855 247169149383
 26 |  82112205711  12231421535 219879947738 267825322500  84466870390  83551773572 104281652742 253010342975 183507184107 183358289611 116448701704 127490834238 146083738355 159338944759  99467857642  50732128610 153081872840 213450241868 220563992597 143140722627 142636393084 158313475230 236539264722  67909573942 246760342932 259952698563  76311871859 211267294141 260794360674 110473431063  37080651841 158215289075  92573517704  79437765492 224728446563 250440855667 198027426605 202413193625 156142841425
 27 | 125899196340 129006009622 267714419760 272620507734   8111168244  47049381461 239852984387 229360273129  70351366433 218508406400 105320522085 231905373091 250734792766  91204522831    865586213 102567088311  63498951614 144535839217  92363365521 115919954089 224273246673 100273940441 127117338134 104810091139  10849833696 246945185521 110538572731 169470675849 208581088246 183002172212  67869299108  45203666295  86996801280 132536308246  31971659752 221148694057 122078189954 200543291417 141028346369
 28 | 127242576166 227209080700 260955491935 185270536523  40886034823 101120483901  46230637919 248727490929  31651211881 149899581409 208466466764 102386815991 207430891686 112274103634    944155008 144388142673  80139139864 224832013125 222323972808 195363450859 124262029913 219851361521  27523235897 150206483772 215164801309 178114776527 239302172887 190215493642 161671844120 113500157390 102819806215 120932135475  48555821394 120382428924  51598078251 258387014716 240538397686  94973324736  86063030218
 29 | 242083509354  97120051002 266460951650 141445606741 153904090629 234960376721 165094137595 152991412131 230043007226 154997406073 119172677414  53011307201 118220191374 114492272102  72889408421  63988495563 242754030518 182847979104 104883943234 169156185616 169951131106  71522460435 185157789814 144355822799 229163053433  85349042852  89795980468 255883086344  40191243811 123075480616  67013232656 253246752770 121015650082 243312283886 178143790470  59254001739  14810960256 101305537651 100392287944
 30 |  81543409216 211737551394  42057544936  47883192680 229831148988   5197666795 107331693800  65908922878 264618989272 160199384939 243419129084 105296637551 101461849247 101086144766  60458207132 165863384336  47820414295  54435599511 200597101831 169772892349 185296877741 169282947927  24377135403 194272508310 261119416381  86010624407  14715125391 176260169622 214121637917 257773619433 141090755901 221225378994  93446577157  21027730818 118768896174  98196059742 143794008155  99364512426  71149289674
 31 | 160580231910 258266048019 262494475991 235257196475  60765718931  51267199237 119634570321  63778938557 118030135058  11767168077 269442881589 108480377615 212645931298 133949161153 186809925533 264206844653 197482370820 274814494598 148933509316 195653326901 225737216111   5303293763 204115677491 159299336448 100289752495 152977232978 234709923139 148168599713 174074382462 197278859558  51032278423 171837981984 270745075438 201743214798 113625881509 175918294785 112481092456 251772501456 155496092212
 32 | 231809688183 104442127695 125999516697   8730806525  76819340337  36235727098 201880365531 199734262087  19353741437  51439543418 154340533125 147390150350 103597601190 105452895288 147261759617 102078558620  52099449025  85876882821 262379726816  39785947364  12393052756   7711351409 179898612268 179818689761 223414648831 137216988508 258188016991 111976323866 259134476342 206684151656 261502513479  43691321591 101491557912 255301173682  93183260298  45525055936  58367827594 116047261064 139682197412
 33 | 112997204706  66341901617 172682870775 126157854269 114711649856  85950659420   1857015553 270060035364 235337112396 100865692152  85747380121 199966426421  30224127153 124540917953  98957632962 259316192932 229598051692 131563075609 101667397159 176709612326  45010141805 104975651655  12990055580  24390903793  55429330280  25505396552    904870688  57300271230 111475192135  78069123556   9611717891  72766106286  98411767642   9849958614 214720247382 170681113392 267737372371 153429765514  40134296658
 34 |  41200635192 220230813663 256746924349   8146958344 268741187967  28758672328 132991207186 267772211283 223663336253 267729996870 212291815375  30577084043 157424512168 159883388163 269559233068 272289990187 273127451098 163921655301 108466295619 195840275498  56840728834 259303704214 210388873730 172227278281  18541356320 202363018285 233102470876 265493571832 241046621492 183538523615 241970190964 233293546363  29984221122 239058671587 254302284716 194772361340 130906820452  59514017547  75356005642
 35 |   7266899025  47963357976 200553937688 180313012543  47041468838  47936740595 119327499629  26762807565 156727754895 229623699196 230044559830 160284308784 152302363812 176553726048 114738764493 248352478604  30073701683 190016187685 109930408823 178689662664 222529198245 224303150309 205084350878 182734100155  92862078061  48785679259 251764022868 100305992408 271129231231 249600307300  42313238778  96845620491 227090971377 162143873074  50182608614 232323995025  18703865261  97525860903 201195494205
 36 | 234917261871 248252772472  34941331779 150754721485 146772594294  12688389134 140893127614 257951358524  57147392834 174231021645 190637741787 101181572678 167964729207  29714090561 258846237984  33024146583 166209204605 165013297238  54948046321  40979195793 195483637842  40255812398 168038635661 120915479520  65802238111 249283287515 177372203061 124521696591 206045998581 183537423816 233693652087 158752043018    750602145  49422870161 196320399206 262147415079 198127457861 208335258228 179370959665
 37 | 225680583212 184692353572  19237038969 146857875411 190459798628 237081348025 101137791534  75738931835 122637276385 174924244823   5916545005   3744346287  23693186700 234438623058  95875708695  46960640743 200835769846  88773903374 217704646499  96403720463  51670098472 221755570212 122747108585 266787175041  47172015786  96641466139 261245648298  90847610009 159119485095  30185658113  15081587113  34460306898 131958119265  77929956319 128013475980  95257894658  36386336578 101920268757  24939934482
 38 | 138599474730  78806033808 244231935209  77122593853 248559083311  32862774308 265295874102 236911100590  41371724622  17033593569  99382045836 183895016900  73128135295 233174106239   1678709973  97481584902  62454187258 203321610852 191338167896  63050788508 220184942560 166533475829 234545318649 259214174437  15608601226  27084976421 213261757603 244122512786  34423470004  78257290655 177274917511 103396408896 247122159533 226920445204 254307709365 242258854230 124472371495 239188925865  74378487554

--- Zero Minor #1 ---
  Minor size (k)   : 7
  Deviation        : 5
  Principal block s: 0  (indices {0, 1})
  Row indices [7]  : 0 1 7 8 16 18 35
  Col indices [7]  : 0 1 3 9 10 16 32
  Time found       : 388014.4690 ms
  Minors tested    : 39279550464

  Principal 2x2 block (s=0, rows/cols {0,1}):
    [  89500022607  145785254875 ]
    [ 162319302576   86804460069 ]

  Extracted 7x7 submatrix  (det mod p = 0):
                   0*            1*            3             9            10            16            32 
        ------------- ------------- ------------- ------------- ------------- ------------- -------------
    0* |[ 89500022607][145785254875]  89252720618   67573904903  171522499937   78304505591   64520095450 
    1* |[162319302576][ 86804460069]  45312342135  251728393185   86988432348  207714665995   99332851463 
    7  |  83987643672  221512502618  240540333585  111193660424  233057122841  105933555957  112546312765 
    8  | 256645273816  209169906758  142620282365  203971075997   25392828096   77565118738   81445274074 
   16  | 248638188165  115718659353   31598651941   48688044222  174517905290  247814414254  128523618196 
   18  | 199067433093  187659413682   59175405357  135136051319   21503219425   80073245611    1156142745 
   35  |   7266899025   47963357976  180313012543  229623699196  230044559830   30073701683  227090971377 

