============================================================
APM Result
============================================================
Matrix file       : kernel_38_68.txt
Matrix size       : 39 x 39
Prime (mod p)     : 274877906837
PM block size     : 2 (fixed)
Deviation level   : 5
Minor size tested : 7 x 7
------------------------------------------------------------
Matrix total time : 233887.4600 ms  (233.887460 s)
Minors tested     : 24996077568
Avg per minor     : 0.00000936 ms
------------------------------------------------------------
Zero Minors Found : 1
============================================================

Full matrix (39x39) mod 274877906837:
                 0            1            2            3            4            5            6            7            8            9           10           11           12           13           14           15           16           17           18           19           20           21           22           23           24           25           26           27           28           29           30           31           32           33           34           35           36           37           38
      ------------ ------------ ------------ ------------ ------------ ------------ ------------ ------------ ------------ ------------ ------------ ------------ ------------ ------------ ------------ ------------ ------------ ------------ ------------ ------------ ------------ ------------ ------------ ------------ ------------ ------------ ------------ ------------ ------------ ------------ ------------ ------------ ------------ ------------ ------------ ------------ ------------ ------------ ------------
  0 | 224107937881 274292602686  42248355676  54072768881  72471780197 233294754002 151602685519  60801115140  56462572449 228366750079 272914862364 178348228201 260242761781 161656303414 168120365318 258491155773  67676483029 262653445791 233814987721 157726741708  41021168989  71693168938  76976602827 167205135332 264553494302  66110684650 173913923651   2312283772  82448335524 181022937823 153229208057 157334260755 267222309706 244958290700 128838004088 255920779748 123682717690 232207817262  26805849363
  1 | 272532553389 231821418883 267668367778  47756149125  73003467312 181281950411 168410566213 202107156524 255393854212 212737093056 264785340985  40717541618  28574350986  73101952369 176327210498 186318916209 208467346931  88608280749 102003436409 196423613348 159950241285 184275322881    433047759  90515695033 223243927445  69208293527  91588188251 211077321072 233965949009  54403067335  70583724952  60896240564 155451414772 190954649334 234319252956 178334340198 155131043018  74951578122   4257810928
  2 |  51760868922 188534127701   4828254263  57427107401  28735362212 197657393806  93051904819 250793172713 123662673958 221055522861 234926912066 216991627572 163129792319 174222040915 204004209287 251507368375 214007855120  18415260260 142851423266 144724176448 174666027196 160184743446 273578039724  16897198249  36774441180 127822722998 142671341752  10968985517 125166515054 230403754171  92158509077 133877266075  67809794878 129375547473  29163581877 265192715474 252378326358 241018782475 128741252467
  3 | 238639224569 217101059042 256644730512 110118035789  74718187966  36273415730 245206440348 175046267667 174440115833  49209471955  21266726939  56469422574   4519802346 253634072729 133296769782 214770555836  64600509051 214697627759 272688615467    823423437 138643662888 164323561830 200817988282 226904360450 234825962926 189156486415  29400697216  61901858188 225499419876 239025543943 107342757266 241272042410 220004691893 247511995337 128596376190 111899510630 170738835404 229672316416 193147119884
  4 |   8661940980  44440394203 243984976385  90547685093 164905161290 263760086133 166081340735  93498604911 211542616708 258078738646 126903613745  52018971826  63556399725  29903973922 194400839993 123697138420 156574791807 180162621430  12644030871  68743433806 270569178593  48256480759 235818446285  12950129027   1435322845  72866012364 223985602736  41069034516 135343279453   9434448822 124351923950 147019680119 213868556060  51344481075 137108329935 232156712487 141955188986 148794120702  91894586252
  5 | 247659182108 124155492176  26992207704 232538085083  99823738280  88684537951 146273251453 177759768486 177914413008  61654999909 203246358255 227460231867  77309138163  23198284206  54255202415  82189237517 114152164147  89130799266  87668347009  35966896788  18931338588  30799102679   1685379560 222421508800  92490548084  50762561464 237172403729 218026282466  76600400891 147471338613  24995200201 173728306650  46500545379  97874469964   7072111684 136994868946  14151508261  96726689347 118955747477
  6 |  79325830822 217574111503  16888189706 267222898934  12857245495 151326985756 266268096917  23833991411 169486461823 269113591250 151896609206 252019468986 168645802258  77710269584 248138942070 158136380677  41170539548  89485681779 100122032106 168440684733  62703079322 120794923763 113100560179 274011879884 222230971697 211506882199  64705737229 140113914637 141092114500  98737879084 122447122051 142402692195 211656326506  57260581508 163605709107 217531192859 129551322891  85288639509  21704357083
  7 |  95203287517  37074315553 138343425837  60804511505  39837853480  84115483492 272412159032 214547653634  82224267045 122785569540 181723449096 192336627959 217755107371  24101674400 255455541831   6149403306 165288650141 140002363320   8655446778 102450006490 161830106343  59826758760 113140458361 241692990960  25003079587  77354607381 245468191210  48353312809 134190302956  75834463639  38670410597 184691414342 136639942887 193221929918   4169362708 223346577567  69371374101  32405290769 169860261892
  8 | 144821196243 119994694242 130627357313  51825102424   2077560788 194694304404 271106712553  95305649890 158866940380  59028867564 132993488176 155073275509 134788463998  38416581108 254014484792  88798484511 146038229219 178377956388  59769093789 135606060440 169476200430 115070591249 212567784821  99624781611 247806058768 112582928546  56475382119  30360593770   2691875829 200028953673  30055745281 190344067364 121245949376  90762303269  43849855472 190454334371   7261284588 156018771270  27791053760
  9 | 135192549724 197280194645  92116856735 109764662830 213885206795   3608044444 243632975318 228944825101 134431673641  46300485205 240940436309 235542363872 214744231686  52515252272  97921178005 221376254709   6662430701 162181721984  88400540548  45995525584 158134998455 267692636954  12092242794  23154307973 103946262657 253699773381  80160203141  87539486756 250032587333   6905762859  65899516340  25225796327 248574135332 114922276253 254124995896  80039464288 115821988631 120181372273 114759800682
 10 | 227351905727  89499611077  42637940929 239700806885 103393306886  22042519286 109766813279 132165431291 223889137855 226715979338  66416448767  86377698880  80357152706 155605466621 203596344936  70885292608  17199182610 197869241595 270051258822 201832756216  73554270587 235671216943 223115649251 232946076715  32072967699 267298180306  95628873344    478916643  89329465061 124850868491 173912470251 174488360335  87514658145  21219993501 131649856916 153544366360 215707722378 164712552486 172709902278
 11 | 127138641992 207668804828 195319568412 181994288287  65255872542  73544672339 212482097823  77793208864 139049851583 241572217037 198409128902  34560742434 270163985841 266368169737 201198321529  35620887887  65527888352 131512505047 217335767634 158127594715  35106262117 261204836765  47877669922 220058319009 262559808100 129161840498 135580550893  65059093431 130076113644 131253663566 237593709404 246947318717  68364918718 221804664998  19325192283  56786267779  91558183674 235148846827 223979599197
 12 | 198138326080  29362016873  12294855630 210511623139  37703201824  73935631812   6238148912 183058544233 268104478320  58309410825 243213019543 223924856207 233718074652 175696254693 122627018937 143411514348  76336146499 245725786867 103514781630 258102535963   4230307572 249612452153 208371020525  27730935907 157561391558  70203856210  50538949834 260740576098 192829969243 252298843069 134764839662  30997531464 125376898401 245952958203  71898985662 173875492607 207791502169  55652749210 177297951530
 13 | 219415121278  32050999104 106200280019   9125738367  47394669553  17473597547 273551923040  38645229234 151220627602 216276168610 148657005586 191677627213  76576675036 155599571908  64175073187  14579740819  56978514487  79053253646 104933218586  10516993100 246324855394  96360832899 193048067994 258986075080 245758137885 134761441395  82702701796  77600617495  69389564928 267508935894  71325418893  94690243615 134510443757 199408100829 100632263210  19991649524  22970224938  11690847615 201384505834
 14 |  50774496121  66717834547  68723931872 127816832656   5612103947  43314917339 100627532458 129629077362 108371957978  34330613407 227724984080  74148595409 174888214238 267898043802 219915081640 114300334591  91720044616  14437461772 130310108832  69373290425  16904446137 166798456487  28869635121 266854689155 153366623949 267449982666  42432221423 215748102678 247812467508 247097565573  67401342122  18206910502  61528398344 177568725593  94366614379  42830189213 263243670444 198968381317 123324789122
 15 | 127061187082 234886666475 273244945787   9924165055 241183192841 131913195853 171676145162 193007634059  16557099233 237917454418 199075666124 231275523198  29898155684 113166682770 232214018118  88091394620 262685715214 267515688704 196665862543 241307413008  90169318675 216316118934 164375673377 270401713119  19961123175  77113211210  84350768398 271015090794  30503695711 208516505899 197019172373 219057313995  33517367918 242023100863  34163209338 200984959888 125052184977  67904499237   1873562438
 16 | 271340519773  84123770887   7635494892 259305899540  78712344274 205513305719 227074890567 124212925931  55006414613 197050859317  82378405984  65180343740 144177905616 182108174437 192440378082  12588729163  29741534300 106298524480 206119703869 192303354988 132395958320  30739810227  18622599685 242258588780  71121969554 221517289776 198880867924 137912622840 156793785377 149535928294 231081297785 270163644689 153782921457  75551677305  90626247557 152947118341 235176247064 149092760041  52574638151
 17 | 213528020522 271010849705 165858649643   9652240469 212646581385  87035422973 105632518012  47839306165  91322689735   8631071161  15537872198 173278199366 202158014233  40149270607 132861571311 234527657307 224530483848 132854372832 115246526790  75642716863  92387466027 104244175419 190169848369 172583581166 143279764332  15485148893 117428814473 274801590966  30028169399  75084599498 160721936109  94382771335   5330499350 107408511666 271818526198  77387345781  16740540109  24411107684 249382393710
 18 | 134227017206  17931185396  21246845968 148197059193 158815356744 206419499351  39500482905 239243315938 169436955749 107677254495  87682849077 168864839139  15198174834 208920160584  54206176973 100784329261 267395305948 109997608613  41029613483 121980018723 234852540785 210629081759 223217836435 238445243745 270238415215 162271646180 260398237420  31381137924 271142921948 174021483277  10198522991 172905381887 237108822633    434458793 125038613521 168416297154  87912513403 183015545534 117286642553
 19 | 253743242673 265569429393 259918596950 204814252172 214615965478 252465889744  44750655700 245135967728 267137476579 150290484033  49031239978  26203128725  48198917803  44075763344 167887421064 170778347593  64029771221 231258155335 196408201237  85823683037 157515963065  63728746208  65622987112  28330078460 269145026813 176386391208  57758548289  33308704066 117038545498 161200379758  31735193744 239441413265 140238327504 147001605700 249914733092 179082615578  17241949194  11778407698 222220515328
 20 | 251707517797 183982744980   4584129231 145749816989 220067698658  47301374123 119465906691 240319052343 126763016128  56381910493 264915336469  42394251170   9393262956 262506104500 245263740361  86967088823  94181262779  60361454056  30048103056  84020992103 160211421567 195279741559  57796572665   6092427787  95976986062 209233598246 199964288326  35674594531  69926790515 142761198166 188603248099 162637268620  50087101885 224807361902 127169966123  45560316458 143329411873 185564598688  56625944134
 21 | 213550838322 150703732407  95945548698 230409039620 242278481811 138599441551  23278952452 174333987436 243956298739 216625634615  34792075726  88579923072 123994757012  58450307565 122968808939  71889525658 182198782205 173188057348 145345686331  52194082128  15898030949 210954292249 130647228926 199213124137 228360659758  58941094389 255589220630   4100226269 118352338754 224320300733   2822947612 274167213972  64528230687  59415686730  87348439138 128631539922 187380119637  21586751044 216271685785
 22 |  80888215633 206601954648 187375282075 204238421538 147095939060  98394028935 142698667593   5112548013 246139410613 210810260703  15754296955 181255477324 234935921151  64153699263 236727110606 135159707447 178935510125  20271298357 244431048687 116512499673  78939965201 145345522304  11443935430 237627387628 198609586483 164607558055 124965586609 189950098774  42361294288 133901248026 273273157562  53534382283 105278899699 236457993423  52019046698 152324804082 145990951288 239846416943 180156153694
 23 | 208595142349 153571568053 206021450885  24358137022  11170601298  96878990524 210619432957  32082886643  11489872710 267765652841 271620444982 105443129489  97418724839 159370056659 241415644866  27761661097  16507902659 126115279050  89615602882 241532416655  47838492721  82039796426 224119585626  40858050851  80583391438 254461339669 241634102595  43662717117 111760781649 266444593333 234211596025 146541130218 268690595004 140540337985  56749551785 234247901960 254454071400 185542020061 174547424133
 24 | 105031684585 270311261073  44052587361 237887065559 175264868387 209351913532  93617155652  12497349791 209141324380 236454042755 160908010761  77811118834  13133354031  78157022722  17579913483 214865465606  14156258296 169973825135  62257342040  38763325732 156928300802  59643072373 110505118918  64880347294 119104429951 263764792446 148459943481 201492526096 136085649680 145961043248 210608461844 217531493656 211300773958 178660993132  90372504163  64930975681  96800472166 113921995172 149301952746
 25 |   4973191493 247595934298 194402249184  37816726057 226897431099 134370220095 134707724408 270836644942 137832500555  76292531459  25161053342 147409731835   1478371229  37687767220  21829099843 158943021207  12651916328 197538744401  96165610245  28879574522 206867933466 234271815002 114009145269   7978602161  21848649733 189780115166 242666258693 103790998589 204046538951  12867674150 111871024223 146620864919 233855693904  69907898672 172212734911 144655487198 107493194699 267213134556 178373226659
 26 | 259902055564 164662363141 103924925955  60067370634 258634078548 269563887200  85376247347  12383395345  20021841418  20433998591  77694610563 226663331089 235314227704 183036681305 123643778501 248216658766 232820808633 174652614401 244281458445 235338416086  10452845390 128640166507  49488724520  85423806500  63707060786 105519710359 130777087812  52870492232 238800605796 138293053240  92440596072 161318211045 204699564820 188289443872 201202306198  99516167596 147688777827 267144046367 156659264542
 27 | 123660268449 225824672124  84296766708 183058182072 186887010483 265185119777  93941280050 264271133639 166461308575 177965171400 138741308966  37880576766 211355834847 170175272787 107668020692  73691391122  85765776794 248284346977   6973842428 115122584654  36601500950  52153219265 228488704308 128292473169 181130198614  15871893602  33599738830  69757531157  98122460207 201828136310 257791328962  44330023798  80212683064  81905924130 206201431131  37321055614 204855172335 151716774412 256139279126
 28 | 199418269860 216608749834 274772717173 257204985273  18995175443 226538848814  32905463330 169741048284 170311962889  22329282822 257962711938 172023814401 170997287857  87152926625  29183334249  84719925572  92846896604 178953211986 234556815802  23993245292 100134997767 171666147242 253296069338 132266771900 185295495794 172190094330 232128867564 107971121929  76681506342  41489442537 261140901072  47032163288 250184207326 128511784245 241256103138 165864204988 266114162468 259111089348  97179867445
 29 | 194342821027 174321539048  33368543971 269454084251 130053353518  16010036413  82273487247 115746538404 100182309213  71171674288 185861060304 151652765899 119659449639 136985022577  94699137190 247235761464 117617805023 150374579513  91964116241  58093066070 170926907447 190550775026  89842305896  19573744386 122242669074  98634476920   3914386551 157094051504  73999758969 235609910901  17231657226  24521130390 119574379303  90678948965 116046475181 211640364022 116808623226 172685162480 180690563653
 30 | 193475985518 170671616131 164521886356 222039309780  92778570753 222576333959 139458399923 198941251597 215119148580 163335527256 269410721782 189731837499  18885578917  93081321673 139839621244 105187510138 165651472677  10055661545 248023047026 193225781373 212985429827  78147381868  36373015517  41051019667 236599988983 167018205163 254722591156 269147321644 209503591660 128684098401   6638592314 219467542580 220836633374 161138384941  80841658998  26383373213 150605894899  47814884046  79546373501
 31 | 262591388522 249857504054  87049797866 272661779058 103739729043   3122245856  36497012370 274625394285  76204611392  77165648979  16491998779 161016818794 150818118332 154601222595 176799653300 242623187192 126451226251 261011798162 200477371627 159842958241 213545544411  43086377421  85191685690 155868315941 116500814435 242801437778 109294665869 117323483857 272573555830 229246794650 110179114849 143111037345 274105533298 151160345122 137129970513 174933372963  22823600432 108993396837 104154555332
 32 |  84425968244 140732926586  59753271099 215336856522 161691841312  44023333224  13920268183 224346801512 171006212131 143507897348 219597470317  62570213830 150630561048 118373874504 144562602472  50737752664 269285612369 171186673227  23107158559 263215687106 268112983122  36602927442  28864267459 158978465816 257851576722 244639838158  29406865084  81766754340  26048674791 213251272662 191553484198 270936280736 190221590195 241746942543  17892443342 134269032316 136391630604  20322467835 254219355552
 33 | 177990633885 100813604716 185104094776 120038192079  87049194520 213079286891 259208459503 142700619509 103013730962 119879595116 236568758311 242534079175  72068089882 166092438482  93718125732 241593242404 132732969518 125646105445    107003288  41729590485  48984976064 249244578529 125718881939  57124584743  32440947485 216154725690 148158957219  19552259320 259298934417  73242327124 192086418698   8003109365  56996716963 222125166444  22507549267 168862474522 209637983047 223473519712 225702444847
 34 | 114161040927 141037172264 209365373358 196949102458  53646547217 212992569580  70080221935 203524497247 257368297753 132957756371  84423209773  81052604662  47630534428  54721887226  86146122480 126718290225  98304974084   4517186404  26373304839 139476299693 217347964739 205594441049 181819877189 236841608290 112452242356  23432377827  57220744736 251321989081  51698070262  32801138370  69020001546 189995089310 260745467414 266866525127 237045446412 192143132016 235267978129 113607922594 125761312928
 35 | 240433017417 244301333373 248740930168  37798835010 113982442222  46988990391 179703211575 244784958948 133650285590 128213719501 260523234335 149543599260  83939214402  35177206123 195147447488   3472590135  57636538664 137083725499  79175315721  38761099789   5536103606 116524396027 184134838257 121984252366 260709891153 192471150324 174837110854 211787092796 181174497531  16654717725  52709209137  49718421139 257096153512  17204151327 228200263846   2527870415 263491223715 190086293085 122335782506
 36 |  62814059461  29334664474 119393071596 136291960354 218211075110  99554192897 223289503832 258063063409  43283066761 129088523983  44206880436 205656313317 125448622139 166534581146 222915254532 151466266062 201632976973 262901480040  27958001289 231369760701 166796095952 158585595032 164325632218 166157071561 164667842028 178570111453 102786388745 162557213741 126908129470  97578008162  51036300902 241723748085 191953682358 143424319521 258526288104  54207206992 223807595864  34837354425  18047254198
 37 | 135220066970 263008175088 219289821582 208819457243 122514932701 135723144233 124864583919 221734276492 193795513078 109500107190  73369925175 210023188628 124753987380 254452821611 123839525446 144388459112 146424552876 223317737757  68807629978  70747433279 188524875880 208331420240 274851867258 265217332647 220733214856 203595822354 191300688013 245835622254 185104760254  33716747878 139670838246 148234212763  64934494720 132664939167 251023631206  95963891192  59602014871  58032369154 199657875857
 38 | 142829840391 186293211619 160099084297 272608730650  91134500083 154887740416 161478392628 226899455684 105084001527  65261247688 210377091871 241918030132 266835716778 163148386796  43554595136   1433405604  53603127273  36776738093 173839316041   7093561958 193473249071 250026338978 223305259995 219883779934  61494812981 242815964110 133681432237 218492920009 139105820066 212824750873 227736716818 242854254353 143429873409 131577715343  73288790909 198691300484 128164526711 233778050643 112395737824

--- Zero Minor #1 ---
  Minor size (k)   : 7
  Deviation        : 5
  Principal block s: 0  (indices {0, 1})
  Row indices [7]  : 0 1 3 22 26 29 35
  Col indices [7]  : 0 1 2 21 25 26 32
  Time found       : 233855.1821 ms
  Minors tested    : 24996077568

  Principal 2x2 block (s=0, rows/cols {0,1}):
    [ 224107937881  274292602686 ]
    [ 272532553389  231821418883 ]

  Extracted 7x7 submatrix  (det mod p = 0):
                   0*            1*            2            21            25            26            32 
        ------------- ------------- ------------- ------------- ------------- ------------- -------------
    0* |[224107937881][274292602686]  42248355676   71693168938   66110684650  173913923651  267222309706 
    1* |[272532553389][231821418883] 267668367778  184275322881   69208293527   91588188251  155451414772 
    3  | 238639224569  217101059042  256644730512  164323561830  189156486415   29400697216  220004691893 
   22  |  80888215633  206601954648  187375282075  145345522304  164607558055  124965586609  105278899699 
   26  | 259902055564  164662363141  103924925955  128640166507  105519710359  130777087812  204699564820 
   29  | 194342821027  174321539048   33368543971  190550775026   98634476920    3914386551  119574379303 
   35  | 240433017417  244301333373  248740930168  116524396027  192471150324  174837110854  257096153512 

