============================================================
APM Result
============================================================
Matrix file       : kernel_37_72.txt
Matrix size       : 38 x 38
Prime (mod p)     : 137438953097
PM block size     : 2 (fixed)
Deviation level   : 5
Minor size tested : 7 x 7
------------------------------------------------------------
Matrix total time : 845735.0781 ms  (845.735078 s)
Minors tested     : 37059821568
Avg per minor     : 0.00002282 ms
------------------------------------------------------------
Zero Minors Found : 1
============================================================

Full matrix (38x38) mod 137438953097:
                 0            1            2            3            4            5            6            7            8            9           10           11           12           13           14           15           16           17           18           19           20           21           22           23           24           25           26           27           28           29           30           31           32           33           34           35           36           37
      ------------ ------------ ------------ ------------ ------------ ------------ ------------ ------------ ------------ ------------ ------------ ------------ ------------ ------------ ------------ ------------ ------------ ------------ ------------ ------------ ------------ ------------ ------------ ------------ ------------ ------------ ------------ ------------ ------------ ------------ ------------ ------------ ------------ ------------ ------------ ------------ ------------ ------------
  0 | 134194948686  21538500333 110872911205  22059707540 118736435539 114943837837  71907250636 113346234118  38719020293  84594127683  59681357773 125732889255  70466528485  79998753732 101212871230  17837417418  69811795399  28687643249  20644861315 132401867992  82698155131   3999775349 127837285394  88698375561  48094269431  31977459610  88774304529  85740943763  57217812931  56075002202  33876984587 115692913597  85415169030  95435879325 107532646063  92862214016  77591156987 127785336900
  1 |   6117473289  24215698304  67254129117  41935966591  97504227900  68678152062 131216041250  97462642025  77123820822  20489574606  36529819754  52546102789  54471804997  91164283066 121876894170  33928061075  49280380546  72459563453  89297838138  50497705498  84772018489   8913758698  20140912960 134904149142 114228075118 116943585194  62129582509 135239677109  80929728411  20903483652  21570738830  22682255768  56947841849 106226668614   7480874107    832121553  45144441439 136235670102
  2 |  92496858622  86251832921  16606643573 106947219760  15390174010 106010140847 108234837749  47876414094  50693423495  85053830324 121838859369  21682980513 129787958308 109572026328   1572784032  73251827773  15590320268 120070022690  84900152848  26782138841  39344578536  72985405655  90599365081  26424810671  33836257056 101768162532   5637044677  57055976299  42263810990   5829691707  55991725502 137286408598  94295879996  83509068960  71444924546 103753822180  34982511740  56672633368
  3 |  79623135783 100055383776  23080062792  72143651598 125510854595  88270299482 130125669162  24216099735  28367071245  73031201574  75850321952   7921615380 130261663243   6385071806  41471568507  42067440258  45567808885 109213869901  62019942754  39256639975  42394318079  61736653262  76174413662  56845286138  77135121605 110994921371  24789397106 121485676472  87776473994  91159590740  48116219456  92705092729  40193223908  63208413135  50783528535  50090494198 103875254489  34279113565
  4 |  60378673250  98860258268  53673994845 130435181509 105964047222  89665256491  97107767345  78493090646  77142993392  31925663106 120457912210   5240999695  80922275120 117437942090  81594468513  50115234468 113476058673 121463462589  27823479571  60883143438  10704505100  45081358420  98772114861  18352527384 111502276671  95756998671  52693220844  33506329543  61325527561  29613261963 115238348032 131282612949 100351341609  94375161517  30813308006  27998232334  61836094094  75223909038
  5 |  38289004229  22525650878  35867149617 122286055753  96294149099  20907655749  81701087566 112604130714   1354739865  21446809207  58003025167  51536418392  55729114512  53053944818  24583803516   9597403554 122448626794  22570106592  68055654294  65214188686 123688497586  95815699067  61062968878  96812027578  90296337696    326800319 107454127879 137070520359  27240618813 109191855307 125769246208  21170076109  11501650473 108971627430  32132400941  51973762179 122656180807  30008809800
  6 |  92872717692 115662225039 127799119142  91589897750  12901335699   5647558907  29544848352 108269218747  86067547626 136858778273 124620116167  16360273046  34326826238  89786283764 124403574361  43328205765 113418442823   8235993539  90434958922 123756779276  13527812252  85789152284  79993402957  21243371058 122518169144  63775955999 112286088735  76533320351  16978060977   2538119210 118655220951  97279427594  81054319419 120166437120  21559430634  21157619263  56606342568  43999953835
  7 |     66392408  57846148114  22173261523 126491668792  30218727030 106709674811  82445483304  39494690311 123790835105 102953641555 130694184526  64354940532   1222814845 125446683114  78720022095  15425575262  20949415590  32059101169  38282891599  49086708561 133860119357 106656935515  36082891230  83161005992  98403335352  25218977233 112735397447 100328132572  56740355835  50281428487  68594870522 134561597533 132370573756 125588134491  41545338052  32837614269  10095910079  82987507809
  8 |  68674477284 117054789890  48932059000  37722534211  99693752857  10385860527  86661497095  15086966815  68633522960  72533332271  61831811551  44328735226  13760871574  54240323264 110346560285 107669874820 137236975768  84962478139  79569444222  33297656623 133189576319  10252218947  98471379634  64616685647  97308779565  43369852542  69925328836  79398464235  70740243322 112334068532 136440415921 135657316997  22971927040 113702496100  90242255930  40227686407  99402345407 109047383172
  9 |  12266289528  54760161050 129617041229  56119476764 130799197086  85867316891  97266724136 103296668075  54701368552   5582864309  96027784604  51456382580 105587504059  41069502751  43062263645  43628687496  60778341071  88417363174  70470170137  65825523461 112363008117 101121085129 109195348945  97035639711  75437227211  98562233208 109375677944 125754904535  38338793618  65950591946  65209143006  78019084266  55661630496  22180871127  72430191146 123033548025  94617714332  64321973881
 10 | 130932142244  29608787301   6511138580 129702845036  52212058707  43598118130  89273235625  91704457532 120585172107 116862604967   8263172534  70091091186  37562274635  42846553173  23867021759  12621674848  41253383274  49664775840  15559883099  89369218354  19496470438  12755556050 126551959882 103935084801    286192365 127284531853  28757371072 126146463521   1753591740  41618907265 135234108763  83988913933 123219351653  51097930930 118325769583  19641606026  57813162638  18140225032
 11 | 100329907403 112081375134  19211719587 129972919107 135767481755 113526632493  22530753574  89330575694  79595873268  81425879020  77706108669  41766835609 111942040012  93188433802 118828397149  36947888772  44223099236  19212284162  32968733674 114959038387 108675567327    721277390  11514595896  48276413216 130027706937 114040914165 134123840030  25388415482   7838378362   1977095904  50716547625 114904861052 118519642278  86649919791 103859863879  33736712216   6618093352  19926685292
 12 |   2868916200  89817083574  70569660063  82308054794 107127278855  91994862129  85245894551  94301958408  68706914030  69756369386  47846083313  66635231283  34325482644  31737971820  16467713824 127087273292  35687749278  82088627336 127333184742   4829683027 103445671810 131484642148  91808458775  45234044095 129143365771  95582227978    444380298 100481410108  15438170917   4086403116  81580024219  69079710141  97079107713  34653669872 105951803326  62519563968  48271744612  62117011876
 13 |   6750703857     52298730 129839254432  36346651050  79575829066  59439053994  64355209424 104134566002  40467117007 119362985229  85657378705  22480274780  81250847371  60036719796  55561042190 114442809450  26925135957 119356266945  19245902662 123082836568  96375585766 126298595952  79636640327  52877842694  95305769116  11825697468 130761578645  96505957889 122210295456  20018297408 114970790382  97558523384  47525191989   4374862999 119537470463 125277126842  59335720290  19765234302
 14 | 130457184534 113852308533  38049754680  19804505741  12261087050 101036731918  63751130123  89112386976  15291207347  58919578013  14787965315  13088613084 102100814485 131901883465  58388684313  29654432653  87053065315  44395823371  37959199798 120550781377  90580557587   4664635368  30899074253 131180862605  64837176592  55501432823  54774734220  94692807578  58184652051  19858122879  61505950786  53663570669  97021039201  69587075714  11597344790  69483861566  36182625319 103456225159
 15 |  45199785112  38134492929  57590643178 117721615530  56050013111  16549000923 117313446450  20860006406  86399285463  83445504750  92284984254  84942869430 117852587288  50518701698  34461496227   2975018716  27214245746  48497436680  43466913816 111573832145  59716932297 133432931745  65631942578    824691890  71402751842   8827053298  23984123584  80443775768  19544956404  26533099808  44957860622 111891257963  61555884221 130276245808   6634633919 112910567394  45299847250 123200137077
 16 | 132781378189  85677143742   7968487990  71790619115  24400671420  56605375842 131567231981 112772463275 107778568350  71008501310  12141980902 105413329287  37433255232  41726610527  52465110443  82543206981 110350638254  91262215627 115097657826  24656876329  15513518301  48096042294   9389030476  87361686428  85308324366  66394641665  41139878144   9316389633  72631196085  48833438147   7306375157  97490928160  71449327594  70498317867  60385106119  54449153102 122875709228  62554629635
 17 |  69829640615 132892068416  39123047983  22965008370  85536315160  38621215533  73432862800 104683165713 132675799236  40643932701     79842263 120244328054  17343650942 106489268563  12148714244  76425389384   6231265571 129270973239  81700154810 113322225683  59153990380  26945533898  75731314259  16316037310  76736028106 109757074600  93414807737  58427759838  51742005688  94293448405 123882337901  58270583258  51803200625 124714277390 130448367345  98858389921 125438908544  68122383221
 18 | 132163866682  91915421034 103710193803  24015902448 110323597465  33876124400 125468639374  86382281947   6121814600  67867899539  78498012438 118157684733 102089611189  67074680066 129766208149 127790309544  20858415348  28443691909  24965215559  99715616714 110694248171 112003641698  87239281167 104688006456 133910019981  86989800725  67945049333 113185466953 126025102533  98454042152  80324138974  89881302867  75735928459  36585989465  40700105705   5713760006  80647129728  78641502395
 19 |  85370927605  37323415722  52408858238   8435524192 131842596091  52115249127  68883348827  89506437548   1759300611   6310924515  67483583120 116556598656  58885684600  37616649428  80839183232  89054123448  37801224744 136264067552  49401539300  42949885649  23844225770 135907106202   6875178685  11331735561  67455443411 100964578691  47437602444  65128777853 111412057385 130945793941  24736643830  62959573242 129041524553  97128885725  47259967203  29480945972  92956460601 115907919855
 20 |  95514396843 133634341427   1303669453  82308324632  12093278073  49452874307 133640959703  39286857843  73978382300  71974886071  29585115046  84212391552  56202526961 129802049021 104684172250  45855934385  37207555010  28341627901  19178984666  97721247208  68580168874 119247700208  10944725296 112937500272  93517905409 122815927819 116065186814  87321740633 108771081962  96986780799  20758749888  96200399928  17440513109  62485787032  23900424260 131949546290   9289123564  67981752548
 21 |   2879468268  86721408379  25376189495  44862565375  64227166585  78989662456 127887123790   9896873562 131494043297  32304277073   2611187090  94617336798  96069929113  54411606159  36816510897  77588476789  23090114682  58896134933 125535469626  22554448714  82519412353 133707960687  25803397709 110535009399  59003148259 108293980527  31854047402 128320707926  44137818810  70367288748  75415167276  25753187016  21900456131 123297458792  48709985303  54358554382  73867364576 110680278589
 22 | 125279420090  19647053367  77406305859  98337150774  62132892506  64402425259  66626254144  92144162162  36460550026 111884818807  38543020902  79331446657  95333490428  42499552504  25796885055  62690148138  86090320817  49804692945  97947658111  52039560652 100261530654  26142667035 102010894985  23796058020 118800836975 113651080438  41288858201  84998533931 119604339886  42726283452 132134892390 113825840528  53481409445  43128296102 123658660537 115037677673  30187638496 122785999289
 23 |  12954403175  84639590017  66829901271  66890139724  19433675440 114463602449  47820612475  98028052524  31002834296  50173688348  59869283540  74156844088  17901644077  10905551271 131956112309  35556409876 127024321604 114507389102  91831870341  43719734531  20358781777 112081443980  18297850824  53399551450  17258061298  51546209717  69282209133  40701525963  58674683538  27389736829 110388988216  33052676336  25761273769 103738066056  32174728991 118037165625  98391642849  79568027382
 24 |  47395766591  33854195083  17387464974  27376294533  40267362789  89417385280  64340777773  30324662547   8847298966  68154699007 131045372148 129667747373   5511521927  14938116411 109292240481  61772724003  11659753904  91349563306  26494203736 127717601241  46921961899  58032148211  19338007739  32321963351  36969140727  51222313172  33531701912  79408984867  83714190404  95896323451  23737834752 105683698559  18741835890  43352909785 107648448544  81003800692  40207122843  90486692900
 25 |  46176577983   7631449452  77567452479 117236869438  24302063744  83197137521 115116764039  38969217259   4209130578 101156001277  98949702035  40903386743  12261624463  59333492533  15579854483   5444180133  46665281956  44456955586  67955000231  77157506259  11383417237  70859992373  44386432663 107987809681 111265655202  35846611944  25206189063 109963935368  50189626819  59904394923  31829011611 117413576988  14914801854   2085336651 135411967150  48230045843   2214164391 135500391582
 26 |  53288125119  97917696532  68879931189 106998109816 100010996310  67971496983 109899375663  29474637027  49723458193  58054911484 132363180571  60271119561  10074720338  24717519119  95293554106  24537165065 102538056850  99266820287 110151447211 126497472095  65553992798  60781444424  76103733588  99393738468 114845628584  61485105937  97558331934  94040115069 112250073356  98287660934  18535128721  97653011486 111950452964  18279270612  36324683332  71083653577  64943215838 106201970523
 27 |  73463493143  63661328350 122553273155  75117207133  84707173522   1710532251 132959469444  65037417945  70214658366 121904184393 113109521520  68458506162 101259631593  60650941115  81497556550 135418737527  25608019450  71889478164  38195720354 124316748317  35673719435 131355913006  19146837853 119403210716  39432384361  86586062056  26894576430 134949127037 119068356248  72115920076  88679693603 101532205699  70313406251 113637696020 122917824735   5894545628  66585047783  15540108746
 28 |   1866478182  98246881882 120331030829  38422309447   8284367892   9897185753  42394080256 123399117058  73355513642 117978127669  47642582979  76444981775  56134565289  42307236922 122277912097 127782094665  18608280265  57264044425  62194752295 131515135212 120394141534  65192758406 114251058793  86659073412  21613961841  86759524939  17811863799  22817844963  21552405539  67013108458  84498778488  51406859729  57131536416  95550735674  23174290511 137264037394  94504375197  62994184311
 29 | 106994314457 103752462330  83991126775  11268668928  88934549239  82821057595 135072103223  17662915815 105738338425  87704432247  97577740552 131948471179  53173295662  79505766480  73220894710  48075055284 122457230926  46590425046  45461529012 136278234150 117966428260  53024170262  46670036297  63911735519  92213983367  68726312512  29067539275  70655124397 133631960837 117871707819  45077287982 100745846941  21230050706  77557769708 107172229962  95413414404  64289392432  84229332562
 30 |  63562138755  62681404991  54912503199  47469457879 113892986011 103859499016  53954462396 114202591145  54476123293 133113117740  96819748499  56037164807  25804398704 127799875829  87525904578  95067895879  75129686863  65929516381   3147590003  24752186727  82810720873  42387305802  86475052196  87236673083  73469200502 103555200747 130653504329  15555374318  58033707961  19384286778  44227510609 100923830973 109941323004   4689843490 105115619659  79366980180  41850737990  24490228774
 31 |  52762145821 137417944765 129681797216  39631915043 105514788029 115082556944  59938924285  39495233578  63528934880  38395375541  95720756881   1784806993  93585756419  30141787614  96284276922  76599584445  44825012179  33834184970 104523241708  43654694845 101082031889  40097858927 134074314816  76414592773   1752588034 132196705477  29301107500  70259500864  40398007781 106297101846 110397684463  59464463754 111995056933 118781390970   9686983531  63784120112  84992749355  79978379309
 32 |  84307825501  71774266994 134155112658  73951938224  58430876100   1342490886 133788181311  86427233757 136711838195  35434409247  82815751590 111558276513  33516111819  66344198591  80259478146  90048695883   1856171800  30340605630  36551777279  65947932078  41395763880 130152516205  35364808658  63264324479  86835178551  77888333923 111587424878 113370805321  76330576513  55251976631 105697624352    603056490  42188430733 103308824045  10603124351  20445989845  81446433603  86790261198
 33 | 116633999633  41679554682  11159186468  68830725500 103501306404  59742608206  34035142609  97261439092 129045411536  56351623961  53389979933  99542691085  43860943444  77628563455   7901490975  23984917034 106862888522  31993061020  67974719580 105226929797 105295083861 109911329009 117811639476  81089003170  53204585244 108024431575 130854407276   3417493243  78035773929  99428917716 134782157902  42641975276  81842104830  70383364898 112510792402 129299635664 121530189634  80578504654
 34 |  81042251780  55930160271 113239919673  83421460037  67335471839   9948834989  88032968593  80426373256  32874116207 120566546752  39073462618  95335356698  48788825127 113211000163  74287718513  76948225336  31583279671 136997719710  37781069562 100894092024  36508722875 124595584776  56102514350 111836539082  49227019777  22588998306 102650323606  61963797723 130799026917 129712734233 100725950771  56217804213   2519668994  51841492092  68753253246  49134564341 109306305062 134242420018
 35 |  76347673759  57197131021  37707761343  56325788000 119549837091  49550703363  30587728412 121568861784  29443521454  75131106506 123481891418  55615995234 118004607699  76180755432 107959559383  96423561484   1526410519  79762835939  58841021362  11276559232 110300333716  98619822529  92450346519  82009507974 130445414357  53138887204  85234343678 123413852339  99484076393  47609283296 115392710752  73094675994  78599494221  35577547399  10404252646  63428010158 125411637457 130898997161
 36 |  89127967830 134285151693  83423422266  74717551442  55231684470  80087359376 116878521443  89016241771  14489689156  73030849507  33834521875  65058514602  58170264910  60079599332  89681085057 106642701905  16464816395  47683080876 109108399099 132392890366  42139547786  29793414496  88863476884 127685401838  51144795187  22020466124  61429764563  21001793664  59466644618  78274516043   4129432603  11621124841  92133373435  32016442537 112629270200 134162355293  56088216739  54551704317
 37 |  71274713430  30795133341  17922635997  54589710835  85654186553   5587478242  68772617137  93307207133  99037409569  39261670529 125348106926  37229359860  86998357460 110482573937  56147909982  18560835404  82245856323 133345878083  16820886402    475689250  90608119068  60464983882  27691441911  90928564565  11805000490  92174793165  57047044611  66513750716 128604765971  22467276763 128963362879  93316423584 132854309698  19737652661 121186815738  18414875892  51489351108  11974812590

--- Zero Minor #1 ---
  Minor size (k)   : 7
  Deviation        : 5
  Principal block s: 0  (indices {0, 1})
  Row indices [7]  : 0 1 2 11 16 17 18
  Col indices [7]  : 0 1 3 18 24 32 36
  Time found       : 845708.8091 ms
  Minors tested    : 37059821568

  Principal 2x2 block (s=0, rows/cols {0,1}):
    [ 134194948686   21538500333 ]
    [   6117473289   24215698304 ]

  Extracted 7x7 submatrix  (det mod p = 0):
                   0*            1*            3            18            24            32            36 
        ------------- ------------- ------------- ------------- ------------- ------------- -------------
    0* |[134194948686][ 21538500333]  22059707540   20644861315   48094269431   85415169030   77591156987 
    1* |[  6117473289][ 24215698304]  41935966591   89297838138  114228075118   56947841849   45144441439 
    2  |  92496858622   86251832921  106947219760   84900152848   33836257056   94295879996   34982511740 
   11  | 100329907403  112081375134  129972919107   32968733674  130027706937  118519642278    6618093352 
   16  | 132781378189   85677143742   71790619115  115097657826   85308324366   71449327594  122875709228 
   17  |  69829640615  132892068416   22965008370   81700154810   76736028106   51803200625  125438908544 
   18  | 132163866682   91915421034   24015902448   24965215559  133910019981   75735928459   80647129728 

