============================================================
APM Result
============================================================
Matrix file       : kernel_37_39.txt
Matrix size       : 38 x 38
Prime (mod p)     : 137438953097
PM block size     : 2 (fixed)
Deviation level   : 5
Minor size tested : 7 x 7
------------------------------------------------------------
Matrix total time : 1430395.1641 ms  (1430.395164 s)
Minors tested     : 58678050816
Avg per minor     : 0.00002438 ms
------------------------------------------------------------
Zero Minors Found : 1
============================================================

Full matrix (38x38) mod 137438953097:
                 0            1            2            3            4            5            6            7            8            9           10           11           12           13           14           15           16           17           18           19           20           21           22           23           24           25           26           27           28           29           30           31           32           33           34           35           36           37
      ------------ ------------ ------------ ------------ ------------ ------------ ------------ ------------ ------------ ------------ ------------ ------------ ------------ ------------ ------------ ------------ ------------ ------------ ------------ ------------ ------------ ------------ ------------ ------------ ------------ ------------ ------------ ------------ ------------ ------------ ------------ ------------ ------------ ------------ ------------ ------------ ------------ ------------
  0 |  99465224018  26675718596  31134332620 126001927657 134123663384  94106993015  77801540044  12684659728  83061933559   8744265768 105095923723 100593953520  29793244080 129243929087 128245352348 134895232765 109862138411  77609965228  36702151208  26463159971 121225376308  61733089006  69529604101 116169466814  65441863388  83159272715   9767795891  68381858180   8743689063 111431759766  46178889447 129442741366    753733543 101455078862  94011821940 103261946634  49597333536  42833380909
  1 |   3489924704  59183453967  52513275606 133784355382  18815838785  88894487310 130003399309  45759307559 111877446937  29602848825  66513143176 103968350518  11388187553  86249275929  48579269203  19707254221  55994511999 105875641636  54615865725  10979271465  72683235872  41038371798 130215968041 125108799724  63095567878  40584262702  35480901593 119281930231  45780995680  30081907347   8381108010  91310798279 136620040820  85521101667  41540416416  49922573789  48435439334 103474031143
  2 |   3713856314  89880634920  28483289808   2467822622    264125619  66326771478 137438668263 134978881267 113774897772  47032141631   8026401448  99271664437 123276177115 109028717751  86288605988   9050288087  39053327003  79469865355  91977707444  25235694977   1444909171  61680918236  44975415868  38663814313  59981776139  58507931853  33843135486  17423440030 125674929689 136926144403  14345890720  40024170149  55963794285 122579536800  27881058059  98264878147  87890352460 134168861375
  3 | 103455559437   5819138306  47272887644  93219821783 136185568127  64710871180  63088389633  95900574861  82298816598  80969066644  75039271020  48648211158 122991565531 103508346742  55214788813  21494747071 109254445496   9140602954  75186983321  95726556947 113612543710 126386965962 115152055976   6912980044  76097120018  56320891365  23857023862 119301801084  75048483423  90592059740 106956678809 126903580915  73000964357   4065561564 106402403770   5138983856  29675129655  71865215059
  4 |  13903260660  43213514956 133433931270  54545999260  63231291778  30320300356  76994174430  40653907831  54582561253   3891599914  58797587460  36049486731  45301091609   8917311564  50558625999 130796775302  77285140632  99485561430 102222331522  63987323556  81351692405 117808183621  68047980102  68286767824 102317401813 106084535269  46508608326  87259791488  58892928077 104947847301  68333289179  68536476737  57052267570   2825017842 118816793342  71605998854   5278120797  12792001920
  5 | 122539817617  45952316975  40214056034 104589920057  33126376452  15455255500  91840077764  54062378041  89204636852  41786656633  49502360444 116792357040    907509160   5945945270   3677449911  15898153070  83890482889  77038890178 119166195423  82572685588 109247091493  86920894973  56230191205  86677300368  54062174253   4039066530  98773118900  54159954302   6975291546  88737796403 132223362565  60820555083  66885854494 104998327122 115939130009 128518138913 121122900837  30148663270
  6 |   8861041576  47436839217 103541696113  41177091843  98295899776 105017645769  93587457522  67928189038  81185325726   7997375025  15743463554 130273839052  17431168953  61825865889  84049005837  59714963557  92773985386  12478285721 112730699746  90653154393 114632902677  59684076732  43715727435    486256621 130483022469  50502647585  28360354916  65509819432  94422841362 109657390328  83762973967  12370217762 128431058928 134493362988  50322985096  17212351739  27032191994  68020463239
  7 | 130095952023  91714349745  18265172350  62901183340  12819015367  78753160940  30283765744 131896087097  22683292816  48180289964   5513867770  35832687312  33988365128 117263518588  38546899755  25422877563  88131858186 105884582094 127540493212   7402064650   7475167030  33831007672  93817697254 103390282077  50919597249  74091540977  47251285875  43135730995  31455655038   4319951477 104325194588  46521662834 130070226975  57740178885  41203606317 118123381889  77135893376 136846538706
  8 | 101475180443  71299092191  20270407959  28831940162   7685473505  97445578804  59859802872  37470630753  73558105340  93332367889  45505713035  84859562692  77345533715 125354879553 106694611965 131092934210  62341524360  74219303799   1712132603  30882738016  81654006268 132234935513 106667558843 135221098564  77667266000   2118368051  28629207921 112665291674   9449473343    823012950  99773423576  16465971075  73970318611 130769098938  36484666095  23427705739  70586161001  85741502192
  9 |  84177997033   6602806795   7044016979  81502498016 115720098631  40128609739 106109813319  70163879640  96728776908 117970421646  72808996116 121973951189   4983220637  93896499400  16498152432  62440496885  45572226979 120411814997  67447424789  34842036768   2794017262  53503198662  11375427065  48857121840 122105594293  71426258770 119322509572  71417285648  61224245483 135805245378   9152169547 128252785148  75611666470  57075358124 107468456405  45731419906  89814087054  15159273641
 10 |  91921631390  32035310880  30308290920  62879000700  36151810102  83046477943  95992066824  41833869488  85792507469   2816616231  43789401375  87788332488  71321005089  86631661692  32056179735  84942573665  43833937848  20622672239  82615195790  27023028433 126490122565 114489456020  99331793786  69373988586  24500613647  82641476668  85086622723 108300203772   5774336636  65196814817  10141762664  10200422527  67152632121 106794114331  27435169476 132123080853 133988156290  92859684586
 11 |  64713961877 106615241606  72358472754  59156577196  62661156069  81814835232  58508486783  17000125271  89769910376  90171447700  53852294119 102425278017  13111534744  68399337120 113863381364  53745262600  37006065547  51061917274  24931901608 103421895855   9409939769 118590215245 129177868871  23962241862 118291522122  24836553806  37484602584   1590484499  65944142551 101666733812  44274084419  40181681814  91369692755   2385954225  85491361352  20772113772  44436033430  17367476416
 12 | 135642284471  58097356877 110218947419  15212388387 123451821394  55268882077    762720651  15601775161   4588876844  95000225836  28848352100 102902639959 118188702050  29144376768  50262350162  52070207568   9086889747  84462151829  45505161873  61323768406   9782647146  29325072809 116791163318  36905165970  99259997916   1106982416   9532832266  61051418083  24303038146  24832893162 131794357316  29626768226  78695324691  59137805825  39896239051  63521068987 111433712432  20338575643
 13 |  41680726947  56206680598  38664750065  85022445022   2770049136  82644474926  69683892459  69151551476  45829686247  58117139776   4743891406 107419103250 128504170984  29439748081  93896535669 123994769968  47082776796  26192752872   8056789637 114262011749  36232458369  16742406248  47106330585 108924414888  74560629515  34037510225 127608919268  37879395113 134912870297  50711248637 120918817681   8872372546  93644121311  91406465343 102843366272 129399052532  97619605011  28177664448
 14 | 114823230722  78571822323  27593323902 129940840168  95240053685  17157008687  76417113736  87640715379  79019826051  77926962067 105024223985  27926389754  73557170816  88222229225  59273408866  71936242266  21320073966 118402138704  56827450193  15387248438  73682347812  93649300260  17977292153  99733059082 117998406357 101321682563  66928665517  91330667977  94506820080 126550454355  51350421653   7478629493  68521861653 122510150437  28714006634  78904466984 125190852897  81661944916
 15 |  40759589790  79090679928  90981353914  51840878766  34385101971  42554039744 132751635481  25630869423 113875282777 130086189349  51316207950  91260463132 131275967394 127376997724 124529789953 118908836895  33283506114   4757850323  83042940270  55263154935  13406067486 136217140133 125032647664  26818460042 110817691178 114534595077  45730235874  91020388733 126924988412  62864646716   3747280734 137368770617  87237048174  10055714492  51809099426  87436926519 104123271233  21537469835
 16 |  74035714840   1781209157  16649899153 114431300185  46290169140  38049313229 127215920431 127315482670 117598844795 131505312270    240702565  75243645793  49782630451     51287150 129116756696  52558473182   5077819571 129763538720  85975349991 120694632863 129737340730  77534331773  83417674774  83499004963  41772579136  93815574738 109193052214  61686944504  74714394837  21360469199 135667260023  49294892258 108397134735 107124327860   9915544985  15635963754  30902340438  95884458576
 17 |  98456251921  43293886789  10885268313  79207104269  32944791156  96863731498  17216789678  38915331786  38903420908  37832317729  12894600711  27879577077  43846093422  88218801551 120599017998 125697396436 101284775877 102110329469  84893867243 102612647699  19139401099  35756137962 123495776134  63611119830  70486740851  90192289404 133164636500  98650183079  43860785152  89471857776  72559152968 107118218237 131180301342 116044969698  57003775363 106437534573  61220688044  75655744837
 18 | 108899196491  26353390448 126418962004  27077450357  91497660311  19158208477  99032643996  27700466669  56089700885 106984591319 136602054571 136065702306  32863975525  91057828091    555153953  22595167650 115151075602  40490533115  64695760266  41581223895  37689102006  89871370691 131832387712  63934080184  54361284644  98054459982   9731790674  55065199628  88582847792  55418278271  57016454856 131533684283  14734082267  58951963779  86307367090  17011698368  66868750999 120274369421
 19 |  54433103165 135505829099 103410168406 131715951795  25566013622  26273138804 115809963353  75242345347 132064423766  13808466519  11077887801  98381877255  55557861856 131163784388  88263327848  97828594337 100763616328  45242145125 132674175566  41038659096  12688093728  96378513486  35381848878  84481421599  76772174737  36954663221 105416974376  84035612495  13549976111   9627137020  92821775738 108101147418 115999036036   4746714609  42972258272  39820602120  85884149799 121981955890
 20 |   9575850456  29826671773  30726140783  86875799873  53606821628  94622966556 112514287214  16529650918  62435285411 117906120114  77442607310 129337688363  43811081953  49794410166 100490677797  27822332935  93946313707  73126860453  24677840635  69633692492 125769765764  41261452248  97834968571 100030571829  25637762226 102061797786  64984853718  21392776345 105147309742 123922713784  47463782381  65397379487   2121230408 128457982101  53716915681  14239593834 101804624459 106939608618
 21 |  68326503766  40111674493  38362308398 115301577380  98251638883 113663553970  83495613094  68072810353 134185668889  65499254541  19742661215 124184547164  68512608089 125499163897  34315986239  82398650264  54294842472  84894833056 116138479800  82747569102  81878653213  29907673295  74095237561  68668059018  77298242403 100182518245  29666224798   4706095874 136199597067  26342158973  42827323111  26197118219 124528428243  57333818530  87380443567  12374382799   6423638203   5154411521
 22 |   7521377891 117296859371   3272531832  93609096689   6468150092  19575829230  42058769301  12760222682  32660064886  62345089409  12006557771  53130722429  54994360527  87577310631  88983189893  93574129687 121490775597  46610662077  81844656449  63743627983  88823602203 105125010959  54867149897   9607144595 104337899683  45742551125  58001909566 130853360656  45460252129  76973329342  70955063036  13275684866 111942632138 132940392117  27725704959  61634360465    922813064 119945888901
 23 | 106562339874  47025793891  24671417778  46901546447 125641386149 137165996245 112757377569  89128470398  59513700858 117183428106 116021443770  37771083469 137008860488  67804573717 136531289709  74262191219 125589825357  48984739521  24234887111  22903778494 121063946333 114589137778  13340929603  39228340304   8354686410  36704244280  77010680096  53629728830 107082094891  16898439372  21026675708 104373533836  22229142853  61722098320  12608131247  39938829456  78258741618  49448604942
 24 |  59353353811  37189612598 101052587517 115270270537  75636308516 126532847502  52006156585 110544216040 110212658158  49129916886  15879785769 137371163694  43594601856  33404791596  29747430721  25846134082  67312127614 121549529494  71392757951  88293486748 112015447194  96322878855  87466640356  67828325505  35541800637  13477889949   9541695105  78510153913  38230953661  49601086846  70611715026  82448751017  23084606314  12111257963 118131548752  40616549118  52797281637  67925114828
 25 |  59999722911  20800190995  33868148772  57402873960  43371518007 102907103707  51093171529  42416494383   1675936093 117190948347  33196609197 116755538641  46095446046  96699319194  76519856508 120092802272 113316928022   6439199137  74101415991   1266668789 112656227253  19895747293  13863981194  24205525147  47600091484  99490463224  92596021325  57121650887   6898286586 111000825389  44544680728  39525449930  64747653746  70564354847  84160231798 105030449516 119889717152  41262469823
 26 |  38218915653  53715254894  86442713656  74652684727  26492015147  44886077070  77794378422    999180707 112910262786 137343675871 104658811890   2495786565  95068341527  10214948497   7132941878  54099232830  41794216041 128667714510 133682838940  80986757652 117978765985  87372791071  29279910723  79092328742  90367449800  57538798690  38070986329   6298837420  47461643172  98419244068 116102206139  38061578136  90083591737 119718325046  63173578713 107211392240  55520530866  83344273870
 27 |  14710077870 136125313339 108190127559  94418666604  82026139525  11108341446  42757028534  34992979066 121538108408  23271407164  67316729452  94725246183  34185949295  53099344385  10267641556  29146295693  31451524285 106185590094  77664804624  45687690376  13089703901 104496099451  71295814008 130740175124  37301860610 116702518738  33994848413  91213161482  98390437128  79962413118  58397041905  89737616648  27906760850  69932966919 122374343566  65415124236  85682590269 128783954840
 28 | 108576473577 114715833905  58384794149  42573445985   3976247432 119304444013  45743228456 127236667742   3137984405 115031068988 124281556472 131669461513  89493297105  35759997255  32728568580  90488389037  35831728257 125713881160  55625428591  55932527499  29326266027 104006774031  28001906565  62256109670  34233865660  71273891472 100751495108  90876039072   5156181483  71056762561  36613283663  86743904969  85841808736  67816307852  78743222057   8930469671  27785794686 112774132317
 29 |  99306913295    497992255   3476072357  72505206344  77561749323  55616583779  42606758686  39996813947  35746205044  93150422455   4490355748  67571938314  68888233281  57624926719  69098687452  94721427196 100993009029 134877614733  58399408080  52552939160  45361039934   6158261325  65534449179  71988060163   1253327538  90948918032 106633729825  53273640285  35120746917  94191559639 109553811710 129625661507 128388248829  47193971856  22170825054  71520105035  94760223121  24325187852
 30 | 125846854958  53750630035   2316232075 116453418285  86280185300   5157880896  83507032868  29371964723 129787927740 110550830194 136565575587  95381924123   6488656870  88165302092 118107133019 136784280749  30862098538  14796894586  69135543198 115034800293  66947855013 134869270449 110446832208   8821752018  94167525761  20125266097  46033073534 129683049014 112015408384  19606843271 118983461581   1128749900  68755258908  48177003091 131366076367  72180276686 114086529761 116651224443
 31 | 114549200322 112176726736  84068842295 133667498104  11807585388  68917501007  76330931690  89949692103   2713025307 107934005801  72895912214 134815067649 118986851293 103830950768  78232001716  18330285637  60351002308  30003202030  16688250237  34653123447  51055575285 100790515170 130084350044   1524223174 105971560265  11080644708 128377431377  77224918363  65785386480  96331665995  82443482398 104996034489  11231477289  55730909535 130513904071 102914570688 134297066900  72659069321
 32 | 112421225861   1913855616 118686289903  46826307514  83592047593  29586015887  14951444853  11739233060  97905793905  62792879895 116630779126 109715517780  75803127806  88779978032 123627810665  52255313528  24118098466  23991235293  58313371767  91753562923  50845007966  91850159869  65733060115 136485067969 104236292765 118569647248  72983125510 108338582129  87703874392  39154350752  52989922892  77267279962  35111768774  10153317991 102830586502  86382927774 105096743589  19237472636
 33 |   1839882252 116280388434  99194364001  97892973640 108034493057 117856821810  27463038203  35278369019   9529744661 124232967426 120755646271 111677680758 105806838382  42251090167  19165340000 130911570276  38753572660  95673524148  79215405745  66445723422   2583033251  11641862793   8534071769  80889907822  19557383145  26231990965 133416104481 125950725773  64465233498  20675607510  22280708315  49456090745 121127858101  87282987417  49031445517  21516810581   1307338433  17817237930
 34 |   3096725405 130340493646  22839199721  15721026265 104381208145  52994241391  96129653725 109418315067 117929560901 124065883427  89948212454  42301955150 125617882717  24391478619  99837403826 120921488997  13799145893  17906794210  59533849926 115668794897  90529699566  38851343697 136059112681 122902739615 131830178449    325367827   9187249284  92914671500 122201230445  26160666978  90770654648 107703967344   6134444947 102929895572 113536157649  68129314411  65797437757   6509655907
 35 | 127908629291  85667449399 100990385406   8130930690  19401311940  33285675940  31175045225  27236997905  36159906029  61725557356  23540714620  38724097254  37787343515  32760564772  24947736076 134858649492  62528917486  34406710096  22983115579 118843205978  86798236601   5482761709  12269794207  60248192625  71313299335 108486926452 120699546813  71941911801 130339270053  58024813197 134061038791 116762017117 108833340780  14820606029  93233815081  10295420275  42870957878   4353042982
 36 |   7985136223  47449014237 113042542426  16444516377  27916446996  13028017024 124470196246 123325234164   9742524184  63580719028 119219426512 134633875427  32301725894 108207897619  21546215292  59680858303  86770383409 118190184003  93116213572 109062975337 113294515189  39351770328  30061504685 100100811438  58883827042  74771852498  88353462081  86379839494  54175204909 110740396723  16935736691 119682942737  53650862338 122194203955  21999756943  80384619952   8336683388  42830433698
 37 |  17694784172  92127811796  12074016762 101517457302 115236390991  59767960583  82242957740  89978809331   1320040308  58204240738  10301846999  82765681194  60429142003 104979153118  57154640258 103856935596  10162098886  29409502467 115565158133  98812921096  83604585632    159275189 136519834285  64960866290   6377769372  49589132219  12064403934   3691995349  99479801816 135939673847 114255163227  87735820678  57426478794  88164342453 134550589442  36904582667 105436607154 123985777463

--- Zero Minor #1 ---
  Minor size (k)   : 7
  Deviation        : 5
  Principal block s: 0  (indices {0, 1})
  Row indices [7]  : 0 1 3 15 16 31 33
  Col indices [7]  : 0 1 5 9 21 22 34
  Time found       : 1430368.6111 ms
  Minors tested    : 58678050816

  Principal 2x2 block (s=0, rows/cols {0,1}):
    [  99465224018   26675718596 ]
    [   3489924704   59183453967 ]

  Extracted 7x7 submatrix  (det mod p = 0):
                   0*            1*            5             9            21            22            34 
        ------------- ------------- ------------- ------------- ------------- ------------- -------------
    0* |[ 99465224018][ 26675718596]  94106993015    8744265768   61733089006   69529604101   94011821940 
    1* |[  3489924704][ 59183453967]  88894487310   29602848825   41038371798  130215968041   41540416416 
    3  | 103455559437    5819138306   64710871180   80969066644  126386965962  115152055976  106402403770 
   15  |  40759589790   79090679928   42554039744  130086189349  136217140133  125032647664   51809099426 
   16  |  74035714840    1781209157   38049313229  131505312270   77534331773   83417674774    9915544985 
   31  | 114549200322  112176726736   68917501007  107934005801  100790515170  130084350044  130513904071 
   33  |   1839882252  116280388434  117856821810  124232967426   11641862793    8534071769   49031445517 

