============================================================
APM Result
============================================================
Matrix file       : kernel_37_64.txt
Matrix size       : 38 x 38
Prime (mod p)     : 137438953097
PM block size     : 2 (fixed)
Deviation level   : 5
Minor size tested : 7 x 7
------------------------------------------------------------
Matrix total time : 1564255.6021 ms  (1564.255602 s)
Minors tested     : 64854687744
Avg per minor     : 0.00002412 ms
------------------------------------------------------------
Zero Minors Found : 1
============================================================

Full matrix (38x38) mod 137438953097:
                 0            1            2            3            4            5            6            7            8            9           10           11           12           13           14           15           16           17           18           19           20           21           22           23           24           25           26           27           28           29           30           31           32           33           34           35           36           37
      ------------ ------------ ------------ ------------ ------------ ------------ ------------ ------------ ------------ ------------ ------------ ------------ ------------ ------------ ------------ ------------ ------------ ------------ ------------ ------------ ------------ ------------ ------------ ------------ ------------ ------------ ------------ ------------ ------------ ------------ ------------ ------------ ------------ ------------ ------------ ------------ ------------ ------------
  0 |  91222966321 113747155047 118554533191  38617748074  66449111068  16077422729  84931996813  83441775723 128433435958  51444180368  28525255919  39603004628  88935168014  18213718890  14147225233  64438966946  71273539612  33583031183  20319381813  78656213112 114992014696  72557485234  77242110579   4475395581   3547379196  84732438617 126341938015  41710841169  58686956486  48429703971  84782340610   1341740413  33069040053 101464549733 105076419418  54414913548  38984591678  92320568185
  1 | 129702478966  99888779915 101069936728 105044496060 114264340213  69617365885    891600969  86059177184  98299822758  65530383420  29458886154  66679731755  67970341041  13803547501  14625415681  49554817484   3134193688 112190138668  98614209511 106343366210 102251372786  54233438423 125893057533  92014753344  77987103305 121844933755  95873182983  15302877856  41907302078 103524469387  75081624305 101329940379 118666879987 123891763693  18128521481  82224087621  31560474430  99056582871
  2 | 108046463256  92762626199   2118761331 114916783804  10815311109  37926350697  92630107685  49401673095 132299763441 111826491379  97878602495   7574581228  81547917042  22645824201  43816613470  16498603362  11764356516 105335483330 101048633224  76093087331  69461322673 123677031472 100146260273  34726074934  74491892732  31125748828 118394869585 129691611288  93562541324  29738357047  41122195877   7671727509  78531385097  34290280698  50903211716  95275352380  96824247067  39907193828
  3 | 109385334974  66162327132  30636818529  48282585016  97741569681   1223025229  64568450507 127360509629  70353970727  23745847882 100476334323 114082490798   3088528832  87160786603  48793900306 127231823545 126741322255 127405171192  80202969901  17181566565  34680639846  84002633119  87307801357   3351797127  24657175574  73746085976  12681111219  30482864897 115830640066   2340612080  48833647091  39833760127  77297378409  83225812184 136321007620  37181260498 112603583943  14313341857
  4 |  71388102673   1999707219  66446643828  78070331208 132431782812 128184072689  55579344938  96764785814  41911515680  53143294727  81725042833  76899872562 120984166546 104416005871  62446083368  81740326428  33021456185  16080478298  68335669752  19932499621 106995709124  93147169125  21898489228  57349665930  59266708317  41112813364  77316739495  90470090002 109472978117  66931236090  68768682330  62217677503 131266603155  82754505540 125921179298 112776462741  84047245500 109670086525
  5 |  64888868773  30977523939  51357623701  53232279481 125253730587  65343726406 113509251828  52005730554  96384688890  10181799392  69412584091  67125123684 126132334869  74741551531  10809169517  22366582343  80336260118  33132906887   7513819671  31389579307   2065071692  55013825359 137371193866  66165132613  47021144182   1366746531  56860156116   6026463013  68833502540  29013602783  67293809404  34485678635  63852708264 122796957571  83060027940  49350814022  40301318498 113989021428
  6 | 125003878427  27420498261  96056373419 101743701969  25198911569 111599718841  16421170858  28582726759  97567851431  79890977639  24623787981  87544480862 114835459149  96576772939  14763308462  31225404350   4143128624  56055517666 117243553786 115638826769  62088227178  17554008511  17038612650   7720881835  84945679071 119244410010  29124571858  55882414111  27994007292 123576978773  93698329898  79832734756  19300824449  20509965941  18619347320  20265470856 117485741613  93001834106
  7 |  43738933924  11848351836 109082669316 131310474132  55202035950   3142840025  25418350824  68964717953  52503401743 103345821502 112208079557  22244674895  97437180724  56088508672  98414901229 126217257362  28199016400  42403794011  94011048832  13456485495  44467188852 121048662368 113221010460 101907817126  47250779799   6448506918 116307873655   1941669118  27577468174  40991914430  73604709853  80044492731  44339462739 122081861193   5072628716  47397071619  11902169052  65616856781
  8 | 102643685180  78618874580  23706864601 133635577852  67767524915  66531302180  33973942874  69712968117  79330734360  90058661221  61119462597  67617184085  66171114475  12671919879  53575521231   9056903264  71092618153  17962826240  34686808510  33959381122   9535373657  37792166977   6775385014 119180250295  78748187444  44302847159  18592042177  93915503051  69383313254  77725829258  28536708693 134487612257   5217007921  87667135096  80657117490  78758985201  48662644427   1174762514
  9 | 114529178068  62028308262  58764808654  41608943717 111567742192  43174697542 108620736412  19786527618 105793716549  14629121996  46784673796  61876736368   2063209690  80004170980  37152397814  56606932655  83171616824  14798045359  72520842855 128141938057  69589269163  25699218002 119640988604  80913471135  46681094139  38716782954 104311681700  30784729227  86103994034  99037757242  69820103367   1523041093  24058821576 118788370018 119307412048  66624377655 131345754462  18404780246
 10 | 120905037066  43646023781  74184197776  23969995423 120140809858  78924519956  74352966108  58689846815  39939377336 136709633275  12820213357  73879356369  75352874670  10764323641  18700140629  61578062027  57751496500 119706147267  21074184427  98007522800  97720825805  77965016048  79870660847  53426830485  67550045897  36736321287  72476616331 101416803203  56824329098 111532659833  76660917651  52583710910  99747788500  42033961008 125716766169 134805503316 129043659790  38344080271
 11 |  58350840127  77863120164  89205197018  93379414549   9584513373  66858455788 119315239181 125589141586  49703995022  64460400688  26270357863  80721326762  27300215847  87396905608  99031120932 120180230395  13849040193  42922509023  13096171298  10683675656  52187630765 103015608387  69076838258  42417063057  33666587338 116328608372 123107327104  19644870954 113114364192   3966260404 111357211482  15893273727  88068879610  22784830804  50683119324  20346380341 108030193677 127662013754
 12 |  35029900619   3921984799  84619965090 127334269037  81461035700 102510350833  88301604149  74121551881  27235759357  97875678547  54609496803  61418697533  91628660855  39211420838  54417110822   8901649624  30622738305  80051239808  81806317166  78159024261  63967417736  80656675677  45375314185  79063278339  13601230476 106794111649  79541938426  89647391748  58754045549  14409027357  20448127897 103910399265  85626477446 107160729398  27515293490 136395896158  37331214101 106695833628
 13 | 135942232261  98576339009 111731820439 105592226114  10336864885  35431995023 120377307244  86623629745   3624236976  26604054546   5304003860 112149618970 119130203041  53699758767 106229103885  64808901385  22715434012  75106983708  66034673968  85758890720 112082195476 108704737721  72905927298  82565282845  21617056366 118911075161  78745945516   7453912716  69171019890  75785156380 118681777690  55585235673  18204555397   8081060778 122047686474  19626587104  68587732970  78312734998
 14 | 127349789057  53155632751  46857085109 132094378034 125288716900  59845728873 123685133734  59004546481  71185908862    110675259 128812236623  19623006616  82895868951 108220353187  51664215832  96398757718  44240850803  64509303210 116355242372 128542115539  56195148161  36864561206  70285056889  32974863226  76282598256 104845250196 100472748502 116533217519  87306633210 117656118449   6221424085 118972788986  87646096218  76662140679  59750900942  37941430665 132631827322 121666365523
 15 |  72055460899  49553984090   9212030526 113645891819  92431497835  46887803939  31839555073  57201301674  36091302617  48453969074 132701068101 101054850507  23018935933 123366705698 106923315325  36646456132  25707759107  80959280113 100631790528 111495755905  26686681704  25570122294  82415950537 117766865983  24669726849  55299115280 115025178044  22167296846  30169776002  16857581002  54398779938 132051325570   1877959641  21232855672  61807866817  54581265443  55886594435  71055938844
 16 |  59451659003  45467249062  94089904267  75178888199  94980469714 126965356645  59328604879  46479277749  89226608538  34750591612  29496582892  77781029597  28822753369  55733456688   8637607384  89900256160 136647717716  31708836589  18328009669  14270038254  58468358890  80454287490 111496602851  45481725805  63693166809 126535223330  87712203248  23890535083  63451198271  82280120446 131035323885 112346506988  91226914289  83685315568 102356622115 137046302631  15985227858 127259383634
 17 | 129317512077   4527532540  32193432995  98208266799    811534803  98613759684  61822511046  67121152521  57854022332  38394964294  50856071894  99194265563 115821984370  14422302921 106028026854  23307477310 124346677700  27373092545  41371271297  99819112145 123953533494 126039894947  87576380229  80140188202  38699952843 118136149817  94960337715  10359711279  80936185185 102976333194  97853757361  70490020236 131150824408  59421316634  20393783521  79412183656  48665507106  32403963901
 18 | 129896373852  84846046426  85662814865 117395365161  82152307111  24202813675  93494307012   4470296311 103752307124   3900365018  11596729644  95025146078  44725021866  88964644064 136769874816 117742452214 120698784908 122878443176 112252163267  70733657444  14472811375  17457315801 117685142865  72779472202  11961004454  58804888295  26230427746 128574518676  59495006505  19495218440  75461501238  62710145587  93966720301  55828692506 132063650843  27457110878  79042928512  37815264599
 19 |  20306214256  61022903156  61429366325  29771883554  25276519465 105783379506  44484631405 104819694066  23576181145  31173130748   6511445163  45612876549  20601830068 109182819830 125601775084  72128554945 111628005040  29853264154 112973280972  93318370827  61665081307 109122457760  28523097441  17609977960   6481288991 134734244041 132810639695  85283426388  77442992215  74042472260 129014624044 110256064142 129742011248  92211518524 132335111013  66091479297  80703242703 130080095841
 20 |  22979649678 100472666526 106367016412   6194984761  18032604951  47014155975  22249759632  32316291001  82876338583  12027670299 102704652215  72575943519 123970661352   8776274218  84248045453 122858452241   7801090826 121778689500  50045762640 126496701575  61339953440  25648282360  11581121062  32273725074 116885621480  60180348873   9116219423   3339470625 136886624520  36373496906  19184349788  42511764331 117477872369  75765373782 100772772698 107360732364  15557960381 137009249037
 21 |  33622467899  16014237653  32097910655  76635238132 116754664907  16177747665  20111435293  57747394788  87529116769  37567648368 126132989900  52908730707  35347522713 119806968898 126722373780  98219727114  20599334119 127073053465  38052788854  75681624107  86702658963  65185033554  83443840284  57762933388 119797199028  65828091121  78047632778  67276809407   7462712194    823592761  91886457965  26324454287 120854470041  98869556532 132666701141  36361353559 104259592007  34778959054
 22 |  77755887034 121612322813 105352414541 132377572710  75130998269  53893369187 107448297003  97087168397  50107366173  16979138060  46306694571  28498866305 122913132647  32516790114 113786701543  78603174906  82661694268   5724929304  47697578208 102268229724  36945775747 134394853709  93827597188 114758394642 112590486907   3405230988  38199819251 115884686524  19317288833  88214453779  85593687743 115862830225  79481440433  82565131395  18737872171   4985877584   2214302437  27307647686
 23 |  43807249101 136594446024  19948380410 130746491384  39306517498  36677573402 102226087710 111391084838  64531698341 114421341003 122968844675 120798211324  54407022720  78330036321  21360949192   3535364732  38939360229 119025858328  28484748971  76837682451  92233764360  64931594362   2245757264  35752759681  53586609180  37681495600 106330533842 126711334634 121242690750  89668840857  67081905781  62092742212 121647010383  44955604103  22920659163  60662404501 124603346726   7381952011
 24 |  10347038632  50388294963  57346781125 104890876511 122002396833   3207877871 101728022477 102009851668 113288312640  66384893842  53778917305 131165354135 136013363619 101637782869  83356556128  15495717501  33036821130  85346254570  90042604246  43225043886  93724229369  46690051134  26267991318  52092772226  79494964765 109914699157  48070905710 114301610325  83213023575  23162719173  23844145263  42909267539  31645507330 130775305165  83073344841  84988264358   6566279746  16225205497
 25 |  56581883448  78941846403 123519258857  39510519207  77645121763  67469407955   9920144901 120690856707    823885272   8675726599  31106151396 107363926301  20274047393 100307945711  77280725472  91720554068  77470865375  42735073411 113313633316  78323470567  71768649331   1936305267   7418202118  36063771635  86715695862 104043295271  84323940232  79001942487  76804814031 122506859693  85593881861  87555311083  48255985215  69496856858  55883133719  91346325562 106073445531 119340544664
 26 |  38300191253 108527807687  67928957296  86105224885  17280117728  62275671190  37919910489  45048256717  25846990842 104280062203  18555614178   9470820828  95559400802  14763415542  26262674675 116973362043  52506131409  43057893090  67298546631  87529139191 136871138548 121314935671 133764816459  64101753074  86575394054  11724087918  73785367678  97730469157  36171373395  24874092547  28138640303  27078427556 102241050445  41000057214 108215536224 106467587170  32984164230  16915865771
 27 |  81165865639 130948208876  73012248961    683478752 117719265574  80279682575 122112937899  58293512432  77590880435  10281353645  40228004993  49598900632  98372062434 123357291006  40430618642   3342442488  17748638772  31876143366  91846589276  73232289997 113549552311 134689087852  27678236183 100376395944  71676709873 101342299764  32675118601  51445192830 113206148382  55148197338  20110099707  88908931666  80340360436  42434156748  13775048888 119077316250 122459431299    724661079
 28 |  13095973501 133517592824  47267726168  97534704034  61910777162   5392697753  34413900197  27523955959  41058904389  80559374803  78652362311 108120334681 136376718019  80226903850  86350939790  99846061799  35238681014 105209844586 129806309203  50016373225  86244374427  10176048714  23604156035   1094838084  27555458790  75538384166  80124651923  92834263714  58713076741  44927291953  90295520684  53740664795  80770290073 124168148730  25571763366  31776065528 114559860192  48270662756
 29 | 135568986719  13860740427  27429475346  69718095315 120660111699  65390201294  40175643710  29794077878  27974942651 123761490990  11170623306  81661191559  55129308004  73390110675  74174870135  41357338351  28157692214  49848241456  16024070541  74792606926  55816954080 110219895783  78244535743  22081565002 129949799509  68622157903 130674887059  37199709317  69459342128  43604430222 114878154645 137261757346  15417313186  56313512857 127809205829  74006930657  92749450652  25993430678
 30 | 114323348956 114448836572  82074789989  54492102333  21344420999  96367738130 136571393767 106109943365  94559458704 105574989165  59405691004  90312986846 110356328844  73535682937  96732202017  25976092328  98881851090  80245492039  57052749517  54770127823   8707425606  48061416280   4846207879 107200341029  10508676830  17326537536  77856789702  23756227879  93093934007  27086415082  94982833108  23559668711 121105399956  36316129230  59607235225  18811640411  80034303014   4308133086
 31 |  36216520718  63689315283  39322558995 111985945376   8715549782 114244842609  50500975537  87554440827  21711778640  79062715709  74816009893  29676552130  91582792836  55941057373  93370669045  46509464435  82291762682 119526752243  10892293132 117514539516  88986545448  68119590728  92675736779  80674214378  68300077827  95844001682  91755712162  64310051519   8299217176 115083079506  32964246846  79628417673  51576133385 119611926201  32517023434  57601019635  11858476168 111045114009
 32 | 127929802654  54546665209  55844944859  14817857565 114721047349 109409765328  20845092870 113793868170  10243198421  99977439031 136613542255 135089308820  30938537366  67433112900  76804869891 126381132412  17427970617  68210110872  53360850746  19651976266 107681535370 127546463484  42253395103 110209848459  74728552550  94021561750  13677496674  14294058010   3955559558  63269932262  98252988735  11895972210 111366186774  48618591587  25600103811  86810691944  60062656632  45312800678
 33 |  21512619635 101188216104  23966658965 101246453659 112499813102 136871297682  10261987604 109987199440  14946936234  57624021038   1905095302 128097011083  50723611020  72241048861  28764554373  41907104956  88025139363  26660022170 123396440418  75771038230  78046602071 130709230208  29270836813  17471520125  74895020337 120868681620  41409323057  48471797745  50481786694  87338795942 106075861985  24800102035  77591336917 126538453531  37830640205  11864552989  11128544931  63673546950
 34 |   5144688815  80747173661  89589267653  49216750557  92052019347  97921717327  61111701029  50003837062  58641677194 108789450443  84513220410   7756137521  71802047937  62838408536  44490558904  78710045887  77743588166 108413570629  23799667121 132856842023  94053074976  96305047831  91242595660  91772182991  83272512035  87414637725  78323047942  86316490217 114725135034 134215017940 121338402655  74639579801  30716398763  13009756944  95866085670  13056918961  17717586455 137230245215
 35 |  11090987826  36341440942  65643050218  54586556212  19197747260   8177950342  85689402663  37254574889  44408173859 115027698736  59095395214  27992511331  13268020999  30254627776 108767555516  55783515961  21870626692  66709295978  71946444720  94047075492 129544348042 117163509470  20388021618  25208192561 132421316530 119092968994  15208964836  42104072353 100997818066  21132963344  46084000369  94782756604 134717369771  93698109402  55134421498  66654498977  63998003900  25439471181
 36 |  40721972155  34948088437 111085850035  18185106017 105336193422  11238453972   4116020349  44339600031  38247648232 112514936830  89020301813  76474388921  10860285376  31892563401 133778044426  86047513105 124024519317 135379349014  56854393369  14031560422  81974982991 136368168281  30302653323  49685739043 104507615882  66406764680   6446138448 128784824538  69150430784 127014872822   6452421489 136593905589  63481509975 124203179904  75763571161  39979797178  78077998329 117860225433
 37 |  37738262955  61108358956  93483376590  32640253678  24131368047  47770981120   3126661925  58368040192  71375359252  15309341905 106661906684  88798651168  99734321114  55873526856 120108257882  28038715962  77544505413 101754259314 122112586843  45828179846 116714629312  85499097845  32658772695 132833842241  83544785655   1423200701  20660825205  85329957970  63698146934 124479132313  55735128754   4957152757  59906641104 119059907969  96636977397 104882597034 111761708428   6328005896

--- Zero Minor #1 ---
  Minor size (k)   : 7
  Deviation        : 5
  Principal block s: 0  (indices {0, 1})
  Row indices [7]  : 0 1 2 4 13 17 37
  Col indices [7]  : 0 1 5 17 19 28 30
  Time found       : 1564228.9729 ms
  Minors tested    : 64854687744

  Principal 2x2 block (s=0, rows/cols {0,1}):
    [  91222966321  113747155047 ]
    [ 129702478966   99888779915 ]

  Extracted 7x7 submatrix  (det mod p = 0):
                   0*            1*            5            17            19            28            30 
        ------------- ------------- ------------- ------------- ------------- ------------- -------------
    0* |[ 91222966321][113747155047]  16077422729   33583031183   78656213112   58686956486   84782340610 
    1* |[129702478966][ 99888779915]  69617365885  112190138668  106343366210   41907302078   75081624305 
    2  | 108046463256   92762626199   37926350697  105335483330   76093087331   93562541324   41122195877 
    4  |  71388102673    1999707219  128184072689   16080478298   19932499621  109472978117   68768682330 
   13  | 135942232261   98576339009   35431995023   75106983708   85758890720   69171019890  118681777690 
   17  | 129317512077    4527532540   98613759684   27373092545   99819112145   80936185185   97853757361 
   37  |  37738262955   61108358956   47770981120  101754259314   45828179846   63698146934   55735128754 

