============================================================
APM Result
============================================================
Matrix file       : kernel_37_52.txt
Matrix size       : 38 x 38
Prime (mod p)     : 137438953097
PM block size     : 2 (fixed)
Deviation level   : 5
Minor size tested : 7 x 7
------------------------------------------------------------
Matrix total time : 2217334.5281 ms  (2217.334528 s)
Minors tested     : 89561235456
Avg per minor     : 0.00002476 ms
------------------------------------------------------------
Zero Minors Found : 1
============================================================

Full matrix (38x38) mod 137438953097:
                 0            1            2            3            4            5            6            7            8            9           10           11           12           13           14           15           16           17           18           19           20           21           22           23           24           25           26           27           28           29           30           31           32           33           34           35           36           37
      ------------ ------------ ------------ ------------ ------------ ------------ ------------ ------------ ------------ ------------ ------------ ------------ ------------ ------------ ------------ ------------ ------------ ------------ ------------ ------------ ------------ ------------ ------------ ------------ ------------ ------------ ------------ ------------ ------------ ------------ ------------ ------------ ------------ ------------ ------------ ------------ ------------ ------------
  0 |  28080408624  80092434934 102166989199  57933574195 119679813624  83607855985 126646389693  25490966600  54709477448  49939252025   2240950158  99507529943  69433389729 112161311732  88044692171 102542083107  19617349347  81802642302 113393721355  99665694043  59046885066  77624589285 100222120513 107914783083  47551763942  16974952823  40699808917  47827318468  89184944023  18332360488  78919389280  39750186396  73017323413 120930176817  27821334078 133397856011   3749913447 106924513498
  1 |  83463797985   3703988805 109182357375 124200552369 124760678174  70205953636  52941771036 121345786607  96927964918   1335312954    600682702  54013273805  90504346472  98084788711 102531758341 117710635463  64769726986 120050027321  64984678880 101327267138 118627482209  25585965834  17998691780 110701557949    156211885  76209861318  30781060502 133482867844  67403364282 109991513852  14235459941  77110661255  47632944902 124269417063  26938915048  45255893668  88552467862  36247243388
  2 | 112212234269 132087337844  89165300773   6852782069  73429858026  40819266204   9504987836  77442588910  24579414172  54067420540   1528885659  86345758338  15550922523  34649834864 133332327074 104061781065  40625490291 101745158906 132425785907 103514012757 122896734313 106939564191 136723203481   8328119801  11836654530  45166554945    871527863  89014057263  89523052613  54932559701 102575419007  69116392121  75092941152   4264855289  53751389911  90153429245  55029880999 121915752061
  3 |   6611755756   4505781232  99587205041   3891423116  64556731817  42916006202  99180513392 126231014941  86356550066  58143772159 120601119560  10438253846  64082809103 116959339700 115818407556  81038513682  16392257673  85629243392  16851253428  89279121898  90246540524 102714481019 131249355436  30456929023 111650814106  11611932826  13063775713  77449523926  54207002691  47140712123  36102580485  48399946338  57247036497  52285595770  95396510878  20589982564  39011147711 107067209085
  4 |  99707721424  44612000259  33332989087 131294625896  22183419649  61456148804  26312401815  68609736117  46448697267  41212888972  19697216018  54502062984   9108128350  80379253230  48070745895 133238756305 118624385545  89451274337  10541566818  65900510798  86966401230   5434309528 104995430499 136862057788 124189483738  63429325780 118495523068  34244839840  98337568861 100552568897  76338236214  62102898272  35050075604 136983705504 116294247279  10796583659  60601844937  86887129709
  5 |  45084544481 113015527246  67138570524  10582049887 135104071999   7613313489  82934779106 137106899307  79323556013  80569428562  20708766033  27726573543  35447729864 101497875035  90693605168  98105356472 112541632625  52248536137  36301884782 127574402517  16662730042  29237791360  64974014513 119905756267  76185382315  59606357620  52332808579  23237240236  94145636568  24888803277 108618169063 109880776261  61687927800  63512960675 124039873241 134166845023  81062975130  15108805489
  6 | 126270596601 112849134059  62169618468  73460476736 134008038374 132005198300  96584521488 118029776447  23519767001 101709487976  96498734536  32197848878  69023180172  47110156820  40656628387  40170019381   8428310963  98772898847  42466534564   9711953342  96167251206 136055710813 113106714837 115766258780  80991290225  21037403238  19404773561 106210422709  93952070421  42969893064  71979352085 111006567779  71206805234 112636242663  29509296942  83673247371 132140718586   2731938352
  7 |   6440700182  96301223725 101260392268 119768542096  87983388499  79066355634  22756191054 127779843772   2423752884  37940069451   1503934143   4364130445  14077226673 107332108236  31859748898  53503360694 120506704583  94464003640  85337397840 100474181761  21914733063  65255951272 131296835681  32126959061  67847010020  17444541575  22584437495  27436547683  22666244543  70045245945  87342981860  95527263966  49086362516  80360202036   8006754603  16589975421 121514749223 136065011387
  8 | 120316722751 132638873083  58197871641 115345649770  19463903760  30759450851  43866066965  47061605743 121984319031 132728178833  22303372363  57515521072 105258451160 119113753021  85217318301  52928250475    473594528  55380923298 104076143747  42010818832  92340788488  87441837389  24809247450  21673456236 136078483415  96568793008  40161686824  52358304797  73850110759   5882300561 122105784919  15884519036 132854207660 115343703328  98715105150 103980855641 128710285599  71899628489
  9 | 119966315773  42756311792  38143811368  91298484298  38860048048 124398543461   8827145712  50531928539  84242818527  35721261879  69133115381  66714166399  38486342081  41513973124 113739040438  63679093159 132150242142  62820912506  14146829384  34441719236  39634271573  97650206025  46401886071 125328250980  38824758603  72536443148  85666495865  11983167613 114338414520 115146401636  38037903947  50431904858  42760227155  68284739398 106824042180  19076856047 115316335909  15891497448
 10 |  75690333367   1230321548  49136830672  82901338144  21497791589  54126548104  52105534269  81199916039   6296624754  64073207744   9552283490  17526771585  61691706111 102795631386 119790188002  58307950665 133762738721  19923876990  53215484341  26382982761  81924592221 104950427346  17475055191   8256845138  90842209285 113083701517   4343902653  68105208872  14624084944  18298007862 120553572224  17636355834 106077232603 105861672724  23933807545  91760867164  37790474540  87616471540
 11 |  42142557521  59247415644  21352712657  62501080884  51211469799 107265638960 124999082809 128188543546  20690198165  81798842825 116062525230  79248996239  73493680757  90291289737   7442518736  22533541904 133726023695  73933618390 129687420011  18466601171  35917085280 113400223036 133924642832  91014956626 109876768562 125783973237  71914998743 110126538623 122157407921  71665056507  10666102029  70709285384  31032645989  42899917032 126490359987  27937606982  41858275394  54707918075
 12 | 110731184708  19401501461   3177438962  15738247542 122005608894  54021504275  54640292712  86670338874  24994175879 135707929538  80592909875  16766359984 136230892533 127494277570   2342763800  44170387362 136091876624 104779058023 119434587099 133230806531  82295324364  48534638244 109513644117 128061787882  11289288226 100739302752 104886870452  76104977388  86645423029 119712230692  51441486232  20223239321 105140503526  42668694547  83106888273  20448152005  76564458944  60009381823
 13 | 116981390562 122335212603  42719367905  40177325739 107057818590  13766264727 133923564193 109472438459 121534683234  46574836311  73976990523  56718126858 131748745432  19575705640  77378952267 107634353570  79027327218  38111223423   8963647913  16449760658  48266889272  35676144364  52026779862  91165384023 123962092798 120230120742  25569304394  54926881363 136065264087  42552114549   3613659059  55638923140  19208233585  95267339836  55094339987 100050348651  64944961857 116169698798
 14 |  78850944225  60546609223  66984797347  36670618978 106057241670  82978775195 102146239039 114431934483 135425652320  18727571781  96123829861 113922480104  74656420235  47591502494  53350620043  41362192328  81021331511  34572239406  80683381596  49982682022  52729789136 134655560484  91182137838  86209206564  11175502352 109177290790 116279661584  85705865595  59693866862  19645987913 137191901076  94454588413 134789847191 130583621837 110263732540  34223154130  48952546936 133268508261
 15 |  19959538202  20300713076 100725533442 114418808484  73097138068  64451828621 114341834946  71346366424  11064353069  15520483440 130155012332  47176298794 113027606224 122085029605  48479693720  81145187780   1259910298 104321906514  69570477032 114778184082  12814641960  27535549060  34212783222  96209125157  50713986195 108835608375  83881837846  77124846098  71181088758  52823081728  27847510426  55197585556  69411664572   2811270974  11333508747 123423550279 124503829877  53906041357
 16 |  60980546823 100598365394  83034610121  88475087196  42024480270  28719180031  29408528138  26994489660 135593639858  36302861982  19721295271   7541073848  91367322855  88147080251  15222398145  46347576229 128804267289  59786020001  99657177671  43416771860 116844068938  79070797170  70082621442 131697955917  25937824438  88793997856  74039808491   8328149782 110895663430  73128887457  16931918018   2841680929  61675322146  44485003841  32033976618  14599390795  56691440143  78321460603
 17 |  78334035864  16931584456 107257112508 121739531059  73484341165 100611350170 126117825112 112404264177  96823603486  31099200735  18864912135  39301613946  15014225061  96722567247 135302996179  91443362510 121865738484 108697266938 107276152756  26666464183  15937853142  47939297312 136249293740  90214410619  74811941128  68570916170  48581280933  61277750459  80900882470  74319266904  23256004493 105161896508  58965329669 131174533887  69404985461  95648402265  16623928585  48774476435
 18 |  60195192167 133744226273  75591116301  80899656143 124118646797  13935690198 103378771063 134697900402  86993010579  63906435569  47163152767  46110101645 125002784387  91003503019 128922809172  68545382344  95343753147  89251590192  38923290099  51199727673  32681515984   1376241944  75220996209 112955227987  65313934213   9124708280  89676294889  93885815002  66843873722  64125851915  63650727727 123197203660 133949939218 131948582894  85454796549 128398475170 127776266775   1551834404
 19 |  26130452634 103725815446  19043934915  71620145899  36345323388 130165494156   8195951686 124503585808  61226879685 113101798255  42583165853 120798018664  40287848570  87742040050  84670247579  81368732865 130992252083 137080219940 110220651108  56163637093  41839421792 104478417157  72276873668 136502683168  96607342593 130656658524  68174833162  14244895503  88383600454 123370895224  83473922088  40868616757  86286319117  26602281541  50744540017  90008376414 117850892712  71490223923
 20 | 100954708539  33450445248 113324920036 120948870201  65536056049  54199153738 104952801963 118582969217  40732182926  84504426011  30591954266  52975709785 101989962868  40549683341  30009573217 128844886643  84826413701  54967931397  96833978360 133241475152  39156562809 109000810641  11501687053  77646508504  32547554945 129834671967 122444275888 101698227431  30236962361  40063414963 134588777385 118722854129  51685876154  49299595125 100635513955  35276690874  68954860154  64874496927
 21 |  88466098627  67983577905 122308717197 119986559793  18172357425  47395873834  21027534465  67769978491     31032283  17993008842  66498205100  28916083344  64563071102  71825408853  75696724591  85467891725  62149878888  18007583984   6979682021  21084349061 123815234481 104453624214  74195459115  25414129271  36268654058  46291059727 122943879858  32078454648  64943708863  88502837622 135959710040  92789853059  92900356153  51933724715   9135534143  19186827512 113562467735 125401762286
 22 | 102782975961  90667881861  12355734329  51816251407  22396741602  44802287296  98960650174  68978775239  40778291155 126954055023  93738029266  40666330101  87577136333  28975773350  46747363282   8960757888  26618339555  40178467860  71688802900  53443718772  25826597146  64091779510  23846977516 119353370227  81614605799  65200205340   2912868348  65541812634 120563458016  73388555216 112538791764  63580790435  48926747340  88925277145   5515040240   2356076559  47283577644  49164865195
 23 |  98461707724  99541856846 133124051308  13415899319 120409952044    985612174  16367986641  44178940925  27077843000   2978958061  42607521932  80577499038 129661478514  89409219386  85536355562   7850587938 121100150091 110990253210   3213339401  20638251952  71441148145  26354096790 116644053695 104827619576  52322219679  38558888524  10651790502 116212335392   9834927381 131069530075 120562453199  76326769400  68132245473  53644611587  13589837848 119882750551  79338563284 121689220727
 24 | 126034194629  79025604219  60336849951   2454074615  65863755212  40802495484  16190385210 107696778572  72044371434  71515208485  65270948216  36631542153 125990399731 133942291190  54641931278 105877138152 111993227290 110385071555 123942324294  82135324794  23168760319  50055357149  30591009964  40777339936 125417578158  42685575864  97761831672  36325885993  50883245049  91638037001 111401551355 117392653559 121792123960  40845778849  65491951487   8785255470  62867834564   7396882962
 25 |  22067401891  41242020584 126129685110 110624134032  44025554244  74566662554  78881531050  43283942304 122162933288  75576161072  58085790408  95961251211  62568681729   1812170011  63156971280 127109943543  57063419255  51150106961 131553641733  17671799120  82996063067  87668937829  67009519592  76957133867    145278224  22922331277 115338416827  59864781057 108462056743  78485488656  49612922781   9661380833  92555891452  77116603891  34906140451 111438527779  76294663624  39415576082
 26 | 134740120039  58886737929  87647287577 124629210783  10126205072 133540133546  87185768092 101217713978  13606431452  71246272673  74545976222  23521580673  65743928380  82261133020  94779353432 105660501173  89167009470  92500392381  36286536117  66219733803  95536202459  48717930501  35637142082  27823304015  55121609502  25738736360  93598665342  99376860163  52599428936 135395612128 103393521362 104376088083  23981962884  77775562832   6529983540  12309012468  53721106443 117360172327
 27 |  39881780746  94555456983  80466352302 108346137439  36486777650  35521780130   4784826942   5908541539 133133317020 123517135451  51394950066 124018587717  56299583918  93532750807   7689796512  87280822045  67405570802  37985507794  71102960433  32564667122 128910727400  32031158224  76514334762  18336344219  24846163631 114068989488  79089570396 123930781765  88143898156  94303704736 106066416897  83218056611   5352370856 102772769540 126158412628  38776873162  27477954923  78311178875
 28 |  10446167737  47045414019  49285217317  57846138600  96775275117  74661996605  42484169918  85764278362 119548805625  55570695987 120696108057  87262321097  49590270987  95646624206  45881178366  11211755410  34741958628  11328588364  79224051825  38500267645  94421414103  74323747866  15562801436  55014866346  30252865449  15313895302  51275850455  55448078262  94958447059  89777090974  74777016070  83631207422  89636608678  18761574718  71924147046  48141992746  99609406253   6727878613
 29 |  32972467899  37216233835 100482890825  85684122055  59260825245  52070807224  81591233873 113692120684  75823784409 117706713239  83709109534  81194157105  13150344988  12727781287  96954701415  97008284696  61547653135  21773251363  29887947269 103379320504  36510132388  25247306391  23172502847 111378252107   6086179566  56835006624  13629358908    738960532   6221041059  91937909054 128897905394  90202530098  23425296931  46061779354  32926766681  38846085339  67618620125  16124111373
 30 |  52428052339  99356237620 100988228183  25784494221 124393793924  86506199463  93080022060  71726263778  83360615554 129429955982  66910807882  64965539680  51700169385 103376579648 109062480245 102485044694  48478243486   6612057334  69765564844  80700047973 135077594002  17381279948  54846385362  54444206586 129142145028 107636782726    926980959  99386643363  82895111427  26223306181  91888988217  82786015879  55007973416  47737214038  23266128480 109441601256  20079831012  38946728541
 31 |  40614665029  96965929256 116428845838  82612550459  22884206363  52505656563 136670639602  14577551171 104735323127  11664210886  36143742456 109829563994  87354869960 122354337911  78275822076  27397694516  10335512609 136148491267 106423736751  95658535091  94128070768 122180991432  38282074266  91251913008  68669938672  97636296506  91599297846  97014744159 121971010978 123359178684  49323838393  88154649760  38632516292   2095860041  61812673323  64318228656  63674022515  24982582458
 32 | 124623106029 104075030565 123362822640 136681340406  60328750003  18074350991 109023826584 108044441991  83284924559  46330150520  27913900887 120928934058 102038986180  32889417297  70913827206  45487869581  60306405810  11970882915 115497147139  93296404507 113021331975  16618989897  77266043341  58395085448 130505585061  76008389213 101433993996  32246762127 131834841082  94013334118  15064598746  30783295810  55745781935 116506958663  77808043287 106995849018 132622673349  54230634686
 33 |  63490198329  19422320166  11349892396 130047595618  90203717967  21718409681 129419298959  16853112636 129549916363  94987005635  34104968845  38828224274 110815450635  72537685729  10715308978 106681769740  13022391551  70411316316  97594867739  18495900065 102905136868 126850533804  54613772596  73869089358  83727935740  49429305582  24955468464  41271393059 119546361958   1469570789 115561618709  56816114343  75191967458 107557596822 123871290796  22314618463  71172218788  52566877990
 34 | 118000381507  79027321964  27955688615   4243050231  64608979994 101308127018  13957858117  28816036012  66150607417  96944026551  90895020751  87037608190   9106939154  96291838596 127236491760 113035336735  79716155933 102664590521  52343881353 124091913574 109348741070 108628921209 127113670557  51153842163  42483811829  48169835199   9765052590  90658190199 131053005661  66188401551  91566680108  82755226205 118920467782  45493156009  47766967939  26870016249  49038588407  98275987934
 35 |  83426224235 109052928518  80137574777  76869557007  20048175032  63854526940  24131417877  18575337467  62233282349 100738874401 116567276934  37861417080  36601888303 136727128870 111094537707  86613942881  89251950729  28651839169  28900794612 115027996805  13617692521 132556844928 117270211813  27726530878  51769912935  78267103479 114125504730   9131526636  47611924969  51923491910   9390897121  62061044176  44342023301 102142837023  42596979215  29685284110 101645066267 130043687950
 36 | 129340750120 131981330584  76609731978  64479197418 117346409380  47018112227  56687305292  90060402102   3394338787  49638965454 134070358030  18679142068 120728901510 134590638738  40723643292 135444689642 129650541952  69784915108  12540578210  75878992092 104288758785 104099163481 107374674897  73567325352  75954705070  36650215351  58858319050  65914539166 119353014179 106456817596  40240061327   3125928731 117705123084 106215375972 111519472549 101307642461  23622223127 100391834127
 37 |  35238888809  81806903083  22778985135  30587049740  85138694073   3458361969  41485734606  34363612064  48169144803 107164433573  93328969860 124675305779  11601148516 104301003637  94961660041 131944704982  11483345970  15338125203  91639546549 122824030392  11584912096 127581664038 114302802447 136957713990  59876851174  73214407191  73233391028 117383120674  99047858603  70900073515 128097292068  83424948196 107030549854  15883331971  14606046482  38041662683 130360006261  74149468829

--- Zero Minor #1 ---
  Minor size (k)   : 7
  Deviation        : 5
  Principal block s: 0  (indices {0, 1})
  Row indices [7]  : 0 1 4 12 25 31 34
  Col indices [7]  : 0 1 7 25 26 32 34
  Time found       : 2217308.1990 ms
  Minors tested    : 89561235456

  Principal 2x2 block (s=0, rows/cols {0,1}):
    [  28080408624   80092434934 ]
    [  83463797985    3703988805 ]

  Extracted 7x7 submatrix  (det mod p = 0):
                   0*            1*            7            25            26            32            34 
        ------------- ------------- ------------- ------------- ------------- ------------- -------------
    0* |[ 28080408624][ 80092434934]  25490966600   16974952823   40699808917   73017323413   27821334078 
    1* |[ 83463797985][  3703988805] 121345786607   76209861318   30781060502   47632944902   26938915048 
    4  |  99707721424   44612000259   68609736117   63429325780  118495523068   35050075604  116294247279 
   12  | 110731184708   19401501461   86670338874  100739302752  104886870452  105140503526   83106888273 
   25  |  22067401891   41242020584   43283942304   22922331277  115338416827   92555891452   34906140451 
   31  |  40614665029   96965929256   14577551171   97636296506   91599297846   38632516292   61812673323 
   34  | 118000381507   79027321964   28816036012   48169835199    9765052590  118920467782   47766967939 

