[[18853303738 8717127242 29432408888 16171890024 252833566 33433627751 22922717928 9418678215 6187778143 1987148347 31070626468 8543766426 5210884677 22488651581 5507575986 25922211693 13536127198 10569026323 21468375606 19709055048 28670354389 23944970095 10079976284 492884423 30472646458 596821125 30712523611 16721704133 27510120945 16612132020 16863430509 24132623293 28671959068 4209418381 12033961026 1492755428]
[4006560498 11388762270 6354096680 1915173853 31335745818 25591426248 29370525179 13897735436 2635476769 33667960887 16367126621 13526329846 1492116213 9404602803 14971266201 20433255434 9474060667 24536127640 28927232033 8525982646 1025383322 24454676639 704584552 21058086826 21048378749 9492228407 12597056908 15640154237 19802617589 3581885176 24255397419 9914206141 13551582464 25596708817 34096723539 19270564444]
[25611927698 25734769907 6099309697 14430952029 23103556906 19251002867 1967831939 8314845685 4925377939 26539632964 32347736598 20139435289 723584168 14602407102 21761062182 29171200526 9599276600 19416155252 33471723380 5581019402 13730427550 22445417479 26262620983 6176009982 10778852806 32591013076 27634698701 21951694621 2106619529 5070148436 3224281002 26817983439 17995975401 4427149348 13235701833 7493342390]
[1108358995 31912977191 26017246302 22975148614 22782556076 22810176466 30286793272 31116009000 27784241270 28544630162 20975484978 18681519967 2380825000 5385654780 16130334948 28523112348 6155677892 29407248615 7993010684 5545200965 18504113687 11768768372 15533340593 8236577820 31415125286 11189877797 12553919023 32944413647 18731825098 14725637754 31822649512 408984440 10465079840 26261234162 15839400201 10049358332]
[15364079982 19867849501 1779018151 1727806740 27984990394 14404705138 4213134213 32253593691 14435522950 19273920688 27490271871 5821350852 8586541394 7647594419 8841845109 21928242795 26463814709 31309971983 24313402555 30703304821 22706513044 5723809328 9385912761 31598202954 21861188768 10567401106 17459351327 34051651342 28853273092 23595231490 11747504719 18626882008 31305191305 29806090921 32249020512 28149165361]
[9411265522 6215445310 1142295653 16324482005 1037168817 2595606643 32405706861 33683292644 15639816246 6646170871 27611910285 28579233101 26839907575 9981413960 33868120845 23778856931 16648322279 32666758751 24017729918 2666323084 7293484110 28751053756 6026377400 22612358094 32446792792 18008308933 5435327226 12475490637 17667280708 2099646638 31089724131 21969313635 3462332489 12669763064 17224673387 17591273328]
[26365235821 34353129878 537333510 22682590063 27411957906 2676490805 22106372371 3379845993 4966488512 6113568564 7994323115 3234242640 22534266697 140158818 31036449386 29513510814 5981525409 22698551284 33565502542 28424795494 30853345527 23424328448 10457013779 26567522943 5765625599 26546696360 8079522655 26010011338 20734000980 15692116958 21750551473 21254328848 7886548115 31701880741 34156986776 14898761752]
[29544829740 33100696517 30911614735 19917914412 22860550132 12211946462 30355015066 19396249939 8508746115 18001828611 18655648534 34340635648 13570084706 30276502010 31612840108 3425364071 7850355806 2850141521 31667879659 30609968595 22689665613 7839489025 32429601573 15062132135 25452701157 7690061999 22162330610 17660056911 16477517797 23655569273 21598568133 12139195087 2301395804 31174708707 7772419365 13943761175]
[20073961126 34189916984 21620028030 28059982565 11203242166 16705488932 17379269300 24504710443 29501608464 4055814126 31005743867 7463666744 18637758073 13504831676 32043831280 4209377435 973282129 29233753887 3474511392 316896187 20617932408 28529554089 26690057134 2457580449 32986030941 29548532219 18559317494 14385273599 31442271989 32898002852 27394045641 409389297 18201684769 2125055521 8286870201 15939422455]
[20648048105 7367430735 8821393027 21958997874 18527203780 6578955571 8630158602 29693574037 10356761957 15650998940 32428968182 15469941083 16099090582 31416989338 10633554064 23837141262 12175182761 24870723878 29385946105 8269786102 2043173140 20572304891 8535507763 8876985354 16430708387 13283791499 17577514785 11380538646 8299352887 20938177003 22254629928 31014790607 20277710049 1619942102 13804636140 9335318780]
[1530136158 3306775702 23573934794 1665740122 14415545463 19297111460 14274789226 67992207 17295062213 27927731278 9122035605 28382457850 32174241445 11571673070 23117704757 24108826802 13444310413 16992851416 25956595189 19638275087 27638852505 11538942576 14824217661 4931993654 29905378595 7695204858 29238671095 20881123007 10613194310 2531910281 12448164891 26702226208 11706914475 33858254863 28279947778 16978911728]
[9298005228 34235624208 27752465548 17799085146 25605837191 15651045023 9199036477 15665919047 15258540946 6543749477 10840461888 8804511228 21221104526 25002941156 21239323112 676785592 19588126109 21306754167 14562352985 24146937186 699800992 5081105671 28817891757 6355826983 15246694987 11701240705 30399501139 1440557192 3662314594 3116731944 1926351079 29962054610 32656907965 7526495015 24023926438 27149119680]
[13030226711 15364981376 27024421277 15600262010 27323450819 8733682960 10993336589 30974179272 1442713093 25537081420 20650825188 10110208167 1114574723 7229098584 24123334753 18313865087 11400207302 16057708844 1809455229 16510545119 9807410927 2790649881 3180959597 30754108897 21573503709 9205186372 31950636315 26966199274 5251704979 5075674633 12888207299 19692638793 26340853566 8444669476 26094409905 32502904332]
[28426152602 20247907055 28715797373 10862108825 20398448075 31615940593 33466216104 17837700799 26516227306 12443764350 18612493548 21581638280 2229139764 30794489925 10467656974 21410205493 26879262456 7335375915 17919984462 29528242215 19368021624 24541813559 20207201346 2625596943 5704302621 32390656494 4233828847 696510086 33062293485 4983668034 10572649119 28432230185 15444806917 6617019660 20480937751 20938160942]
[21796769375 14163620710 16231181271 4366146029 17615749077 16235809421 11486995477 18443207525 9296711373 12816692063 14568794070 31942429047 5413206672 21905333479 13343914434 19250539862 24484851913 15423970451 2013707320 6777796472 21299398764 18797948761 3881610326 15399191197 16776107225 14529853451 4840066253 1600786911 8799964804 4641133128 29835261447 1757952189 12229947002 19523209831 26495597518 20965698262]
[16586385936 4791953101 22210646400 19123923330 29915098513 8125429436 4664892375 5676384454 732420863 22309702472 19213821510 31106923639 29104930175 15271873048 26589802770 3968574711 30819266825 20985827872 1615538897 27629977160 22263003147 22682256584 31274319174 34203934792 10923134438 15611772721 18832878800 17212366040 5180430197 2112815587 14554126448 20501817276 22475022556 9864168447 31941562243 28639730827]
[33156341151 9636590321 25811395924 19696024810 16058109886 20649796728 158128224 2758987388 22608101533 33381116693 12810720202 32663629353 18260435372 9452666356 14511259019 17806147932 26715500716 8368407882 23247324923 17789896236 12178311320 22216181532 18801358183 1022574155 27788513967 10709962977 14657812485 27657721760 1694526298 22979442270 1639427846 29715711943 11549226228 21190180123 228218515 3374692214]
[7485420659 80652846 10276061462 18083210984 27408476267 34131066663 32208685043 12163744133 29313862667 15547633561 10805135792 22311995261 11562124642 33408441478 10061756445 33131073772 655261465 6227424640 29943014964 3056452328 29240279272 8360911335 31723109220 4985383099 7801044845 23843313535 10374617073 18808654443 7308138569 10243401408 16041445651 12091479281 1989929319 10158746043 12448419459 7363027115]
[27944004508 24613931863 21840930584 26984411301 13766373938 18401556905 33932046269 30606664467 26199816750 17131374199 3742064633 12146389154 24983078027 10753759783 3563985657 20358062717 26012718265 22479346390 21538353540 9151892289 13876283503 9027841201 20805437893 14361499957 8555512952 11671141443 12139130421 17643822888 34204505736 4053601648 17076826726 9621056530 31410453887 24787191558 16742755192 14233464036]
[24787444929 1811000091 17547176346 29218474210 29304761915 21626303954 8818297982 30025387079 21486879257 33585247210 27181975700 30282480378 3451591527 11691113661 6971013269 12741894768 10391903742 14778485152 7320000033 11922441201 17066337481 27722838214 19669822757 2409901813 26883794138 13172072280 2721820322 26319086783 20130846786 17504193221 30228627685 19865052492 13460259000 1767004245 13359214478 19509057241]
[4189887045 9418380865 13049792745 30931720148 615690049 10759893301 9542550730 20532199391 20225119210 17041669773 27145181601 31817671285 32393579222 1004952771 2790281807 30948131972 6253220466 22704516979 19713709353 19916535049 18839735816 1013613577 24517845224 21654040272 27589605189 17200733990 8080964873 9332874776 11524667164 30492395532 33994038091 32608034426 25130281793 6683776399 6011227874 30485572407]
[21463452652 12081035649 27895670553 4947061882 13715537385 1421978796 30821363523 30242188349 19088352952 3370222112 13031981237 12196885718 4394858195 19130972027 17158508082 30545044579 17162095223 3601636747 16731885046 24747352283 32396961992 4319186591 20464416616 8766073802 31918644394 16526181792 30581992154 6747692334 177401496 16631718374 23712009265 18231392376 8243565743 33937270979 31946076552 25234082045]
[29137270790 7591934645 19889696814 3096826989 20167455814 32684200701 9152188014 12318487396 25758977776 29877399092 3332978376 10229687570 2586326931 6384720322 25934310861 7741548052 13650017616 25436149290 25349428333 13055436992 3659400530 12489625596 12259867889 18573022547 8220217337 6648958249 31872571005 25978765311 12966413053 19270677469 27888544626 12346873524 21037732228 1904397914 31523159946 3122251318]
[5521145514 19707787556 20854040737 25959271934 30235287340 333477270 6907699805 2126361208 31841817424 14988829215 24025238993 25851825404 25350421382 12899893107 8522335019 1832543683 24073102949 31086549278 9229858272 17756029531 4167468632 8576377473 15958439614 27199741855 23773785386 14048942153 22806603719 24373680426 410189085 16022875792 34012813220 3110774169 24662985734 2608966498 29868050555 25404833242]
[22242938091 27420237723 15943551510 13080116625 33601078834 15102901327 16390142416 6362032370 26615517955 23109825157 9652633636 15189130610 33275803442 29252726216 12741189356 9705488608 33765461531 9035842641 23599584535 25900399192 7858728746 33405979197 14659653080 30804581485 9099882603 2888243631 24610150020 14033006585 7980067387 16752511494 15362273144 14544870027 8010680369 24141894292 23330428649 15714585643]
[26418210714 83938594 16009970462 10195451470 26590919989 29904662625 801392089 33592578856 23542033058 8493111843 28799150941 13695975963 4345179184 7964761733 26338270353 2558489834 23250758741 2436362415 20572765918 29279275335 26107121714 20751240508 25788616158 28833001539 21628457241 27034189648 33314599308 33493606347 6831577899 3003113200 24758382931 29022996310 19018986489 11749393410 26272485228 10499973705]
[33944787290 12248498768 20582524853 22729834533 4769163085 17388153438 7384748982 28887152779 6999093191 3066128363 24030061261 4463096695 18404425326 15423858379 3116414904 22701129519 27923661684 8458949391 21448803090 31642548879 25157256428 21678080125 17552581294 2886366743 16428626746 27274889952 21561871804 12255809349 32287703839 20003041718 22865732058 2205623445 30169617151 23982485066 12542676788 25855734107]
[21341543556 15325657957 33301269250 11109973254 16082492573 25785838881 11024476240 29269909970 4208791846 15134572859 15102295040 2669199161 14729215210 2107137679 31445421607 7955815892 22748851618 5883086607 27481098291 30291116193 22746311959 25455276411 7229576019 14034230710 24919306959 20556708742 1630313876 16205290415 16011199537 20770135984 18400238847 15903699745 806304303 19189087378 6381629907 4971162073]
[9987456194 18328045183 12132583124 10263167325 27652708446 16573646314 28758912574 32359932363 24626900125 2799911752 21796160501 14115641419 33264008074 7760248562 4039199408 1234127273 2345319246 5481483 10340140897 2719666620 15457619273 15786020720 18783389657 14241592201 10327014932 26262260758 23127417960 9890755656 7881293153 23676998338 9089961357 6379216621 11566899629 4690823234 3093111060 5488561851]
[8281066077 32642393474 12304982540 8645796515 19667018590 32680894928 11997559213 18986688080 28221890560 24824530676 34263254324 23546313748 12143717607 17268996113 1790704268 29394300441 2910878868 10012540947 23863604655 7256125892 21325975176 27630461862 10549221692 19321118876 5418376230 20224425940 25774307671 33163312028 1089231836 8211698239 32251354783 15135068741 7327570606 12823140129 34049617909 29398291998]
[10216240670 29043835627 7832566999 28498683515 4749155925 25761931715 3438981793 18767330836 1225042956 17626885790 3300197889 19072796796 31113354159 19066395614 12072741621 13203033781 8697860320 5254020837 29772147045 4597283723 28089679677 26095306088 7987184452 20948544854 23554774633 14521651584 24059268120 22590443795 15935570025 32384349489 7658497803 4452478097 15217608521 17387880324 30747982467 22433725245]
[23818009452 18576932410 17947462678 16542978798 16501316389 23497630920 616036088 213595105 18349014744 18196137640 28640175954 1710157069 33934640798 28445795942 6245744747 12368052598 14459163109 31887591922 27364258767 2979054371 5485733032 1337652773 22530296521 7341955990 21609697096 1437119766 31591045451 10603243605 14407772807 3477064094 16846120580 7934362827 21779534547 27323980645 3846972856 30012196361]
[5409873478 18792027938 2912008354 6639824263 33760666259 7116514654 5089130569 7916651323 33348732658 14772522405 3091680385 23337966804 6106001808 31366964773 9739151387 27532352634 8633149707 28387948855 32019310236 3707689965 4032476494 29332208439 6694536542 13651931039 4689993369 11663589412 26308316905 20475029623 30317552863 8817162967 7766054419 32928008250 21361614258 11327896692 23363471273 6546807277]
[12865025022 15366695368 18485553616 19285028182 27272854777 14758483498 11959447051 17570738124 216983877 32486902028 20705721497 27201224091 16801972301 24295268208 28606400571 5722446357 10014424753 9802509895 28383555372 32650104528 23660010322 11304442689 23605469235 18548648878 21385598799 30692970333 4149766666 27459301019 14366399447 2578230318 25751558397 7985862471 13576883208 29369521391 7916195510 13552248394]
[9493310375 9306067342 16021037252 29775278655 2450937634 5126679498 33670748517 6384159397 22630911916 8504756536 3501972429 3462885197 34277815517 16474049091 11466371515 16918655489 8919610970 31008302802 2261982200 15381911691 11166459272 9169506384 8286339963 22430780195 33964213299 29406429451 1787356201 1277463716 33101293745 19159817986 15913168427 25472701698 20582843977 10392480561 34076266457 4982154944]
[31451768130 15812008797 15051814615 12799187239 19511153726 7645683315 11192571331 22889716461 24281613373 2271891930 27874341981 24829744567 16599309127 5166711189 30764024994 33804532481 31035858421 27202897223 17769525871 23693203474 12539784307 21038629988 26586100033 1794118633 15422969938 8182390983 28101063206 32582521642 20619941057 29325936143 17585457854 29392448132 1368586834 5959953230 19901798170 2087890010]
]