[[581792041 1506529173 1084119235 629305667 213895439 1011228634 1327064472 1222114901 1146666996 1049687559 731564889 804746448 231527343 1726214564 414891341 290456957 66971332 111536854 1456628597 1814009113 518427209 324747566 1232543141 259819705 1040480807 142850687 1055555982 779063372 1244929789 1535800789 952933925 1057229632]
[1266625964 1789862580 409183019 2025292693 93141777 2098938883 1111820032 638214789 465729675 931450194 448263166 122462320 496222924 943716520 1197440769 555626269 1125952933 1588408964 1827214969 713361179 226756978 1795923304 2043487417 750974458 423035282 405209634 1226178895 1416363942 1495925490 1694670555 558791553 404704920]
[1095792610 504555272 33049088 654331851 1115789481 1459021430 723325817 202947977 539760891 157171815 107316198 442008937 2142070826 917886090 816421169 371630228 1095862619 444110928 49021982 1419196957 609527171 1236814435 537025933 2145252766 1840686831 1121465585 622859452 2051842392 1414497567 1854413304 1962578758 219966849]
[1627764477 2018090370 1929901534 2078656384 1880212293 425617967 1349582865 1908483480 107221388 2118274415 236276792 2033545278 1487088135 1727621000 1658133674 647809621 261534508 2106855869 777570827 1067625306 696163385 1363962379 41525995 1818415435 1786137669 463672465 493960288 472857549 1249438908 2119230065 1220827322 1184947452]
[396402626 497268449 287694948 2140980887 1369625035 2083697401 1830354703 197164030 1113539897 1008766248 890990532 1405351672 1894325381 928209531 2058206558 543952489 1938561415 950504538 816265878 2000448395 577470907 454665893 1020746376 1402134566 588385515 2011258887 1421750110 1060628127 404637165 2094172727 2066031525 136737324]
[1422267869 624368237 2028647889 1106543302 203411676 866880160 1502297297 1694759270 164446150 1408433325 749320789 1886352040 462104317 994013271 275468570 2022024718 1761421053 985486428 926965242 1275956361 1684621049 1436058568 340242802 120674912 1372897855 131646785 2055720192 1030019606 558405915 1178235733 1546787306 432451181]
[107841907 943619054 378632750 378295478 41466110 407480337 583843360 314376026 1145220550 524665352 916495300 1251403725 1957473661 872291512 1624620601 1079296514 1225488050 679615773 654404788 844500516 1882742214 4319150 681110275 1417398482 1139177665 1235266299 852176150 961058338 1600673771 1639286609 323951514 540604181]
[1402356510 34031403 177648875 914785090 382958757 55236423 391148330 1396053572 1477827534 1247861153 1171714614 183868611 376432627 1314196744 1308703596 1541711474 2127384733 856782971 543025111 891220231 609948945 1094834313 1643722550 1777019927 1595861627 630449802 2120588956 669104220 1182796471 653082681 1528125919 44073941]
[1250551749 1551822658 1814120665 1764463718 2077764978 75899821 1983650479 2053495154 169889096 709333947 439626301 2135881205 2009470066 1411157676 139891522 1430966106 1386845969 867598440 1086653593 1051081777 1162875387 1484623822 1293422970 43962579 1339427799 1368797984 1688910046 513317260 326273165 1307115777 1531613012 609500703]
[2019916494 1941377357 1795507985 546086902 1911516816 944568366 1522934244 2129577530 596731839 1418524558 84583834 332165267 794891998 222484888 57803673 61705073 2130319568 674209763 1635657235 559361333 1039322965 543328775 129351345 1296847471 1834469211 620159883 2066464439 1838847157 556668784 1861057146 594823673 1587539434]
[1590392890 2099592037 1877058069 2071631449 1439729096 1517401752 1053642642 830748724 1932108129 1014317471 294238282 926309505 1379560197 1998960852 591705633 951599204 905497891 1400310579 1934996053 78760330 2024541137 1736125299 984042641 648483068 2052561669 153914022 1753240146 1553267371 54510571 1214780516 1874513251 79407369]
[327095750 2066178746 1505063339 1274832741 1816736658 459037510 1877638747 1635459189 902580698 1762626477 563557502 1706332533 1460266537 926630654 2141751426 851719431 647756491 463660714 494923384 419562902 1880431768 1122405132 410685326 1054169779 102735163 819538830 462767794 1319149650 1462193289 514026088 2016902670 303090536]
[1090451320 1558879994 1839294949 587252175 156150421 631921165 621515975 1911303509 384091403 2073556343 1512845987 1535326057 1679676846 1659041807 186044404 924969807 1666338113 844877329 1750021448 1322792583 1903363805 1923961177 616504894 585590117 1418889567 1228277427 1957414104 1351332163 276496076 1383239062 1830899900 1975456126]
[838091208 1886560560 352993315 130091140 1234287505 468083820 1069692539 1155011656 509957643 1502977000 1381255284 1699526974 712904273 1532502208 167566997 953427133 1365695604 336312618 809466111 2081936776 2011338790 361504057 1819590257 827433803 24999276 564512983 2123244658 1801904720 931618500 1329639506 1335237826 1641386056]
[1582464432 946803224 1134550558 1925065190 1570931310 1974357136 2041067891 567065540 1314864086 836921046 927362584 1940829541 611380876 52151660 1703310850 1266937418 1628743380 577536528 1771270025 432723124 530817171 1304867382 1368186527 1227411053 1283594191 69546800 450063307 420525428 1514700869 428684952 1753735059 195913505]
[1583648052 360264600 329855532 304340236 1317593317 331792048 1531154095 1052908181 2024238377 738109435 1333442315 1141380093 1019961767 1072917847 2138074606 772064913 2095785597 797591726 786386790 277068422 1668193390 934480036 681415346 410889010 276691350 1836250830 1994621125 467629346 546486227 1086596873 1816974398 945773873]
[1143830986 1644508182 289324936 754447545 1617678816 1836011772 2136239302 1314773226 1276329663 1685329048 690460809 1925162616 1033685863 491208825 82840850 221631092 807012449 1196323773 1622363884 481134702 299565724 2028822168 1278902727 1405922236 917590615 549667873 527202859 224459422 1089230062 1905563617 1459414572 1815997392]
[645222258 1947477984 2098793435 522442384 151995735 1960339208 1076338744 516243140 1978957660 1941123124 2053233086 502786805 182184707 862948248 1411998627 648010423 1824993944 426275430 1064398158 1114634268 956242359 136954173 1517076994 1590611411 45682081 1775658814 231656538 1670114412 2067235151 1846363124 1317160595 1182125897]
[142918991 450547245 1470507222 1217896966 694823923 403093251 860251332 1348247780 208679154 792070992 301378594 206757899 1980503809 1686731295 1356670209 1177725364 780510188 1106811547 1584335569 1794484859 1025635542 1231845547 1557393636 317131748 351718733 1768368456 1058046034 322116865 1849710789 787966403 1440534930 244581515]
[1837884493 1341094382 404799530 408486656 1317068700 930947597 477986061 1281156987 1040785696 1137708172 339568175 1596377728 1469445679 1583989916 919546447 873197676 2073391203 2138480517 850539563 762426934 494028795 767871076 312541781 1133238520 1884127256 1055547125 1396107268 1392686237 1761476108 1659687699 118601907 1677934592]
[725905698 962985730 680913841 987495665 576861537 456545896 740237332 592178005 2115375623 714325366 1655710162 1685310469 879265049 1369996772 950235857 601527442 1322080058 706192367 1731758162 856846361 883271628 1411807573 1843664822 1164053670 883595054 1269429991 1476702340 1613966000 1283572701 1884463542 1632294355 700637247]
[36525268 615557880 1071349708 1103006382 2055808059 1554280763 1522195874 1088071652 672393813 2069342946 205067544 25925165 130824467 2011616828 1441108294 123326810 998123890 719759144 1357006032 1142002587 1070733953 1443835750 278003220 1599656615 1587239811 820778305 838391583 358753100 1316280077 691303985 747914277 1043340090]
[1454407872 357491094 2025218705 1516876610 2002766076 1517572792 584889864 1093324728 66428025 1205439172 1574747460 15465619 543303881 1979851532 1523560589 165221929 253664 1194441361 1560144878 40442020 1126607900 805735371 1985201795 749200814 1571841250 462193622 144370655 509892545 1948295723 690348387 670413700 1183109728]
[1251188014 1158681433 548492943 893173989 242284244 115213768 29035433 2142963729 1461492367 1989659533 1247726389 203624543 318267780 1185859676 950941204 1006920047 675515726 1322525351 1043669626 692327703 1996385048 596411959 926808239 1005985177 1126589215 891491249 1215969224 1904200956 682965431 1720984249 1829052102 234475694]
[1026344525 1777158497 1974145164 1096308312 733960001 1132954091 132692345 1859094445 1560805564 482848634 1254870084 849977092 1270195874 700878098 1511332916 921582986 159824825 1725352443 1187688693 1326569851 1301802870 1641483661 1675503922 661433206 2036443978 277243371 318537669 1924938421 1019201696 166820772 1753568273 1019093409]
[1850332830 161928306 1138716919 322827324 125079586 622495602 952472646 400132048 635404288 1471144745 1867307470 576301660 996319306 239196764 41010201 405462722 325565894 606482889 327759264 783198099 180577801 1789504901 1664194970 1580250967 464693250 2144555661 1094769090 1135011507 500743934 678690311 217758634 81075633]
[230660302 490653839 1270537844 605856316 1945083459 653664402 1323881536 208586303 888310 758098416 1797323872 94668416 34504505 2047285277 1321901889 439194263 383702977 1863123237 1957543555 1273051441 866552611 1784074971 1183480211 1286920282 1218140748 1021602736 1340858444 1855729969 1094447795 2104219294 2145657455 1839098006]
[358896271 1194742056 1744369720 354867067 1673029658 982196997 2055968120 1143236275 649872950 1670241084 1783758618 132050672 1630243802 1620263968 70548955 537996803 1638169362 1726069183 576117068 1997864253 1267041495 1556603123 826582289 1649799637 1803993956 1932274775 188344807 1109418875 891957267 1883838974 1654120914 127380511]
[593213354 1934996240 2014615852 745903436 604627074 2051332417 64405318 1843955991 689727785 1593524469 1600946234 1186365473 84226529 1409908123 539488708 1640757121 2142648569 146221696 385567724 773437365 1226785882 1736491378 448201158 1374552733 1864429314 500553287 2019024824 1397467836 702578236 1855670324 500013403 1230572680]
[441632352 1636451770 806217036 1532465115 36096808 868567406 1977324219 1838048253 192688302 550917261 172855429 623537772 107411781 818225224 959286403 1209092229 1709702992 906685659 850695654 854548800 1449565471 1108365419 1256429737 2103260981 2060794371 941769504 835603104 1924302817 344356351 1088088979 63050108 1470108261]
[2052654947 1504559729 1100502375 1226821496 1518784205 1008858540 1460366785 112918933 1863366133 2044953839 922489647 453652164 153971420 1882038715 1716198571 1209142889 2118793715 1726515041 860262519 959640292 1435959523 763076691 1533348390 29312318 1185777515 687577285 486511145 1326064057 865566419 1121771898 555792065 1999216407]
[670570383 268403260 931511129 1984604107 146258856 1534603489 538779296 2140958514 1761327234 104227206 134706909 16271002 1698161691 1763206730 2072597293 1624144963 1808875759 1865387051 1481018445 1855109728 1399202363 123812560 774417943 1529310225 679662474 1453477031 1921950957 283866767 293831283 170885977 452743718 2073772954]
]