============================================================
APM Result
============================================================
Matrix file       : kernel_38_91.txt
Matrix size       : 39 x 39
Prime (mod p)     : 274877906837
PM block size     : 2 (fixed)
Deviation level   : 5
Minor size tested : 7 x 7
------------------------------------------------------------
Matrix total time : 52661.0820 ms  (52.661082 s)
Minors tested     : 7220235395142
Avg per minor     : 0.00000001 ms
------------------------------------------------------------
Zero Minors Found : 0
============================================================

Full matrix (39x39) mod 274877906837:
                 0            1            2            3            4            5            6            7            8            9           10           11           12           13           14           15           16           17           18           19           20           21           22           23           24           25           26           27           28           29           30           31           32           33           34           35           36           37           38
      ------------ ------------ ------------ ------------ ------------ ------------ ------------ ------------ ------------ ------------ ------------ ------------ ------------ ------------ ------------ ------------ ------------ ------------ ------------ ------------ ------------ ------------ ------------ ------------ ------------ ------------ ------------ ------------ ------------ ------------ ------------ ------------ ------------ ------------ ------------ ------------ ------------ ------------ ------------
  0 |  23107472180  24149031798  83597882940 163911385318 125733133976 245443953047 166483720827 182449529890 179223064531 145666966951 168340906737 223017046510 119201401421  82695988207 205126947624   9387910488  31271888122 133097514570 263024093922  47760836207 144462977279 146952601390  93654935013 161858919541  94993998543  34836290859 232996200496 145861397756  11857836808 192549917483 119235822227 252703061306 196866698696  56322622547 104546379393 186800445337 267073740027 249016701510 230475760462
  1 |  72262100600 137510257713 272762394616 246045746798 172767456539 164466043567 233016125427 156153557463 131056738961 211343634146  87084967899 216420692672  90791529511  18052421101 254947447590 126294778991 151959768399 187164092828 222945569396 149077987321 116519622202 153856164428 138902318982  30795007162 245724445738 265209450755 114157937508 220998514623 178789128612  25198102409  37079630963 237447552544 195223479403  23989282410 151858381152  38712875163  81659707356  80973864039   4347209409
  2 | 248954142600 223019298318 139959607445 121586201808 160634100173 112955694473 257953194089 206583073527 181732069294 211270098100 216391933044  76060081172  64036759812 136373405446  18645601141 224677427217 263993125724 255197764529 179792874605  80128824504 212524958378 254457567530 145586493292 191054744688 118790418291  87773496404 175840276156 244944564218 229759385862  15555555133   7014220301  31153766293  64755028345 148346111535 231987216330 158955739330 123304205369 265382938149 130908880981
  3 |  32281753144 182649251996  30156873819 101751366119 162530519996  42995250433 229426953108 240733415293 165646060892 258064315570  97512626677 180553868058 173302655320  65182293956 210913045487 139409111474  64170732406 165664032678 164578829058 146489768630 146874084595 262435942641 227477445970 109583187657 210840741734 191378486967 225378691758 252545135304 109670850754  62601167661  12577276396 151552763441 117198763817 124979964548  14489889838 115466626812 102896507531 181389734835 106224417692
  4 | 195970073255 210422633007 151868508889   3855757402  92404408948 115852399752  58354175468 180245344886 252357503050 193047835683  91773808371 128666664757  67146177058 164968228828 150363819403 230862813867 118591190903 256072659203  63629578969 128170128376 112925110935 153242468858 256686114548 102344444284 253919423465 140152553371 199100667200 263183279391 165338569805 265718933673 242098491565 112458704666  69767817231 140609909493 191519754650 185370748060 270592787588 219735167371  18150912686
  5 | 121469204614 172459319017  61149364504 129285625408 111719180123 234098247089  12931707608  57290824495  27516995587  52730523490 131904150294 261301964784  94796353746 182140127139 187903387935 243112434011 164254888455 192276188146 180668610590 101267571077  43504159058 167461029897 120746076663 268832320297  54184743963  44530495699 267218160106  67183532681 209062106326 227018478617 160854511198 184660659622 149381882870  17178349508  89635542142  53469247631  67260029881   6757907297 237307545697
  6 | 188163639981 145240311265 123398476591  88835066751  38624552789 231270128298 169674622324  67625323543 258001438382 169770723971 199760476405 171664016826 186778971396 241677181130 237931713881 190535720305 136085399819 254477705790 256274208063  99660133602 101278419872 119709941116 265704728665 256441204469  13891817146   6232349366 203661257281  91129426366  10100118454  42587496809 129739727763  89442529592 134117768047 180925183388 235107511077 111898085020  10804889657  27545407454  75520469697
  7 | 264886105849  43219943081 166771344050  75569398105 115831314852 200724996668 264683552112  18015253171 252758738085  89685307914 136126561679 111015728453 262798741945 265531648027 263808664968 106217642808 110941497545  38645287091 172914160538 245748414653  46416008996 188136875382 230504037333 112353437734 258433988113 181331147199  25038929818 183817423739 223663437696  34407187308 224219033359 106866599084   7829689776  16902450128 102192912981 236198489051 198674348085  40289369764 147669396369
  8 |  20809382924 235805029550 237488446490 134649594982 261950311093 109457102691 152270301816 229229933762 118272486196 165647581309  50179546080  14793146521 208664699177 128181204818 169018120573  64385082790 265556904216 256357233965  46363161114  52772245348 236779900382 236447890366  48835714338 172519943389 139383119685 148629204973 135255783147 184708401875 243169095903 144742545742  55721548728 129779676203  64712016329 167194067863 122006237762  86906104876 186203270812   6983199806 129500466813
  9 | 176775310561 128384747687 175588835699 200363711188  78127528500  86379145690 263721575852 216023629367 148527649101 197910957548 236004792245 130103178993 183612005057  91870251816 192013365084 178602734881 233738537521  23915402658 168608026611 240182536177  96904144054 239815726023 188817309885 225696661195  16605379587 205654881300 215210283552  36746516663 233039787680  61196837031 106883485275  54449563782 170709189860  23483885476 182607166974 169768871244    103181592 159207046672 208470787363
 10 | 178222132036 172677882143  99688872503   2800156729  45415439816 195258039017  84514028342 187605400591 235463130777 107369968896 254881483880 134778314651  61490382834  64484781688 246621023518 147202984746 251225316728 187962528833 171806961097  24609139939   8433694765  84723190975 255147489080 179523989734 163489896097 112756239216 204286403523 214663915287 111473612557 182901418309 249953752549 245586104203 240480325726 254832447590 153489220696  78080530297 191178604218 104399073107 160206754296
 11 |  71290313591  19476940503 184228959163 214455374760  49902798551  71606251594 247016148538 154166127972 199608199884 100673480269 216262627032 185558920096  91630392768 215192483842 171878797315  31123441224  88590749306 226789241782 224572836414  34217169088 145910419917  93244668568  24135074574  60962518532  58957250935 180164503352  39595753737 228400876468 135527800925 237744436850 176672104523 178013513022  40917841874 209209743140   6946348731  36330203513  82343643468 194746097181   1521893171
 12 | 173793534353 223369039213 263734136307  24825846648 189058832156 139035758679 238403005368 129433515248 137067301373 154269239496 247910510070  84549093390 140075793540 218534733022  82153040047  82477810719 198049367494  90680885567 236176024579 272872780524  19196608368 163821289253 118292567837 270841697742  21527818630  50727493332 149027455231  93119908839 214117233188  33359027692  20522429500  53908708925 195074549103 230965300152  46826294229  59362941627  45506589520 110774646065 259599618401
 13 |   5003320683 150637026526  27667182914 184343294960 215578893105 125115003440 168447625701 274816432828 108739574972 204429530946 206852862282  28668241552 179309501597 185958837036  63996080101 175382992633  87238473362  19398477260 160593297345   7370913468 254384214634 177679297949 225238623541 257701241831 163861969435  38302690918 185618356907  77288906861  38968826607  43202769534  51477223386 160032302882  22317514665  24624951773  31599446362 169960199215 175624195359 199626080078  42791496900
 14 |  39679194263 158935561769 253165236532 105956199317  37875522198  83556686752 239001343251 137637997331 101748787632 213777974776 132086645533  95498002920 132304500059  87112258240 198845362347  78621485145 168215581303 135626142393 229677193622  71851226267 150013794059 171896776036 138568201816  66532730032 195265735679 213494142696 174649837296  69822976512 100904025736 207693784539  27704105783 215589354684  93960765394 215882923070 119143621655 226951508261 232299284703 137127681327 222906890038
 15 | 169949706633  47748703640 225759952795 173419131951  62027036308 156076153556 255261866936     48141895 123453159992 221071777302 198399635513  60017895927 129833659376 195621902340 168808694163 225322685962 203032532558 114741397045 250990475185 185099079594  42454032101    282421974  22614847906 142412585078 145254101422 236420313001  58069135370  71177716802 102351337902 205482396779 187428737933 225252747489 135700974782  40132388027  77945634597  98214187430 242998577719 171874558264  12744526808
 16 | 264956774911 170006065788 257009027803 210336820905  41200163230 185881889319 146340625250  31851202110 273929193129 138226036476  41695195347 109134410834  98110647334  38138349866 260848937680 236137261776  15336417077 270294846308 251004771324 244330566314  80056106721 123431745786  10731928839  56558737807  61577812241 247585361418  54957499949   8493305770 139388244703 185777562985  56821060269 216352845452  79305846406 126152893210  53209891200  36979806230  21364931514  74307826861  27828106335
 17 |  43756038881  55497269376 243979064625  65771850242 222983466770 206842818796 254091545833 169491761150 211925828981 120137460578  92623910013 191691474997 246013589550 246208310362 267310960096 173828512404 265297656880 122418185553  39916067278 206798100655 154121266239  41466712868  40797325918 194909247108  76055628466  40816991997  31376764776 169606818372  39506128276 147227964690 117853175265  98656668732 146089690822 192859077063  32849455088 271605738979 200945075303 261899013355  63015834132
 18 |  97871093009 120437248705  38746716457 195600421593  93341526357  20650826037  61797289529 141442657963 170510646672 121987144190  41080894078 172741213808  77148102457  91359170117 128181674314 163436084864  99190760364  37971394891 243191275551 158558761486  46476054442 186801673056 154289215813   9507597088  73911320499 143089464485 139028578593  48569257465 195165209389 274360320400  49864003753 156380544277 209470517573 115392749664 255719646021 180191706187  68609573289 115333382752  78570911086
 19 | 214258266885 171309304619 118263299289 223348431719  84205475944  17534601592 168610550956  96935022647  47113146653 133808839567 121156528264 257440010689 237673739004  67832690769  64285881837 231483987123 151385572241 260705161743 264368264775 168379178646  98040996111 174094809512 104018198108 149380109278  25244214346  72988066521 133995397939 141591355326 133735621367  76960360928  58409364550 211937421134 205310507763 176863395325 129770397459 195075494631 180535354635  48529699086 129483977408
 20 | 115133034486 146584869080 226389535335  19528457327 188367229158  71512502537 269564899043 253987415197 183075884527  62298179794  18826637440 159311457352  34219366175  41106074688  39881761726 104137957755 172392975753 168264619522  84135799603 164453793483 119992182074 129928466382 217465883552 133094960950 203944623450 128898864015   9835212043  95362561981 113198296734 269192508336 195583052340 104363511750 122494168731 253053950474 145301323171 204158242961  89826225205  81367402538 131771549768
 21 | 234297241605 193039299441 229934926582   2125141225  95091640894 192275548651 124715686254 104449596698 215504861745 119165309908 237471740096 129113049338 149442031793 186157689224 130285242091 257103905040 152015140398  45376687460 181077634409 197875896523 186725890849 127694323700 191568009972 140085931772 261282805418  57651871203   1200264358 227417887968 172334852294 233807169319  93698754659 264667274515  39628539032 188732611658 159199921544 231449853164 105495357680  16583561244  40150775694
 22 | 156039348394 254387806650 204288806692 259745443197 101962803265 199524678045 115625656262 201949320412 235626903598  89544550876 157929964783  24548725167  90304302876 215368119317  44997859829  69898915343  80451351788  14383902780 197734515226  60200480796  84193474593 215709369215  68820230945  33504260661 271374569565 239493544834  38057235964 179976362713 206458391929 130367664753  16646150965  47941029985  15182973263 265501930855  71430187542 183201713711  91890356323 137534896034 218377655646
 23 |  94105671898 271748139773 101399051720  24954226895  83261939573 217322066965 143450844645 244919805435 236511190498  38148718054 153199572221 273184305176 205439053243 265514695985  88980617996  39856926838  31626658107  55650322922 268045560374 241045639752  76254622881 269062464788  17954979598  78528829573 124035374155 192577555502 270225152139 228735063293 163774355812  58865456675  56357753056  71371715421 126687917292  72223764224 256316859296   6449662863 170129569327   4021629871  11205521259
 24 |  90118341995 232779708920  53175250611 104033078123 113746511578 268698988664  30793399747 160751655273 270249169260  63573957729 172534215952  85138286268  16730241365  58137677659 132529139877 172448027148  94324865838  77150237475  25069963806  57836393667  60248395595  42251928750 149530734693 186282920993 202038325280 227031448510 257419376721 271439846139 249481867182  16757705706 148708495757 145627602296 149592616079  40921825784 233652120796  40748036774 188267287674 106190149941 221522890786
 25 | 134897316609 233875578798 133890981983 252500702350 117605277445  88921865740 272479528246  72181745355  38240279212 182392652873 224006731563 193227651774 251898613894 161075747138 263103764769 187304670424  60172494934  96490604872 182919506515  33279558600  19974208017  36439594534  13136462386 133047845297 161020106699  28428317507 229454942894  38561452359  56334297282 202993295155 246573332934 214258213122  33050725880  39830179189 157570259627 152311725394  74794675422  51439410301 250223850567
 26 | 256431246019 136465750208  22025665633 130302725609  48667939324 200768526877 166078263108 104302334557 144562759360  35127040825 179426840747  54513926753  40298553702 183247745106  74816978914 121183008158 182859590004 167998860031 190470010895 157226578973   5762806358 206414232942 239324043272  96932645436 142598947072  14286964575  74096296793 161262594780  38676317778 228418042897  37138445065  62538253134  28799826897  13071876040 150163554771  73345047502 274633668268 135366965410  62282117547
 27 |  37909134311 150615985299 138055951586 178774739897 153043338555 216414830423 117561490065 107311500764 238538399814  12828404218 251096628249 139637934957 167451988197 159849352600 195811914454 131098205158 162944505375 145469719839 120567552519 159187391045 147654345552 101772556427 213136996298 222339470518   4244766090  41098679594  67102803893 196102909854 238129053477 220723043105  60613210128 124019179932 184807598565  13757115270 162852226432 216083648942   5026286193 243397625822 101960168642
 28 | 146781475898  72535303597 231203592800 135232165271 147382984932 241685190158  51027386611 184209503999  12462154041 125308911051  77044418278 270136671344  81141764050 103530430265 252997396304 222125562479   4526188915 165837833665  26481092182 267545064771   5495421064 172677237177 154448787056  37663624418 246033926872  90684590084 232935184361  65381929285  64532528878  64651114666 146325075912  62387090945 215277427410 150249506420 119803540516 175230079855  81412576892 130195927615 184490450097
 29 |  79072696694 255644218710  86807075433  35590924413  91709929260 141613666557 238884240900 199694072546  39714828213  50995312989 151751302750 194126901273  93575876072 152155639653   5334987383  78631768397 126882230836  46947795597 160533369378 188647929719 246749071177  68585627549  96207558654 267163036570 110147831659 227018332229 112514696735  78030717129 121646896829 218057388741 150982466987 215814834886 190490395024  49337689186 273523027605 136907044604 182300682215  32686710981   3127600929
 30 |  45027338080 246666496529 111151229844 269353665612  77801462694 180507684511 116050447907 122792664896  22620655667  35806416522 164460984507 191994471731 190539456472 215919940755 136830758299 201624722407 122667304610 223802963027 222436827369 263057587665   8546622718 261309092858 115800230105  17278886248 190705747040  57423257177  14882060429 242457824051  98864735280  99369297313  62379508691 232061607628 223681207919   2837064270  83475000932 241852943815 101044406087   7843499688 113270684847
 31 |  71007582881 216015652540 251280465146  37561251687 112882261191 192745541492 229478777524 230482274014 163309788133  61061737747 184305353571 169974172929  93055695013 181000717169  64571280791 204380352191   2620894310 129572249909  17247495995 188121723648 266888480539  43045669231  80150172625  58383737527 150297126793  75977448092 274791076919 165526583191  56615731899 243328045906 240129723266 156899969194 147614413882 256160508757  59983360604 234461872952 108601141531 234796231573  37109194700
 32 | 134064822981 171226212556 225579433386  93785659331 215068722460 168315900243 203809899137 269806669170  25742699143 233550670551  93742482329  32244000403 258942801307  90035063702 172406046296 145092553862 121593368382  90328523900 237579883682 244548152085 252516176942 243244078794 181305202016 260576439904 260866644449   4044153322 202100791924 178142319152 141641002542  46669356083  47909633867 269882346956 127165863651  37099800972 181256190612 237655986598 126723188630 191138482530 263751005114
 33 | 206479770791 133508048185  32560453370 193698168260 129333211700 213371279568 147303147503 104952698935 253960132904 167516913212 145695195829 169073241366 181811199649 250930913897  79666435286 117285564474 115037305940 200435740361 220986086823 151063277744   2401107798  72834650032 172116594673  35676176854  45179269871 112652740486 255461246801  99439869233 176954725515 199556093295 241717380055 115828335816  24686109083 213329864955 268000392907 176044812678 143143015095 196816164531 235274793032
 34 |  35945453974  24750375158 260782696250  16543336632 182059152733 129483539103 166472331089 253124134196  81185266918  65895629063 139253479218 107783879465 238017075991 149131881129  91892245435   4742621161   4152723510 252518227538 206650273845  29042492952 154232786463 106007552330 268664380340 234282244443  63305011466 141235202633 127608105718 114106617432 236564301831  53166358726   3342527953 192965228381  71230607118 181925456376  38712247376  14664251466  97151160788 180342376969  87592687163
 35 | 172228848199 257273403700 205310806669  68542301688  87893608006 117471272983 159638250035  64204568695  71601222091  48982010468  56064098698 258807249295 217404211619 124630568707 271444279543 190916314098 237602199123 183752938510   3748237857  78087082634 174011162669 127018256416 124080596181 175080287172 270915632212 179599195367   1559822483  30767540258 201019681995   3888104306  99925152847 199403001577 264007251420  19661696100 216189445843 169532942787 190046746646  53118449055  30246161492
 36 |  25969097936 166959723673 187287816662 272013439450 215431168815 213824686456 242435367339  35698382876  28464226132  91701542176  36927053336 150492584549 213549501977 123192065839  75007419782 263453438233  27717998776  55155517910  15016309837 125644701232  69208140277  69827661462 162251486137  91113046822  74239554269 132018842789 125992319513 191453711512 259957978486 183387616392 176521655608  56408906351 170420811702 270394497994 213117195250 112305719264 194946961929 271235097929  35275859411
 37 | 272587991897 121003938706 256622677492 259409436997 253966542603  47706703445 215399259836 147911101697  40613272024 259374335196  28605093215  91310132320  76232837772 264394288737  24442986162 105530050703 126761048209  17500752181  28652367447  31838727343  73450470918 160007111144 186260760493 193849514041 175313195456 182306707072  35643355558 152210595831 259151059407 196536006480  63185521762 200502752837 140085141883 245484760651 196448071736 151305736721 162101062753  14721801536 121806052174
 38 |  78554865031 214535891465 199597183879  28500710253  47734380667  18322410437  39761396703 268601035727  87893233552 186633229254  55254916389 226845599858 200114038312 183043461224  93094813833 235402971896  84736325495 175286540906 157794724398  20587126729  57872484061 192227152600  56199003633 108680948259 166905730066 182708134759 238625808394 231053445866 268472469019 238544122810  75066214638 128547942993  41123425252  80928809724 161625532454  37899997651 265575174203 228933374997 227332946639

No zero minor found at deviation level 5.
