============================================================
APM Result
============================================================
Matrix file       : kernel_38_99.txt
Matrix size       : 39 x 39
Prime (mod p)     : 274877906837
PM block size     : 2 (fixed)
Deviation level   : 5
Minor size tested : 7 x 7
------------------------------------------------------------
Matrix total time : 53209.7170 ms  (53.209717 s)
Minors tested     : 7220235395142
Avg per minor     : 0.00000001 ms
------------------------------------------------------------
Zero Minors Found : 0
============================================================

Full matrix (39x39) mod 274877906837:
                 0            1            2            3            4            5            6            7            8            9           10           11           12           13           14           15           16           17           18           19           20           21           22           23           24           25           26           27           28           29           30           31           32           33           34           35           36           37           38
      ------------ ------------ ------------ ------------ ------------ ------------ ------------ ------------ ------------ ------------ ------------ ------------ ------------ ------------ ------------ ------------ ------------ ------------ ------------ ------------ ------------ ------------ ------------ ------------ ------------ ------------ ------------ ------------ ------------ ------------ ------------ ------------ ------------ ------------ ------------ ------------ ------------ ------------ ------------
  0 | 250438804877  84445510649 240912340750 253212231165  89820149807 137698060626  17516790081 195629949834 208523255989  60952411010 221395309610 204485326071  93141196311  83457626150 134074647995 108341960301 137861051088 165952737324  61834087804 160039557565 124799637768 180620024399 208095573106   6736794088  11881597711  18100637961 214211529361 100137443083  99033640198 235075657864  67723308207 168822773994 248775485680 190398545931 194749455342 175256632888  94569162137  33894060918  53622929930
  1 | 148049388923 117493090720 183703362666 172456332166  99131613091 151077010999  92609309096  37692345696 206254297471 237695308788 217448517587 121236668443 224957134001 233443170404 269127496329 242595527251 127949040176 200105167710  55471008523 210353633163  85242271355  48923241213 119868032224  24246038792 107529628779  45568820960 181151089794 221164797806 198108203852  64624045488 117790755018  72965074229  78942395292 233024293787   4937883197 192306847478 141596614242 139355546054 198847567166
  2 | 129780959886 239336728684  10768557062 112043856921 251287693226   4889032749  58040028010 111989441939 157193466436  76355372630  71995781243 173244385058  59419184813 171876434538  56266801594 116369287957 226553849528  81713832454 237365074195 175845902859 207028783414  85837159677 210559522951 179628984034 194602022516 139313179762 161526743285 262255656450  99957502799 230735065901   2088446585 206390603076 182242743015   6674828551 123602272968  63234551576 193961823338 242951178416 100631486066
  3 | 165203657690 104070225440 265943735261 247836764671 181560950961 173414504015 240610751600 205243513500 172749647707 198963432266 208858620165 143396351703 237079270531  44588423480 214384510760 265211943172 259759500117 122390322131 184683246210 172449753333 195489480642  46587772445  47184624087 144051383697   2107486567 149755023793 194599781503  42926268506 131429637344  19964688594 167267583205 182949591170  78204370353   8041667281  39745688527  91290212011  38130827026 194252843794 222632131141
  4 | 273438853309 167189135041 237034190710 250822456668 174121997858  11562925468 240087718202 244253918572  32766747778 170403652720 244046204945 243625084117 111240624357 175141593685  78703629055 121784099021 127846401730  21603911537  38305759457 230109944167  34913333484  70266510670 133251266986 209511900787 107518097019 234521841551 127824186101  54050854136 269745029503 161633721446  31009545924 226045439802 256632257730 159073229871  41751993220 244817999520 165660018993 180948309019  82138911739
  5 | 207193419707 210476165338 216385209520 257068235127  22104955613 212265608835 140245870336  44443233783   1261917361  66537449556 159913022136 250797849765 101818788721 186720406143  87526394933 235108441732   4927073083 266680821846  75220908617  42761076729 129030962871  52956565981 184179206641  94263632305  76747572499 147324651077 161425434284  52670924286 263075600059 222801364257  26962969360  20861875858  69322446941  80424725079 269667057024 107154502090 152881084592  47396989601  34586152724
  6 |  19407541696 261257536085  39514842563 211238576777  88942336207 217621287711  29604912988  53012430622 246303008316  37730338777 230725255912 232508112229 119706375795 119719646260   8742938748 118011126999 203543204177  99027691035 247964024390  69021636464  11118723266  27842955152 183713539631 193982492099 122817772548  60369449538 134434436418  69893314104 242306643880 143754925025  88903947974  81521062654 170819594593 178520398341  44255751077 147456172562 271768929690  43793210766  13946849931
  7 | 193938612682 137461016857 168969000181 225174858167 274613856214 153768773926  10194825133 211759058914   8605749270 204725685835  99367678438 263107714909  48953617723 160096922689 216682909480  59561489652  57807036020  54207790607  33346950530  88120260082 225723631421  48472519375 184462422425 141817493811 206404408665 119200133603  28672356328  68746027630  73605327343 192274205221  89962882977 189356671465 253014079341  40143954130 214193561913 149572250413 192138919279 151285518543 206948176329
  8 | 156121574618  34808978100 182809837313  44106318551 250275889144  86768511292 135330264262  54684838458  25842369850 226860645439 158754961924 199771184533 218963311349   6408498975  80374608923 243021353948  12854060661 254471165244  94391026942 217985070841 126275997476  94916175389  32344587555 130376541931  78756047643  77298639655 264134113709 116369751031 111110883743  18609844645  39557705900 141325428868  88826228658 116817496976  66934841891  72303033826 235568879772 141069704802 137736508165
  9 |  26381536540 132505167285  98813748046 117812275678 176136181328 152722273124  38584010923 143718992648  55863589544 169251610675 103846034851 125248331199 102479348838  68897159580 204798375381  93826735663 118516854128   2197956807 141394613396 179053949593 219098933864 195415202707 179578723474 235192135020 167332589346  35800543492 132196664630 209528305221 272433707875 142848503955 151793249147 169408240001 165378034561 235654173101  33211167249 258777290130 176437934010  27933314589 174574400948
 10 |  88114096374  82967744907   4788087759 174246188629 106735613587 209496727330 249152151386 126544987965 180375375318 148588258294 123643463889 160806084460 165886240674 163030910084 207765801465 273899808052  49466708671 154655548363 253740144428 224163789975 131021643176 149142868163  82836958181  25886808513  30018011257  41480371581 243341938958 199838616561 239720937316 256385370245  88370021695 258213808469 112720206022 214764250706 185683310933   2159796090  72289988867 194193915979  35049878218
 11 |  20558844099 245545665097 199153595636 199055276844 216738618311 153153543840 180395851807 256244833077 192064942513 182095190555   3244162115   4203367464   5812667734  50321997222 117027771352 120274755465  31186373254 264330015619 117701553911 152974474312 179204450523  52526130091 222303223382 130794812772 193089646626  49048834433 213601831291 132186389482  74577080320  26456915394 199142091471 235395667640 169582917510 259158802000 109908488558  42893678172 242966535775 240643583027  13204865049
 12 | 177223904454 182835487082  31355414004 211920965607 194104625753  50357926386 199775558715  65113550319 262423256400  83055904119  11289958059 217250232123  11262081588 127054787969 205195452350 209279397968 120902443365 141266090517 209981631388 259187411093 237154047532 211569430908 200228344897 237160180365  17922424795  23702824238 185278780319 242784310929  42492399907 221433166320 175820797516  41416332127 175540821054 134138818697 142771418695  69566966502 146034214244 226500580997 255475547000
 13 | 139017159468 138550438865 163960933285  64416786240 141788980259 219147411486 260401661207  30061939294 180409343009  58159508820   4847737236 100696133078 182243239546  53487719815  15961773408 111145444946 157338412483 126596341627   9251824029 192019480282 135508229993 237774691167  61423946204 222235121851 206386301045 136086981159 270172517260 127027123705 177506047843  50686052294 272840091725 129872221460 169220631744  40895755272 269847543805 120708561594 271652589536 198955679918  14673867961
 14 | 269952699697  33638743553 217285833021 254819395848 139422837961 106804827569 260117465809 243343153084 233841638409  19294822933 180013511194 247319575345 121535519956 141684110329 232647175123   9255121303 134445755976 216309495018  68279524241  47457631598 143582713500 173320245446 165965562255 241103519367  54291825994 176714557323 149346307432  48436662408  39183005660  13679487479 205009632107 240180345944 218344684113 142057216157  51576675286 245702518322 116689166494 144579485649  65450831453
 15 |  15665734937 146922631146 197897841316 171238948874 251031322704 166322797829  30165653089 165885092511 221979831216  19628638389  30673662813 157186876783  29773542651  53750399055  79426934911 114885121800  55481046769 115679689082 155990692053 127551908247 151550605254 234123218431  42596219475 260220163298  39351301735 207355063183 212517886367 219751308696 149132621809 156692045712  75915809692 192753655468 123075832920 143727387199  28811676487 211731542019 141507613422  68945532099 167115454935
 16 | 125014718803 252593510203 178722633396 162816762757 182496553897  37958446946 131567980086 234963341306  91765877054 237269515839 122552953898  84223515896  90255773262 272048917063  50340675720 226016392284 257842095186  42703627258  13366775546 238168003188  38913536258 132204552029 174304989758 146398907475 239826463037 175634515908 202066751344  88276867068 225070009597  89934187537 166946224287  86704206361 222302108467  31866784257  99687410444   9606380986 152172773047 132866342812 205589827070
 17 | 228217527477  95914916830 246217382167 246358106742 187035120311 201468473301 175844865914  61888456878  17139594513 158927010810  53601846239 222512769506 111003555529 185347927017 110159363505 123905650532  14311466656 218647829668 181285337588  97725437059  65355339874  43286368633 133358952106 237027831894 271573423638 134259249160  78151777825 193963130477  28437549608 110640219758   5287975304  11907666925  52683174929 217920466620   5362422958   8846998161 185388215048 237226355866 155352634956
 18 | 103614944913 141327108700  68280640071 240956097032 257493196595   5824595764  81905844396  34604415573  62366907979 238295860961 251185406097 183410832982  62342890455  72784865702 173786217249 110170417272 220596169799 274722349377  96922569569 263921749726 225830278925 114482467552 183757055676  83915156020  27897545448 104603695356 126741371938 215916516736 148814077579  72303629285 131165918995 143434161351 222003373044  80491192089 217551635993 254708527340 131283599956 229501045954  15395742483
 19 | 156082610546   3166193526  42447598784  63035130967  98712716122  92386911789  61988214168  78260754956 124682487138 151652975132  10230907488   5799758703 210760141925  23281351611  81292916839 126149521362 187298394639  13289914469  73833156016  29691450204  75349230701 230134212123 131678437022 148315935369 114564284058  91334066630 193683506076  16075190865 249567626228  54621726191 186059710596  20234119116 148110239916 237135449775 273510947017 151752043507  52057789447 106816545217 170351102244
 20 |  32794283117 190466721694  18195018653  62413510088 194412838540 114454035169 125610375110 171334773022  71056781811  96038943604 154362401884 175683186854 223556784458   6734970459 182315124950 127024397885  49505103170  27806490963 215601669917 219721895896 119439669500 241810060132 166822515183 135302582002 116594001359  60315610058 172210215340 253780454126 112356139842 210584076840   7031874178  22116568700 147735604965 220530911580 140599738750 125648783538 120798625336 208353996479 242587388637
 21 | 127573510489  80334052162 164016869251 148820374771  16409665209 165020396774 135458681232 106792266761 139332091925 155641925392 170973254021  84698937717 166135493021  72560130230 119586954398  19819539535  87003740312 123831085574 131957785470 257389544384  41463966894 251015627115   9097118514 194227994298 223343928893 170312991115  23389592365  94324240455 171335749408  90359482751  44659940209 180690982471 176020158020 180378650739 241632980263 218894636740   4875324844 176364987825 180667695686
 22 | 267408333999 128669392876 164168472566  10889924535 243512248281 235720342081 200570466073  19780537696  75810517960 267122680871 155106250213 123276394119 104885608213 202879366314  75585623786 229841766812  49772425004 200596166373 139110024235 229250025174 143262867739   8243105944 253336390232 274860431650  45411742604  75439341431 148680194727  67875989371 104970030487 131969336865 175793028957  46859992929 250354808259 170038899919 119827551726 203151494539  67485919720 236941569460  47020418990
 23 | 181259706993  80853575705 108787709882 205939564550  30896931522 212318877106 169501591072 122796957953 180178231211  12062384004 160978655471 210848725235  64052036372  56667755547 152685528828 258826912813 117553184898 171905250868 196985462064 180091418739  67943593393 232827160437 141310300628 187343264123 157363877074  59178264333 190951758916  99022513326 198585124251  80032608914  52916291973 174635853289 248832154488 162612580357 243096566161  59601465496 152763588532 173849943650 213116596835
 24 |  43235408037 216022133241 105438790534 174244097319  65245207102  77502932296 123171870991 182405578056 157345617762 263485261629  79380391194  20063584758  51907104316  92139312297 265552414053 191657033065 118735473243 199511085973  74585259021  30202357741  17000414648 161166900048 168139813877 186055657383 115106930882  89456053624  29387192702   1522784344 198799664043 179071403555 182611402936 225591551366  72681965143   7654384032  13900188234  40447554417  93140282009  50378560105  50276809343
 25 | 193611601191 126308994395  50834057021 116974533047 125803034796 256436749187 100512602894  84179284004  94006283116  11364118555 176305796067   4121840268 164497842358  17968631638  53229467684  81608186821  68069111966 137162372309 141435275596 266998869901 145321180395  82597540720 142386751788 271699226625 193583072150 227061985915 209949355019 251246546550 196018476090  77356586005  30078320997  82290024744 120763453964 270715521017  33476434313  14678254221 240672168643   2758089330 195241691243
 26 | 113076776880 134662198108  60711242669 112680930390 247484458782 160541414169 161345953084  61226840878  59213953849 183553962922 147382552209  75058390112    474920751  49966511524  30659999433 272470837500 202984723996 236298919758 147733934272 204153519310 191581772398 149025993865 149774175429   8019713689  36480011532 231851785184  92560899006   3971012540 121837645978 165488241382  62170959231   9085029621  52118571969 114753264449 231348437950  78215664327 227379593048 103961073919 199071000170
 27 |  17937904746 195930132271  45246908392 174648527207 177556780338 110960156629 272398648455  14817070217 104430989354 150200341159  65827123515  14398244482 175292167888 235827102988 117083544767 256172679700  26879877647  95252210675 181224964696  86089737230 106422026017 160526681068  18612652085  23444413631 223600816714  32090326657 168370283284  56993013773 119899359637 270213845173 190824971060 260470449448 238454657257 151747163047 125320894576 233726675307  97346012399  34358942096 260686230532
 28 | 196685456913 119071096831  69479981279 132091871846 220480447161  17266547961 102626944094  46683001877 156280025323  23196171700 274464769598 131389223195  13884491062 273246737394 194328599850 204958493708 148773586775 261932722152 120774655601   9750353761  39981635673  44351967785 182123229195 150740101139  11447145651  34237015211 263563397400 170231086471 260296810837  40080665216  15708103764 269421090702 108624640432  94279700895  47581870486  92005944865 159612181686 115140929443 149510689056
 29 | 241040291388 131606038079 129413649289 134807806129 196015634641 179577412940 184265031156 161678338741 196244487524 208970547071  81651865700 180465104416 131859005125 231518300859  21019592102 116908511512  44335147827  70741244828  33955217487 100769262159 144976080929 267903813823  90203862286 237965995400 108877991236  56983661408 255492812823 111917385604 271848355672 130368995957 144255953164  90891791274 265492856648 159498165365  65095757962  76228506451 221648323838 256317603004 246759310371
 30 | 156153162584  94866160581  32777749009  60736449157 271355733828  24316994197 179291544482 196226926673  25347762975  28781967229 231435998410 180863996352 112624681566 167236969563  12402575620 110702882654  77123350007  28178407227  75981033135 118118290455 247078575355 125161367866  77850829621 268042906163  19716594187 163455796632 236551459876  59389250827 244717575936 125419194973  36786112311 256364959752 209778801277 180294803584 189205142805 160501741452  60909723735  23911715766 199806767490
 31 | 145550735031  43183275724 132725968839 229695186857 254668022949   7270524524 109380606086  95885294957    466228857 229944365270 185195762387 134003595763 130917593823  85243441004  38176667868  52378780372 173294296024  81507729097  17088255197 127143808039 176033860982 195065914590  21287449822 162251317489  23324436122  97823234270 269686322764 117006799162 105296812916 176913975057  60212169646 207634922100  42818960298 152764282293 205734969230  47149819152 205765595038 246689198703 149379984759
 32 | 241606932656 102645670686  43842973401   6406569983   8477767647 144761656817 116266954428 196573857435  98000938502  22204427192   2091860837 102292972304 115666454445 159995886734 262998951256 143190673024 144557651872  42001088751 176310690118 247305503847  34009405948 125519313994 137433738112  47699453649   3065651129 168741546447 171390370227 156514286895 137217857253 211582174982 247727085241  49180374118 245440559809  14577644773  98999918887  41036463631 201835643904 270551533134 174712571688
 33 | 103099284259 185954272385 181697042921  82033574928  19295354077 166746155172  84689133625  95678583868  81829634414 125878652493 235631841300 148813400645 257185127806 173382617689 181913037638  90986936594  38567891641 269023469279 268208422048 102179644915 148126521469 104621388470 119309984160  32994513720 196230597611  38572261995 108131524203 121897567929 218391242130  98525693539  33900844955 131297215256  36863467563 244394385160  57596139260  16757582570  32473535257 125827185366 184836530808
 34 | 274077672209  81097570105 104087161872 108352400310 126733710033 178891042996 179154726822 153301883310 201684252797 121207904035 231371593202 202988925684   6011231354 268666229410  28386517482 271071485358  91936967901 221983454855  58041722222  86924987525 122491754603  28786414311 154083641348    171297436 160544394612   3573408586  82762918134 251779644412  31986270194 244787025281   9716698545 274771995157 226055509420  89157769804 240486216758  19094016815 254458629444  25686465938  47001848530
 35 |  10088578229 210919069680  74921937486 182970483062   7209664293 178340481336 219002639316 251970733955 222392322705 164796768510  94554102716 267976979403 246639365528 214188886197  15600975953 265784635736 107569935595  96954360153 265831848190  94683085995 222364081484  18408163739  38220026656 238938274015 192113977619 257811053281 103510164256 208605225313  15737480142  20500227471 120501997168 251793987920 168692320446 131761804588 196945038871 105914303394 123238336374 131757909569  85970701732
 36 |  97094874347 150370355301  91151576911  20182748019  33526220175 258274500734 175465862838  42862708307  65539986566 173842943939 115228400002 113152561657 246235880897 109530342186   2120006442  23270104452 173010977698 137473103991 117116079822  52621817352  91415332323 118668288047 261153127911 188487663729   1980454925 177103532814 102827923201  85555157792 172438401691 157040238697 181681174098 273664938083 157504791266 139901279536  74816023970 250753987029 132803487552  25625278411  93215587961
 37 | 274473925749 248526330846 101757892948 160657340309 234235996685 104691701128   7503266258 269729547535 222052783174 228595180802 141572323952  64520218252 236537822705 148066450275  23356550824  46670991890 254180019311 235341003936 179886085947  98948997521 263829923283   3481428923  76534552408 268445200995 248705311971  70897822887 109370536210 267078067685 125597197713 155197822857  32506839390  56404115290 104007656127  52878677997  82175309562  74356317636  40423730204 267639192639 233606549894
 38 | 195667169103  80784940933 250793432660 236887568656 256523472225 232211259769 116955579836 240652109188 260161540758 205674518062  11711017958 118227210679 186196149606 159477630043 263797055162  99815186881 147036403066 108368888757 205759005639 233562765959 193748053900 274564068360 261617051448 162665466794 210393969375 127081680139 237614494543   9198475357 151610120886 112194650648  22238256246  61046861004  88729861493 253668935661 240435785848 177783785028  50010442334  15655076083   1702858808

No zero minor found at deviation level 5.
