[[35355945 14410209 21552250 31053843 20234726 16363059 39233703 2800936 18670040 33158190 32984858 2071672 28978084 31875467 5605306 17121620 7646889 34719512 33162450 16179755 17016211 5703891 6025632 44079890 28846578 18051134 19114350]
[5352199 27754600 37687139 20748710 712513 7789215 19019110 42269782 350300 14877134 43787520 4456375 39361709 30856327 44605239 1025585 25728101 34624655 9830513 19475905 20668179 12527087 13244038 42408728 12728745 27467693 7860014]
[33794408 9568783 37735389 26437246 33650929 30937669 24715310 2541492 30232372 37166809 30812691 3991235 5625778 18424111 15972279 16134116 24251625 9648870 30292407 14006897 16136696 1761076 3219759 11696522 26769592 30373760 29164739]
[25455904 19234988 31745685 100984 27794902 7919034 14412677 14395938 21122240 13170221 18579095 36437072 14304708 27630504 23371490 37164265 10586212 2341814 14693316 15395273 18375655 30722694 42472221 16071147 1443657 16700384 41398338]
[10584398 41837205 24577348 3335853 26174472 17992068 19374599 23407084 18277163 41894125 44715613 32392991 18833569 39491407 39993191 41394158 16541083 42955782 18479743 40056990 3233489 35225015 16057510 37635216 791345 15924496 14293731]
[28179912 28954504 13845060 28647211 33209213 20213977 24160553 14341234 32843642 14622998 23129413 30449053 39510570 10737679 19138063 42560689 28334431 4075418 299815 26229031 19407748 8007749 31719883 3209342 20575780 5779603 9530544]
[37337196 35784473 25610020 23234192 37639634 43092294 33598156 22245988 18728550 36275395 24202817 35402163 20819766 2863758 3990991 40010047 3458361 6452593 32518509 29257650 18974367 29585941 12768805 15378399 336259 29384714 31221485]
[32747905 33163592 24821512 30492370 25916210 21748725 10370397 1123462 16043534 22886260 1916254 32995272 38917592 40819874 20935525 11509734 6434168 36695495 23620192 40987076 6983643 32112755 32603381 25857304 29491984 9679855 6838889]
[19566373 5369593 34509790 38991340 10929373 30137151 30853732 43197293 2041135 11275000 37399979 23040888 21781774 20206392 27526916 4149823 10526425 18536263 28743220 36787935 59336 22025209 10513395 14978456 42072316 36780497 6400762]
[43662475 39421994 20593304 40450165 19202558 44350329 8529698 2880064 30351987 44591833 37838451 11847310 6403721 5311265 44194009 690819 16681336 27338890 11395994 520100 28419237 8932340 42157441 37727777 35698846 12548294 40578382]
[34051574 29670753 9118491 21011239 43726309 29404817 1241624 41686301 12243048 29649276 30240583 27932169 12486439 15261452 912043 40199573 43654113 6952371 29468609 21166906 33212450 22724424 11770342 3713926 32373170 6366591 19596073]
[24018221 10002746 8673744 39925658 41778373 42007733 27375506 11747738 21585596 39235279 39283840 30340422 19291588 3512289 2459735 38977464 38693341 34765197 43558896 6607123 2859587 36369554 8540095 12623987 6238159 21191968 9662765]
[5187806 24248126 4436791 11529891 437397 43515983 43868422 28509734 8136838 31971377 26704383 44900371 9337534 18395883 44306950 4058987 42825340 23515534 1787683 8306306 4713154 21474783 7804862 31982409 40784127 108468 26865134]
[36425335 3064364 9136934 35724385 20572816 41769354 19016840 14869767 41242648 12458574 8412307 26929880 44719828 11654561 29890471 5120645 16863525 24791926 14351218 40932448 306473 31540597 35848458 11214688 1505217 32473974 2375618]
[41721051 41241486 28438941 44329364 7915235 36422198 3081166 26582375 43168379 7982879 31884912 20768126 2116326 42074700 2290777 27702245 42680378 10702402 1575489 41875631 36141745 28045067 33807313 43194083 25575574 23625885 29948623]
[13406295 7278810 12700777 16283040 11393727 14650581 6106882 5154635 18047031 21130020 20380086 29591854 30947270 26586858 36648385 37142537 41528973 37565980 41670439 19517212 35287091 40962055 13402942 41815666 15489865 20315342 38381617]
[22311678 27253429 28121977 21693795 40711764 28822171 41202594 4346061 25124546 44615629 11992217 22716933 40406106 43207379 42115601 4606253 38881211 9377392 44427028 7718993 39845919 37637275 18082222 8252039 38828862 8002363 18242086]
[26122196 35814189 27244450 44401043 20551038 39104432 41518354 37026344 41748137 5323303 44759614 28898983 33270112 32737723 6991354 17716657 2905037 28818552 41753492 10573367 4849615 20002202 34435149 44540577 37565746 28622700 34187223]
[3578659 39249011 44859706 3821633 3994573 31817849 29284515 14917111 9795576 31920983 6671268 4027489 21292388 44334965 12395774 22841381 4426521 29001633 15869634 20222531 38550348 39709525 26546687 16861501 27137618 30302164 34869587]
[9969522 8484568 1862161 33872647 7348372 27338383 15513927 17254065 29748299 17797547 5293526 25609697 14422643 1025196 20039873 18698111 13224947 20012180 28499122 13733960 7918113 25548687 21167208 776130 35659467 43981998 9644945]
[33283546 16773959 20646405 17777287 20981934 14566293 41665693 22564785 24094317 4889873 28825920 11872270 22773511 43467327 19050039 5358522 34314942 3337742 10281685 39887561 38062991 17741518 21027057 36435691 3128957 11756421 5082342]
[29449085 17233062 4031598 13111337 8534133 9510271 28504072 6140126 31859234 30088972 37453807 18896294 25591322 34598772 36634014 41654803 44428823 44774016 5358917 34328045 22645107 30773821 16605229 29539401 41216390 39536004 27546050]
[3371410 28435267 41208562 28193753 28108958 75979 40189128 21055212 2748714 21776739 42866715 42257040 12972919 983872 4970156 32335818 23940540 10635994 23721351 32524379 22692744 8414324 14178528 11525672 844753 13866360 27222458]
[6646545 3097762 19556533 7432731 9682527 22530773 30354745 18092053 2513552 31584047 41362156 34711936 2478068 27446684 43080261 11816373 5533493 36865970 36067157 30352825 41123211 248891 30261455 33808410 24976401 25713054 11236539]
[5572009 10103532 5205659 28658766 38252112 30512992 38145741 15396445 23073965 22627621 13750840 14981069 3446883 24218068 22852991 19329778 1671066 12490542 38234530 12223761 12618600 44149672 31792169 40837535 36707553 16870305 27485535]
[2341659 30826361 35313621 13139742 36722195 20753679 43721254 31772497 30480579 4236151 16364883 26385156 16464958 14104170 35141352 40449436 8728131 2185519 32562625 25154438 21907917 9137296 37022703 33672847 17806076 3952750 640283]
[10058708 39690161 32347014 14083387 27884810 16719500 41346981 35852675 17073979 18397335 16020071 24610797 20791372 19756877 32313849 39707370 9679338 1836539 32080051 13674663 19772116 41996817 2951569 26718942 5872460 17432234 7331601]
]