[[14826163686 24429302900 4846816061 16294251143 8683586218 10866448335 3082628070 13123834591 10983773561 3551225277 12539869459 14507498755 2603241433 19439765259 27654842098 4571774364 24658697515 31000271006 33121495243 11624140182 15798311665]
[6058367448 4074061374 6330193155 15500048790 333430950 26048397134 20953888335 18179520478 13741867240 19697575333 9021746941 28212855958 25536668821 19564484487 32774981941 17557067235 32897743488 11679593315 3101711530 10057219793 16988861098]
[31496117618 27274514256 27946544234 9247605745 11615706704 18236162930 11611488744 28625085980 21462362611 9851897831 20338011768 17865422732 16374506211 12358165051 16010275833 11821025518 30701877759 10496683211 5479222482 4155485013 18883889122]
[13153078747 27594056923 12354733358 22656279967 32654816763 15881003937 5698765486 25488467148 23714109376 5118662547 17438605648 12156313007 23421496501 33274310849 15317412573 6520596109 15286172526 28993997296 121677266 21698860510 8955314127]
[32583173577 22456469319 4880346315 26055300685 11270616089 32116219500 812263480 2206812493 33914629993 12123458990 11259420 15619106468 14336978444 27027951398 8735211131 31426656387 5013492794 1534857820 2091282865 4140996419 429590510]
[17035173914 6035421658 26272262070 20651222485 17689828529 5241524731 16220589252 21168532998 17385587839 25264710777 33612404499 15804361597 16261319710 32650107624 17943173482 14074104065 13524242020 9296392803 12396572109 6796048539 27966460581]
[32707603660 24647510640 16228117431 2935309302 8625806917 20487437465 18074758739 12509130155 6469480189 30155374722 16819093805 25497805866 20539267683 22075459497 29150169427 9808728306 3623142567 32999238290 139491045 21859491900 7124154039]
[22292106536 25383975833 33178022070 17132190054 30056313244 8369450755 15182286088 8837253051 24451706022 25866799033 27436874770 32472685881 29124647472 33954079278 13102318958 25070341943 1241989468 28576599001 29215370102 30866447763 14806023467]
[28305354201 22525036867 5625670501 17047491242 10359636005 28281981024 22892470360 32389975456 12025638170 19114079599 31762270026 3176080868 2175295555 32460585461 15770039494 33049562146 20218152607 16320370710 5931652518 23670114314 23977389691]
[27178368299 33827087828 14670565163 533787039 17821950781 11133148099 21240388859 12745591145 22043688680 28246231254 13236738546 10293885120 5149165385 30889636344 2078761376 27436654863 16361236768 11227824972 4764158339 30953440457 4558351834]
[1755023451 14974053071 16304546775 21168683101 17457959605 5695935385 26182634658 32293954697 13738160089 31835980661 34086563755 9814482597 17672336906 31311127861 33721992568 10764503363 14208594824 6551440332 18881724095 27887181454 4247965229]
[5736532232 11639754215 31474809449 15534828455 2876159365 10196108905 30033508332 10268275539 1732949817 9577348041 16863601640 23753273699 12514605039 3318927271 12236259438 19594749304 10812594602 31837444902 19760743382 21280428297 2015139994]
[31624214889 1175338091 5942114792 4989731124 23326752468 29659932218 23304457817 32042057368 22361010486 24537000512 29205124001 9052639011 3152607984 10996403032 7893671018 15888487043 16685428313 13155491579 4940893608 21537169411 13209498531]
[4757253755 18352298110 25457539925 26930465173 24935325572 25632865133 29723815645 16479584883 23970022824 3649649101 20679470306 11400400533 7372442196 30867764388 12752086897 32471000925 17575274316 33314793907 6971520884 10850829338 15469017640]
[28359928886 30130800553 1610320599 12091468810 27270908290 25220744840 30004241513 25325760389 15696170227 2181686907 7361735616 18419061977 2076779869 11520776277 25063858058 19045905607 11554595008 33345553569 28124157015 30839117630 10684549325]
[25368171368 11419284787 6753162883 8044157421 5165559074 29234981253 14191752677 22105649738 10418371189 27371711181 23123447288 8989051275 19836029543 18743244565 32687744189 2196594486 13436009498 16384044921 19274508194 17551898793 459260064]
[15553072613 10830890519 22303243461 31458884320 9150278205 33525439512 20921250135 7651159681 32894487733 5305963277 397019768 22443150641 25633270316 23495753295 9033968747 15791405145 15043039781 23875127444 18361848175 12393916901 23192894878]
[30977106543 13018258041 5048046276 5755486673 15115398871 27904247373 18224850746 8900929382 20073416079 24216158275 32001638281 11659398653 18330059844 6398924167 23482365101 5990533455 14424204461 33326073786 2136372622 31880143282 21306752796]
[23539652558 27936794547 13695735983 9724339307 2353994438 5262743797 9792828641 8062945971 22343084308 29564527486 20495433081 29091500365 24183419806 25640005378 6275286159 14970656437 6787358787 24472947048 22098324810 13513150109 7534613940]
[18986335814 32550288596 9560282446 17312270170 16724876363 33811593261 3780574712 15444342079 12576738065 2951789045 22630360672 22849668527 6387876301 27212833789 8970390471 22191035545 23844194528 18728612049 7157770622 15015719835 20424941491]
[23064897979 31198686632 20644914657 30622656068 25504174683 4640510678 22566678641 7961705471 10019525752 23008072790 21610676449 26946076169 30274131657 27370459173 15101418510 24593180520 33521927883 30496886274 20296553962 6700205883 20574537579]
]