[[28106550482 26361348248 22864641817 675475772 22986908870 32506753366 32689477406 28053076511 5521483954 30061656072 19704439085 12124813924 33250257143 27983917805 22375609441 1408883769 19644599010 19928660759 31961366195 19328172450 21366919581]
[23134194645 3607724602 23289850177 15766987584 10812581365 26736894105 1735272276 2700500434 7788179083 3800886147 19950254478 7471318809 29234577307 20495504415 2304607674 202015640 26626020615 16099545026 32286231811 15097372359 15671215749]
[32474166232 7626230069 22479100188 6045931641 1354593143 24042605865 3440298182 4876106751 27905098308 11101434758 7948635745 21678443089 16485203140 17398439562 33988526872 68274511 8680493459 29143935833 18406543712 10701437628 11367209013]
[15821548171 9076112238 12384645630 32975793332 30380443349 4574620138 8328480925 19397791211 21822469838 33682824196 2627460430 9777437019 28571668127 29751858534 11081763026 6710002868 5870613703 30207622195 18553455564 8142186538 13091624890]
[22527000742 1129359703 18439136700 13584694317 19092935545 8148743930 30057382313 26416623503 18501944560 1794816055 11401550703 14439018237 29959000519 6622041172 22593026346 30677893369 25779209283 261648163 3881354797 27167574511 1177441177]
[22565623097 18473276478 9903369465 26128546979 22385972852 18423637664 13078705316 27298503760 19618181421 31897225079 248989337 5405726874 9205267191 30293052278 24062980835 4079845698 25243424210 27313388026 2900251384 21500888737 16973086223]
[7256237261 19196842789 15087416231 213919978 6278439339 20087583541 344189374 24574054863 20354235960 22935750108 21091805579 14008949832 26856183366 5462293184 7503994334 27727565783 11075143126 6470726928 9127772608 29628670343 34293075570]
[16239205971 4050321650 30711825780 7168319260 32880531510 9714176011 26007241560 32787244155 25681114352 2784216736 27263039672 22624276730 19459808106 9650832076 21757451449 19717611295 4740678018 12142083127 21593714749 14847780749 21221897863]
[8641917104 8323837672 26166776233 9495561099 24636833410 15695336897 987599230 19437047907 22367411977 1743063087 7450908821 23868325093 22744697336 26244487947 12499149825 2364819990 10826816869 23700520461 7268180286 6944554183 539862169]
[29879730568 8853724982 6891556636 26591546427 8285206065 19543498877 32335605134 24106656532 8882253716 3041872502 32159055863 21981584808 28489903340 57642520 15632961871 13670675509 9443475869 4944733335 11102630847 22116428042 4291786554]
[27435509822 16011484675 18888424557 16850633407 5970048645 2851013726 22629933865 20778752245 25618852491 8414376676 18895053458 18603000979 18233064610 12477343582 30936539943 3757980435 13195482931 21645122320 4912736027 10924848075 5901906459]
[1371182575 32179817717 14595082750 17826490668 7996739506 31240042616 29924213484 22567022931 21067461923 7757329622 28703887575 11724933766 27312040366 29642399406 2903140142 17726797031 27047502009 8058415409 2927269232 4931540745 16728833652]
[32517369107 14123487574 14340329362 5359667611 26516637637 8529398438 1274331761 28454956609 29906359191 3267776507 4602008496 7327015018 13823423239 27982185997 8676296393 19153281312 12346037472 26270868881 1450281163 17554326465 15153778586]
[13208925948 27392161023 8838719130 5252349898 46602483 16621912562 32511669644 12421042552 30887428616 21756114717 30896021933 12919758950 2012955011 15058310743 18490197998 13217853587 1232924530 1902364440 24596396447 14356504018 11318696017]
[32290554350 28684930287 33091393592 33741639923 27922778405 23730414272 20922291657 22935701 2259511077 1434134013 6396895352 25603690117 2430302148 26492080483 24986172240 4950751815 19834940474 14910515910 18560781892 941603326 11773155316]
[22393471070 30990550650 602909301 22368204066 14068332235 20567875161 21237149004 23627021063 6872622197 21629912904 30701784491 28003514667 15644512963 1062685573 1193155164 20900855815 25028575297 21188614182 588536729 6784090809 20391880999]
[19085384970 803707068 16717022345 30165243273 4336504544 20999955494 1623456799 11517330171 25137130120 14489612906 31094956419 28590494378 21392467121 30518729449 17320391561 24317011718 31288901782 13348759334 14407411016 17125820924 25154289525]
[22674484945 4282575020 32342093496 5116766938 6098268998 19941018836 23481952804 2309638347 32930180274 9769035760 12621937311 31921949509 13344270763 11751291971 20309331614 25472516297 21752264357 5239828585 10826944384 14498827242 1815748234]
[6256660053 30528460661 27815765038 25336064999 30188186140 19105001038 15654414059 30609265952 26250626764 27343968641 2397100281 31653968438 20696766903 6717946264 290899034 17917776632 23933996874 6974118715 21109207441 3851755072 33352707878]
[1495153725 4810508166 18616887099 14150192794 15042383843 18692332872 25032499375 17253389181 2934089952 8981875659 3651199489 30920812995 31226944640 26438341390 4098301598 24720263046 9381744302 8837744038 33272190100 10660734718 9202252127]
[11509783701 22821673401 24044367416 2327611204 11190501591 24319219757 4277231108 32553960706 18761363189 19190879123 8710623094 8180736088 28038872681 10403799798 49611171 6463626827 4020465712 14317569432 23059294812 15943210048 31380173708]
]