[[14335375019 9784094414 23209349544 27891048554 2448346877 31648136325 3731480837 22778407693 9027505909 9479230321 10849696276 33192312820 27674433805 17133124659 10006687002 12409929318 28074193724 3274055840 16318598110 25666339881 30524949447]
[29066221829 19904834382 14673780323 19319970950 30765359723 25702856556 12832508316 3040487597 5533189141 13727270742 20245627839 8915450187 30196984725 1572261528 16512774973 1640221196 33017070839 10501686749 14161376988 5714784880 31931460859]
[18824354274 10689657733 28779331763 23505385823 4567566283 6988537219 27045998011 21501407993 32397913708 48383912 10446654006 23300812694 7556603164 22548708960 33109278206 13709325879 19020063516 1332383531 33068503551 17122849137 256042881]
[23845722698 12108753604 25952296953 17503665590 25888205528 16548692828 32161988476 4469216501 17775098826 24296672245 32405015929 24894629705 20895643491 18057581065 22949998517 22743820766 18723295656 15557853105 13173281652 33261461852 5920391351]
[15000507280 1089870754 34022042076 28917618906 33381136231 10035296552 1155257855 30820377310 24373689132 14083014668 15599186383 24857780687 8204861101 10355550309 26710098811 33125472136 26166482425 32852346797 21199724264 31803225208 111698697]
[6978153857 34036987424 15077461244 28554705179 29819307631 645431927 17252422045 24708579846 928171161 5565837311 8467324524 26244732743 25439919332 34347081978 15509518976 9690939079 6001907119 8414214602 16659438484 30828227709 26676864041]
[31027776192 1103025526 1854556749 5550181562 7942940879 31598866410 14912559106 2946663073 29804705237 28988788293 28790794477 23331567726 1339864727 32439905346 16686190286 11533195123 28308888775 12859236849 5185231194 4036622379 26498980834]
[4775501245 19214088770 12166725971 4857068925 16909428449 21669167035 24967350541 23720403336 23629557439 4143225083 392134670 16832748935 30739084244 27338885257 16307284434 33381566701 18219835244 11597380927 18859133406 19778768586 26610380125]
[8396830671 24050591679 20783819316 12833081814 7989409659 20963675275 22886404587 14406695652 31886349771 23465356672 4527078773 17793609226 33036404869 25463046379 683759743 14790683148 24540313890 4519131127 6031634626 16457168999 31400692369]
[15862562655 8033863952 18874640545 25960029629 26449858902 11902946657 32254258356 11817974329 25089998787 24295143184 934497219 27797942494 16257274354 32213369080 8589555326 30597255785 24227586586 26336487692 5943008517 13740735751 17837718978]
[6367621800 15375042294 19509531164 10777095140 22060204690 33940342963 870691036 20280570778 33192568223 27862876369 22258382324 3760891941 8520494088 33890923438 28479336872 17548864939 2516502704 9534129859 31404493441 26526664132 25161920889]
[33365423520 15100546901 10257348897 24776466181 20557877292 12382864597 11966835130 1078774290 21166038615 7251427716 32315393403 3305113344 31276699933 19437361350 2741186529 27447081090 15813130150 21748057978 940635763 33235379849 33896902183]
[24772378296 29940219124 8685602371 19238114075 3583825804 12156741834 22979823532 16863332698 1033291578 8661947217 10492700818 28449338744 16432816153 15958573460 11722757635 31381881751 31816747965 8176636180 15580166743 29956574620 3307815189]
[29993974252 16094249135 17860969296 6980752871 19752118801 13889771559 10843698965 26939609980 26324215167 33311895731 23368101885 21501698709 577232150 16780849719 6797129426 29609142489 16271206546 18120543799 19909001648 14198855150 24583551286]
[18511908940 23724242784 20907114373 24699046346 22121115864 31921179628 33909106356 1630221320 6321710487 16083207988 6640248498 27821044510 13695197011 5330749636 29262904289 20047804358 7012773894 1444103681 9954239171 34066135178 2547532542]
[26734817124 19474005050 6769794344 21276179031 10616045413 111357394 27485291178 25852558961 418094474 25051895771 18076816994 26441998419 16135838706 23445177512 30955923940 1290236306 22444363979 8727928153 30390771128 701895575 6718010751]
[17302072293 21148675474 13967765228 2444821973 6690092200 19562002812 17181771661 25479451644 17628543388 5259661981 11752741483 6181031491 15966414446 26922436126 10454534129 27318829750 6240325398 20723453295 16081061714 9897087498 22526634380]
[22572445875 15832360409 3457192660 26439227926 25405723571 22832636062 9120501986 29237406221 33260307255 984578440 28631386612 20251354557 3757557407 2823970596 32287868039 253356309 6408279575 32188218157 32727229812 31494465515 22123512610]
[17843421252 14858462095 12714728695 15298049743 29039529438 10063040756 23551488963 25221649283 8983106580 13015233522 32094079394 21783340514 30444973625 3777543531 11399671584 9752728986 29163659333 18469097061 2492708802 11486247039 17822666473]
[22743410218 33625587090 21329907280 20494558661 15378269734 28061054228 16291310592 4273604506 29909627558 22839308000 6554972540 26351427502 11788786213 32665976039 25682284019 7640331116 10221709390 11132137964 29660670326 31094994630 13599816707]
[20220416275 11338081094 3445176009 1031603820 24344444578 13506904510 10625744490 23905033823 31896988042 9757642754 9450241123 4041758899 19936766454 3751506775 27947632272 1088431663 14347021114 18909189842 14948178186 23600645350 27037284642]
]