[[1763869699 28111442282 27117623480 10891785562 2971752827 34258017587 26077181121 12351261817 30414496230 16116614365 33733445115 33499942151 28173039294 10683740293 12147328578 4572110530 24961403846 19993801845 3870794832 8987622609 2525734394]
[4460553780 15325280084 23450654724 2504652732 11184352476 15684523126 16692813729 2666332686 29297234113 18785113573 3548413634 31353082070 19706583863 448699604 8588872414 18935710975 3937701735 27444250468 4818739193 17616735466 32878115689]
[15034916083 19611234731 23054066 14173942396 10789705093 12237767002 25118122482 10120247916 30648119193 21876092065 22796425343 3521030786 23819851349 9761566774 34114913352 23752152970 22546500441 31815348914 7397260916 3377811903 29847233403]
[33734435231 21176581863 13112170981 22274921800 25055539238 11167204574 315837871 33632402003 7424445089 11609589649 30715877393 23725362959 15497493861 442114127 19706007439 15187226908 8314082232 28106425409 32820055199 789624800 29599980148]
[29159532012 7120661871 13981897048 32565511895 31355662690 33919970029 23782520640 32777942074 20936246737 2221489647 2023446139 13423728885 30947777784 15909898592 8133556706 25859271835 8304079952 6511979909 30278847512 29657594000 8137327069]
[24310250611 22518325818 21670029314 18350631922 25423356258 7814248874 8344672890 5687882946 29463383849 20091203402 24942213672 13593909461 25986048617 19389847627 3851765045 25755808347 15119744045 13354672959 17371157530 14729149944 30530863149]
[11877052971 10451725351 34180509309 24289691482 17031859315 2748624962 10574799091 8445597006 32528298548 19248154426 11115754398 4819377150 14151654221 26169959661 31669459320 21798432123 17970700350 14920882699 32942320313 8312133466 30365397216]
[11375037952 30168520278 31852188087 33380031688 6358128662 5628066958 16112592959 11527262616 21221476485 26522838400 7012339880 28855963952 10061161094 9118847247 22700133585 3218664345 1147181967 5359486811 29403813826 7060922946 32282236059]
[30929979271 3327777215 32285247056 5677298108 18067286127 2451814154 627159524 8681060134 29625289373 7620230113 24327502591 10681759492 29431198548 24197004726 23447712755 154556733 29552165248 30592910153 8870490458 33186790139 6660740774]
[2816958661 21610272762 47257871 18252065045 29979545565 16785013202 32194539348 25917169568 21733961131 5215859130 33480087764 17375647363 10376895862 7514551229 1354172206 14210974029 7921487258 31718299902 19171600716 6893953222 8117101478]
[23412624214 34338634131 32439605495 30314414734 18280466792 11261554842 22129943566 30070615821 2552294508 11230677327 17826101888 12381235318 32062108773 29723121683 10515898151 26181509309 3091770665 970864007 24626977321 32410024638 22187471699]
[4262653678 8164431262 29154239521 14572850102 1644343662 12009747788 15515763830 15543333862 30421233799 14154938449 29770677590 22577390242 4857034752 11970661310 9231921371 8625915261 26028717582 5176747722 20610923533 25640168041 14377684308]
[4001108205 18471975731 26551721096 25085327602 570305188 18250878118 1091603829 5288877538 22928053013 5762228438 23637641693 6981463257 10967622259 4594147805 15280579031 11218189904 21564919475 32763584781 3571385683 5704849206 31082155576]
[31630363871 23073028208 12740124999 29591053941 24440598131 22051960297 25778898857 33866581282 4678497950 7385374095 17971473239 13763740730 18803040432 11685749252 18697703551 3610320795 3751151292 14824444200 14853254898 7729940795 25960171807]
[1795322492 7665153127 15288973040 24935559860 6695943020 15380351833 31402373327 4677006651 24581250023 873292033 7756572485 14128304560 29954304157 5824052285 24759245394 7625308255 3495354240 3939786874 8030548667 30550500740 472246810]
[33777565679 7523520285 4807904775 13753163293 15010140093 12153084038 15459135634 30903511875 29208326872 4324716820 30295927326 29816618886 8384940651 13446122127 24790364697 31067311427 13700132141 3523516654 9912292104 8378607749 33980468862]
[12312597816 24494562009 16811752586 15397392139 15566124866 31723343822 21723444569 30246222975 6862135814 14083351747 2595764243 4428461273 5143492735 14610367786 9152487966 12069499759 9795940404 18710352722 30935196289 10291485276 5958921109]
[3172529057 15551824869 20649840575 16191719880 9694194800 5919969275 1632397478 11257026026 19971671341 22169181246 10027723601 28261940721 26781852074 32159494303 12225395382 26618893115 33663782771 16165958179 24099505522 26592139731 17084848676]
[15230168354 12088956902 4904068358 9315828577 11840329870 22385756320 19199543096 9879198269 23744914371 24912699076 11280390867 24096857403 632127187 27508328893 30313125664 13357463382 4895901882 2549713234 28373308881 13963898284 1747052973]
[11892421465 21093187956 25981714506 14355293937 8055945409 27818189529 1174004146 7264830761 6644900506 23077284680 31198052315 32349855540 18348859265 18158837009 17191180124 11278286071 29456515556 29848236961 17640136162 19884303075 23662664418]
[2184492576 645238376 16467681154 16019940940 8319198317 8038251271 1631783015 6072312357 10578983248 5521432665 30537686694 32189450201 19873534872 28822311665 1078181124 25081793811 974795846 7319850305 3955599920 17431141886 24321869917]
]