[[3498700936 17716750929 21813968969 8485659690 13576473844 12982355267 7588314275 25473395461 18748824721 11223884921 149441975 3917971936 34156497145 17254933605 25127052719 2896167371 30963169551 13375375345 1143516079 11556877269 8379118091]
[28835793960 22683531320 17663033179 31872429383 21158489358 1637622320 7883817473 23941941119 19954175495 32295067982 18997337537 4839307501 2524534259 11333539851 31265923762 10259735405 20193128854 11648814466 33165588908 7707203925 34093283723]
[9028515348 3425770541 19250366697 12429922868 33613829717 33869017838 1774790025 29906647830 24293968935 6686850056 24528276540 24765373177 26836362566 11801706865 12428886600 8896394862 30021945242 27281500552 34219364954 9449517630 7809638025]
[14738897670 24019000537 1082502859 25108455684 2268568297 14629100759 30598615151 384866993 18193953454 2459754351 25949855881 1526753089 12651675343 26172378470 34316112788 20696585059 15457947326 20064950666 18057181452 13867971176 30645505046]
[26273434146 1230259944 28766564561 15745227792 5732276072 30297541330 23506520427 20910659590 31022886963 15965405452 25692306988 2157455004 24128470465 10754852471 33857590887 6132659990 15522333197 24630334491 24601833080 34290241210 6989140017]
[20481315031 29632653869 26947125088 2533464130 30791899709 27081624769 31007313721 30001944257 1178628761 31174402096 28405441613 26849219668 9584780516 6925312345 34166181617 19995877618 22144529692 32071542495 17346871852 32200344856 13924962461]
[31566514156 10801396121 10935141653 32783408847 10208204404 22969731912 4546721965 15575331381 2793748348 14360190549 8984464336 34052330205 28125660420 11064841915 23156800730 22643247562 5273799505 23700846827 25081382530 23368853495 33342299457]
[14204883613 29444206159 13385690009 19731601251 9477234668 19080396675 18084195732 17995827333 33102764059 28961466636 17847346065 33002978446 1276432311 3447670453 30275592715 9376591918 14145233583 33486287154 10053913501 20913152783 25473291502]
[5505808564 19599402132 11481937825 13639942083 22505198168 19908679449 1200499311 19845042002 22485883967 7546825361 908845649 24842422639 13781584768 7959602772 14714538673 26064961231 19084578447 22378815697 34329621736 649840346 17605167175]
[17889071013 16237579229 13720025008 2281508013 8901411998 26193163269 704572424 15897105946 29384555210 34084329712 11212743634 27633432733 28205099986 33443069516 27776322753 1949707028 5709288993 23237923676 24509268002 31917635948 32053383736]
[10537843977 8159696923 19970494076 1455169610 6270556700 22495079880 6971148575 24932184989 8184624631 7984955584 21966303718 21515783068 2920979106 18489775527 31904502658 23597091709 25669244647 33634942975 8960057496 7559828764 33371311154]
[30392720329 31734704903 22759831749 7741833497 27341716829 7163292384 11286125234 13605435499 23048368972 24291455334 21633268703 25016362564 6104327176 29566614313 13123817444 33297236698 31569488909 2303178346 927183990 22683740960 17054393530]
[2462584251 17231672561 5035255317 16739209713 18431201154 6480286724 22638059774 896422311 16466392628 17227195126 29361871890 27792623538 7433301639 14985560917 12854938988 16100263408 11754660798 31436318682 20300369488 32097692147 25935443401]
[7141212092 9179226917 23704340945 1784116994 27415035357 3037227863 231726954 12300469994 9392336229 1264984151 15794691814 2373496422 19287497961 21284207884 24782093819 11481058681 28853337688 24867514670 23425963256 10192847191 20598955232]
[1528555979 9345920845 8115572594 11412774569 11622492504 31454447942 4543473267 22129507175 30054894899 6895868149 20800719168 22164939786 4745767409 7873318735 4456708209 24652928036 59342645 8640044211 7625737581 32684927228 5517630145]
[6379155753 10218115603 16081837209 2721629547 15006883130 23021145414 1911596644 13274070541 21210631157 26040867976 16413226719 27720299382 1619617134 8250227852 4329717479 6739114505 12283733716 33136158489 16879302953 32195298775 24900756952]
[15332100854 3568866591 5181732060 7563102847 25387303000 31325266241 27580586146 32496562383 16163998548 19021347732 17436610598 2253194956 26530567449 15743419627 16024187102 15410604313 10452243369 12050072592 15439742840 2939313483 31649938522]
[10332441427 12449470876 17665351784 12264265621 32985375663 33753605031 22788666799 12193884366 13279275721 11719914416 16106713120 26055072426 31840028588 33471159565 10483503110 24404738185 11191148433 7905525012 25687874880 14827813492 30423730504]
[29421270115 9057855676 21190779731 7438301849 216386764 22147208748 12145073699 25911944516 6963395301 29599124932 22623830644 29861656054 21905657958 13527751435 4699471923 30450330846 4638633531 29681782633 33044905717 32617001716 26456650881]
[31854872627 24541049330 7093541602 19556954985 23532825916 6933768103 330803240 21045314910 22615915151 5327140 9716597960 2869042213 12659708441 17259447302 1677041022 16663950168 15334876014 8659645959 3136681089 32863893863 22780412875]
[22053980508 32255989823 7932880738 22576006739 27958770453 16622982411 32143686870 16951593579 20215888518 22941931210 21480632594 31187784437 31715581424 9435797908 12147770263 27483577034 24333629867 26651542947 2325382595 19086600704 20478466201]
]