[[28988096505 1302571300 12907490811 15834993459 13158553621 20394073200 8687253047 30505133708 28023082938 32809814166 1958609998 13493237494 16818361081 1297980134 23070443068 11365631487 9998316570 17354707770 26344527271 27505077179 5560654182]
[27255644888 4819586092 1087331100 382465203 16415168445 12371010327 9143048006 3804846374 30205776613 1505164287 15550694846 31856458807 4989778312 3054976589 21277094606 12475124616 6036170210 21764470216 22820424337 15023342887 7702187302]
[31955987006 16518018826 5675323682 27357605477 17389086614 27359947416 31490822686 26501668746 1795176115 28346148534 34284350290 31163580881 14304120732 12470754792 18222892997 29811456825 15582310572 17008662379 4724621487 613618673 5925015582]
[14079580372 6159827033 10391368664 21618320701 7467134211 29551717979 14368448821 16577841254 19630350217 21461344636 4222299353 12212230951 11712602399 21470422802 14765635349 26320437255 16034964343 4311365199 2606551412 14518485734 23516701604]
[16186566659 15612415148 2464495272 31993445473 9173504862 7090373285 28204871623 6303260964 16677816979 15732244878 8568281697 16606739909 14954959783 30759484949 31262509756 25607900146 17652948120 13417863826 5266580103 31007056199 21438783193]
[12588400564 221032613 11389062517 2785269373 11540959152 26593618214 580232873 2039790233 34107343064 23976418972 28667450448 23134353907 2171698619 26576810960 21564196431 8518954758 16887981212 22592749916 5422146326 25948485609 17660987249]
[6834721655 13088719131 3025886917 15746713563 12690030637 6405452886 27226809095 20878768339 12082684929 26730795495 7986114351 16880535340 33105595308 32641136120 1059118227 15687678671 7252989730 6337792626 13620154946 21389462416 20239168941]
[14380959241 33342382934 2498121435 12528008404 4241180855 21406394936 13718584481 18039984152 23503245242 15328289165 24190341880 5671918299 23517248288 13304258661 15992936674 14438617991 16444881708 12999914609 24726297946 4037594492 28500852187]
[26980056281 11946718911 10778384801 9076937760 12068322788 10372271212 7971129917 27359427511 7209690323 25320951030 25245479018 16662647682 14453459366 11173581689 2347311540 18738644891 20421731862 5489885928 20277597363 8822352649 27838072616]
[12095187301 31904055100 27844951621 4865284390 18738896968 32755241979 16064891109 21855735133 15339677941 4039740198 6166008850 7300685620 559500496 22598917574 26428999342 2020324211 18153037782 4676396122 26261072428 18757352866 311589540]
[15614945464 2888947311 18147923958 30064957085 14057283391 21438073556 10482568014 24933436744 19763916890 24606081454 32519570795 33338222293 32015889292 13462130569 27835090548 26496960184 11934376717 33486043469 31102936823 14482042263 32975769938]
[1807503665 51473195 28568160635 11102775995 23577106784 23195434777 9864680627 34266531937 24677599013 2362993374 8345807955 1745286554 26360221736 24929218399 30031615235 32358850650 15427750962 21702583770 17560741259 11911446125 415544077]
[20204608991 18946000627 32554950289 31645601194 13067225072 5197075501 30063853943 19079445499 26235523901 20041268273 3993829628 20511188602 15969798080 25618861149 25349633993 5373834302 28207257578 4614562140 33946633418 4656030006 17936280984]
[8496532503 8340045558 7038720109 15021989947 18832951006 4738411049 10479610842 33333787664 7089909160 23965189403 10819620160 12303615186 25212834091 33504664993 19931435648 5953146424 15540412003 23429685220 16756422793 12000993109 34319031139]
[28013790421 19853717286 24483544411 731173763 17263820249 21317605032 23440715530 24940237724 14959403048 17041588185 17362834031 5222975835 26208247072 26560383060 3384553695 25162809946 29008728019 15856738633 28078447873 22273411737 20140031488]
[28358836043 4109825846 2437601144 20654816931 12645463798 17397443365 22174078437 28314607293 530413556 468928247 15990326585 15402893294 6928358818 2777461755 17736372207 7566767706 28175195304 5858819905 2477142423 839065774 23157539841]
[16320960800 30820511184 14517895107 4968003555 10763606818 9436795956 26798040719 31465630394 23262648128 22347732788 8475716687 32822850679 5117675625 12377249264 7359459966 27952026119 12929440261 4700396397 631971801 30935753351 6685682772]
[7924351947 17822721649 30212817137 14343241937 28291715828 33155328939 13999510420 13586538639 29087695689 9863864559 17026909593 5457673515 13656322022 22916169201 155596972 11160823995 28846092346 20200562161 32686706887 2960997256 4410975447]
[18482923368 15637606709 27381881712 12901027122 15154598214 16943842693 15803522398 17563261736 22055500453 29379711009 23949645695 14582277256 27030063521 10524518872 15783289173 296403819 9491171689 4932564297 14748866953 9633062786 17367037344]
[3461099382 13527155643 10364699942 170190865 2710967939 29592987148 26422818673 3864382437 7731553335 8408020746 13098999952 27626443816 27189018981 33101354680 30143514976 29301468053 24366329940 10986958632 9146830731 25455994331 29003329746]
[33464020336 10674706398 32673772047 24957761736 16432318217 20599499610 2562032094 4891787044 8681726061 24244188905 27425292737 23775002592 3647329683 17398184052 31582084886 14190159092 25393430764 19211072936 12552624613 8225708569 28238658952]
]