[[30101389024 14687704079 3513777811 297743698 1647248609 27467484963 10670959927 23231694375 14243649636 2738635206 25181403034 12122405240 27426249035 19879836520 20266458303 25631189414 25329277596 14222536259 5572316254 14284100103 29613241701]
[26538243304 22220342454 18525221826 13704067733 25578078644 18134675376 11850623426 21475588514 28210665192 16112740556 17862035220 31403743961 23905503190 25432658375 2962763307 22353855027 2641135966 33819108875 26464177694 21889385763 13025090791]
[22179115473 28801328074 10207610274 9064240418 11794804513 12219638933 27782511403 14219265798 8614409918 23976356889 23783009439 467970551 7986920469 20653796582 2421910830 2703754060 34088050014 13752783975 15502681433 5004322169 8798125911]
[26467598198 22339071127 21727164619 16572538161 17060445462 942742197 9658065316 24489671231 30133518041 8981534155 15279874123 22983748267 10523082387 26199069688 26831926470 27143301788 22830657405 26617722411 18465583969 26041680551 25225128301]
[14122735245 9628715264 4454582956 5587087632 33069656791 26117921069 8064650698 24259132330 18943046333 13062788470 33917379689 10711778989 29927509974 5133231050 33618291271 32660665247 3915371535 4422613617 11172373596 14988304248 23495988364]
[27383134435 28476503877 10460086251 9041001955 23391852148 894982294 4006414746 1873433729 15368599135 11613929755 1043036022 22985891367 24394421582 12945216023 33771263342 34299310162 7214565798 1045191519 33985949724 5153808633 5054158320]
[18701962211 4396799713 21542753751 20728160542 24973694395 13401313110 26799081496 11789932886 16081833543 5633476148 13391512091 17489229732 24353548404 5480197356 22865789768 8987400733 19066648605 11507384754 31787827911 29433382109 17746814307]
[14380807332 22162947959 5483669176 13510807913 30991302048 26294204358 11522919109 21676975310 836306250 29891869453 3472409953 34229944672 14327282381 33816937603 28213345455 26059765010 12676345014 32001742006 15829148641 5142481496 21441631405]
[22823159540 2334555500 31436807225 6202089152 168416831 17409466091 13774918816 12098271716 16404507864 13490069234 32389395426 2972452607 5510773089 6626546264 24855936450 11494466673 12512878351 3145627415 31726812029 8101700267 8656480726]
[24105660832 581808730 28707620569 13087389031 28701358212 30375509353 29769575634 18837146264 3266430677 8412207113 7473527235 21519211068 33919393976 11669552269 30673211395 9029256554 31860349002 32908084551 24304120640 33510056331 2213884045]
[519005458 4457844901 24015649346 21007800031 3975859458 5641563550 18042131984 26982863105 11439929894 12256832668 17122306657 5332911712 22087909162 2570761709 8655719431 29615023153 28671049616 15148724947 8827274295 5366617809 20162252763]
[11332096584 30818635731 27408803474 23504784255 29470035073 979863369 16819817905 12084963919 16366108878 13304179913 29478915881 33428412322 16848531648 1392548032 15557210173 19806485273 3745485558 28603327184 15212587116 8698198636 10875357920]
[5813954632 31187001354 33986589097 14984723951 1768061848 2625753358 18186785500 31041710607 5361068191 28529402631 34156827100 1109719273 10814835025 5229673081 19608090533 21562706523 25436835290 25932552661 4359309051 11143226817 10174497948]
[8641805179 12711720148 14008687129 5739694448 11226022007 7160998290 20628500096 13158159402 9976764647 30708264774 15779035009 16995835158 27693023307 19195681530 8604453193 16754874766 24090342041 27130913964 25680006165 30530140343 31647771161]
[17036962548 4488164167 23684758487 23542208379 13562523284 14443148676 23181635949 535864795 13796210284 23848160793 16696274319 22589302761 2192636554 22116083822 31373492645 8590619321 5708760474 24169753083 1186970492 9227156387 4709657261]
[16514097516 9609452169 5473542915 22419858461 17931326029 19635459213 9765184300 31845487692 28320873178 30517276287 34251877314 3584867443 30655623216 3701027140 3287879994 17576494454 26534139924 16800521408 11525561229 21127511496 7373931190]
[32851976551 14993900221 14449960323 11830951911 26431915291 5661762415 10050257814 6743250455 7679791857 1063023309 11046851486 11575892887 31763801258 2551087505 29791716935 8647271283 21607220783 929585765 25395432559 11112132641 26277850422]
[19811828938 16379036379 16735421701 23386519191 31646118457 4474668455 14547563109 28388867389 9556830220 19123410882 20540390749 30023022643 6717934860 8778896941 20993921904 9575637362 13723507757 16489090139 20860964800 9632089375 29603142435]
[17308903276 4981584745 14230066512 22758503286 20872947429 27999558694 9979787586 27956123058 27176637994 23250615069 33642097456 3393917734 18603553393 8170005561 27948123303 33260128121 4443559230 5941674205 6412316029 27677121334 1904510215]
[32736797892 32483778890 2974498310 20513084418 32137899050 20568422495 7437964324 27139834926 7312819678 23081903212 20313583663 26905334537 6667614386 29680013216 5719499674 1673348784 8454504061 4247361139 29601297300 24497048433 28514836161]
[16365543753 269719669 9724877060 23033707412 24616243531 19070507109 29229508661 10484290924 348349450 6816129352 1204204993 30991748713 21072951397 1358890593 1021173793 22418725629 19968495811 9716844200 1669467470 7953375658 33827840583]
]