[[23892144945 25596722608 642029025 22118783865 14659599993 8618195054 15749455831 26451104780 1266732987 6147505285 24175207841 19701382416 13722863998 20282293886 33168720992 6969119683 11094307009 25581736504 16003698342 18292540946 28565116182]
[1509706258 20311879969 25433056135 22576736105 9644489167 13663649362 6917344041 7190649306 8324519919 2520914764 3552482714 14725223598 23904333422 33134576072 30872129921 19176967845 7331042454 484056311 20971216199 11894222990 5257754078]
[24264129478 31801057897 31085764344 5850142333 2907942383 24852980592 16263680045 20683920753 5764388434 18927313975 9955229797 25387849495 3200827248 22137406355 3216512481 30738573335 6782493684 16843078122 1304947335 16588230710 16587234819]
[1608306906 4474564901 6182442697 16994234068 11132026169 7862130687 132188096 492267165 23551403701 29503269934 4059153807 25973937350 5370627595 9388319667 17994370980 18494571187 1469687960 3551811630 20689903495 14303456255 6304902705]
[20744715000 10670485001 3160419948 19180708344 868743398 807903572 26739906982 16920587913 22215728283 13564592515 32117396487 23714497391 13013413382 16491525126 30729858227 2059559391 21287520281 18418591548 20498545708 23071843971 16802852803]
[20438844313 13754447399 4310830380 11504376845 12010865702 9469605112 7635542247 11016333253 14727748665 2637381585 21839208474 33036168207 28516501948 4719819210 31872106216 11501715456 11968700299 16206751425 12030799874 18284596486 33908086988]
[21903976516 3726038300 23191950768 23477953140 2531762410 5657915526 21963989861 29870227590 26927851322 16537042358 12425654923 18928007042 4268541429 11080991707 28169032613 439689331 13108566055 915085863 25427303968 7647691980 19886946897]
[21823262874 660947205 22128068968 10938367705 25444520848 18578829427 208619565 24655070291 16650972586 16483442381 13360876960 24758473990 10705489129 3977003834 7042153779 10589287683 32826653346 22496290710 28598816014 22338832196 4929889511]
[3042668475 10148184962 28418643368 10436734879 13148496756 24650305404 25005118250 15688106123 22737056838 14160212467 3548530742 33940392669 9794508888 1462965389 24929619954 20923817318 10471262902 24247650194 19986290361 9469061287 16039094393]
[6265778907 7366418142 19594155033 21590835456 32874712236 8431362766 18745789486 6610910657 20700654103 6539128114 28663678919 25509942996 30884372200 6784994630 34061997798 1341437573 2951460369 24062288248 33808982643 32599166862 3341027342]
[17899743267 21633345736 27602089353 16679270946 72836085 18678078156 17223426077 9895161365 25490810497 3489336999 25715964677 2110259064 4284364577 8409513825 10139730507 32421370768 27331234870 19368482922 18030238253 2912327274 10448995072]
[20134161750 8288608391 30722532179 20432977872 8573554741 5574144409 18506176053 15330816190 17693356632 18713849414 5851284217 29943088898 4546006093 20321707147 18943707112 7855059246 23681181917 25585104900 9558104756 14764185549 1259535419]
[4763363020 23284143703 11284447773 28593341933 24463573723 5393256830 6137320079 2363884410 7467394873 21246729491 24113391317 26354208853 11836822678 11390103432 7398013387 1883265678 34184905141 2462325322 28691118552 11402578790 31235331124]
[20037864016 24969618678 23953033527 13558683936 14314600882 22531308117 4841875316 8249936157 33853265606 5898274175 13147564757 31945785587 3581523060 14099924862 25067438548 33324687247 15639254734 28288332808 15343948286 17882267108 12168162866]
[26366518279 28075164374 21379026927 12659434784 23951538520 8214096487 9017907256 19672102032 5948056240 21900495662 32676477257 2193382080 3402328863 26898603959 4545887126 12974981259 5736805085 9432401608 8014667220 12922420712 21889694706]
[26534577972 20410579204 23543798160 30476668350 3075696158 16638868300 20299236421 26089954819 2773959988 18012996914 12837450585 24339782145 9610901634 14148191261 28083185339 26106874851 24581433306 22427211144 22761339547 8562333802 20721991052]
[4230460390 22367954684 24643003463 16326488164 18305360831 9634833310 7149984049 33050216755 33103178111 28674228513 21949645200 15505961485 27161228260 33184717708 14742851376 26839720209 5644990669 19071192813 8988214384 10708024659 25971411156]
[3399885712 3912072613 5306296716 13284212313 20561980072 26951713206 6692066203 23028170679 21557101595 20282320856 8633594488 5074607607 2892197392 28619606474 13871358122 17798414612 1731988530 8243770655 2410971917 23204908929 556259675]
[14054090569 500034097 7241979964 31161258132 23054045811 9041500421 1695446717 30343347517 32462959256 17771157843 31300035181 13001190943 26475332917 19657507722 25524888365 10779298011 16397421953 8441479467 22677574798 21084116070 25305428194]
[22665196605 29755884156 28497184023 19021163380 20562267176 18623137046 27320339904 8821704449 252492110 18743240251 27501515070 19557801449 9168915945 991325590 12775999327 21398731866 20287236030 15312426656 23171086984 5992402501 22290968965]
[14639705205 23091147405 32693201570 4654665714 187160531 22590372414 24342774392 20233817104 13756026035 4025915352 27977564696 5974434996 1628687949 18559476856 19535095107 10441552443 9967092136 32777401913 312148035 6302215418 4768837554]
]