[[8439918433 11175004726 31109111307 29425606465 17910069520 523895161 18327700531 30973765948 6057172260 6878215780 28275695750 4589335696 22918514382 18767985242 21458446068 33841255822 9513966625 2356877881 23600648567 32322390022 21055462721]
[33892536872 20749096462 25934855267 18510420611 28753591697 30036080641 9939026297 5628782215 14617982277 32756220563 7959479069 22834472950 3004167087 16656319988 32566230847 25452289911 7948985790 26795190148 8160367069 29748290245 28417420463]
[5740717163 3187932346 16690335318 25228056153 19286084931 8750068414 33269922507 28905266453 25942463876 17847963944 7738950802 17755891949 24024890845 19023700982 33629518788 17599614903 23434739632 33651172429 29660127622 24938932808 17878740811]
[25338388905 30604013915 21943311624 20758704600 19918894913 33271311670 30025280454 31141496112 25546216520 8778009156 4058747571 14064265407 33959525494 20186472476 26853604054 32712794507 1536000448 16269300460 29563673337 23283801677 14599225458]
[25006557708 19184256921 30408262454 402811923 27733814696 31615080484 9033266855 21499764888 30256621195 2316929529 17336265961 22181431962 16460134223 30857282353 21074241156 1909433481 18878645955 8657554906 2925935399 22308678398 21447263696]
[18840510106 3445548203 8281418821 11437558 24089509196 3624788729 6483916383 21333571164 22161504710 402693830 25611574460 13534356856 31648141135 3462709819 12999120243 14893601471 11318359502 14540301316 20610605433 4687043693 3413213371]
[9024619832 7383667612 22778674145 18993863986 5827784773 43577167 3613869174 5610965710 33822580360 14517250422 28633180525 6661042735 25266266412 27375745787 6614565882 32007657644 29754494309 31780309825 2645439919 17811335787 11488565553]
[9177126865 24154943892 1111621622 32296472407 10698643081 12077038009 31824946413 20404912593 25591258028 23291627099 282084234 25383416707 21502006250 14320942837 4092707381 26556248270 17507190358 13031508540 1686340706 554414926 6426212851]
[21418365149 29198781852 18555167472 11955353846 15067117513 5617614987 8506698505 25452548064 21504678433 29114683069 16570283039 10897952014 30112350484 23186700149 8283748608 31372751012 7336737264 21225131478 4627718778 24621912883 15478361940]
[17453158179 25779217676 18209289268 3052841116 26511037826 21678376619 31405365348 18157223139 3420442845 14449410818 22672255149 11070275612 32758345105 19578679354 11983391127 31470394609 21276425570 4120498793 4773025479 32890257632 15199777835]
[19689303595 18593009069 14217755573 2859635856 28454169849 13581259138 2607431984 15706509882 19894486382 16619012703 25926670234 32849067453 2818291668 20241799645 799715073 5314437681 20610440338 28983370208 3868884481 4659806071 1390369077]
[2296855643 4192138872 8655199390 14546944659 26517726658 8702458858 25428721325 28224600968 29488263707 33822515808 16611893293 14607048937 4614348795 27835635202 18613433812 20111301016 5313300117 371207508 5451739347 12377162955 10769076138]
[15369833903 26998581191 1258520092 21441039676 25941944847 9942641128 32852917142 2853360512 6249903926 12313702276 11115888684 12196117167 18133234372 21556122301 15345496804 2180394245 15729676162 3031480389 33395666242 29596693987 31061404958]
[30788891523 13058257256 12396924312 6123320084 11624280797 8178510871 23571206789 9434297381 28679768876 24941353389 21030527097 21260828699 27901354834 32067014696 31656162599 26509707590 21821869094 3211684201 21840634356 1584354686 21091710805]
[6356120457 5640969234 21957112051 6124430253 28076305356 29421138008 1642960097 17870065924 18139501570 7182751327 2028478279 9428595835 3010097162 34312386477 6842808502 31868048572 7683369943 32144558287 9192298145 18253614649 15822449906]
[2519236154 2986856212 21018671628 33146933160 19011034356 5892533395 12648331937 18578975067 5057274587 19405494982 15063687277 8510424176 25479996959 21599362024 10126615011 27781422859 4939319528 25276216972 2438468811 16086082001 26669946411]
[32298284464 9334415498 20728226628 1613416552 32286615216 13007953102 33034955941 3181730292 688982338 28841097235 22611018182 5912013390 9457627855 25555089973 24586895439 12278635641 20627194342 15046972613 25247500283 27914723643 4202174271]
[32547044864 31671109710 27748850340 18427617378 7937748616 1246433394 1649422378 6524226243 33638776160 20913879856 10020249347 1912297819 25950204410 23797657765 27534470464 23493675616 26864830462 18165761627 28876711340 16244702677 13174551026]
[27859959908 11453361083 6796859311 5118459333 20906261661 5521844546 22625224646 6837765525 21438604434 26275686731 7393038853 13065209988 30288832432 11300191306 25474003848 10780978193 26284479954 4025629374 22948850062 30027463816 14059790958]
[10403448458 7307174671 14187982937 28456594767 7338401429 20900172594 34209614072 19767082414 2034350895 19749509824 7943240344 524429422 31425332601 28904855169 25119070841 16387543623 12256130075 33703727889 18015409586 16510930027 3232321976]
[12795412633 25724825910 14492412576 950334814 26072393757 2846758462 34150355324 3570267048 14621654584 1726912557 25760825591 26392768149 30644980228 24833570457 5719488027 28790609449 10643936870 5166587854 7645371650 6582486088 17624325327]
]