[[21162911411 1503251635 5268108412 11701131994 9983474334 12839256447 33988007630 27798821120 34045930308 29863607653 32392902774 32485860998 2480186195 24781161191 7868739032 32506766381 30755456236 17616301117 16194132666 25827305952 31068075441]
[25588576354 34270097726 12485127333 7078721349 15544942423 6338202073 18619401692 22709947383 32956529200 13994167690 7204754951 31826860355 16300090039 25198159583 31068468772 15255418361 14093771240 17296069991 9613899216 24637248879 14911761475]
[12182572046 11120683871 1930337128 30983196252 16157587833 5524963639 16527174865 18944741900 8859470453 8305516935 19098821898 11602727731 14679353622 913941588 23006632597 4301545932 7299764933 20477746765 16173556125 17917297578 11872554654]
[25496299676 8176063806 30677898766 15288583802 8326486697 29552066568 5872924580 19250379712 10798347025 16670954990 11702376434 33451842223 13556854971 442246745 14694809017 23411057666 33083715131 8544735058 20548520128 21366238364 4110673930]
[7832421984 14065930022 27995686565 1667366044 9857977488 24099128078 3988607039 11957148747 28673543653 25215094585 24837842194 16408154355 3661911497 1576471846 6062934546 32675874129 10199963458 12613281742 23470109685 5778668132 25655538109]
[671256458 10402474281 16918092240 1207735196 33352017342 15586070577 30599889389 9093208584 8345894317 20465828750 22317896954 26188321235 22342942874 10075209020 24978395020 18612826644 28861919714 24979716050 8384654436 450610597 25645889936]
[3442211409 15359625300 33585296268 29970960380 292245306 31786485863 9056140804 150932699 11321836093 15258056397 15257177025 21587257920 15417346477 7344261058 17684346683 21821039562 29142904918 1196639214 5268453989 18458565213 2036037246]
[4056885226 11591522222 17314220394 3105912120 27803729533 27277640940 6587924068 16524199669 2307081663 26980497975 1113590136 20241821406 29202650077 4328925003 32626212308 20248423539 25388727971 9694588276 32398277842 27352164427 14673723397]
[21782491486 33612380895 31630761291 33209735747 25910511370 2997786513 24335273535 30056102870 14725193525 34321802325 22588779980 18551116672 15292925860 10097688790 7334869462 4826630723 1823052356 13894353530 11197347930 7661097163 19384693428]
[30167125625 3766164847 3102428142 19360017915 23799242245 24488307273 16637441033 13441607031 30458797088 6696375090 11215849285 2623250341 30716345436 16125138017 699936862 28774242183 31743619162 18423196502 8514546700 20533257382 28470496517]
[24169462048 18546275394 7929208782 3363298555 19207955747 31120559158 12291256009 8523936243 4227864061 24243183701 22493079505 29951025491 18029084241 8389956364 27836918295 30965154698 14114821251 6564293075 19585528989 32866173493 9632375885]
[28472469110 11775424224 5622998483 10860144963 33131568624 3763377686 27157062856 5084136883 22674527425 6136041223 31854845925 17990377587 28419314184 5688082357 31680493842 12006573058 24074172274 697044397 12391621937 15903433605 30677746742]
[11062586691 9749410436 21233175337 7884936951 27223762933 23719567649 22467319177 21513810331 11451373332 20225386841 30506291152 11941698729 11856780909 11435716422 17911702171 10264376634 11005877657 14068184264 7630386068 12453308344 24680164986]
[2007666605 25028337019 31791097075 16521057763 2749989791 5463528454 22607590079 5221691290 33380066267 31413544858 16843396744 20464244318 23865949893 3782593575 26817928214 17690129892 29049162018 7013832478 32638187695 14161369470 33498699262]
[27960846835 22832022450 16157816928 29924989418 15722536030 15135000913 27762375781 25595572631 17221664757 152705487 31786354744 20129060070 2702109818 7659510355 11952179627 10904096321 13906114660 26321497151 16088909489 22869974560 9512256155]
[6139069123 10463737778 6572408906 21899600979 16030844482 14837409489 11776176338 14093276427 13861257392 33309513522 7418861838 13088128682 18010285919 19780917374 26698586615 12075644634 30618243576 19408596217 28424776707 13382409080 16190721044]
[2945429997 28304854123 5018710402 24415434231 13735451365 23555068328 23471733026 17985516212 30984024433 14585396196 12691236995 28827254146 24385351623 4696699872 32393201793 4840355373 6101209825 1068232937 8936926545 20386510760 12817217839]
[30362861318 32289312528 2611222538 18963635589 33794614174 4504236064 20811568352 21410025220 19309180836 22701409953 10990010292 16476512351 13472278672 16870808788 29189734869 30625459385 14636665689 2655651471 1028603510 31383880202 14363634129]
[32651273194 8069074907 13536431866 16648098440 28196683766 21351125824 4185989845 34064795478 21514661485 34321348151 8548587456 20995845828 20356177949 30497508410 8584988190 7296797786 4436223422 15407460227 23371939448 30464587607 16313634895]
[13629503323 4883842405 7124086374 6999512824 30236179171 33040471350 529745388 21481544936 22704590053 12480420876 27225876261 12219045333 17565201041 24165109385 21830696914 27294443192 2228641935 20578101876 10612539291 4637107123 30645589501]
[22970376447 28010742993 10995274286 2848414048 1186633357 6582703736 12588518685 2892586485 6461183622 24134096757 14175379398 9200231600 1069576210 4426474867 21978592515 8847913617 21102716272 17903567816 8442847433 9154882360 8260294959]
]