[[9790352851 18486957936 21632042807 18408149929 18164158973 22176617413 21147425373 17247464895 32023131392 28065548311 33961462712 29383101061 30133996889 626840982 5874883154 23552357517 8191634194 21447518952 12095595557 31896033719 30682636895]
[7311649892 13743501611 29845769310 6897188774 3823889424 15126523148 12878255853 1975807130 1340209386 4261226406 22381445195 22749111128 2612391566 22773371221 21239379307 30368450562 13333007595 5760817436 33356794849 2858233015 19668346974]
[6730234369 18105936846 14485614303 11535783929 468639389 2911827456 25783501649 15639338288 12984117739 19084600018 7773489220 32117514265 24260382167 31756451261 17336611579 27051722242 29414809141 15367922871 12136354323 979247392 657714458]
[4732709157 4622876515 17347776598 25434295038 8165570040 30454067436 16553803445 19368045304 324511190 33756539072 12525618960 21826924080 30920578781 26384686944 11684872093 9188827761 33217066270 19113161405 33995135738 10156352505 12635943533]
[18287697285 15996643947 15448845649 1834667635 32840109764 28500637489 28292924155 29883340150 30091987897 32570648039 22586300035 8060648339 23893485851 19623976134 31800625022 23319536907 9488200353 11592329568 23911582441 30359893164 25380435329]
[22779734285 16912018622 10939479771 16302278425 14265187955 20202514848 13969425757 27628958453 3978943575 11525167633 2323896582 8517953210 17010676904 17661500083 9984772531 7424310718 5925641112 17332649153 8887463490 25596965745 9901113129]
[7785234757 9241430332 3884567673 5720683863 18852536921 5144032143 19328932175 32907135018 1714384994 13342735077 15743173982 7585011182 2929229442 2511160850 16826653995 4494145163 3083828218 11193653446 33866460471 30258346788 3556692740]
[24942909131 28758138602 2600659595 260683247 18244196962 17561294651 22967125280 12452836896 18416346674 14804409696 26485300118 17377141910 14576789021 8085747763 18105787058 18787002797 27599535352 23668683722 23809131208 32660765080 28074945105]
[12250525966 33414354176 34118470983 10153421953 9081300258 24850321989 18220074224 6424424142 28407004484 30588734566 3736258300 5241306977 14334851717 30715194234 25512039618 28219453044 8784872209 34156097465 14062459937 9493476448 24199672760]
[28592649633 14826663504 24871866768 23452526253 28910017943 21324151047 24503805362 20305731196 32768934023 11152008824 5060186313 9046585200 32199817037 1075204760 6256601456 5284496206 32360119339 29567020360 9152682547 30984964229 17343359043]
[1074730198 17179851893 24207213944 5333227948 32498040765 837584261 26921868890 6841193788 8405712019 14046211077 19176696000 11388446938 20404872255 19887582375 961323914 24412996778 24398720155 4056828324 6828383147 24536485538 29882631958]
[26994231815 4859983587 21134935431 32543793532 32630993393 11872208151 15964995325 4393219192 21609763864 17836748832 21522668582 22230315739 25015503939 27342391576 4178717449 27547379105 14100444938 18573501502 1940297361 27160612374 28733068589]
[18850366000 28140169021 26656155757 9603938771 7191221388 26061633900 3664128054 8778030299 13904139307 22982190490 4446382746 19785874360 4501682820 4637460386 4751956757 9218790188 21573078530 26051271158 26273075264 21255395343 6045416417]
[9210932631 11863487050 21978395721 32877962778 20477546782 16386113538 29163681150 25595224680 22245197820 19172725253 15075574617 651934110 21872895882 5556875550 4961725906 210179749 20727324542 11499107139 12209399621 18411160105 1329560564]
[19319256589 17723401415 25530995484 19911103460 32459839172 8361371172 21004041360 26947076914 9376325822 4690671164 29517034952 25971005271 22957471539 21306864453 18788885794 19515294876 22799382244 6918625297 29124682426 26500040238 33569674289]
[13115919499 31950812833 4052854185 25699506974 30431786485 19374894980 18142917226 14788796084 23951964769 9934912753 16282836585 28933911173 33677623893 26963699515 15637618751 20514212711 17455710902 28340536238 18902697659 4760086618 16771697039]
[12683654748 24025319715 26120954673 22782973845 2338907668 14326973699 33972671485 7893952811 31825577459 25792123132 32930549282 31883683307 15932997478 25529002900 25612733903 21659828190 4429723460 31169115575 31366036189 23220537095 16430216529]
[34306324741 33351668321 21354116284 12929983923 22241864095 2522050432 17257661966 23716866110 29282574336 11699685463 21009940145 21568848661 3041137499 8267108903 10270390313 8567971008 13661479456 19884507153 3747020740 3899823075 6424365549]
[13009338876 16248913162 18748170021 20293522592 3735091498 27956689600 21276245789 23233255197 22349706726 28677347354 27041190234 1458874492 10202022528 28743798800 343757564 10116207606 29093685254 14224222824 22487324888 34108656863 6770546417]
[10507502031 9748750868 30377183772 19703559944 31474777739 17298057664 25251969388 28107347555 31556247756 7878974131 22895310330 11851843313 13787368236 24662118226 15695577536 4156931321 32702461463 24183635845 23869976261 21180709939 16558707301]
[10427598929 23566386486 31863656909 22504766073 22035225557 7616418895 19061280821 29347455686 1175517329 24686786843 7344512495 21015658209 14269946437 33077149384 29043039348 25888541719 25965462039 20447717725 10376179966 19770146892 25396662324]
]