[[7564621707 2639662374 6376178139 24504375082 18900980340 6617463385 31645024658 6499587930 30414610464 15822674515 16750633729 34231205920 26609910879 19802192936 5107028895 650921152 27179986452 30147922222 6377055147 15401527686 31143921162]
[17495137546 15058727972 28204131326 15983906135 18094237803 23663778377 33804833709 24897098411 34144571234 14613565598 3810794303 32487812345 30130621994 15983116556 19955475435 2292177500 12603321440 22210262551 31806191219 13129158221 6913749078]
[23472062348 26070202962 18312043129 5885406860 8216830339 8048251639 26340648789 30763341067 22532964800 19853157758 18776070620 23699490168 11852737040 16189525023 34143293812 3990710716 28783022928 10759081466 1492214232 33840274257 27489887170]
[27848358298 32919100723 7821383978 24646458146 22859962374 31464468447 26072651345 13463958487 19321996692 29798225592 3606755472 9687542318 23353635190 525439325 15284873916 21401440999 3466738780 7331019961 25957241300 12765441725 13647121217]
[30958079304 10782347876 5382977030 33345029124 3516027258 6518659670 23763699297 30872048741 24131418397 10300683384 1708744270 16341125319 7924976951 1420573873 33934046289 20164305710 22312624069 27984066605 10297629473 27168823850 7810105732]
[26197062159 11723304609 6047161780 28825581031 17125905322 8022405512 3452283723 6728908217 20361261429 30771033783 2350115123 12947950389 29225024569 30572027403 11067568946 9523940850 22793000865 14535663898 13400047760 20551642266 9419185338]
[33099308314 4575359921 9344011976 17129497219 8640407221 22657947286 29809716232 33973072093 22209441530 4044210916 22008335816 14051662841 4901163924 20686103312 12499802098 15326605272 28095088207 15662965645 30453183477 32303134870 9006117288]
[29616301069 92967445 9080565182 6441256853 19578014731 4290643120 24353107424 2969428160 25474760415 20578792394 2343504630 18697383541 4066876868 13655384550 12002591383 22853301225 15431692118 27175946391 3911745962 14903793540 20638909721]
[11191623476 10980141094 5456876928 27182035515 11132313255 8726442784 3003845313 9638782229 27322006355 33179866601 11107661399 7126532147 31653315902 4541028828 12770968606 138554577 25920822043 27107626053 208089569 1940930016 8802157113]
[22664847289 13234461843 3433944362 17348893739 20368290992 1710316672 33593260456 12687759099 9182633395 6510609122 18218899292 7491364684 32825487052 14181448609 32218334381 3549070601 15518646153 12108087994 33740517441 3077628574 6517116128]
[9126190188 11580104206 2116340981 14782159467 28036301654 27362030760 25190662378 26004932858 25188339357 2073230163 19903974528 33458763034 31353238345 1472741146 2023431446 12028482564 21238599829 19028887499 25074532395 16003909750 25708407127]
[3753199053 31720083838 28977828409 7201385195 21090670418 25423603551 11714477868 12605027855 4254326737 20828341263 30446017308 6424857789 11145612031 31491502674 21133160582 30259450374 33090332447 33691079271 10249508431 4930371649 20562649740]
[22343638497 19338287443 34132227062 13953081553 10243354239 8160564765 21486050255 29994046562 13580837883 8087301729 27558552610 34033600929 10728463657 13276265556 11466621428 4425417788 6989585691 32829771680 21535476802 2449830055 5666964084]
[21594820271 5011020838 21675056880 10361870880 27020968652 15819857691 26467703923 9910422017 26323850488 19475118383 21154892015 22016799575 21874302547 28848858954 16673326873 21258119212 34290171048 5292804272 31601953178 30457257942 6184944937]
[14747783821 22088238395 32614270122 17532635504 27850668080 20646730685 18129207236 6743539187 15945686644 392294216 29246462740 33562795495 26690238559 23473551978 3446363873 17546663252 12774801592 30543343574 3880403741 30360135386 7676858296]
[4023885710 21107367681 8780514076 559750661 10773504331 16329935930 3890569571 9888074912 28908204991 30244939209 1738216675 27132169993 6376498596 16294528203 16402647667 17884742657 16906990868 5634085271 18261463734 20844437392 5845750042]
[1006647834 24722706303 34281165267 20950935829 234837590 11623699794 22652720585 9506999957 19520626995 13392713524 4441455932 686058275 19081685732 9814636250 12765920062 28741029701 18109290606 31547365524 7688680272 30849424822 27241412255]
[547590896 10490825992 26815889913 9018898484 19100845687 20290148033 16447516607 9298892136 6991661087 14498488085 25334858041 30692451712 2796761573 23677003008 16582565280 12682710354 1169654244 19656592578 4494008054 10627024108 7955156128]
[27149056434 34055415700 1932676597 1577314386 12496826985 8557709360 32085549184 4197993308 1575352994 8396077021 6045802928 25674584539 22163402746 26066965593 17931601839 20363624312 33707527131 18393014160 6365381741 30975638617 30144756107]
[27542370537 20503268518 9453074669 31499697130 30460005080 33800831272 5549698064 14926003661 31339394050 20621211125 30751835675 17107486513 2439727541 20249079617 33767704218 29373817614 23383356349 34043298365 13918674918 20948035518 17409085337]
[22119221739 12097972486 4951453942 15370007162 34328788931 28345799660 23280837644 27259054855 23011251475 15937318272 14863513748 7067240568 24984613793 4747498626 2241390014 29081187003 3084170438 16943266847 31286172347 29734008063 11552903472]
]