[[30845603671 21700402450 17858584451 4699664692 31080200431 25389150678 28373828466 5143601825 14776541661 19649730538 8184774266 10505159671 23231928280 19536609397 10772950780 15309471325 12608344083 27211542421 21580565894 13487972076 29879729969]
[7681382230 34215023671 600890735 12751936151 19555015651 23803498444 17655511037 27297544468 30658073029 8329168841 5117736752 15838044990 13946216663 7126766436 6740790142 33029483403 5166808670 13364699289 16677442197 6510942336 12246148114]
[9668197638 30089209482 17834113750 12535920371 14754795927 29564456309 10008056835 8531081066 29376996824 13189653048 28805721517 27463790986 8029632347 17143901476 32390912003 26678560610 30710173521 6318103305 30327902678 7056857070 19733794840]
[18101700078 17461079463 8846157557 29554945817 24897618972 4669135708 5010993588 18192372119 8246003213 26631377286 824718769 16887098436 20941281198 6363437977 14434908545 13383797867 32049734974 34110166152 22159580588 10976640475 18052290473]
[26033832726 19196922592 7163839044 12968234334 28868476256 13084267987 9439966055 11891157947 1847915022 6943023488 18527159198 28776579944 9205815278 27844863945 24212794886 24808970464 11480661495 20675804660 6469224563 14957533949 12541798190]
[13402830420 33420606142 3808768468 2771388962 19482029680 14277718341 30185706777 13424996492 5894211579 15437541974 27742125071 5398212232 5407187508 20864328806 2889028983 13478526379 15750461123 19794133223 8077420453 30552291486 14000021483]
[25539545648 18924345489 25202017231 8125050081 27260108682 14281834430 11271588405 1048412172 24646387081 782779851 10023121818 15253786211 3773139453 17906830865 19349896266 33498116559 14152944000 31988352220 21075231294 27632264085 13299636003]
[24359425150 32234645209 33738531846 6344553264 27637871601 16987173588 22611547868 8686167040 566467283 5558142539 12732125626 28327018244 34118464237 33719406557 16184055782 9189289861 29269836547 12137172122 5911564410 2344167497 24959896760]
[11937155771 12867499631 18425140515 11913081593 9347195893 2161832845 728317804 5333698407 32844431856 307209413 31410414805 30718111077 18980727662 17549616604 14734304699 3504684419 19477077409 27912336417 17353117752 25250756945 9711065368]
[28136737931 252458396 28567446171 15188586638 26714819264 4904355600 18412255408 26085700841 18944507907 23587149589 124541912 6290964820 4388696132 33295462222 1404079772 4264945946 14034130525 11377376284 29689685468 17664887196 32429049650]
[22355267869 18012433232 19971362917 11776305704 32869995604 22216091478 4434236345 19902649175 5365052603 29193000072 14235673377 19104104225 22673801307 13877045442 28931452374 20243187145 24483699857 23974945442 21679965783 4198243902 1770971206]
[27463020247 17024615727 22301512593 16981412842 10295817838 15251544746 6019963366 14734781525 32079121054 14246428065 29036385505 29256172334 23581527605 7924260652 25089381522 25815719566 31595778574 5631689270 14646984218 25398585209 16617391563]
[3762641837 16442469056 18330846773 28681397128 2845927865 4771847639 24533418777 18543446271 26112268259 21929455227 2880664791 31253365942 4777636402 25131086111 31274320571 530763685 32901624771 28666432972 26792120656 12786974658 14663827107]
[940348227 25723597256 18876273364 17541682039 17752040335 28334493110 30919635316 29347674084 5049259167 32402201956 1158589047 7608317228 8186753623 22943227051 28327836308 9147669677 1786076712 13779299103 4008288115 27182748361 16668402785]
[719625703 12882353879 4945148190 30366943927 20835019640 1914252680 8029390596 5774615007 21381731440 14426372962 9946971449 12352364397 5928751494 26277082683 32292615665 30741316429 713974296 8139829354 4381170918 9990787440 33577917638]
[18545153029 25055748971 29482905059 22258974928 7117436849 14921064871 2166862358 8724710425 16192421688 24030690967 3948578734 14192954088 33958559772 34259155814 18035758369 30131511523 5650910960 6617508855 27016120241 538308366 16930475941]
[2412849070 18765484862 6299764125 4483320950 23775823819 24249176099 14852368176 14475642769 18444930594 22736617223 13750098180 6643167232 27277413809 16142375791 20401770680 7233167643 16517067554 33361161576 25088650536 4471525321 13346235518]
[21289778586 8007895536 13436416448 20533510714 7195229729 1971619997 9819657316 25844160414 28269491556 6672788056 23723586795 413984107 10302833268 5708675983 9124566491 19992249498 30687010371 10030057140 34283353001 19264583053 29229470643]
[28029479903 10227451665 30457631384 19171247906 9782925291 3275383410 22497332260 12280963291 14653748152 31263573090 12077187717 22104646072 6280485652 27957628515 23969534178 16600423671 30582840613 3999826243 23064198375 19334959265 3742600774]
[20842291406 6731224564 8854752268 31677133791 424142587 720331378 24128316074 16814614722 25825114838 8339280332 2118537456 4188182478 27392215482 14186355392 21232393525 19208028519 9148929709 18867046097 7530920665 1157081209 20388429076]
[32573920053 25070260421 29179796792 5244499992 11910117027 12789523225 26219743544 24443578435 7612032286 4369080443 29380195876 16109975666 27936903563 14890689598 17861567696 19974607663 10559986026 14520470323 1663196744 15879674158 6937371172]
]