[[9436134547 33719934862 33289162890 1951512608 11055801766 13283513205 14093942470 19239370196 25051838637 7711961852 17527797125 18273987091 13616749338 23160333389 21764110241 25689490567 12847061464 3293349690 4544956924 3977508032 27396641332]
[14458237239 18964056277 5296333938 12314800111 29986920966 12620965722 6052883830 28343095742 11827419309 13699203139 23295750013 30037057421 30009644777 8075987084 14971119121 5394225772 34296718271 15537398054 9914628439 3867367037 17097993090]
[18948834181 11110733383 770456869 21363363635 3989053710 30540435763 8429860944 29759468744 16280489039 4932211212 8504475186 29183791844 26756572212 13459285330 7508063317 12390943680 6455351708 29040333919 28495589759 26706008319 28444650422]
[31237339416 13676466865 31523310778 1309544866 8368651375 26755440747 28098916875 23653308717 5574833856 2548150894 16380899064 28731781663 26739801568 24753405055 15917331998 28652921732 7835465447 24609495205 32383339873 14207675951 19829887839]
[6108613716 5350267420 2264572406 32039472437 9837799186 26343941695 15867441407 15910084868 6709909976 28533367098 14034381565 579482540 24553797478 5419184230 32844546608 31327391666 15007298077 6935641126 20171740383 25393724068 13347049378]
[29799412966 2915278453 4081498574 23237424342 21284354373 1030607610 21955319593 14175318742 31620741167 21294907064 5441785160 7465729991 11411843581 23722398375 207057365 13969396588 9771370131 23382912233 11880372896 1269307979 25670302761]
[6301830062 10751619575 2369587069 24965630980 29354816527 22403894502 30180792407 20762987589 21142827889 32757432661 26179357987 24027700254 9588306142 6420026299 30847436771 12743938712 9860506152 17522062845 15675849942 15163476995 894604501]
[14118125756 767952882 5106751799 31264158995 15541667379 8089846344 14019237554 21964419816 27957704998 11040836444 31687307158 9270263486 17728413118 28492396381 26215210855 32734313480 33189656396 25168862221 13878909257 17561737120 9458791131]
[14411619232 5960160221 17875971302 18935072140 748752464 24668732818 15869011727 286295826 14732103845 25871150686 24790982565 18251963003 13367388433 18186135904 32754080851 23781077865 19921736923 30014551586 28433562360 31331636700 27297275725]
[13296398506 33035717050 15720141367 10142404862 24556192302 8293101506 25644270229 11090095841 4736587112 19968892721 25156806378 22900072534 33752409060 8859622882 20520920949 9328760049 17074416879 28517656817 17975705777 15829326257 1165381105]
[18043042547 11773510065 19231726899 13857859514 28754037572 15482456130 9851230896 27529298646 23068943182 13878457188 22683216582 25650935625 14637695730 22038173387 5060703606 27423135301 565070259 2830634649 32917629034 25515871990 22005856448]
[14272840705 7182603722 1331115247 21524981473 29150717359 33716020733 30677997098 2261965015 9021294845 30185110077 9658711636 5578400140 26104668560 31365089338 5166836402 30185465063 30532666108 20718906818 22767655532 29923487681 1456323991]
[2972922345 4146693297 12699975839 5908245291 21791284325 22545326982 5884842279 27816353227 9895700203 11470770265 26295530400 34225301360 29647280860 13875033753 17028716332 24568096933 10192674502 3846597147 11660444843 30965218994 543448543]
[8429494770 18081557739 9006193741 4632082800 12491830760 22842937070 29150937624 18456157884 33160144839 25851008113 20934676803 16214195705 7738737338 20718362744 21477909104 15120602088 21358988700 19917410424 1686190787 23721109860 872031260]
[14799262400 29842144712 5889870215 32547764366 32646367374 18936066093 4982184234 19759757516 3272862312 33684776037 10743135539 17515436099 24475416010 24662449262 15614544124 9005875791 30954801430 30733666598 33974435299 33923428125 33933579533]
[20757738205 28625042192 27358085884 27707596843 1116181504 21831774282 28978309035 23520282017 2837834518 2359400337 19404123878 27678495905 2623467986 5867941355 29665926312 10287640895 9735823542 23298259403 34032665237 29772656928 5188550354]
[7956366894 7907621967 7186276885 15321391011 6102058906 17613041846 17446481927 12339913117 15492883388 31064834683 25021683425 17247123030 15844609701 7739064312 27158236626 33550393239 13763642346 11408028071 24800327685 11560023149 16077094494]
[25161105577 15588831617 29682341901 29556616082 30923250873 28966593983 18487012266 27131453 23423900307 747071179 8730636557 9887733374 3139596127 22856866891 15641880628 4455762898 20292506674 30089573029 3580881648 32852227253 13363073662]
[30776543492 31569921011 31847772239 10892726782 17842634559 23880195138 16916709957 23730293215 25821604937 5555121666 11826330279 16466456346 12403323528 22564834896 23808809410 15308836 12228591334 8238643554 6937359750 33296784906 33412087102]
[715896329 10861071259 5826060905 28013764723 32924695112 14940645802 26238348277 20423232636 26702990387 27945788408 10117733029 19657335885 2622065696 20530471554 21582210509 21868533763 13347284021 20995792085 23852109173 8856569992 22992148794]
[27332703293 1130943538 7451757618 16201496053 14893016127 21515779280 27645233304 16692201988 28522143633 23963005602 15068441619 16859226639 6608432143 22101999001 28186172797 17757198906 11712708831 8737241215 8775728288 6383636424 25219713425]
]