[[23695298003 22848572201 10860474907 14767034838 3204188834 19219785499 31997328604 33756541284 2008472837 17665032080 15995624025 1921312229 32832251840 8746110896 3246972826 1671000339 20583663090 21967693957 16253615079 29190229366 8399534862]
[21401492876 5640921302 20652296316 15096799587 17115260975 33580750104 30392334042 2828040870 13514803273 27956608266 2262128449 28193083083 21370640807 3362836399 24328347331 14605006201 14060715521 17307284446 21942047656 31942369808 33567058305]
[2105097190 20143648479 5259418640 5911664826 105456101 22923393882 31951144651 1654078603 24028537870 22197020991 23832590270 584005794 14878160348 3110463127 24889652285 30996166887 19591966529 11016181251 27932587509 32744655033 2694441313]
[6844510016 1748133342 4326008984 764352516 15819516292 12199335417 27727525492 22736996311 15338693615 12329149690 18702160668 29218181155 28783798447 9041770688 22625706271 29300876162 13759650905 24564870133 4031280370 28751964265 11711868578]
[17328882842 1853102008 27444038929 17943691645 30346207574 31910687293 7887963761 13895649195 21731720556 26482016034 30305137430 33921012982 21052977320 9668041971 10387147 12285269607 908307906 20710274144 14421236973 29548327039 14441991628]
[17682924280 31052735378 30049414300 22612258677 2304831176 4959141063 9620240984 7955231608 14377097826 26946259382 17660355696 24844242579 30008104270 8006282107 17276883776 3512708383 20957161929 3493382826 26273576541 30449352665 2494358445]
[18649456418 17929140233 14310030758 23212220254 26626770565 3866908549 25649155259 20124612750 1637815261 33632744986 23289117431 3116342218 3076795691 34218433685 24572951291 9214140224 20048404882 28548516533 31462404793 30968131446 34062520845]
[32149774305 8850353100 9928299826 25769022003 12134994144 10923416521 23168983864 18407241485 34156756293 16425352359 18077465201 21986806678 27950558434 28605625870 26958056236 30334738839 10602806819 980294826 20131765875 4825561448 9895955372]
[30285360810 29123610022 7689356439 22283694703 5651303115 2389752336 33387428002 12720937557 17583503052 30982026463 25169309874 4237475385 30123108540 26529021512 31539517463 31654883477 20633235464 3616152690 15268472118 19531309670 151636086]
[34176348283 8133248119 6747942757 30555896789 9919895659 17304522215 11274959142 3729260717 16712830928 17848026789 32523437360 21163330798 5341500645 19411508047 10621404538 17719434650 16218707701 22821372479 364367118 18939031416 16777649686]
[34211337432 22684312420 13122184778 25621330137 21357317947 17973282334 15765167660 31148220866 13696492659 7048104353 17541699499 13405296248 16617294288 22316966473 16023565178 14273137992 12486971146 14717646497 13811397137 28261695841 4317033047]
[9479623102 20212940189 10414547825 4055359551 14376992034 24290292038 27806459379 29138976902 12808233686 21732357265 17724951892 7635062940 7550930403 22406196511 22585499192 29640823530 2447449799 19884341587 24252790815 1868509320 5817284797]
[22112714799 30676552083 31704260529 28846208285 89353 20018385508 18416609321 7145669412 11377888041 4406268646 13380477032 1756104500 18970022527 12514865417 16590171584 33819181336 22265687441 33430708011 11008734187 4393742598 33171486297]
[8273366556 3827929708 17422372609 30457194583 22034504464 14870245135 7134335974 22321822115 12411808067 14817458402 31092583168 2429704641 5892332821 53244795 24575187921 13723646842 26559595841 32649918227 16595390722 31200740641 18608286988]
[11165893504 16483759814 26152468830 19450109605 286317920 13509142511 9409360051 7653356493 12968650992 11979403675 2053299062 33414854378 19527821424 10724800661 17752065425 24319810401 14517078073 27125149675 16444120528 13769481803 32825796011]
[11606239584 31727393927 18692163412 32324006085 23707613469 29930034941 21049112226 12715679775 21441372616 15101129179 22269591185 24004807122 6416767501 21601308761 3470652111 11454456786 33593065567 6407309501 34067397065 29106318983 30495913779]
[29510130590 27000129830 7204640513 23112209263 9439651779 13505482924 18534582698 4729457589 11827610053 20295484590 24307078528 30941767765 12212841549 18730227780 18573737930 31046544961 14371713248 19469100066 29163966502 6813260048 8675119262]
[29785221161 23515421648 19891858867 33867045379 20821212600 13082161824 6814532640 18634985746 10956614137 13756525914 2600872996 4920983566 30052707664 20967417241 22442305495 26593541029 12219649409 30212168737 29432412788 28442144872 12608877589]
[30183081973 5786197539 26145231209 18713330101 11738168529 29495172272 34309582904 1782574478 15177952029 16816734920 5551742805 14667790932 7976936524 30028950226 33236848474 19005939637 12890220205 2165415022 30157078305 2422584010 11407749371]
[6368239138 28655012217 13946751691 31323933603 13488590952 31671514538 21365285925 26379496962 34352573534 1999448029 19075317769 3145698972 207190013 21193177044 6867984407 2191849222 98775925 6581707159 15807673538 14492516014 28744970703]
[16901327321 5874924646 34300196850 864715791 10138481680 30751161679 7369572587 9484306883 30101741288 17892156747 31066181085 24950372030 27636025754 27219336391 12376003334 16176152754 10466582877 19882509603 13896548800 5956047819 19592772744]
]