[[2779916667 6727897898 15690618856 27262864947 21495143858 32121231164 22131113752 12627009154 19570032917 28228285054 29267644038 31832715929 14639575270 29688600253 20125753715 7529633461 20080552632 27540367179 1024934941 6325127299 4226267572]
[13139479273 18362163859 17113129811 23405179081 4179827372 7062386025 19422879671 32599606805 29001370287 14923925299 21963726341 24032043431 12258554270 17682019546 7264209634 13332619320 7040287107 17252832161 22253470044 7346815847 15889492272]
[16144248178 2017261102 4485667419 33881742151 7949260137 17336320219 19313734428 25880114590 28940279048 18988590560 15401836128 26819872175 33154304672 7988084478 17628692915 3217109233 6431737872 4104261015 653466567 16614320491 33498762607]
[29452091006 7290205905 5526722513 10737899571 28022514138 6784519244 20804078591 13455150254 28914715355 21040373677 3555385921 13087784066 2507856385 17872781816 2218248820 23292810383 23684780602 13744126761 31521238936 29377485250 6854562630]
[33948898058 33188515440 19072317668 27096347554 24221657679 24922714854 17779282626 27532287615 20772653506 6820714100 33964376165 20780254781 25701767652 5892436751 27724655015 6814526802 12258723799 16229255761 27975478823 1726250092 989939336]
[20868160443 5888789326 9203615252 17277436931 18406957124 17717643855 24480323484 19843024016 17030054986 10093332663 16601469744 34299022426 24868194733 25810305109 16603517585 2898763639 31951814244 7894987635 11218938699 24730061026 3097920325]
[12121727302 24622788392 28095879275 29439794195 30874146239 7683303975 14816966925 1483284102 1262486543 17308743558 26317131538 20007307051 22059234436 33424665787 10654897945 31370914755 2062285175 3701703681 27361046482 23085077968 1100491066]
[11448895407 30487873213 30377893304 30779392316 34024809737 18677493187 1573022249 30498066781 27419268958 11796395261 3388728806 33670583369 26268837794 21018371189 25733762530 30144533174 4053709440 31221559356 21792938946 463795260 15319097873]
[7815654019 3979617250 14946028557 29450719637 32671842618 7418182816 28245386476 29729443597 973291567 25479398710 14306613807 19970417863 3496996369 27258553282 33300016384 22905072770 16357771425 10381282949 2501543513 19915473733 23006579538]
[30928699486 28068508808 34071447056 8525730476 17621933 11111898584 21901241152 28075244827 4167674889 17478641539 24753542535 20574108231 20620324958 21455436956 8856981097 4771078573 19397958847 23883827693 34154303582 16491570929 16416399029]
[34356542887 31634699245 542707280 17735842413 31438500485 21703711247 11534144772 21391109575 755847343 7941908423 29942374883 22195044941 27591274114 8373903433 6170281596 33000877211 5568377802 33792546687 24030485721 4591015350 14380683192]
[19729716665 31817600117 14052466098 32251683354 16714663853 1783145806 11193096199 10519503583 29962811477 17406100509 18258849212 10800475025 31516683097 7939784889 3281867884 22014167457 26386650675 25638345673 23567895672 28667140362 32863133482]
[20743112727 20771741523 12498488268 29044378158 25462386826 22375301744 32966246806 24050896713 75551000 25711533329 33850997265 10748834390 9167706288 16531096208 34191505076 30650797532 24258531730 2831938899 19334959311 2192680219 33031307914]
[6501278907 6044542251 24940782272 20543822028 16553953662 24181846853 15311457406 25182624143 15185533720 28669517785 8417602737 5081173935 18563028489 21069451619 33300550584 18645606596 32183678174 31972741296 8105454018 13404824831 20939073775]
[6068334191 5487608668 8008951085 12016715533 16071895738 22054950540 2547382762 18753694944 20366965984 9957772861 1715838486 22413525450 17517518825 15543354417 17777031082 32269375053 21897661796 657205672 30146042430 23739555283 4459422643]
[17894385137 24129814443 19614770184 30966044149 3440006506 346808782 1937967489 11678276887 14701956242 30718214206 2427182860 26379307041 22719856300 24969748487 25776972925 16326617639 27713458146 7376191406 13063203974 20370918240 21967783195]
[14065496956 12230358076 23716665003 15682036124 3811171246 8684566415 4498639766 32275995412 4724456729 11290291577 11901006184 2764860328 11351006766 4194322687 11914686898 1888643019 34018268999 7005289544 14113609716 3247043243 15618059459]
[10944529532 5438650998 3639718895 33543596607 6425046760 26977394925 5987986015 14122616470 15720608436 27974272916 749706274 22553290544 4818980860 2774463712 5241044868 33428086905 34214220811 32993526902 18812722747 13973837923 31518939536]
[7267590732 17454152545 29449153718 33032573251 3473672726 2357124071 21836123461 23130436023 15585000697 988827705 22218325966 16111483867 28473063064 25238150619 3988346596 28826301486 19817559092 13841489971 10626460459 33170901291 2677868776]
[8612464204 33783315984 33927189159 13690499638 9665847465 34166432889 7606668041 30541900579 15676304279 11830536751 11726154497 18521157354 29910745360 32867123373 5225524180 14714193492 31766177857 19266299124 10984180797 9956323813 17710414449]
[12403414837 1858067107 29976709315 16535922322 19526447815 2821189234 12164671155 1412256928 16250367080 33120503336 8972094321 19072008801 18858196343 21818401030 26056826116 22883044028 14537756190 26151623850 20927245742 14925514090 11668589925]
]