[[8441791703 22150763689 19322415141 25301530220 13315347196 620633525 1246367373 19202880394 13495623678 4279861539 31506124421 31044727040 5813719559 20493848852 10033242596 32604799189 15653505320 30547431069 7653619334 2074229399 13299248829]
[27662099074 2863905917 25594008891 3852505497 28290402549 9256813297 1268680131 3965232602 826379489 30083288372 12450913556 11867916647 29616257387 21124850548 33112004934 11671659938 3818130379 3666095728 12521015451 32305359614 11278502690]
[33400091227 2476573832 29805658458 5534885511 13477382953 19806016358 32156540425 11955709940 8585645057 7855949887 18472720909 24833259814 12657127033 8878013899 6996390070 4490660298 16846592044 13999933608 9337821562 4830978432 15975077349]
[21637218285 10551840267 24563042267 476837836 25187663153 28944396665 22195708953 14411784678 12149418621 31980651872 17865005144 17038283295 13069183863 23759096703 4138556624 21522638893 15615132000 25450757485 32334547009 13050698430 32041205231]
[33571114635 190890289 29713912844 18109014339 1073485368 20015727487 27471572858 22802697549 15778089636 30685260357 10730131772 23983487875 20681413044 7892915317 16380128070 22821958238 2009539293 19335574741 3520578886 1473416184 19252757901]
[22686504672 13187633527 4068631450 545870897 2441655902 30684897364 15861087200 6638002798 8883431270 18704862131 19880300626 29186301887 18661692470 34346087235 34051045273 8185088548 13229498611 22931695841 14588539216 4971847945 33730417835]
[32760999719 26557554200 9979479131 30157916692 27876373594 33366877325 4015321261 32522727889 20459353723 13338878801 23210112457 24595357206 1703984507 6703247365 20050399295 10092136658 16622425575 32392526623 32796342625 10260921992 4144462963]
[297450480 5433777664 12229770767 23730462826 20120221220 853886400 5572679546 4273470175 14276675819 11592878303 20464233520 3938730902 7291521767 22249873966 7146261936 14975467118 3363513271 29585410532 20780645096 22314953345 5411115827]
[12526769336 8549754578 4775531914 22099384197 29712032854 14183739099 21609462780 31264810502 34173318509 11621869495 6533605514 10985523018 13564691136 847078494 21913058501 11006228170 26551889743 33302704663 24277591469 30601230373 29131193518]
[18119409419 18325665525 5636924561 9896393579 8375460178 638680704 11736842585 11298840682 11475418845 6977471903 16183078246 20316010685 4098041716 32349660144 17983004457 24295308241 19081186585 2171876532 21413441266 26915481451 9139477065]
[5492550912 28829814308 1249653351 24003639520 7675727160 29131461044 32916330894 9076022531 2692013336 28991078992 5625294687 23886455648 16411768534 6807101227 3037485978 6194268809 24052072334 9012976519 16259271922 22747116499 31472346389]
[24386132234 3230124262 12795235205 24758676167 23244014473 10835513274 16784934947 26450595815 16198627655 11079793525 8169929071 18917160005 32604678458 10463916879 22516261263 1808593881 15996035931 2175613546 32099349432 7524985895 28835011781]
[12125368879 20666416975 30637622164 23911645124 620631328 27376193624 6363366025 19828066208 13768072907 23340809482 32815552640 12833443014 6192237573 15654068018 31166642788 20464666423 32275982400 29591189974 29391622474 16601346974 12914985708]
[7999147462 33314900526 9099003403 27707258236 26242833475 16860918776 24741448108 15113045644 21584448947 26188242275 22139406565 9831230841 6506312665 18743651951 20405373086 17692701644 300652016 5093944073 5929793273 9074249329 32509796785]
[28302858778 8566209612 14831682838 13234033626 1125907477 24878676283 15673378707 30099131219 1806678326 25454472144 7044403916 5417775664 8063911978 30077207850 5091749770 5385809754 33100893324 27524595222 15844533286 126688040 29119235712]
[6718967886 28456522292 22504659993 29287575378 28787581138 33016911372 18568624381 26301885245 7614081901 25768586018 1252696304 26619901495 11036742720 32197938762 10309474725 16090124920 32266307186 31061377034 5104553649 18523015600 3112010432]
[17259142790 1533265771 21865399438 17575111975 3550394218 8209530879 10248965220 23943638417 34181852391 15138580686 13128910566 20380340695 25586736762 1322720313 33425964106 5866708447 31177230000 13783574138 2509912611 33456084180 13643780342]
[1608756475 33405155614 22282956043 8023595296 9598972135 3089230409 17894868861 27354987926 9482501383 9258958947 28318854884 16334311423 20116568544 14688804821 31042216091 24213155557 24727677191 25497071115 34042021095 3127771025 25579851618]
[33991594772 2205817534 10702523502 27619323172 28310907071 19284601480 16063362379 15109466585 980034480 21707055298 20651339072 15104688682 8125340250 1592443948 22590609260 16106331727 1782814180 14214068884 30258372943 33679859229 29698928331]
[3350610900 26046177362 13743335464 14643771015 6812422100 616789510 30153843421 4878294437 16178683330 6963016107 764297910 1995610076 2378215459 4542407560 13360392543 24109212148 8247484497 17692609866 24395908361 25692872230 15039793759]
[22268078741 22430863565 4321436888 13742942742 1582717330 16191356034 18961827649 23821899525 24009943532 8166428612 20231615563 29762267112 33702443427 1968455785 1597094073 1935720048 32611020328 7770256360 33921551957 23404114712 29195518895]
]