[[1053312293 8622037804 11533505529 8896940351 23756287339 22252296429 33236583587 9161043277 5178910433 3472664133 6624538491 33209520224 4151536505 16540012623 33882335658 15522702814 31049429122 12207875447 26920483024 23260380937 21720711211]
[2260051656 5267444386 29016325962 28782633255 26361153975 26854335906 2242438127 7581470825 5505145485 32766771924 27451472710 12940401651 21391263012 19925221439 11567496370 6269286525 10808031295 18292568152 1404789749 23444855062 3759330562]
[11329469217 23076095204 23573752628 14165364604 8696862097 7804474374 29997231008 24593848846 300760803 26313903577 13599726693 22834123688 1565158633 4768159598 34332654103 6770431071 33362547911 30512602248 25658495568 27581508390 20762235132]
[23616173108 27419231082 100250383 31441587213 30799490972 22390065868 12930378796 22596813487 12871399264 3865587661 8174537050 3489173618 21583132140 32110910709 23397869094 15710416842 8578556206 17564377133 21613702126 30422290994 17407327252]
[30486376014 26112672178 32252571960 8077332326 32342094178 27137284561 29378281585 15516177263 26520501516 2500380032 23796457640 30516270321 25776952432 12738228832 19460749449 17547328399 4282693529 25530507708 15106925454 1632015762 20584502667]
[32119787092 1640773418 2511139623 14145664325 340747412 18796035369 31186772559 23726285493 33117651600 5258224175 26405293150 29926731857 17460639985 30091844868 22901134420 15569286558 10418860388 15762608259 27573506215 12135292617 5092209346]
[34200333308 24377537611 12551614782 30933509381 2025563339 21434943467 20549378114 32895172344 15893500351 26969123503 13018552899 7795709597 17268860845 7663578637 14973637649 19373110445 26323196000 7006709792 20100698360 9468134086 10221751816]
[18637476444 24884947809 19563176326 32720997935 15454349564 6973855804 21052241863 14791850446 30178973069 19577252408 5517634152 16064864768 13237378944 24852836017 938824620 27774580860 20246847593 19262597951 10309516773 23808203594 33560924787]
[27560124355 34326328396 27663179894 31386430437 22746385147 5251293941 20069731644 27946992699 26791174380 10058450947 13649220938 14976543902 21241350858 28464188612 19224926793 26385179372 6811111770 14937477168 29583194142 16295186014 6244557793]
[12418014325 31254290970 24244697658 3450829748 3643055596 19162504658 14958537398 23903617880 9830146755 24755819352 6779039414 21985577130 76406547 14334765797 17973557770 10794706080 6227189162 22987718832 32566202542 32452914392 21635689015]
[21705000466 7047094469 1744686143 108888384 12569898268 5650458254 33552545537 20563794374 4020608239 5734872587 29559228781 32675208114 9368212693 851606077 13971846643 4076912399 2498526969 4083085697 28956180852 27327707995 12464829770]
[1809898706 17282018525 2184205783 32130199089 33526176889 26145321741 3484879061 6466467536 1910251741 24864303482 30836657817 23355497816 17547712028 14489754497 1468564592 11017361930 324286912 12083977593 32340548478 32051276766 33213210109]
[6326111668 9190437025 15467922131 28018159752 6529044890 27595833128 16898769480 16267661704 16847963698 15297296044 7694913876 28175319727 19111982039 26489836080 8203268071 26645680027 20874297039 2808864372 20936496037 8142395830 26222143494]
[22588998053 32621685887 26298876488 26164358181 19295180166 23240468261 28302126402 25987307122 4821917462 28320870874 30897705132 28320007338 1004576672 1713106458 8949593845 13863980894 5244810640 10716746040 26477861080 7886778231 12137551431]
[1227964911 10059401468 29453244047 23941523772 18385746925 546620491 33209860867 30891486124 30789205954 19700974714 8158314812 9106343471 8154157053 1625700506 24402741039 18487264001 23112283849 31195908466 12350697000 117733174 21393457675]
[1841552708 19035496286 23709961215 19447971289 2773052090 7221455310 34072454693 12103756047 14865625103 9662945250 30594164243 26325595799 575369305 1685449966 355618632 28555804088 4411966855 12050632542 9666989075 5346029835 30828823554]
[21866179192 27804684147 2198493539 5207765366 25317156199 17704021801 2804338582 17065102940 6439224322 19956910877 29776762170 1420827442 59719227 5652025585 6154052113 6846954829 18171841211 13203760077 5657958568 5212688122 14515812324]
[29348182327 950781889 19851767169 5993001737 13537565634 2282927057 22014959713 15414420360 26885403917 28271183965 33912657027 6479080097 19796562457 7227890303 24975130084 22496786863 5931761565 26214987713 23835189354 13809082573 9342368917]
[24929931763 24163587580 27616693519 26351175757 22174777237 17768403933 15166674059 24203103570 868551537 5155515628 8798267755 11175491631 14671423213 22580749838 19462325916 19977670238 20325285421 31013722926 1100865563 14961223412 4020964640]
[6914271799 7778582492 9962228647 33113476864 31902916977 3749285311 14039406441 21630454654 26756482281 24166100651 551101580 20056898324 14015587241 33736986015 29932767021 23670966197 12640681373 25920978019 3802437873 28825731506 9765010505]
[14059408303 32438949809 29271598162 16912432934 33648049998 31817434532 24117097028 10941293388 17649153462 4203037686 14790482289 16976237082 6153719616 24038340597 28128191514 12791644357 27443177839 26648443633 17542223836 21819661209 6836866081]
]