[[29041257709 31084799020 1627326888 18909639150 33907819217 26674309231 16984932143 5868130198 8325626799 1791760248 7344019781 3140697856 12436433034 11886539250 17419050571 1618906042 16158082191 20002063873 31307004716 22424471529 32900971922]
[26287292569 31827142428 16504077299 27399861394 25754563305 4782591698 4085537136 17603391233 2564413304 14205114146 10458985969 13507854513 33514581562 17239077190 30067652134 13726361859 17089862270 2344815428 16162238905 16597289257 11516246221]
[13969528113 6152915826 5802974135 12642102069 25239189833 5684473614 31591226391 23538935448 33514590246 16933112848 9782972253 19357983058 15385472130 2273293919 1804105651 19788026685 28820276615 26195525102 16961188157 7576562057 11299070539]
[13684806120 23275469463 28801660688 14111084335 29577407440 20698787169 30834353498 23351298173 21934478949 7703012095 32990736117 23883067979 4157285170 30040206021 33408194407 26179607726 19396341260 28597506611 13740980651 19811236763 8521837791]
[9168483907 28814324077 3006306538 26566528576 23196869669 24569463440 31478584069 24641252438 4063610849 22969687771 33540788239 7960057843 10830684516 4636216276 18777738444 27371753585 19069562971 636126404 1277099483 13336989941 33989492260]
[11744032804 19406990202 9672588452 33744515882 1516187485 31167231130 7855637520 30043643271 20274433224 26628442821 17764460049 9169507679 19236152944 1706669626 8833652553 29044072068 14952505509 32665811120 17641577987 22759062260 27076665930]
[6943654169 20039438628 31022332243 32986347608 3150503007 5720427840 25793779088 11055145176 19140765576 16287396934 31168008567 5666232281 22885317690 8209457079 18748530631 23369211908 8267833870 19690088289 33985915542 15365113086 17993715696]
[29745922030 26612426847 31915527461 6628907977 7579025351 12840560087 9279233730 15330251813 5782452514 19446521865 18388651539 20314682442 15304683171 23311270288 21926860798 33261365253 9457094729 31439296184 8499986048 28926568059 20718029976]
[32269291777 23582912612 19262483445 33347801071 22609785796 21117091766 1405769203 33594583995 16443716630 6705180472 33917240271 11032190989 25567273096 4229071627 15446443812 26396676645 14636388855 15388207228 17021264151 17891175065 29304481682]
[17267363627 1631686891 27454671851 1637672064 21958348193 26283082564 381819962 33025435975 18458557494 32711871178 12557725374 1303849316 34247853791 29850066492 14063282568 1874237127 23904862224 26616429428 29787725210 4494566846 17371893143]
[31378580621 1683354651 24869802251 6922699170 27097826663 1103652463 8356034692 6973811731 26258680612 9746687515 14411993821 7140685339 33802794321 20712441889 19083298665 15554652971 18693968255 9188953761 7699666483 12719222399 26875410596]
[26399792816 12837379532 4673447531 22901200556 20943916590 23234277019 28156278114 29540220988 1358088623 20750753316 4587355991 27814474079 7467008366 25034971708 17282651678 18272848242 19515017735 20664548789 20064222635 33478420768 8900936093]
[14584537559 23194698296 17978643521 31224336331 25859051378 18119605546 31981565228 18646351166 12775552794 27701736527 12208905116 32614666546 9042818669 13420719367 11057578182 6614044882 25156113811 7053992954 32481288556 28239947822 30652076214]
[1609357778 25747176480 18507584477 1960370374 2306723713 19133747523 15601300386 5419430110 12555675948 24384749254 10231537809 11440160033 27361855939 19431369875 29820900433 3621381889 19314079746 23854457194 19751712582 33757483246 29654348454]
[10806526238 2771759204 4406829390 11229717707 20418900817 31330869923 11309736995 5453689485 33808735737 22758671871 31168826459 20432850974 12062225356 19647127899 28145418378 20643938731 21249248311 23912159462 277359797 5579725061 32373293245]
[2881516380 16632867391 2638666992 6174063803 1739112089 11148663492 12748546573 15652142647 14051876399 17236059456 28748596551 15244119913 20055696689 24156344559 30490028376 18724244791 27340904673 5415989118 24090738672 15344520784 21248964182]
[2418239978 25048180040 8849682986 16195662876 29375095456 15608573482 6877727918 27074823502 23221146589 25808564215 29318402122 3547491339 15191686892 32556926053 24065861254 3606526112 33020428947 9350898560 30909818173 30319763601 21423075358]
[22798140498 3002687921 19904184311 13183939474 27060850242 11834126347 29232062982 804991925 4484313713 2589860047 5331239244 416159149 26288843975 31702039995 19413149616 23436722895 31163030371 19975422816 12537681818 8568890136 7546899273]
[26538088870 20853868329 28429200114 8465674312 5190564189 8652708882 29563013471 17634892083 19457306616 24579107380 29897501400 23064010582 28691635662 11512769690 24646492349 28191576345 2596824132 26472285340 19729107478 17820821195 26487409495]
[23342626360 23885644884 28092977782 8773047305 8191672566 2364157743 12261600938 34233236726 23893423207 14245260776 13277410802 12625061849 3500480000 4156608550 28313107238 11636061506 27614074104 5078156951 8369810349 4828581158 31659757003]
[24798504250 10022366380 10570319555 5846932540 29674416277 20159532118 24178076273 21054167184 23029426244 14727076411 31478805112 12179571775 26617574044 25976001587 4859830694 22274076954 19771068893 1949460927 17727192021 20543737199 19975221442]
]