[[203180311 29497992236 16457791663 12767363876 14742148084 23264018024 22146080949 16303447597 22080386337 27050386232 27111827108 30458539067 20659360573 22497791228 32139858525 4705040664 6571673422 22520381883 9728689117 4847159743 19151501764]
[3558482356 21510033363 1066120556 27831399340 17571548717 99600858 13384649092 12501990383 30903829743 23724181082 699279535 2870785910 21729523132 24553185525 21835533579 27603633447 22189755607 10284227991 12616083839 2324021737 6938014290]
[20649253578 28959422510 21446090889 20852941904 18645320490 24381547505 19802649083 7992763966 29902930414 6384593240 21116035141 5685446584 14366522879 33114857774 8386789850 23617023968 18850493846 145823934 27983815188 31959329105 13526805560]
[22792411070 5756067376 30593285960 31602186533 721306780 32924334135 12020210387 27558614415 26759214629 24570004089 32426769801 15801020646 17745326384 31168604148 15017174747 14461407708 23182963613 11491647241 18949697183 31488302975 22707044407]
[31265449508 31526947191 16585921360 8167970562 11106482736 31785860270 30518139192 31123650476 874313179 32082360143 13357718155 9715437693 20358446762 30901967861 20951393934 5060784059 25771585448 11811581710 395996313 17131749335 9936564298]
[32919362153 7679551012 3484635029 31050945536 27325114926 5680033094 11525935132 10969254357 2762010474 10569639169 33098987603 9019621125 14553964887 13856427415 6410945823 28640024884 22274506848 34152932019 13276581127 8410104780 696162771]
[11771139020 24926614409 10232533361 10526868991 4831337566 32777097184 7523928961 18478933962 21176522945 28071600020 23810020396 11186270324 13212972710 15386909478 23058753777 20414537359 3229371878 26502395476 9821052840 11613566648 6872347311]
[131958890 10603629100 21649080041 10191653036 3669030313 2499462713 20104643669 11154706087 34158826580 5709706761 1144846838 5456155698 24312300283 23451683257 13839587990 26662603878 23235133923 12407599393 30663873576 465417574 4962205331]
[14510505300 10848183636 14440986532 358461262 1676598244 23169349650 21893873026 8807646643 16108322949 7486208836 10456924686 31915500810 25362260270 28831844308 17439044456 1292864885 7315443398 435085696 6393682763 31851066906 25625417957]
[7597659831 19691701108 5026848567 9292302496 27625942200 24168694048 4452808802 33656388660 17818795817 7733669040 30609438485 30455832620 8777950446 10959773498 13327505419 888369284 28097962849 24534164829 3439334705 28745894454 26391180051]
[15585384473 5112651179 505738138 31666151888 12037940396 24057998199 32137499935 3500690370 2207462470 18756676781 9390471928 31520027159 14071722323 252868828 21642591109 27706992137 25951963839 29182703971 24792736847 19697094484 17310196708]
[12528648720 20440643802 1111535916 24381687765 30539090667 29256867503 33678014643 7174878494 21058249310 14980545283 21243975843 13878439106 5399073103 19325819255 24034664010 33359501373 16085954304 21373475605 28592233108 25824999883 26684643054]
[16273427571 20146308251 11975930240 14784428615 34064804139 21522052397 3424363830 22699429369 11364619184 29840337345 33354134322 8656833658 22647016569 27926461090 33900305965 15127442307 28966851924 27122501210 4428996141 22372108895 31591438795]
[12582550407 15632758356 13118683643 29410200421 3345987839 18830012356 10221137149 33865426125 11869061422 14030914857 8957293332 32213843985 33351220638 19918740185 2650404824 28899315665 21493268325 1868689790 19528837326 20819224073 26451264643]
[22697731005 32136261984 31825886724 27893012597 32803675136 9942413421 10752743920 9641615891 4047022600 3232190458 26329444245 3565757593 9529507681 33179940148 14222807869 13582249925 8717709359 24341236666 1427941432 11235784735 4191356808]
[2527356793 32100280472 32465509646 26544033912 3092117731 18818325464 11185729611 7864586269 21483983617 30603555329 2523367846 30634330929 25141787228 18575576950 33001422448 7232655914 14557058871 1453126747 9287882515 6521432840 21435288447]
[31774226534 10695663358 34107398972 28831775044 13476435487 24478611740 19861821036 33264988932 17010500859 20254468662 30271757591 8238635962 5133794669 32939512832 2415179701 27288245113 8758072844 29572825948 23270017941 27064937494 17869814338]
[2867060900 29131162773 21279577883 16559001596 23495811944 28602438332 16087637780 33134753166 15675303632 19113198498 9675172674 26245516339 33155329713 31173533967 1948685277 22507630352 11376118695 21003864044 17322647298 9200705174 17562103267]
[24751998129 7270966673 33593488130 23200989280 27739504520 25550063368 23452416129 26007579188 17541791298 29012037952 15061913266 6359234450 7835002124 1247941273 19469255846 25371293136 2465373219 5130726555 28140614936 16755925908 19780876575]
[8045360602 10229065974 12553387542 31423398236 11245656905 15053149067 29309763046 23744467175 23636369960 16431484029 26755630796 28804276446 17523757180 19528415770 3232172548 8370518203 9769220691 23599077416 2043631667 11746519483 4427263296]
[1482187691 28877194658 21531709208 5708150161 14486429843 7498946386 21055661610 33915719527 33912231852 16374672142 26572678624 22483832927 18398468054 15786877141 21717319273 12022157525 15526634332 27258473033 15024227840 13625345835 21123809155]
]