[[20337457362 13045487330 9899128832 31635437278 11215912752 29147365120 361058187 7571578821 18142549968 14439919463 22381117381 8057236444 20773716694 6132005009 24956997269 346838787 5336534763 24787120881 21271178988 11884832242 24305735859]
[14993934367 12952252226 19886193333 34068646703 11695576558 15768013175 10255817350 185586129 10594467312 17735992426 20881962070 21118188759 2717904821 28292275381 9374417935 9499444899 22999191143 28676120379 20319189630 8387988626 7640818013]
[16738395979 15770265855 11996500538 2621032387 12990855754 34042741896 31617064181 29696250661 6461029604 18008177550 32424874103 29390214357 32629006264 11427567409 20389818503 27709754420 27619022777 7834327774 11599061108 2005661462 17054827116]
[1378876123 20823925180 15226632688 3823456213 2034882883 9479136519 19901974215 981022211 17708022981 30452556090 16560850811 28680886867 17646477746 17519638493 24889058090 19340938287 4326778492 34310923860 17528983464 6330922113 10478706682]
[12424555088 15939455642 20493303652 27015596792 20177713872 31696270034 2156732520 941187378 11849711001 26118407272 6196126503 25163647739 17543179902 6108826624 12957194594 16253856148 5105820823 409819902 17586574888 9022175156 17199599909]
[18542115526 17200692331 18134763274 21504034795 9135696577 1569503733 5166661198 30839801240 25707055693 27227673246 29906249148 13481859919 18383056837 11308232792 31779679423 31278261886 30616158910 3785759704 33402443974 7637429496 31143552545]
[5592772268 31230748299 11866698740 19841865271 28933336921 4586394957 10309036335 5266981040 10919423133 24872684446 4017285253 18417140841 13163273014 3899376812 14647987912 27453121580 12535676958 23535386764 24043183842 10421334246 23424513564]
[31076090182 15304630148 3888318361 11914705944 6056370544 29309477203 376318338 4784557352 32924961363 28011037105 28303321993 13827185589 20944849168 20961432986 33815359715 11954946914 28292982077 13117711832 28418611925 27559589390 4179710840]
[5904690403 10542954231 259751062 11280842908 31565285183 17372199684 19983696387 3732654874 13419740400 25461800740 15786329060 26855570031 10001018190 3489396921 77908622 17307234534 14123917943 21422649257 5590463428 5637289790 22752384998]
[33836409052 10942359922 24033093075 20704472438 28009717842 10538520706 1536177872 5115696853 6244188496 19612237582 25088364024 20016009053 25897601835 2905272598 1685373258 11641621566 30689526534 2971588033 28034396221 27229493754 13499147323]
[12653186732 6815571519 15015997481 3115220447 1449218725 27403913490 5644716376 8032254803 5857768014 9992943989 16459521828 27603545369 1396114541 32759018044 15322857484 26175122719 13792510141 25965517444 31398836224 18751017470 15912013331]
[6962786736 21197789820 14715508845 14436565093 28935477838 24574213696 3022743665 31389957855 21136992188 31854774052 23033721365 10982502468 4023999500 11288180066 34190586673 26348969551 15172035200 4376901900 18449395799 34314462930 19260167155]
[17380547248 6080807036 31944987110 1409979715 33920579985 24532242642 30049410597 37317788 21956779105 26024411208 18612286240 28735431937 25913760889 24186943472 14257247038 22562763989 3305446265 20071807629 689934077 29298138312 12500846493]
[31179115444 1410846985 5819284305 21510618831 28345574967 22266495250 11080887285 17460710382 2963628475 3474412941 32752713089 23480077297 6857650316 1004719449 32930641671 25312339500 11614452040 19976912115 11499490992 27864571713 8480263105]
[27127844739 941596436 9553813054 7190144546 19556894763 10969682383 8479666927 10221258198 2995943164 24043229935 3891316419 12485096823 3231541301 30659591349 12989582910 1993219294 20881195502 29879331327 22556553635 6091563820 15779949701]
[17986498074 31556058145 16071388714 6262335848 17236064204 9233430972 13394642104 18115250234 8083435187 20312439259 31634665854 14277472930 2212121817 3523003067 24587568481 20816135837 25651385852 21954987880 23622015112 34195348573 25696802149]
[5826792712 5921876380 19097970517 25370305713 19524340988 8805040707 13249967214 9971816873 5718702565 22608722956 6483144797 8466400196 9896203415 19263211261 11537024016 30889491563 21778179607 18041952717 18564917030 34158263029 34269453500]
[30483381732 16611826546 18393592501 21007720482 22564055931 8830812210 6110469226 2688785582 29062950986 18769041790 29258586194 6055743948 27744065645 33517670990 32098254917 29205108011 28211287662 25773409239 14014599717 21913498500 16099377378]
[32944513716 33732236343 23416782521 9518004574 24949374987 31700157914 23208832282 29475750573 1568165195 25196459438 16597377208 10463855702 19944421949 16307224880 13896854988 7182922231 23949452432 33651947407 8578445337 21814682475 17134593512]
[16239469503 6444603811 31524342734 26151431552 14052765293 28130194385 17866365965 34350369014 19373001140 29773761476 19712927968 18440194912 4985632321 18163304543 12564130142 28086309280 7084679362 17590484799 20076718465 11014702908 26609170317]
[19604991387 7012860139 22357720431 13207806249 2260912039 22718879090 9998650701 23476258144 16666043527 30696615477 27393461498 4857167992 10799399199 11578057568 8649411142 15923715943 33027014401 8645040249 18182678970 26073971892 14657519189]
]