[[18354746334 16322897624 31968726965 33714543428 3870777139 26752808744 23948136554 28745039299 2769787274 4759709949 2713419481 17765044110 5983325869 24577134018 30054749350 23042570599 30940374827 3734235906 9635991708 33482372431 13578363111]
[28913306278 28298436071 3915743308 22575047146 29701232625 20827941702 26172246212 30270421275 29685958933 5823410196 7843096308 13931720899 14085611005 25757772134 6934070018 19160232050 2525221393 7135618707 10669672781 12599893799 33625225124]
[23219282622 24385861491 4700730234 3948879781 30697548782 22793315568 18084113647 25601647175 2751091448 16084185222 8408631228 9447659025 10292549127 717178870 10161204878 8657398561 20433239849 17355902041 18483154358 21543801222 29872881011]
[8038693745 5102101627 2282867173 32495786200 26673154685 704110707 17567672402 2139745051 8656719665 3340349207 9322863775 30657487066 32348679872 21355095023 16036263351 29473508956 27933925288 25188374748 19251373320 5362333081 16396667153]
[30993664026 27796773311 11151628725 4920575298 4548474640 1216861334 18473652564 27772169544 7477080226 21900031574 260581336 3005068313 23675159986 13031961299 17422579155 21324955156 4317851254 25048633770 33450320099 8084403064 6476370808]
[185147631 9959127665 26120100911 12341490110 20087310558 29074102134 12999619973 22734373201 13545709829 30459253622 10733022473 14565665647 23430832003 26736098696 5207764523 11813518610 11339599086 28886889636 22063358550 8402899095 24167993302]
[14418289727 18129820776 12200129493 21146166027 890347947 25135121484 1111475970 929928569 12198202408 24502304571 8405846087 32254551536 6879689432 7424712015 15865422466 2301893077 32866868572 26593489273 26621929021 27679716201 13386006748]
[16938963288 31839093862 19198935278 4778865960 15531236023 16704755853 34332289645 13813512530 33427078875 1131433952 17973392176 30325786594 5184922974 30540177186 12745094886 4589201153 15406203732 12104587764 8782095381 7524172461 24179605580]
[11283032041 21134910970 636431473 31094228563 23236662450 31645581461 9221276707 6329478959 77350173 9879410750 886107454 28436450607 20231430552 33918136412 10517265469 7589739714 21492871661 6693763100 7928934366 12802414457 6334363588]
[17161170070 21926066503 11229538434 23158564744 31842134771 31071588436 4343899791 26656751849 26924347204 7741805962 22373914128 25749507540 29070481721 25128017920 27632406133 2492281050 25451979329 23735565050 19695495085 30425980261 32721610583]
[26870776878 26256776260 14118268773 13498596634 3557593917 28148819484 31780212266 26126824963 11519027970 31840920696 1590467719 3646639261 21515872390 5032687823 15972487904 5966340210 15466274715 4935384152 12966617188 20091422552 23666866283]
[24186527777 21162160744 33110759353 6472689486 18247192136 25269786482 28722080053 6118874838 11921024004 17029819031 24610102972 6520126445 27671917648 15560403333 5906916053 29989883361 33086838679 12454155369 33913805987 22736984433 22025278808]
[19069511509 4456619196 5212617034 12809989273 19613285226 20900395785 13888607550 9242258443 27993346070 4581621824 522047877 6994553084 28359582159 12715588712 34201124476 9537429359 4108176645 2940878546 16066694389 10888465289 23175598107]
[751509886 21624999710 30149210327 12551075649 2490378755 13296079891 18841649808 457656844 18441257324 209126000 20075943156 34154199203 13893198028 29646336400 21391992984 22723138839 29851237524 26949919514 55952200 30919234193 30353909597]
[23817027650 21601935542 33924230232 22651826741 3975872898 20955814880 1023916792 455355428 12605186188 33501458075 32887881309 32571538011 13432416449 527297340 2642260465 25571747595 12961673737 24538611764 4540775172 20891252448 13493072548]
[1726206233 435161318 31839707545 27054917439 30322496835 5514221435 14555595629 12834659022 8962272855 313906920 33463860454 4642283597 18596354504 13938701121 6423252874 28176479783 27316040081 7183034250 22314597421 15866477018 11867335276]
[16247164995 5878304982 14177806433 18513781258 29363718377 33730823068 4946015951 16581546808 10057499962 14603944996 22970555579 26759507236 18743051157 26402944054 28883162291 25203507163 9421719812 2187009304 13414513001 22004788637 154659323]
[30574294918 32486953653 24664958387 19403697866 7835423360 29989457703 2445555346 1288148517 10239657892 8049803238 30337385477 19468615033 23822209033 20604817192 20751974360 34088813274 20840734532 7125058123 20527271389 2306379987 1897410998]
[22334809022 22171072969 27390782249 15968104023 20178629670 13399134027 28794471825 6624233011 33254131369 25049959813 306956251 19463778991 20324481425 17948653515 19819410201 1753569250 26198815865 28009185018 2330995269 30920295681 253637488]
[1923114288 27389148095 5212487700 3108779857 10949337409 1086413884 12922226570 20437113825 20512653540 22894452567 21468212135 32283812827 24140948657 12608517054 22252530088 1818595462 8959412595 5322874915 8917961622 28520618465 3852782628]
[26691276203 30687487038 20062019149 2596221977 19066927934 31977137557 8587135348 22023985330 30428155121 5484134237 25221467438 24861031991 8775873670 11485266539 24683577820 10357593766 5889382606 25527370681 12432502549 19259150945 29226414961]
]