============================================================
APM Result
============================================================
Matrix file       : kernel_25_77.txt
Matrix size       : 26 x 26
Prime (mod p)     : 33547861
PM block size     : 2 (fixed)
Deviation level   : 2
Minor size tested : 4 x 4
------------------------------------------------------------
Timing
------------------------------------------------------------
Matrix total time : 96.7400 ms  (0.096740 s)
Minors tested     : 1904400
Avg per minor     : 0.00005080 ms
------------------------------------------------------------
Zero Minors Found : 0
============================================================

Full matrix (26x26) mod 33547861:
             0        1        2        3        4        5        6        7        8        9       10       11       12       13       14       15       16       17       18       19       20       21       22       23       24       25
      -------- -------- -------- -------- -------- -------- -------- -------- -------- -------- -------- -------- -------- -------- -------- -------- -------- -------- -------- -------- -------- -------- -------- -------- -------- --------
  0 |  9483895 18138421 29130179  7742722 18708269 32562153 11107518 14570363 11489244 29275493 22208540 32871432 22262716   693895  9612989  3838833 22540596 15260911  6931252 12270713  9626152  6649761  3785741 18976653  2386777  5920423
  1 | 16096133 12174061   268340  5089567 31385010  7716410 29997195 25863629 13822109 18935758  2313357 31619996 16029533 33173145  5923017 14144638 10589463 12668564 21807870 21068822 11179194  2109674  9203773 22780268 31274252  1354377
  2 | 26650261 13204509 32746264 14886444 14159604  7784088 10429061  4143956 19232631 10923767 11071371 15267048 15709057 24330691 20896681 15919675  7569653 15633035  2081650 30048931  8362127 31021790 10838545   468706 14767021 20097475
  3 | 28203205 10410785 23183098 21044523 11306441 26298100 25327927 11006012 28221180 16796290 20059978 17040672 13229767 24053109 21953682 18085956 17975886 12862752 25895557 20976016 32104577 17373754 20058797   326327 18889494 28785747
  4 | 13114641 30462944 10797728 16720316 24816273 23411283  9011748 23840461 30040596 16796920  1464395 27889812  9129436 22239786 13399703 30457002 12365945 10968785 33472892 13724682 27746850 11985366  5727069 16222578  4418374 11349958
  5 | 11812045   485147  7560196 17643197  6979802 11420148  7075760 20232168 24196818   686986 28774807 32816929 29671554 26026120 22498533 20736963 25005938 17047728 23907749  8245432 25271243  9965747 20318426  9595148 33156798 16642558
  6 | 14251044 21264180 11469778 25092933  6830550 10713805 18956542 23536296  4444996  1355704 26141534 25433162 13326906 26746713 28986030 16140516 11446214  4016832 21916343 29783356 20056609 27962451 28694674 10106891 10010353   559097
  7 | 14911522 10385002  9914507  7300951 30537147 15197784 25664692 27807871 13976693 33534502 23779015  8595191  9727089  8132216  7535604 29828327 11179631 13057624 24926119 23351700 27562192  7274213 20991664 16600307 22239759  8124326
  8 | 18189963 20726489 22148586  3818626 11597531 29245714 26853460 17354945 22314766 25719523 15957215 22487364 18185228 17517482 13355490 32878817 28793751 30125073 19495081  7327160  3830088  1568103 26603240 11271226 17317117  1037174
  9 | 12194399 12096470 31967064 24156899 11197067 13645485  1532407  7558638 19168279 25244060 17571075 17976961 23085469  7851827 13021872 27321281 24119571  2531491 16804610 26666124 17739443  3013966 10378679 33368825 26238033 31068018
 10 | 15612255 30807054 26839640 21711225  7901989 27087214 30346105  4766231 13599942  5169356 31282353  1771951  7935686  2508965 24437781 11355375 10404975 27777574 27634119  5988243 13699456 27905279  1055807 30240991 19520843  4438595
 11 | 26644472 15562956 16447811  3254599 16353848 27576500  3835806 31865403 20711453 28847048 16960568  3725042 15559368 14463310 22169124 30926349 31909108 19384861 21387217 10791981 19130081 25580958  1551965  8828480 31592557 18751444
 12 | 27600111 16725543 15372519 12408601 10530845 24830632  2437827   456432 28737726 29757782  8348658  9727479 22662196  1747273 14353363 10030530  3012245 21510184 30945752 23836652 13887342 24937187 21790808 14253494  1185657 15885140
 13 | 32190920 18220634 22609634 29251180 24949708 20689825 27519191 26016814 25240010 14052715 13357565  7745475 13111377 22452921 22164487 23670890  3368727 11038661 32560462 14258953 14815647  3952637 32986261 29168419  1226928 29558165
 14 |  7757845 28116869 29091407  6346877  2762134 30782650 26591017 18063549 25785245 31999221 27828436 21285174 23239743   150427 32719959 12861900  1831869 17703840  5739709  1572771 23497362 16538324 17569834 23876429 16578748  3224229
 15 |  5731137 26770252  9960482 24260565 10363988 10602890 18477334  5910007 28821617  1026898  6221350 21669382 11671402 13909069 10734856  5150420 26734362 11321398  9516408 31883388 18860778  2717976  2791294 22245129 19010285 10392583
 16 | 15784958  8734662 23563059 10842518  5155473 25587967 28341555  5850804 23912276 22394947 30664577 25544967 33373186 15653986 29051144 29743260 11676626  9561699  3763947 12236353  1540442 15644685 21949362 16975627  2431224 13685197
 17 | 28314188 11635175 10973552 22518049 13833733 24239106 30507223  7110558  3650701  4401008  9853964  3786098  8293491 27491498 23842367 30977620 29629379 14274880 30342894 17938290 21253485  1766916 13576598 24268075  3735037  5790990
 18 | 27696365 11695402 25469859 26709263 31960203 21937211 26166679 27417177 33133450 13610620  7301888  4522809 23301138 31913250  9147611 18972980 20890622 30012038 13980486 26173289 23426218 22671368 28965034 20872013  3076292 31697972
 19 | 13022640 12637421 31070570 28820645 30514881 15904728 19588714   485049  1758957 17553692 20758856  9191214  8916870 24187615  1901808  9694913 19255943 21337115 33468185 16882741 23274389 16157485  3206261  1897660  6845844  8692839
 20 | 22680216 29681609  7060440 14932256  8992370 24056185 15929443  5538122 18011821 15334822 31693391  4917812 20130776 31187972  5692463 24209573 15584729 20070159 24520785 27762047 22212911 23219781  8854388 18646128 25803847  9131195
 21 | 20523331 10433238  8732010 14949596 13339617  8676361 29679828 18026413 26725338  7107882  1401628 13469281 10649378 14823335 12855092   794122 10394489  9805801 11198077 16576314 22201120 16646133 11213292 10911417 12512117   993636
 22 | 21050982  8422433 27078396  1743742  2895556  3802469 19548953 27277468 30113648 19076044 12088860 12827919 20520008  3789550 22010473 24375821  2839722 32184630  9907463 22533324  8962075 26647897 15816606 23971645  8580873 23437971
 23 | 12512412 12759319 15509433  5776146  4724566 19576434 32553848  1254575 19628552  6624141 24045246  6627081 15699044 21321483  1391632  4862273 31187223 23149756  8135917 14538245 23423164 14675958  8411937  7798454  7289772 14419194
 24 | 10857275 17471171 18440221 16186657 21932790  7116172  2724842  3131612 31552084 10858992  3634451 21410359 31488847 27384362 18488754 24940755 24706611 21095525  9341327 22526182  2547813 20585934 27898408 15704534 20436157 20522824
 25 | 28523242 26906198 15921354 15621961 29453900 32602169 20879354 24677169 21747009 29471136 17352725 14089364 24135489  6456375   523854  1348658 17627017  2801784 24604125 14902810 18008685  6437695 26043739 23724154  6534255 28519913

No zero minor found at deviation level 2.
