============================================================
APM Result
============================================================
Matrix file       : kernel_32_35.txt
Matrix size       : 33 x 33
Prime (mod p)     : 4294884101
PM block size     : 2 (fixed)
Deviation level   : 3
Minor size tested : 5 x 5
------------------------------------------------------------
Timing
------------------------------------------------------------
Matrix total time : 65912.7241 ms  (65.912724 s)
Minors tested     : 646560800
Avg per minor     : 0.00010194 ms
------------------------------------------------------------
Zero Minors Found : 0
============================================================

Full matrix (33x33) mod 4294884101:
                0           1           2           3           4           5           6           7           8           9          10          11          12          13          14          15          16          17          18          19          20          21          22          23          24          25          26          27          28          29          30          31          32
      ----------- ----------- ----------- ----------- ----------- ----------- ----------- ----------- ----------- ----------- ----------- ----------- ----------- ----------- ----------- ----------- ----------- ----------- ----------- ----------- ----------- ----------- ----------- ----------- ----------- ----------- ----------- ----------- ----------- ----------- ----------- ----------- -----------
  0 |   351299590   462610991 -2082243563  1006207227  1305941646   786298818  1239810793  -570293753  1184220990 -1876804826  -889318990  -211832815  1791155278   739478004   762082309  -600350884   989619378   652952604  -757440141  1743457387   460006033  1016313775  -537037550  1464074350  -805448242  1850291235   239325849  1165730960   381959212  2077598898  -176445384  1868171960 -1592136795
  1 |   182528708 -1047962046 -1774112461  -212790993  1824895252  -300026347  1928591627   745958506 -1115985227  1444596210   543942577   751018416  1507669634  1899722796 -2022509816    45782778  -616858138  1084074203  1948998530  -970164856 -1520509221  2129909575  -218114237     -237074 -1729246047  2007208048   253652646   553295725 -1510427405 -1738099361  -125395206   892763711  -626209322
  2 |   507589498    18601206  1691832044   827496028    11758935  -980486822 -2017163732 -2061913681  -139397809  1025854213   232262809   870587704   162051833    96251981     8279167  -162344785  -446045523   -91491007     1475269  1692062960   792985531  1302601245  -938143676 -1067919671  1118070274  -625132364   968865739 -1116365193  1346364101   791613026    13596057  1486533460  -831357198
  3 |  -886122278  2059645960  1533600029   463221648    57773902   897253073   430617628  -247392808  1989469719  1431170033 -1131803667 -2066935987  -366968783   356814501  -732281911  2125469650  1366825274  1639556924  1678617725 -1129546062  1855072179  -970230203   532752819 -1560840573  -880664575 -1671510799  1187260830   505359779  1981182363 -1828068558 -1369006049  2003600119 -1990185094
  4 | -1931907813 -1715920083  -170041224  1690910883 -1995266087   870758511   893598054   465568546  1034770921    -7840853 -1844502527  1234390618    20221104   741007664 -1124051188  -999622647  -115173688  2136557803   260548090  -106417560  -318043853  -316054969   454612872  -199896063  1079473647 -1543148019  -237208116  1804162846  1792246081 -1215211684 -1739939008 -1441658174  1476555612
  5 | -1881027914  1531959834   147784418   425673239  1931546071   635409895  -579645780 -1819880435 -1307541122 -1898200660  -926629129   936803910 -1360760103   736438902  1510037457  -506313909    77146912  1084416181  1144084685   251732276 -1813077479 -1613505530 -1164461211 -1063612557  -801626335  1930573377    45925365   257738988   570974457  1974347680 -1531700099   654819727   207578313
  6 | -1505856087 -1811494658  1634401344  1376364822   599698548  1316651161   234095155 -1417888101  -654287111 -1180778570   176970932  -435328282  1456682339 -1176589438  1803205743  1453801283   285438605  1701453179 -1386595331 -1158893643  1166393078   195588425 -1812759912 -1587408554  -315402411  1893032460  -719555184  -700576151  1870016865  -405121484 -1659833801  1684962316  -578505714
  7 |   578068607 -1177958407  -137046159 -1039182728  1891489690 -1946064682   709754137  1401394811  -376682050    77568444  1169463857 -1043998375  1943720609   325591778   293130144   945738562   374550282  -751716431  1729142864  2118766656  1160484409 -1106446421  1563300893 -1321452642  -763698083   162484633  -817578296 -1574431441  -588550445  1234867398 -2066630177  -217019327   606529629
  8 | -1649491674  1082396850  1488903857  2130884732   -15612711  1444726761  1713155694  -655283865  -596199617   -37400245   186408035 -1040639775  1964524129  1126578143   555376527   -60867340  1255726274  -663244033  -336012942 -1316179396  -683137944  -604281427  1529375506   589559400 -1066047347  1836285916 -1007122497  2032517546 -1853774819 -1821913452   472231446  -146626963  2141218649
  9 |  1366720687   389561279 -1471579959    51915180 -1668479603 -1401390932   -10262784   -82491262  -977608583  1602743681  -149999037   498493874  1085774368 -1643077836 -1921940216  1351478081  1599435686  1679740299   329572209   605749819 -1652139091   804337368   619047520   329154302 -1424705897  -961803271  1996932696  -219162423  1587351659 -1810102595 -1137105380  1567367239  1497489131
 10 |  1739273717  -559373040 -1894484956  -555798885  1510943055 -1937447460 -1248606220  -701413855   -76996198   406244095  1002571170  -822274308   226826072   622967018 -1275879864  1749292951  1692212960  1397875615   807786394  -247365549   916906690 -1132579297 -1431625233   542911874   -96449087  -760963632  1646348872  1999907720  -791511369  -467133055   124073014  -512560199  -149250038
 11 |  1480934657  -490542301  1966588705 -1622958738   619298749  1933639220  1185052703  -708549916    87994093  -653844979   961054300  1650655252   517885235 -2101975666 -1039313056  -658335743 -1286347846  -842069891   -25606606  1993564397 -1062997787  1429897448   937625660 -1474421725 -1803571949   574457611  -866391049  1725659651   516901864   428223076 -1363464163  -295401642   706021888
 12 |  1995717116  -686156249   -56136829  2115481243   -96181635  -498090397   543174517 -1391581848  1486085628   795030644   365130134  -634403901  2026542896   814011060  1633447423  1907657594  1975299993  -771067357  1059077008  -674909457  1192633761   527502804   791988227  -477037246  1501856823 -1242231466   369225579  -170624568  -660110312  -678040879  1921495704  2103892722  -340881085
 13 |   926801440  1093375377 -1296682578  1515051775  1920416382   724627289  -263456670 -1533277055   307968658 -1934326270  2097034082   -10447341 -1558963561   515561338 -1532725204  1952574296   539898308  1384562730  -606902322   106875123  -529294805  1788605873  2117865408   772814650   -33046830   623763904   442797643 -2127648842   484099921  2042786416  1873146414  1738174630 -1466019208
 14 | -1945164859   960189258  2066056457  1524240465  -111466116 -1103165509 -1113222734 -2134688402 -1453499675   402087718 -1480546586   887708607   627770480 -1173205610  -353010867  -676170738   748563067 -1652833597   625119612  1610562620  1972829965  1917526652   261031667   561253732  1683870782  2065731537  1636485752  1959329488   735582592 -1250986801   434870937  1627088125 -1347858879
 15 |  -621390793  -685532584  1962680560 -1318176587  1753641152    86686883   124970368  1147372757   895544090  -830334676  2122484059  -698829394  -207725158 -1537156512  1000888122   -73213897   409839139  -728923324  -177920832  2076515874 -2134458051   997740320 -1907479429  -504394729     7687007   423772181  1449197214 -1823696941   648180957  1023244875  1364813230  2045663388  -978165646
 16 | -1759744898  -800384355   -10666557  1690961161 -1223774448  1023070910   812984014  1883506808   586287298  1019731638  2065933923    74038637 -1886393188 -1593506268  -973254613   849592160  -450406335  -965878195 -1009755524  1572179768  1362167373   183355448  -764601669   385897588   808881384  1670280822  -818371689    90465702  -682885857  -156939753   520910763   903989607   964831829
 17 | -1505415870  1861220078   882584821  1258490415  1356355872  2032783782 -2037128378  1513321714   562227830 -1528437213  1181984509  -442891737   587419623  -946523630   490195627   165284027  1881185622 -1837400071  -851441047 -1000481529  1184979898   -46962316  -327565221    70751025  -730173966  -318017996  1771835349   323355217 -1686100916   963779864  1864163659   -28313237 -1446559356
 18 |  2103951097 -1806627073  -495046279  -353066897   680366601   258622695   468560347  -115133748 -1139921795  -136378786   442901296  -264236771 -1699371026  -469482443   400120786  1330898858 -1371501743  1597453600  -475444612  -920523944   383156231 -1961788369  1283005209 -1724745656 -1338942487 -2134150266  2070045292 -1443985962  1028457843 -1008367534  -789532021  -278419026 -1603001526
 19 | -2134028334 -1959164765  2030539706 -2127712823  -280249558 -1032844994  -326614509  -158209100  1069062793 -1296786071   -30807819  1645067903  1575182485  1594184916  1584245566 -1120636313 -1359372953 -2043935636   887155071 -1627107212 -1235797959   734307683  1916557046 -1340800902 -1075363671 -1733184127  -395114293 -1817872897   142742936   526032012  1460794012 -1128721808   317672404
 20 | -1027660970   925362701  -388755282  -412876873  -680839537   835878368  -407744157 -1373028437    60869618   433764887 -1605670257  -426727604  -383733693 -1820753352 -1456419738   609019518   347017655   155922117  1398039571  -477131717  -432963964  -102967002  1133784091  -929343848  -286884193 -1454713944   857476298  1554439416 -1304646723   191481891 -1872085166  -978301554   936759473
 21 |   924687217  1336554303   461775461 -1030001978  -122480665  1275545083   403181608   919379281  1854364486  1157683515   -13693361  1955160375  1530345123 -1819618842 -1552223061  1645361244  -762800780   591501261  1873979102   742400496  -303570305  -915696276 -1136347324   869065364  -554748509  -729418509   309089269  1569153551 -1265167736   165068308  1605960591  -880267431  1325031788
 22 |   801158027  -915163411 -1259096299  1214243888  -513646664   501445955   802710767   112445915 -1113829235  1173118453   640185392  -594615993  1440197686  1859222199  -232243025   -97876916   467999467   -85072802   131130072   535759230 -1587334083 -1997958172  1022300224  -192195028 -1254827250 -1100181960   758892659  -816779399   779849412 -1807810185  2123353988   628397736 -1118352085
 23 | -1861478883  1591091798 -1234897748  -511330086  1346441617 -1589551371  2125479296 -1392314096   575881114  -191384851 -2078565095  2117071490  -762464676  1395974127  1814360769  -660097070  -234471784   363904067   141498522  1926917718    18155373   928498672    89039339   320233908  1407369464  1284611951   838463136 -1112912543   259194888   117352926  -117872305  1171074900   551656180
 24 | -1690562888  1986699251 -1454471872  2026442344 -1964423117  -772050711  -683959249  1587464780 -2045717150  1002297030 -1247882887  1611651912   525206062  -557170653  2111145171  1889552600  -115277172  -260108400  -447065792  -610613707 -2127822023   465065769  -258315864  1508975780 -1849308664  -247238029 -1303529352  1123049445 -1206969064   800448199    41492974  -101995010   115863434
 25 |   -37653109  1113666558  1419582001 -1812876882   768052321 -1934056737 -1192591680 -1042194423  1921778844 -1794708522  -217043661   750261100  -435683782 -1757657180  1435282725 -1498731262  -546712691 -1879124138   630427101  1480724914  -785755766   559184800  1454464644  1161914276  1636909060  -726051023  -969215577 -2039256743  -897902997 -1272544183  1113186579 -1959812588   367080422
 26 |   136575406  -125330512  1694299637    63529041  -575293086  1950461224  1951689646  1795259015  2052181368 -1645236290  2075471972   678542268   637352941  1970609611   353435466   832558576 -2054881233  1627206668   404975771  -236003307 -2146721286 -1992291736  1420850438  -229649377  -565696242 -1749687830  -640688913   420237735  1301976320  -674331141 -1947370386   446330172  1697995162
 27 |  -392465022  1561034168 -2129057277 -1133488107 -1489427333  2067793577   170963401  -975557547  1125862285   330332175  1167681617  1699630690   795618223   582118673   915192142  -562056092 -1668926684  -469841916 -1298466117  1954512573 -1130862335   339672622  -407438932  1900679009 -1062104156    58685874     7672003  1670609533  1373328909  1438275798  1713111567  2058441982 -1231550441
 28 |  1467038378  2009057620   341953009    23085331   421828909  -897438332 -1650995069  2140062072 -1416593054 -1276366301  1998851215 -1698214170 -1011434413   208756182 -1914140938  1800955806   722924413  -710945904 -1267623438  -484765156  1996228096  1116479206  -817210029   799650114   348232615  -422974337  -104908537  -743554176  -871545272   544961940  1691877854   496221301 -2135968587
 29 |   500609083  1892695802  -644152670  2078755175   995158135   562098027  1797180399 -1311240201  -950365861  1110094958   799165141 -1887392930  1128211202 -1290110976  1371537894  1902471161  1597742146 -1062604100   -49686699 -1204443781 -2031275274  1918256758 -1062872040  1788768507 -1463089344 -1654819131 -1368342329   -19890094   202937799 -1473385184  -934372749  1732709838  -709053940
 30 |   315283002  1941270927  -223057387 -1489268746  1909231887   167388054   697937459  -808845571 -1304146017 -2017658868  1410706416  1406516144 -1698651926 -1071425320   367307455  -256350525  -499389930 -2077469327  1825443482   946000209   831119075  -943305503 -1682283699  -533166022  1184390111  -836681828   769351382  1348295282 -2070250347 -1350599640  1156441333   341876422  1321414109
 31 | -2137227519   905745109 -1300423644  2137296735   894569944  2033003393  -634068476  1906744337 -1540550649   335475408   635698236   224844323 -2126730115  -559608778 -1949010583   381601001  1502446719   757111311  -187758681  2115982467  -848146942   542051114   532843736 -2016107132  1332290129 -1310945109  -569183292  -102433614  1485443392   -18290035   270851107 -1195801442  -174620002
 32 |  -239869889  1175427099 -1183789728  1343728116  1130785714 -1703171686 -1764361833  -162878695  -185955997    67461453 -1808765728  -747457630  -455160883 -1086721185  -304595462  1085820382 -1344914649  1358260173    55452402    25819005 -1526617594  -992241345  -716725998 -1362328106 -1341398542  -174843251 -1618490402  -260227971   791166731  1641380955  -527029096  1926682855 -2108215269

No zero minor found at deviation level 3.
