============================================================
APM Result
============================================================
Matrix file       : kernel_33_88.txt
Matrix size       : 34 x 34
Prime (mod p)     : 8589934583
PM block size     : 2 (fixed)
Deviation level   : 5
Minor size tested : 7 x 7
------------------------------------------------------------
Matrix total time : 1594887.9111 ms  (1594.887911 s)
Minors tested     : 24745082880
Avg per minor     : 0.00006445 ms
------------------------------------------------------------
Zero Minors Found : 1
============================================================

Full matrix (34x34) mod 8589934583:
               0          1          2          3          4          5          6          7          8          9         10         11         12         13         14         15         16         17         18         19         20         21         22         23         24         25         26         27         28         29         30         31         32         33
      ---------- ---------- ---------- ---------- ---------- ---------- ---------- ---------- ---------- ---------- ---------- ---------- ---------- ---------- ---------- ---------- ---------- ---------- ---------- ---------- ---------- ---------- ---------- ---------- ---------- ---------- ---------- ---------- ---------- ---------- ---------- ---------- ---------- ----------
  0 | 8126187985 6958319379 8041596113 8333761878 7908050382 3602870977 2160415575 3571245215 3006565504 4830592020 8559061462 2179248345 3566104698 1894854474 5383957687  114086192 1586284671 7067602242 6592465314 7523565157  472286992 5623801310 3901250104 3954359159 6661018966 3963898263 2705544419 8364335032 3351825005 2306755874 3138943599 4309025212 6660651541 3106127083
  1 | 4603905109 7098994078 4476180161 7386635366 6232116199 2493869239 6446293704 5537557293 5637788151 8522986337 8507517923 4215975278 4267984248  361559353 3701669161 5791991969 5230927480 1189303463 2517265969 5839979121 5401868607 1067704402 5142875071 5939071136 6619173906 3819096638 6535126606 5792203270 8126772275 3729005817 5680049937  451209732 6895681171 8562849563
  2 | 4309710872  785821258 5816479391 3354691783 5171787812 2505708633 2857902094 2329730762 3118602457 3036235638 1683996895 1119480112 4977200145  124314441 7624397971 7631263902 8238120665 1677612622 1334950534 5384753321 3812155876 1090183573 1826803430 3259839981 2033674181 3109589315  762623067  633451193 6278550459 8219094678 3200857705 4975195001 1608450343 5480875525
  3 | 3165685822 2949114107 3144019352 6803913395 5669347684 4040471403 8318256658 5457521833 1842585317 3543630454 8060884543 5693298180 7163582991 8502851106 5136742467 1595726123 3345212352 7350166092 6675899201 4810983374 6683416907 6531294641 4760185866 4754875948 7144874603 3536509300 1740895658 6646438736 4787358662 8452239242 2050909351  446014218 1528970281 1802958225
  4 | 2063355746 1803108218 1553121292  764081817 8157637317 3918619954 5285643959 6500624983 7550223955 6072697178 5979128283  298077956 2697704357 6698412665 5152064152 7797886327 7964562469 4051029196  786484257 1755876627 6885096801 3586291730 4760275798 5704739788 4876464765 6941983538 7660002205 7273226575 6735308948 3813151869 1364159340 5089646725 5278456146 5275318327
  5 | 2920234632 1957786911 7377360900  996735467 4348971811  142316415 6332981119  457336009 7897566231 6419285558 1400972597  311776717 2698557176 8159469953 4083941475 8331660437 4100005356 2282146435  605254773 7550311434 7485422096  643178296   39523297 3236767646 4124448300 3652856217 4782472769 7840429540 5711371517 3089440623 5320939607 7712169471 7875862794 7074901728
  6 | 7857543974   31653911 1233671180 5049309032 4155242314  165308055 5372806189 5067687594  820063911 2657524711 4075191372 8221938149  429958741 7508301799 2863504492 6118261090 5469604977 6145399615 7755407351 7597556466 3094143056 3563196464 7814819852 5756545435 7865288355 6659180959 7964232385 6389796542 6218380880 4665222509 7422982750 8058965640 5654886963 4512744929
  7 | 2045979051 7637284275 3812302578 1268620453 3751557782 5144493552 2598822623 4859624219  173668772 1503295955  355087472 6151540774 5052715573  467398256 4138247153  732178630 8123488620 5687802435 6560675162 4809129055 4012332667 6294710090 1617213707 7261533841 8007985776   81675555 5548981748  469025774 1635387406 6642356718 3947125664 7830449972 4292647653  353432994
  8 | 1764693627  934158707 1837581353   61849443 7927509407  928006767 6585109441  627816029 3545655291  164781764 8145353979 7829428753 5856904062 7389542564 1599461051 3211353924 7563493752 3659119754 5071534603 4336740816 3439118503 4723387897 3882455051 6311241909 6812276245 5880365610 8417300728 4861808286 6720190611 4399661291 1644871486 3881753769 1557777856  277086036
  9 | 1646063677 8067758517 7207002011  521350210 3570814086 2853908904  692472905 5065770561 7775665659 8240195924  595360842 3393087820 7986479343 8428677517 5307893193  803708839  811783924 1481809180 4240503228 8415938108 6325930580 7616842110 3941943970 1914489860 5315346005 3300518656 6794056077 4607524830 3782811883 6159973002 1136414083  223491092  825384777 4448748200
 10 | 7427373457 4831505738  148322654 7201267327 1902642313 7646942497 8319198925 4971516259  153305471 3324312219 6859522405 5191461396  208467287  903604176 8487160807 5307388827 2753646278 2348276930 3829731295 3661462421  959891536 1067095674 7963154871 5738764339  859269587 5843314528 5468092473 3904787337  126311141 2823992356 7456112521 2049851624  737559592 6993284514
 11 | 2733712733 3847017788 7117752456 1493597390 8413719169  220618521 1002338249 7243526140 7482673139 4275343211 5912584747 5962524351 3532206263 2036307800 4740598108 2858629172 7539497323 5640630280 3169335940  803221259 7807911342 3281856549 7541308714 4613928817  579624466  604811530 6050179391 6501179322    6032774 5039627417 1206361572 7002482267 7909710646 3031911561
 12 | 1133578535 1075218116  541982801 2037320265 7442159872 5706181127 2035899071 3370720223 8063067824 5527485777 8458229888 2526043652 1208281684 3563794127 7528743986 5883180040 3948600023  493316245 2122788751 7842049518 2779002385 4581629727 5355971191 2143977734 5881746657 2913733782 1183430327 8093334655 2310479060  442777244  165940861  338542025 7278880302 7206328919
 13 |  902976650 3148580981 1475198822 2765721752 5661826718 3703758191 2894846097 8104603357 3358678122 8402476960 3732602761 7388904644 8409185310 5042339708 2764953917 6543354483 5851199842 2166512402 6081522153 8443833427  155195898 5356562509  814546435 5518590726 5275450104 2514697573 6767305272 3847149677 7799325954 1474934150 5766712975 5801402789  516396439 3280678273
 14 | 4450786711 5107933213  684488370 5130438256 6758349833 7003421795  133552720 2948413563 4169319818  678364511 6475689002 2266151205 4722052934 6115844186 5553171942  372574979 6995495667 7186583872   16556361 5535693003 2192336003 3781069669 6739456474 8519750298 7767923400  551850696 7809726066  499647373 7318595383 4749811743 7436305894 7850133442 3537577515 7265688198
 15 | 7730096199  441189213 3506860038 2398914426 2439921817 5059066855 3506568068 4206191533 6448512084 6665954698 4882451447 7996474252 8584213722 5332701876 4464934592 2471574449 1436469743 6430800361  543005621 6354510186 1882102796 4375331984 5276559735 4017318372 6217116548 6281031940   30173809  344155887 2159864089 2703176412 5464525368 2903122357 2187735269 8126276445
 16 | 8461684969 3896474800 4130951876 5749880142 7224365243 2729472694 4350893049 6253092505 1020833121 2020894284 6463338201 4728890695 2701920754  420801592 1004994381 5026199721 5743965360 1415401339 4601003359 1022533853 1995613011 4426092067 7345503086 3415059847 8117926369 1332330505 3077242639 2457682997 8394430470 3971500146  563267900 3086644104  214516766 3204692295
 17 | 4423373029 5102970588 7093667216 5432712228 4798035684 7673000782 8558610382 8347807025 7127348142 1423388521 2681840296 6307507092 7531708441 5632803899  528723627 3168879167 4899229106 2804605569  648497930 6990247483 3350172150 7308941946 7406959092 3938825973 7900953634 4777776289 2638030725 4691492913 1400268695 3977504457 6624519947 6340866502 3887365639 7040829635
 18 | 8497141478 7688444437 3333449248 3668244722 8436415696 7352004424 1013034835 5836540025 5226064710 4685492339 1159231567 2621223732 6100371705 3348130092 5497912860 7402498837 4236855982 1072463872 4044537287   90147472 4775755936 2717346794 7762359806 2147973893 7698264580 5596799391 6660284891 3827232788 3878989026 5639914811 6220231233 6587883873 3288394712 2298792951
 19 | 6679413276 7389928647 5579800149 3245978591 1266558379 8277832347 8095391815 5558167066 8244582784 4535693081 1316494367 5065071574 7949407572 3074451417 7702853626  887771205 6208845757 6653365477 4277231211 1785354269 2769595799  886922696 5450054324 4615155220 3726024919 6930382166 2399320205 7504571194 5538607319 4373061121 8540091271 2657669233 8008016214 2251704817
 20 | 3536801786 6342820270 7789010485 3313889283 6873182505 4490367980 7758637334 6430007330 6041297804 5706275857 4613278456 5153685520 5350876455 7008786750 6905085271 5240506527 7622319631 8549810322 5329037429 8493115754 1688275547 3174898546  109614014 7931693584 8326528237 1903198306 1112343239 4265733091 4545089440 1397183227 5088067425 1388225738 1617637415 7155395757
 21 | 2612000199 5764828449 4897758103 7759096735  734089513 4011992686 7310397210 5568783593 8302500993 8089411681 2136297630 4451185545 3637887599 7354276681 3829968497 1801437711 6784662068 5294910288 6350159936 7999783157 3210306808  437891192 2917697508 4597895187 7655760471  232238375   74971392 8180500506 8243983575  768932144 3687442135 5183258790 3066837508  768841705
 22 | 4283777019 4812756197 6855308644 7226500530 7858624622 8054984756 6263533093 6848704849  274744212 3063923315 2252002105 3155637340 5860375190 3610406417 6087055077 5219149269 6618499931 1650302199 4726183629 1410589619  895146815    2495203 6040941425 2545295684 3952526663 6098152393 7428711075  208666051 7017045554 5729520867 3085019432   19644686 4563108566 7303850605
 23 | 7397404753 8107059633 7797050667  351635815 2486912417 7236987249 1161697850 7794344299 4633029299 3454508972 7708153693 6681250066 1206477115 5810136499 2984127678 1813303738 2250389918 4381411618 3288372767 4170532533 2972751473 2023354208 7430836484 8586553242 5554140704 5958563214 1934896380 5517548480 1939694104 8350602010 3438914267 3586084668 2975211401 4043997293
 24 | 7899528897  491456118 5865888515 2355258536 1429692303 1680276646 2861259564 2823203348 2809949362 3515748692 7459602257 1135949111 5108469585 5238894595 2787481547 1485279620 7182478537 6031687636 3725772161 5398874608 6225518791 2734373237 3871102663 5915970375 2926845120 5054586184  460565445 8472827300 5618492121  675126015 8210962367 4051959895 7771106499 1875449237
 25 | 5263646870 4107548934 2715287974 1939198467 1956417907 1495860907 2461034601 4846379407 2485029767 7673078023   58995155 7358872886 3066765878 7412442909 6946957929 5844488467 2394528522 3661250249 2500207022  523109306 2234979690 6665088456 3578743194 1583423706 8142926349 8357032445 1354121638 2048752013  447181407 5020007697 4367618353 4986798421 2076278875 7900046513
 26 | 5548833151 3098523908 1962091711 5236602473 8567368092 8314094166 1411934422 6232185897 8568579072 2960000856 5072526034 3263943613 3088360173 4937796618  891235430 6259378875 4781136942 7909861667 2292548642 8473089885 4930626908 7649953249 4081338486 7898646762 4123022885 6352738058 3063091373  326453425 6424835340 6633344150 4751375479 1200066008 5646592336 6314108255
 27 | 6442845341 1241512506 4648843009 4479430725 8352214263  279967969 4694481224 2164218323 3763831461 4144667361 7233591395 5409450387 5097870829 2212578670 5400740076 2631330752 1973859995 4612924875 3739406603 5417888731 7350603721 4834491980 5419125495 1584060217 6125031036 5218040778 4553545708 3584872218  298444798 3771577200 5573268015 2026630991 6039035597 3367109055
 28 | 8273733592 6517921077 7725618132 7790965626 7724921150 6880233821 5489900912 4756768446 1277992851 5080758919   46491533 8150842420 4659126086 8353995519 1425374833 1893730043 4705389528 4573898925 2007153570 7068512764 5727071424 3221049727 8497728256 5174196600 4159413418 3064001993 4800941515 2141333311 6939247984 7623886782 7725219501 7399820435 4072087279 7652005745
 29 | 6419513096 1387571526  244669477 7188530969 5291403546 5644704698 6212665627 7458820620 1594117863 5134866761  443514853 4582652872 2667304240 5764220752 4192213255 4048697776 3468662034 3256651282 2909594675  333631377 5249049737   53134575 2276521796 5462276944 7585319154 2316408802 2956053995 7496855043 1453310239 4419241103 5021426320 4633523900 3649532038 4391542585
 30 | 7006712415 6267670202 2674708609 1633473833 3785574372 4295846789 5716492678 3693485119 5764612779 6572739600 5210632056 5394911654 3316396907 7074222677 5832018299 4315267268 4427839747 3816860347 8293036464 6709455637 7690785685 6878964835 1875048301 3849063591 7010470029 3053084808  440744088 2293395631  463565032 1691239575 6364779911 6495345969 1331972027 1945253423
 31 |  881334884 7837983421 7147965629 6759901325   70727792 7129826981 2001377881 3547734421 4151983580 3588117518 1995055405 1651077248 5644258349 3002381980 6361385609 8268004062 4573211976 5168914655 7278655653 4822534823 2001980619 1817876257 2396419842  954980554 5172847515 5364817635 7318279825 6346289092 6538381333 2649294050 4115951696 7935900818   31153009 2671164904
 32 | 4987418315 1708617204 7585285763 2661451682 4557878695 5451392224 5831946380 5011094932 2054948575 5060658098 1325186364 5315790609 6744963485 5146126137 1527336475 7658631855 5536777875 2506154657 7288191997 2755348932 1535638546  272306896 2184728683 5723860938 2467293151 7473022790 3761238716 7293122013 4681671389 4802805333 4704638448 6182035293 7936440894 3311941534
 33 | 5790443659 1417160528 2308657399  296149861 4587415561 3106756843 3139639218 6348502177 3395516847 6468365709 5460855088 7813098527 5083116783 6399360482 4721733080 5561583877 3047409951 2053611885 4498562260 6606654417 3573489130  588884981 3204438188 6852196471 2342879066 2255557637  596301317 3554153819 2354069175 3216768513 6903026101 2780752942 7096802729 4482914065

--- Zero Minor #1 ---
  Minor size (k)   : 7
  Deviation        : 5
  Principal block s: 0  (indices {0, 1})
  Row indices [7]  : 0 1 5 12 21 29 32
  Col indices [7]  : 0 1 6 18 23 26 28
  Time found       : 1594873.6799 ms
  Minors tested    : 24745082880

  Principal 2x2 block (s=0, rows/cols {0,1}):
    [ 8126187985  6958319379 ]
    [ 4603905109  7098994078 ]

  Extracted 7x7 submatrix  (det mod p = 0):
                 0*          1*          6          18          23          26          28 
        ----------- ----------- ----------- ----------- ----------- ----------- -----------
    0* |[8126187985][6958319379] 2160415575  6592465314  3954359159  2705544419  3351825005 
    1* |[4603905109][7098994078] 6446293704  2517265969  5939071136  6535126606  8126772275 
    5  | 2920234632  1957786911  6332981119   605254773  3236767646  4782472769  5711371517 
   12  | 1133578535  1075218116  2035899071  2122788751  2143977734  1183430327  2310479060 
   21  | 2612000199  5764828449  7310397210  6350159936  4597895187    74971392  8243983575 
   29  | 6419513096  1387571526  6212665627  2909594675  5462276944  2956053995  1453310239 
   32  | 4987418315  1708617204  5831946380  7288191997  5723860938  3761238716  4681671389 

