============================================================
APM Result
============================================================
Matrix file       : kernel_33_82.txt
Matrix size       : 34 x 34
Prime (mod p)     : 8589934583
PM block size     : 2 (fixed)
Deviation level   : 5
Minor size tested : 7 x 7
------------------------------------------------------------
Matrix total time : 105311.0581 ms  (105.311058 s)
Minors tested     : 1649672192
Avg per minor     : 0.00006384 ms
------------------------------------------------------------
Zero Minors Found : 1
============================================================

Full matrix (34x34) mod 8589934583:
               0          1          2          3          4          5          6          7          8          9         10         11         12         13         14         15         16         17         18         19         20         21         22         23         24         25         26         27         28         29         30         31         32         33
      ---------- ---------- ---------- ---------- ---------- ---------- ---------- ---------- ---------- ---------- ---------- ---------- ---------- ---------- ---------- ---------- ---------- ---------- ---------- ---------- ---------- ---------- ---------- ---------- ---------- ---------- ---------- ---------- ---------- ---------- ---------- ---------- ---------- ----------
  0 | 2436954441 5881481512 8480236417 4442323172 5243097515 1684203097 7305290274 5364110346 7957817659 2143818893 3224673571  757080724 8525481303  807480766 7016478115 1417494783  249901776 5522568473 6428442072 5906947895 3858260171 5130069909 4399447952 7173036006 5066027095 2135767346 4597333490 1871204412 7520421701 3768125905 8254364796 6973469429  868734885 1494496672
  1 |  151425707 8530620324 6784579412 6825581419 4042466424 4126458182 2548021152 6217619880  410824938 1620428467 2614391492 5432213881 1856954456 3047916075 2636750021 8086396164 3545114207 3132612002 1190392579 1426377904  155093810 2724321150 5766792160 1026968371 6632351994 2721888996 5557448021 3375039768  935709937 8321074864 2139645121 4437679108 4587379695  855762398
  2 | 3946609868 4789434219  751331015 5638495283 1477157286  632368864 7503920690 1647353464  816312598 7218000871 5449985444 5760957384 4787405072 5818639506  409772073 4841458663 1158948950 4013191699 4542829454  700864211 2879526588 5030377246 5821043038 5361411322 7690595999 1496044894 4407024884  410559597 3099693362 6447307561  194145056 6522165234 7198699989 4655006855
  3 | 3928499267 1838230927 3920277622 4360454578 7028373216 3958172637 2502626033 5701797544 6147282191 2417404607 2503700601 5280930744 7604448626 7541751498 3307406742 3941601790 4072402966 1628349200 6095534498  123005449 6695782026 5126871426 4446848792 3512257538 4796608226 4865091283 4728272939 3956368002 1483455840 8431005095 7044624645 7902038664  831947063 2707445764
  4 | 3130728798 3233312966 7031763101 7084244488 1272254209 4145346658 7205331324 7768271008 2799752830 6094550360 6251515246 2426567287 5585518758 1128413632 7157932142 5254274543 1731504253 7495524324  202798843 2257040583 5514918056 6050418652  167358704  692081813  132924194 2408385889  708601059 2576400258 2758942052 5974164482  519968112 2159388730 1004514013 8404082813
  5 | 1197305711 1241856269 6548676810 1053860467 1108079965 3299242466 1335050860 2787245438 6196530866 4301621894 2907727370 4647509554 2899122764 8475164120 6585929185 7256965801 5447351275 2921209262 2610433370 1621409475 2898094845 3061005574 8463889132 5062833674 8020630820 1137444934 8361239925 2069740859  654490462 3400091106  341637458 3621536310 3797632030 7927340705
  6 | 8110199392 2900791830 3289212304 4052867582   62759383 2374999643 5649152141 7301869307 1847789839 6601631301 6570412971 2590291194 7342366040 5377254913 1344095163  868567916 6332768144  617976908 5314446916 6865645841 5087161049 5176368405 8488282739 7217872327 5352264331 5699245511 1984696346 6301427129 3736340096 5650915744 4071217319   55606998 1547166313 4246319707
  7 | 1614201395 4202327146 3396398335 7024600846 2451219516 3035009052 4405680747 1459229213 3884434239 1255049997 5350020574 1687752120 6668570976  762817313 5450091881 3889623983 5000282836 7908300361 2061611215 7383893509 3508106763 6518274531 2804220671 4387311527  761345630 1221952598 6430033991 5136730927 4345798551 7134397702 8350481898 7433557095 7692334985 5171903597
  8 | 4400827281 2422261745  985929281 2222011738 7879929925 2757566216 2245753923 6283723288 6866743987 3377704315 6703729281 1161021862 7570803813 3506935897 5889016320 5383315472 7952360971 2985411228 4131555086 5897552880 3410697557 4807372956 1459590379  746577362 5818133210 5842658083 1451162831 7484871267  799242851 8032317157 4741361178 4011302941 3662498582 2871790001
  9 | 7114089764 3445255410 6009184881 7354989807 4491006003 7950668187 6730877388 2946263358 2575923116 5483333045 6851006143 5328058557 5691561258 7208973674 6306025253  218085054 4555022518 2009701338  977741911 7709516160 4706270374 3091182069 3718221733 7850666734 6523637997 4595355022 1366852961 3033114577 5153347880  818559282 4094005053 7470640485 6279851525 3816063914
 10 | 4885344631 1891754958 4552725164 1209883361 8550712935  338147299 2984118115 7130095865 8141467570  338011164 2219050502 7509623071  635243843 2182394130 3293544388 7640242038 5338878071 6590882837 7302651033 3025386955 6734690916 2699324583 6327996066  562758426 4361709204 2288176051 5267922855 5140317227 8123973245 5076655340   78565618 3640412683  109790063 4154655723
 11 | 6701585685 3247553776 2705050350   28510894 1910783288 7947965680 1218356277 3475998513 3490666285 4672372614 7547954330 4834194494 1605815370 8219705925 3765612804 8067397328 7720143940 8061897497 2174837698 2173907876    9183247  416990662 6085717961  816230801 6479875412 2244118028 2153730699 4375148271 3863916534 4647434355  927297359 1807582638 1974455231 2558606472
 12 | 6833148443   69955795 2775687713 2792610901 1437777788 4639381086 8034163525 3685074290 7440911312 6588409690 1298063189  559660763 2558315774   83783823 5901911625 6703223173 4589848783 5899669094 6727438140  353782542 4504176391  468759771 6825484713 4596182840 1489201349 8277323820 4459225017 8103290221 2928323232 4110749480 2878757287 3043316825 7670811071 4770760900
 13 | 6114499143 6733252829 7251017620 6124953791 6943671393 2432467688 5299793224 7260663494 4272088800 1810900381 3859903341 1907201873 3016708526 6493412794 4535112936 1138816655 7586594734 3012844588 5542118740 7285292620 7634047246 1232732391 7451459355 5544963138 3263856511 2835635832 5337176996 4722201276 1288188635 5427731473 2360200136 2793133784 5476349624 8127593639
 14 |  490529971 7571057672 7537779264 3282056050 1534224689 3183355199 6152615089 2787161511 5871157871 7406473892  489859283 6670202559 8153380730 6919061392 3306372201 8515931109 4754279045 2763932697 2900381581 5185710656 5176315443 3207120188 5313223880 3651364010 1996969629 6339467731 7746192991 8487774727  878655976 5653548404 2580069581 4862282434 7759886534 2264819964
 15 | 7313684656  209115913  290596911 2686609247 6093665977 1209485883  778037158 3093737277 3857034698 2276102513 4420038129  546919323 4585413079 6246328685 4215501764 5510482191 8137110779 3292447453 1626835450 3808866545 3535277267 2188460799 2977690822 1368218945 2233355207 8582529992 5132342907 6468016661 5232227378 6879728895 5586221246 1522683590 8556924010 5574178078
 16 | 5896668929 2658442976 8456973780 3564749444 7372115484 1952791223 1536279785 2055757819 4665807727 3399132480 1934295824 4307608580 5623308854  349519024  832265679  141270908 8066362725  886753870 4409699988 4091294528 4388576735 4117061306  251082259 3908369650 3537497674 5728136651 2450434239 4862916881 3815593970 6794925119  453838189 3279967474 5985566225 3055769373
 17 | 4816550263 7749282085 5126947885 7969628946  885991264 3323108404 6024405310 4741615632 5000837950 1195680104   25387380 2450353138 3767190335 4800288197 2378671399 3945926977 2036731520 3947912428 6544637677 7260035890 3881144625 4514448192 7161860097 1784086394 4025676495 7529283037 7349283755 7959781023 5347126444 1923866119  159323816 4958538730 6803469446 6875709830
 18 | 3956396565 1937960333 7656095067 3332633275 7761729545 7178894674 5532910901 6787996967 8221227671 1218564403 4777329718 1873201529 5626858714 3003232083 2324758251 8271077371 5361459014 2063450609 8440435005  932527916 4640664578  701624795  654794782 7637899786 2679667675 3438330100 5135468085 4904447808 1242951852 6552006431 3653600031 7437827712 2288062148 3776473051
 19 | 3687784051 1690433121  463900919 5000934274 4705791829 6369989391 5155636610 8432660667 2662073108 7495453302 3653940485 5987662273 4163788412 1394288116 8407772837 7176643881 2303571616 8038693103 7633340578 6367118784 3455708614 1174630833   73558845 4319843177 1129685416 4382267732 2223076807 3398885732 8457664331 3817023424 8486762786 5183835447 1162479491 1450593038
 20 | 7827476391 3608443634 1254748110 2519272145 8016652060 7973756609 1050798974 4820635252 1652573102  873891495 3064198029 8301964065 6696343319 1486992147 6241620116 2050102731 6490161990 6998694560 7675941439 7398439134 3357785052 5313812272 4472931588 6492389386 4647289873 5799011505 3565457937 7862409499 5677701611 4460557398 1675123243 6472960191 8196643175 4363944287
 21 |  969622592 3948879720 3847022018 6860312144 5108854640 2670317705 1056902189 8173956325 6732679757 6551182546 7762354937 1936216713 7449012375 1121670925 5069433247 3590755376 7820169999 6425011418 5625631781 2128924020 3575088476 2922251381 2467092378 3795610918 6407078302 2894169376 1790245369 7049955334 3980502520  547997948 7420892331 8181785680 4829928177  705380451
 22 | 4751821118 6780921949 4779402148 1758572301 5588844759  210068253 7731248572 4232563025 6921960750 5531358898 5509664741 4879506574 8305049096 7983815679  446381572 3281494687 2004451346 3672027902 4418000757 1756763393 3439095785 3307038046 7123090575 1772476599 7430112651 5305653436  455359906 3815288378 4586275128 6518128526 3885885862 3880473969 6512049906 1324869883
 23 | 6678189827 5096971375 4058714059 3113776689 2384912383 4047585772  986927132 8340076818 5456316555 8348127401 4723758121 2543802727 1162194355 7633265464 6526055891  452676243  878265311 5599402711 6266480958 2238248243 2783778470 4965143309 4336026316 3672346608 2310779976 5447090222 4602581971 1473104014 8351664686 7076559976 5261112160  804591674 8544738617 3265904419
 24 | 3621257433 4516945178 3548551192 5369869847 1340132098 1958638286  818292991 2107953437 7072056368 6335388577 8558957565 1972586995 4617996181 3465601608 3723195978 1045842225 2913937263 3033272244 4718917014 5387899900 1873197618 7153904659 2641853512  975508326 2197184432 1878690702 8577237755 4816695312 6703483060 4332965401 2042104219 5409433450 6276621886 7308529151
 25 | 6871192552 4842544721 2207327221 4302119957 8116969410 3970998234 4204640100 2962679323 4031746205 7783203109 6948748308 5843418288 1139198027 1305970972  630618919 6309381456   97230580 7449238969 8106471405 3825590687 3611881686 8472340987 7325425523  748609691 3764055146 6265059653 5178327401 1526733024  362251464 2966065805 1911291487 8325214266 7810173139 8273874266
 26 | 1299409217 6982740582 7133337455  679133074 1538825374  461461394 6703998518 3785199862 5733656475 1536205116 4515029362 1740854765 5407969947 1746997968 4925993769 6803624236  395746374 5712015556 5010563526  904296759 6374778369 6734880264 2465043538 3005234578 3456686279 2106865981  188571579 3844579054 1749329267 5252087498 1514401605 4913633020 6190621233 4302992228
 27 | 4488397179 4394115791 5725514925 1558929733 8115365955 6061129823 1832846660 3771763553 5540988760 7721068802 6672140573 4455549345 7571387021 4620368539 4288699851 5736408295 4977430094 3510545180 1623585427 5567613747 4951982651 8083374896 2717384657 2972798370 5694375322 2229908195 2883451247 4980288580 5932449950 8457352564 3774522661  945165877 2461664153 5639899818
 28 | 3050719897 3340091020 8104066742 3004467738 7447695888 8395361951 2185287922 6055215472 8012829436 6317150374 6855916578 6028367971 8018491808  248790285 4767851807 8539501769 5818312282 8334880966 7924949052  637572640  797432839 6055882526 7242236481 2553525804 6269668491 7757709033 6091532809 4847565521 7374800372  402061125  283833095 3345185005 7922143016  209992846
 29 | 6214900690 7724702457 6683798833 3281363501 4516233095 4275298833 2607419332 7526727755 2658612715 4722020729 1950594409 5277332450 7889010937 7873202531 7063582309 6408471076 7300910261  268377979 3849127359   40588675 7810245578 6180503800 2985823099 8375289528 5000612342 5938420649 3030639057 6182949442 4242527378 1755417398 4466601957 5667991566 6856821530 7648222657
 30 | 1702823583  950835295  902817002 1093754154  594752607 2107097768 5886600971 5852087344 3736703118  541649587 7062843084 6890729249 6229456195 7864135645 6834469073 2416734108 3423741528 8317823977 3428463749 6656989424 7049344510 5947316914 5913689155 6859738598 5168393683 2742525806 6289292728 3421864960 2428939729 5316197722 1807541254 4320938863 7336851366 3787529014
 31 |  951461597 5519495350 2050022262 3477059963 2655020226 3301968543 8264031760 7038111130 1779452625 6525375132 6179118198 4360648572 6298699975 3533014165 2785469894 7309376623 5613824350 8212619231 2556272717 5211527832 6089216071 3185432260 5690505625 3902751898 6570861934 1540182209 5113563050 7032832873 3596907505 4312831906 1744976368 7910767886 3456834142 6952834754
 32 | 8403093869  521255611 4814663233 4979160595  601904016 7943769755 4324086772 4278338696 4145722403 4180658424  644052290 5746699022 7183153757 4417555958 7831588252 3896912376 8001191508 2304199223 6721310190 1726924724 3604647748 2282746103 4415630953 2659965427 1477116322 2146636016  682955690 6589320495 4364004721 8264253729 5679987945 6104970565 4924289920 5659053020
 33 | 4869051457 2713898646 1983335104 6546185698 1496973548 2078950252 6553966938  905154369  452522487 3413202907 5533513662 2314198711 1310929803 4009327772 4450284957  881715377 4321540711 2829709058 4371238383 1168698346 1400868120 5031940757  813509465 8352727593 2821051469 6563653020 7076580046 3168100367  646266775 5166141290 7933696225 6272745353  560310398 3996493542

--- Zero Minor #1 ---
  Minor size (k)   : 7
  Deviation        : 5
  Principal block s: 0  (indices {0, 1})
  Row indices [7]  : 0 1 4 16 20 21 28
  Col indices [7]  : 0 1 2 3 4 15 32
  Time found       : 105296.8142 ms
  Minors tested    : 1649672192

  Principal 2x2 block (s=0, rows/cols {0,1}):
    [ 2436954441  5881481512 ]
    [  151425707  8530620324 ]

  Extracted 7x7 submatrix  (det mod p = 0):
                 0*          1*          2           3           4          15          32 
        ----------- ----------- ----------- ----------- ----------- ----------- -----------
    0* |[2436954441][5881481512] 8480236417  4442323172  5243097515  1417494783   868734885 
    1* |[ 151425707][8530620324] 6784579412  6825581419  4042466424  8086396164  4587379695 
    4  | 3130728798  3233312966  7031763101  7084244488  1272254209  5254274543  1004514013 
   16  | 5896668929  2658442976  8456973780  3564749444  7372115484   141270908  5985566225 
   20  | 7827476391  3608443634  1254748110  2519272145  8016652060  2050102731  8196643175 
   21  |  969622592  3948879720  3847022018  6860312144  5108854640  3590755376  4829928177 
   28  | 3050719897  3340091020  8104066742  3004467738  7447695888  8539501769  7922143016 

