============================================================
APM Result
============================================================
Matrix file       : kernel_33_36.txt
Matrix size       : 34 x 34
Prime (mod p)     : 8589934583
PM block size     : 2 (fixed)
Deviation level   : 5
Minor size tested : 7 x 7
------------------------------------------------------------
Matrix total time : 848715.7542 ms  (848.715754 s)
Minors tested     : 13197377536
Avg per minor     : 0.00006431 ms
------------------------------------------------------------
Zero Minors Found : 1
============================================================

Full matrix (34x34) mod 8589934583:
               0          1          2          3          4          5          6          7          8          9         10         11         12         13         14         15         16         17         18         19         20         21         22         23         24         25         26         27         28         29         30         31         32         33
      ---------- ---------- ---------- ---------- ---------- ---------- ---------- ---------- ---------- ---------- ---------- ---------- ---------- ---------- ---------- ---------- ---------- ---------- ---------- ---------- ---------- ---------- ---------- ---------- ---------- ---------- ---------- ---------- ---------- ---------- ---------- ---------- ---------- ----------
  0 | 2608244947 7019274293 1047695650 5115532299 5923654249 4807910854  272935322 7688456962 3795407806  875578608 7771113643 6029250984 4521553427 4095147121 4398104395 5310313787  742108073 8427755595 4052619720 5487951727  712608341 2895281141 4546693514 6832624402 5139117661   66296990 3844002535 3730207303 3235687830 1475759472 8510374808 2523872187  373437425 1874629529
  1 | 7959300315 3117127393 2076115345 5539054059 3103474986  725282852 5542980383 6709641047 2706536597 7862027975 2744329537 1869152008 4109617662 2747490829 5669917928 5790782077 6993976069 4420430357 7069945608 1371670443 3381512835 6390816981  740611166 6924089569 6769664976  149332930 6222869683 7725197788 4191400185 5620033748 2067861664 7698515013 5744549678 5440246290
  2 | 3977205199 4468545219 7798304086 3431333861 8343719989 5931665088 5326011077 8429104645 3041309727 4499586123 5185411419 6468044326  568994911 7261281996 6021135366  529057737 1811653741 4937957143 1824427682 4075706743  652314213 3565912247 7239597031  361026565   11168653 7885759255 6382920713 7966275322 7561450500 3456100575 2790067973 2935171428 6494780059 7593917245
  3 | 1038097320 6174603061 8456056424 3918220794     187913 4886021992   58746223 1050435189 7156584301 1834822605 6207862193 7415231694 6278787184 6279939176 7485968736 3503669446 8380895430 3351545845 1564248950  815685102 5857312847 3394899592 8393991775 3145231202 8125793676 4953645351 5620271042 2702489448 4212791898 5593877073 2005070994 2641264508 6619339237 8265321760
  4 | 2935204131 7242213049 5408722874 2645623799 2208862344 2557855616 7791647682 2029920274 1626626312 1128389632 3106332878 2198125323 7094911843 7384616872 3672057716 3629202003 5183126366 2103310149 6826073072 7876409063 1760772845 4654195448 3107428712 1305530565 2999140974 2934932397 1217609213  534978259 2611035292  177743966  729890408 7597257917  502315016 3736122419
  5 | 6239683986 3112704583 4525580729 1299603340 7603745626 3464498240 7458611252 6563685328 1125402112 7383401019 1990552268 1949175102 2086737689 3518288295  629057572 3041176632 6202376105 5538463155 3368134406 2640687501  227299192 4581115501 2153218620  590098619   30302531 3607144153 5653653106 7644414660 4453393602 2611285325 1451806663 3725412725 4180285170 4419290286
  6 |  526222691 3369640915 1746790645 5730377316 2941537420 4413197043 4054884306 1034630413 5420379503  969330164 2425289778 5830240652 8085510436  821223212 3254096836 8268441304 5113972062 7321393298 4077988730  105459844 1239697329 1903938770 5357680032 7232235526 1447777837 2468143744 4591134652 4851234943 5618886742 3279101735 4280948631 5476402479 7557058157 3207499503
  7 | 5149262351  447017482 6527829299 3698589924  240752131 7174011197 6945057156 8584326009 6297819998 1392357327 8481923904 6710861428 8587183659 8351682855 3877249887 4032276946 5120871470 5249156742 7943445910 7758837723 5053246358 6395271021 5010239423 7278888720 3911123269 7891929299 6457083403 4227022740 6075865058 4925730790 3052244336 8261659261 6301120686 1062832452
  8 | 7349391978 3453398421 6647834648 6926164113 5122648412 2728968172 3807956373 5683551812 6281592054 5217974557 6818897468 6568014951 2422036385 6458736458  794940460 3953061879 2009565795 6142170424 4999876296 1526857400 5692181474 7102275751 4736359500 8501716206 5771477692 5419436880 6687956962 1243665249 6822124775 6348771704 6715207047 5281761177 3611117696 2217156485
  9 | 4576248028 4335250829 7350675893 6277113791  766190933 6902160970  466759269 2699189638 6999093908 3153242967 3535704862 6097383100 4585326152 6757786950 5771416233 1807910650 1966365995 3309776519 4400205150  265937171 1727725028 2336065911 1857995383  641713017 3955642133 2884939955 4860503972 5119508373 7068811203 5662132530 1467982486 1776080172 8456476901 8269499522
 10 | 4105603945 5049557030 4260594863 3255260411 2508646820 2499729930 1728530644 1016457355 4942399212 8562466997 5516127752 1026550047 7872397546 1571369358  847948742 8325244350 5881947838 5820492814 2786506782 5192570667 8312349605 2877157670 5916936235 8297424434  299156123 7187349320 2345572457 8073472756  206401853 3715544191 5188468206 4068811248 5441985427 4845968120
 11 | 4906624871  146993567 5331916511 2305162540  815536360 6068065207 3665488305 6665748857 4506624689 2703818714 5774198041 3742249069 4481200809 5588275343 8542789788 7540648676 2995189768 5373781028 6718663584 6472270797 6260884836  493464959 3734236254 1878505618 5096669200 1761787016 1698030203 7993995128 7047193341 2117350595 5408740615 5203357485  792713396 4019324943
 12 | 5213775850 6631058645 6734947913 7527537563 3379337107 6056346546 1891604781  727429128 8319375495 6565594804 3317846168 1002119205 5852486631 7721005131 7155939558 6607303607 3931187439 8134157747 2079667840  251558438 2034016939 4016993218 6448794115 4854661880 5602825970  266598063 1665461635 3044163210 7932113642 7030390932 4266498776 8587295082 4811393585 6520959528
 13 | 1905106030 4340345525 1716559840 7683030755 4429835923 4396241602 7138054310 2098416975 5431992702 7930556393 6743680643 2131615093 5791597462 6513695154 7272788662 3685689897 5708501774 4404872579 1172160386  561371398 1918719046 7238640439 1875972038 3170245090 4455686650 1501730501 6393132916   83756307 4407843259 3953568055 8469148981 7505260099 5443991952 3476564514
 14 | 2226773748 3007922684  579383964 5248985765 3789965412  536788125 4088792225 3919221097 3999602482 7094069366 5756989179 3137190867 4383027723  859827375 5130544094 5151890929 7346007674 4306364831 5553265040 6690540484 7530347936 7021177944 7169038621 8087710935 3792561865 2014961270 5532832579 6055433496  953864870 6095015502 5686719061 3893541004 1786929838 6415210135
 15 |  680010736    2434683  668065338 5035138824 2755806311 3113773832 4672570857 2481821859  597973317 8004506174 2176756379 7488916340 1302069509 2231519968 5285565373  468455681  212114094 5084286888 5114224492 4963571814 5123591772 6665864217 2175086482 4560142118 2604245591 2506569637 4363422788 8248062636 2734824281 3955259426 7304053549 2708165863 5562346660 6949586229
 16 | 1463430707 7169122507 5560173946 1031027708 1125803727 5839668847 6688517772 2321610821 2681020067 7538374309 6200818198 1301376112 1835980684 8475346310 1427731198 2258405179 6047158984 7730972872 4311629028 7404313880  578807320 5351895821 5700872052 7244489704 4888959608 2902601008 5651301029 5534712926  683153877 6750157963 1289795133 5797461608 8303972072 1284374520
 17 |  378472670 5376716535 8386055598 2018728674 8448330108 1256009024 8159225272 8462390380 5665305673 3294173759 1362888475 3284004422 1342571048 5244523210  469229420 1693726056 4250581917 3489687402 2921122197 4554077214 4787620076 2524318295 7509255392 1527609512 4113040932 8324729446 6487109074 1185161625 1705383834 2798625695  517223958 4086845778 3174887016 5956992037
 18 | 1545073054 5271555714  791494285 2147814826 4076376008 4725167648 1974903955 2306624195 2532818530  747388290 1968375705 4573577942  173308678 2168182344 5014433653  398770142 2341045126 7915906542 7927005032 6675536409 7754484053 2659829003 6696991398 1921123652 6074743599 3660284621 4474805288 1259432877 7084671862  652256811 4996611038 7309904402 8126824454 8205945019
 19 | 2309755225 1831400893 5127050641 5605079569 7523253033  844940420 6895544126 4602506807 6558498744 1253820551 8255851044 2566362894 3806612393 3964485869 5547335377 6129254811 6461924432 2399878565  803499298 1342656362 6740043143 3521302994 6374948374 3516363309 1847348942  915364660 6978552756 3972264008 7666757714 5890308449 6449527882  718289292 6396373797 3271972890
 20 | 1068336670 3234519040 4379193406 6390447810 8178619185 7088073400 8030495122 7954306429  895083695 8272821660 8076316808 2902977202 6110218637 4195929061 7192246242 5453095474 7882356375 6847308756 1855221552 2958507844 1522975906 4328152933 2854010174 4195835145  577838110 5414093416  385147125 2509437176 5870448368 3208189621 8519306462 8115343798 7798470639 2199304536
 21 | 1193168723 6821270510 7610759736 7384630701 7027917089 1534360009 6809644936 5858553870 4985279126 1984560431 6657391886 2454464909 2140648883 1078795434 1333329629 2265402536 1894597325 8373238981 7061374694 3117303935 4638623346 6528977389  944168490 4076915836 3577012878 2163195315 2833357284 5906441775  984073369 5869560131 1594383322 1107547512 4788818198 3429350255
 22 | 3236743096 3684169511 6734347245 1351437733 3033488462 4280913203 5967605737 7459051698 3756909756  118173943 6222665098 4545187223 1851125216  485500416  598766822 8508064025 4067405455 6039364815 3867586029 1731059949 1011870430 5617487522 6883242474 7784705639 5456386589 5715995208 7847442998 5186218545  668746648 7125834234 8540475529 8580754117 1764544042 7666111228
 23 | 6758879164 2627204457  928863154 4202593136 8498965139 6684924914 8385366135 8582590501 3148839294 5336533192  228798236 2790113526 3871498274 2790629761 6986074152 2347836966 8545458106 4643235707 1742834032 2442985333 7519479925 2389703589 2908929305 3475116500 2099368590 4105417342 7851502489 6587902895 7910373234 2908615514 1660568799 5521819820 4520104099 2568375386
 24 | 3714105449 6728730310 6170575458 8480579092 1066443766 2827584347 3366929936 8468536546  340540834 1002095085 7450337431 7180444065 6480850545 5119397190 5615253697 1702598474 7428069866 4809350829 2980597345 1006903388 2758040432 2783172264 1759022626 7029231939   46376049 1192416515 2614342380 6647377329 1916148767 5321503449 4758570151 4688083982 6585375930 4889491345
 25 |  695960204 6085948599 3971587806 3537539058 4309891065 2049456479 2412547344 3362724295 4094255116 5822669462 4206578232 6725063412 5033173260 1141982012 7658523264 8232382742 4074743329 5050590243 3925267087 5778912470 7065526809 1966943626  992883096 2205563864 7747445843 5383992247 3188120680 6283568413 2586566350 8399449763 7738670663 7181128160 2780575311 4987048303
 26 | 3225124487 5771736552 4672368108 4129158632 3364688277 4626640314 7853805060 8466869389 2824790517 4087627965  446018409 7324689026 1432074442 3491648255  909687161 2203744013  792832951 5230620055 5739919738 7108843049  959487621 6611395304 2807888140 4808622272 3800461312 1987730879 6342677338  204786434 3830318958 6602145352 6942056323 5110227726 1118434599 6970094199
 27 | 2664171014 2378328545 5750870892 7455214368 3858094463 3598078905 1907658459 2278149717 8216689619 4943939227 6758191220 3422949654 5705142954 4795683687 6230977617 6463254721 5076292188 8053102078 4488870702 6457546764 7575282818 4222960083 6802901333 1180570900  210774685 6256644013 2963039812 3207399898  504045283 2005211727 6962264204 5844373783 5340202530 1192888717
 28 |   59343407 5909858725 5693098299 5539334869 5405052300 2956835660 2168493150  469519410 2227275096 4316989846   61339380 5289576157 3620827824 7680037604 4957352986  462846968 7674915292 3598887554  715422122 2171868716 3332000287 6703541658 3805988814 1314947534 2328571204 2264511964 2145186317 4966349657 3640239291 5978521602 7763910097 8274565904 4015448464 1107099434
 29 | 3011775879  738289921 8091200200 4917709041 1499734863 7853894697 3314982618   44162995 8569421792  704562099 5980426367 7899164876 6427677246 2403898873 3353436975 5559817083 6573039727 6936385456 6684194932  283240626 8374208548 1370070709 4163284789 4603243976 7584382602 5582239166 1049618675 1246714959 2114142308 1137932743 6351122888 7451518517  613185270   15380898
 30 | 5920856788 8070780919 4941275466 7029449390 8340584214 7221026439  930803725  355668911 3937662229 7119022075 4606270412 4705024613 5992329751 5179638664 4431478563  944871180 6216760636 2521101231 3410897348 3003092192 4647633771 6343300030 1455863069 5992759471 3938424200 5780735762 7685861022 7770402835 4063289768 5182530554 2635942822 7056585754 4713137761 8207557510
 31 | 5729157271 8019673898 6592946542 7567488786 4552843724 4681066051  311399130 8030472543 5695429116 4956720749 3987151351 3925495224 3808263210  829498396 5670136453 3335697699 5159638294 5429375116 8385200875 2919617479 5003885146 7269906074 3732081130  815844180 7302232701 4575894372 1496220578 5371715138 4550319660 8555473458 6558534047 7729268646 2559350082  980953117
 32 | 7466053881  376086765 1555462068 2674510619 6909472164 3259468318 4974710973 8213712849 2218623107 2833933483 1892649402 1896129660 5492076608 5957321582 6372980128 3080170489 3339263850 6946930249  499723445 7420228735 1213749275  889087554 7195044834 3400989069 6031728277  497029039 4386073142 2828430962 5929256822 6539843696 4226785992 1385684204 3380089994 8092154015
 33 | 8295108308 5827505500 7843294726 2946191563 5231872759 2037189422 1048708374 5728704648 4902124076 7440634794 4620736138 3226796570 5103664968 2486963614 3910966094 4815536886 4671584377 1025145393 1929186076 5614057268 4726661365 3511375254 2680039977 7609633398 1416233217 7614063145 5754613214 7070517211 3176057441 7907500262 1790013266 2167845582 4900161974 5598228788

--- Zero Minor #1 ---
  Minor size (k)   : 7
  Deviation        : 5
  Principal block s: 0  (indices {0, 1})
  Row indices [7]  : 0 1 10 16 17 20 23
  Col indices [7]  : 0 1 4 6 14 16 33
  Time found       : 848701.7371 ms
  Minors tested    : 13197377536

  Principal 2x2 block (s=0, rows/cols {0,1}):
    [ 2608244947  7019274293 ]
    [ 7959300315  3117127393 ]

  Extracted 7x7 submatrix  (det mod p = 0):
                 0*          1*          4           6          14          16          33 
        ----------- ----------- ----------- ----------- ----------- ----------- -----------
    0* |[2608244947][7019274293] 5923654249   272935322  4398104395   742108073  1874629529 
    1* |[7959300315][3117127393] 3103474986  5542980383  5669917928  6993976069  5440246290 
   10  | 4105603945  5049557030  2508646820  1728530644   847948742  5881947838  4845968120 
   16  | 1463430707  7169122507  1125803727  6688517772  1427731198  6047158984  1284374520 
   17  |  378472670  5376716535  8448330108  8159225272   469229420  4250581917  5956992037 
   20  | 1068336670  3234519040  8178619185  8030495122  7192246242  7882356375  2199304536 
   23  | 6758879164  2627204457  8498965139  8385366135  6986074152  8545458106  2568375386 

