============================================================
APM Result
============================================================
Matrix file       : kernel_33_100.txt
Matrix size       : 34 x 34
Prime (mod p)     : 8589934583
PM block size     : 2 (fixed)
Deviation level   : 5
Minor size tested : 7 x 7
------------------------------------------------------------
Matrix total time : 320574.9641 ms  (320.574964 s)
Minors tested     : 4949016576
Avg per minor     : 0.00006478 ms
------------------------------------------------------------
Zero Minors Found : 1
============================================================

Full matrix (34x34) mod 8589934583:
               0          1          2          3          4          5          6          7          8          9         10         11         12         13         14         15         16         17         18         19         20         21         22         23         24         25         26         27         28         29         30         31         32         33
      ---------- ---------- ---------- ---------- ---------- ---------- ---------- ---------- ---------- ---------- ---------- ---------- ---------- ---------- ---------- ---------- ---------- ---------- ---------- ---------- ---------- ---------- ---------- ---------- ---------- ---------- ---------- ---------- ---------- ---------- ---------- ---------- ---------- ----------
  0 | 3370850965 6618863566 2680064247 2544941982 4613991508 6613374252 5693942894  937922862 2064912109 1890658573 7864616573 4290466743 3831516051 5645019336 2214277333 5476669779 6710713726 6901829511 7845199411 6821207878 3378376138 1410748802  993397340 3218313165 3397079994 8398924183 6588755151   49975624 5846092039 3885709880 5182367637 8387715786 3961744967 8399673827
  1 | 5996869680   54596178 8067862106 6383584647 2001331324 1289889735 2990827812 8107357401 5530935625 3204479380 2805693953 2144315884 8212045127 7246696816  355321602 5706757356 8233756326 8543598968 4701180331 6387273036  723201052 7331953377 6361697897 5202197944 8365738227 7317078235 8491042812 1841001306 1391994685 5697029279 1350510247  557081080    2085932 5317324173
  2 | 1046164056 1630657598 7013414912 6784974486  318197677 6453772786 5661290315 8536543660 4132104705 5696429183 7796089927 6111711650 4598175741 7226729889  706955849 4858927680 1215557604 4883067986 6399655487 3096519106 4195519221  548053861 8550333934 5198821890 3913875163 5779591097 2355377165 6758452967 7790766683 6010534855  340914182  906123662 4050421099  336412572
  3 | 7681645463 6185618529  147835697 6871366461 3975014975 2077180058 3272774108 1002072288 3850793563 5823829292 5029445738 7238805581 1189147199 7994555705 1456497238 1421144713  583204690 5870745772 6181780567 2402870067 4046782286 3548139170 5498227181 8239980855  765938205 3718900867 3436011069 4600749794  232882117 7592132715 5515004961 4604056977 7337101730 5936215564
  4 | 4704206473 7290733071 1574676883 3834834379 3954891131 5952390061 1023790722 7338215867 5665095947 2867902957 3355858210  320935748 4388043657 5955808023  627038819 2423988049 8101738777  100878737 3085580346 3658599466 4484510369 1603080395 3242457315 6911051366 3787064661 4769523543 4544741413 1164343768  242529734 4413706228 8069330902 5716687827  761463601 8416092217
  5 | 1844551931 7015855054 7062046727 5496045056 5700890730 5857618651 1745613562 8544919888 7421667010 7954175940 7949183413 6160553998 2240464818  502666033 5411804571 6219559615 4812260151 6756402523 5949851414 2364469803 2941025661 6301120466 3050967157 7705977844 4644462092 7694092563  543946151 3720593318 8229601159 1767917375 5556275149 8271344624 5721903829 5785727301
  6 | 6195155275 1517471632 1013638324 6188219081 8137297435 1392316576   58784490 6922010891 6824839629 3068048281 7435557053 1236266769 8215924136  975414845 1206746589 4547412105 7337428335 7883263637 4216632762 2570225072   25302602 7826193441 5905141562 3185592856  225918805 7739947197 5069272924  571264878 4542621286 7603949524   50383250 5053863636 5341960256 1851841590
  7 | 6803204983 6287895211 8412725009  897229098  246191261 2336723471 8503432123 3748757498 3535740322 6825543877 6449507190 2297020979 8191791492 7980217063 3755879606 8046314421 5663736276 7388588684 4048434504 3945188556 1590047170 7693331343 5930234661 5752403420 5188810623 4722416903 3154389864 2373359864 6323642098 5995340319 4316868206 2982208275 2586250754 1189134698
  8 | 2060048299 7218013466 4800112024 6962112011 2062378129 6096712226 7138128677 1050377735 6820177662 2632898317 2222682134 8154513548 7181466284 1684836350 5719262791 3286641074 4568083270 7955164722 3752730820 7975475243 4497789536 5794422553 6431241677 6548739181 2453884131 7149559739 5471847642 6471342018 3465310286  141839481 8568674021 3746563407 6596863107 6699152702
  9 | 8434538037 3420556750 6304019271 7510035942 2443699065 8450818857 1598253990 4831140239 8008246692 2232512373 1809712305 1243064493  593554863 4100064824 1198867274 3483006764 1088356922 8122081911 7300515724 8053915114 7977920748 2272003906  589994998 8419258711 2028482316 3295955035 6036185839 6008418354 7385059479 5831164187 6736959271 3479085225 6175631829 4081623315
 10 | 6930925908 1446117286 7905101831 4038916872 1952689899 1829400146  155053212 2258588609  893246144 2058920523 2912000731 7039788489  405779614 2960266683 7498995514  495404133  713354511 8574840202 7036225055 5713466676 1242232354  384661519 8497752492 3772856461 6104145533  530460545 2454220232 1312773594  241736488 5681253341  942439600 7050029302 4451095728  386438100
 11 | 6181898765 7464657242 4627669822 2372287047 3792160365  745889706 2526035895 1652260319 3536287343  916979658  401251256 3142787195 4575238209 4558179096 2387210292 3637884053 1705826368 3808542626 8143841482 3446981367 3961138635 4413135539 7306807913  438273922 6106392506 8109219649 7350021104 4061497810  305650539  248414893 8054080263 3189286300 3320779454 7703972797
 12 | 2673983392 2563223156 4514123331 6108936622 5205950418 3122170187   88510697 5181650754   63205202 1422550177 3024072544 7780849201 7461549350 8564676717 5376860236 6494622250 1550628809 1654554296 2637142302 1474914511 1321341472 6169807585 7329763113 3072854004 2676037109 4703149615 2492644205 6150695252 4733845458 1480370445 4572868478 7596188090 7640693717 2333362493
 13 |  953537367 6841663269 3588097361 6516833943 8364349735 4676275530 3207197295 3278748594 6783307387  475972236 1517674220 5367571784 1017041402 3794218544 5059643376 3810836187 3424155786 7335704535 6147298089  633530955 8339194695  660797681  687560611 2750128143 2948810506 2861360139 4131265303 5424708416 7383761681 7124176513 6166531322 4563355590 3545078309 8258893366
 14 | 6019000266 1495885823 1665093855 7006672247 7630100808 4154915595 8063520214  424426947 3539486133  922094358 1307293377 3113572394  672963071 8334628738  586812619 7105675855  471575012 7983354480 5433283361 7439531704  700796137 1778027953 2480068444 3341319217 3612796328 8559419438 1753983832 6608011741 5400792552 4703765289 3487716133 5186940248 3177189436 3321807683
 15 | 3466063402 7012628835 2564349285 4135877670 5851170829 3318427312 2815300891 6330624799 7027138079 5568796445 2890076522 3142152849 5308865190 1572360432 8026663355 2870054627 5079354586 3632053148  449573490 8438139705 8314512343 7879080658 5369194663 8548347016 3804417268  225823971 5025642085 8522564454  901402094 2157270930 3393566131 6566918765 6212711006 2261434496
 16 | 8234581362 3963810396 7187304612 3140150124 6379489924 2293299541 1916789997 4833183546 3477515986 2127527718  368825146 1522567763 7756346425 7818432425 8018953378 6547489903 2919910947 7975962510 2843529805  175041255 3195994272  600417203 7786207106 3793959561  566556273 2736806176 1089440479 2555763289 4706787447 2863753065 4936532252  774905978 6260092820 1726173465
 17 | 4606332170 1766772133 8517036213 6715696594 1037538042 7028831613  174072781 7505729963 3386049316 4414462567 8250026232 3644906696 7438375767 7002547251  338444047 3126406601 3711854363  757014455 7060571935 8137784943 1009544432 7413822668 1631237823 6478104619 1558178622   82837389 4271700177 6957669806 4792367332 2413865488 8471605670 2024669200 3537959177 2706134726
 18 |   66270914 3805279341 2961691744  211898435 3736707914 4327022128 5684746257  281154796 3110322159 3153763694 5862028024 7140409830 4571140191 5817712039 1228742437 2625631016 2013417156 8010987634 2766686400 1231916641 5678569780 2425676533  514793322 1560326816 1443403841 3599309818 8196729393 6608625976   46021995 1373768731 7311572578 1198735894 8384087023 2867837669
 19 | 3831163373 7334349521 6564751366  535200981 7458524961 2487685252 4134046552 6714610809 1138917558 1032663490 6448878730  723394865 7346068052 3366613938 1723698414  525706289 6473469960 6660008354 1348320482 5209079649 2699626803 2951318001 6028794071 6689131570 6380815004 4675449767 3567104378 8234552057 7170810388  369499851  211482334 2716760424 4651833244 7956603374
 20 | 4891952222 7046042888 7593557812 5991467515 3922847054 5642756555 8038975351   54064487 1995929332 3210700158 7275344106 2975522442 8094091849 8559433926 4178105181 3401201671 1234353075 5391261512 4101083382 1896421509 3118024511 6205774053 1514960307 5764957863 8122994939 4814610793 1858657080 6367164608 3759361702 6192849651 1202091126 5037687121 3576165873 4107787461
 21 | 3218804345 2009511450 2967305042 4934205144 4258256116 3457917775 4761981668 1628748801 8109531500 5148156643  455736935 6245973039 3078335869 5591465800 6199213058 2667302226 7007944084 7172901749 4671621074 5360463185 6781586149 1999322148 5992443561 6968957382 6841739968 4514930157 7001830646 8483321040 8248291651 3377358375 1650989814 1654079206 7056374452  416205616
 22 | 3461177426  594419136 2455059718 5522417487 7658050128 8052093809 8514707613 6474202726 1437445479  999110479 8162331344  749024755  985631443 5960003642 1561223173 7176665424 6856400442 7848846903  509710538 1840156988 8344186464 1811596753 1278269098 7759355459 1225958067 7332218773 3523652561 6794906363 1177420757 6337260736 3921470464 4748528625 1207760838 8413918367
 23 |  489382582 2129909116  674281430 5891317099 1629370309 6841779973 5357871700 6700918414 3129068357 8094498619 4140384459 2464585546 6352678894  652218456 4314558793 4662621424 8289597647 3259593897 3198479724 4103313737 8045275524 2665134860  736969481  459381971 2748004957 4583569166  693583817 3498679797  761715742 4416208734 6229031589 5396791314 8481942864 1614801019
 24 | 6663124909 4068443968 2955976999 3711194623 3272259208 6849669140 5706149073 5237072535 6220275907 8478197027 1710065413 2544478439 5314113873 4478697885 5343287338 1613111002 3260241167 4146125305  928111794 2846958650 1142558395 8146369374 7988500617 4843279410 4581549474   68676897 3289665660 7215132775 3094994505 4006273039 3314460861 7105148602 5475856229 3179061298
 25 | 5484831577 4177603165 1951641773 4743822637 7409241643 6866254148 8518698840 7792295113 3575338836  720544922 2240860932  394615263  536494972 4517851691 4407246494 7256107368 4346708702 4609147892 6310336993 7927341451 3824373269 5283116762 7385255341 7748624863 2456910525 5743141057 5590399194 8553469348 2933152141 2206312714 2080835849 6637830621 1961597013 6735411082
 26 | 7139172031 3269804938 2084089459 3916394535 3218643877 4982940846 7444995446 6348271938 5087170803 1039619604  601538510 1309749905  133636257 7721164419  893160838 6771229724 5876634798 7565839464 4459115308 8016880737 6370714517 2637518509 8323710690 6368264482 1376084490 5304038739 3822364230 7916765554 5377361827 1768140358 3268012409  101664158 1813085017  307913254
 27 | 3075656913 4113453799 4295251717 3604185731 7405147249 3299713753 7020630953 4449669996 1259670176 2673406167 5734658542 2114279549 6622404059 3484065717  438356636 3235822706 4323786764 6333075276 4424795255 2085924268 5936281358 7839246846  878604853 5999582367 6185835069 1873757716 1853757405 5879267157  817337951 5724825431  407481174 8149077129 2687528349 5180933072
 28 | 1466887925 3753352639 7427027947 3245978818  926209971 7543821743 2515042811 3401585725 1621411950  448262064 6752068862 1477038921 3407622070 5817220977 5665565437 2778526396 6528206953  672376492 6255624657 5048578053 8292454885 4812855362 1741728361  966175150 2793838752 6207291053 8227709998 3905473292  966272223 2946574973 5903078188 8081386801 6268817577 8382518062
 29 | 4679528477 2982159881 5295053263 6474230710 4247370858  732940790 4555863670 5057526144 6260021228 6395965244 4324798313 6439040953 4096041847 5364181061  144902995 7301452877  391035532 3967130546 6455002182 2059504371 3784565479 1955980774 3864696020 3458109256 2696195215 5648336105 6138194640 6698881292 4192827376 4269469730 3635665835  326233720  396783340 7562265234
 30 | 4213286106 7206867963 4411977254  130830525 7256152199 3467975481 8257303509 3540240045 3837431789 2668724787  841530603 3545583227 4154190640 6574146304 1760884899 5818495749 4343541639 2233192759 3293407649 5054978055 6197900278 6778170041 6986555980 7841260854 5833267382 3697795337 1116464968  634210618 6054003746  398194044  489496232 2839889367 3207307216 3420652250
 31 | 7894250379 2870253434 7305503034 5821879007 3386728734 5575348490 3266504605 2952486216 6338218933 7323468294 3740289307 3245282714  309170061 8581758768  999279279 2477583335 3269039318 7842784589 8486396908 2596485943 2202960327 5125333963 8159070888 3654314320 6800594454 7266668682 5073781060  984702493 3947933846 1281438243 1547934341 8513526561 2044578536 4801148487
 32 | 8489116950  721298721 5258518635  964089722 6524763523 7112374793 6245802080 2474762245 3110067177 4326838035 4769720262 3046104087 5763064135  419470723 1321187923 1694795345 1737076247 6599417484 4964949966 1890301673 3609910107  167993698 3297105508 5440875030   27890798 5069649419 4748448104 3344850342 6884822154 6413784835  686258635 2804519761 1495960975 6537136769
 33 | 5604467882 3971797364 5793180220 7177897756 5953427689  129777399 5171810404 5516571256 7851730299 5282334669 6688728968 3583714512  305553985 2495290938 3226044289 1411943324 7525886423 2455532829 6497247269 5238410858 3784998830 2017804532 8406663557 8213523236 7440259515 4348418189 8406963474 6703028018 2058000543 4157570871 3324553464 6664518621 1207158718 7404656109

--- Zero Minor #1 ---
  Minor size (k)   : 7
  Deviation        : 5
  Principal block s: 0  (indices {0, 1})
  Row indices [7]  : 0 1 9 16 24 27 31
  Col indices [7]  : 0 1 2 8 10 13 28
  Time found       : 320560.8860 ms
  Minors tested    : 4949016576

  Principal 2x2 block (s=0, rows/cols {0,1}):
    [ 3370850965  6618863566 ]
    [ 5996869680    54596178 ]

  Extracted 7x7 submatrix  (det mod p = 0):
                 0*          1*          2           8          10          13          28 
        ----------- ----------- ----------- ----------- ----------- ----------- -----------
    0* |[3370850965][6618863566] 2680064247  2064912109  7864616573  5645019336  5846092039 
    1* |[5996869680][  54596178] 8067862106  5530935625  2805693953  7246696816  1391994685 
    9  | 8434538037  3420556750  6304019271  8008246692  1809712305  4100064824  7385059479 
   16  | 8234581362  3963810396  7187304612  3477515986   368825146  7818432425  4706787447 
   24  | 6663124909  4068443968  2955976999  6220275907  1710065413  4478697885  3094994505 
   27  | 3075656913  4113453799  4295251717  1259670176  5734658542  3484065717   817337951 
   31  | 7894250379  2870253434  7305503034  6338218933  3740289307  8581758768  3947933846 

