[[28666674 8617951 32794047 2927691 7880569 1903196 9639259 35129744 5437085 19850705 22415465 32545609 34082789 26067620 15805728]
[40703059 36615518 22320506 10565714 43809154 26729460 11332315 38333280 32929009 9713709 6936830 42671676 2798377 28048032 6997306]
[6996099 21747562 4970694 19985437 17349547 28535340 30686974 7000538 42685316 9119614 13056377 23403202 10234639 38012747 31414641]
[18669091 27062659 10545171 29869525 8579973 4359294 24744470 11837935 10185722 38999531 1171764 43365959 12116486 25577759 23173733]
[35040429 1184975 33913856 22174734 34054578 36699399 11200580 19934977 9615184 1500549 9114560 27926218 21974661 9083300 44066697]
[10725630 6011687 44247574 42511805 20644050 14837177 40511257 41526677 6896329 24142700 22070817 43604935 42507087 7641007 18715712]
[25504531 8884160 16335678 1701717 32584593 6015858 23928523 31388052 28503358 24324717 7312728 39868185 4822814 23573002 16627732]
[17133084 6023222 26433250 12815422 40421793 4173701 40341096 43707968 37483262 21844710 5452634 7693266 40261933 22603194 5006849]
[12398160 16500892 36570862 7346165 40513435 37690566 34260280 1725578 3259242 25682931 9287751 21189618 38081290 35585430 22642410]
[14254652 33573454 18039845 22207354 33030080 39473054 25280039 17451053 19674762 41155046 29033043 39048810 39793880 4634881 18226581]
[27185561 43643270 26815848 29521061 27950330 11062262 23278038 18476567 20174702 33551425 18363131 415238 9136228 29899828 7903430]
[8314116 31059741 21653251 25109896 26088304 28560464 44794252 39000436 1935086 12239006 41885475 12733034 15641806 15262079 17495146]
[22995781 5416311 36893091 34193572 11293019 35666810 19987676 12465436 33433414 25906400 17242045 21534477 16829103 34417412 36050865]
[15921644 32791432 39170713 35076114 20798769 12984663 15488915 35980695 11451088 22229977 28910038 17584769 1004369 35152424 42867961]
[12208686 25967847 10914371 14317794 31257095 1172365 28394943 13586389 38636838 26210899 4528954 14757360 15599901 12155906 15463432]
]