[[38452698 13296302 27918869 32114182 26561545 27573343 5792227 20980602 2428809 40312651 3005086 38731524 24576180 40843518 25083274]
[15956969 36735647 5798634 34266516 2527488 6209767 43222440 144966 38677586 41070420 4966929 42141815 15896627 11552193 36486210]
[26021867 36862413 7449216 112386 27552261 35455754 31534559 1782771 15806753 3092372 40661076 20938974 35147969 36370393 17164842]
[43148564 13396412 40763488 13518800 12863442 5205335 42404143 21537388 42726374 37405993 34583077 44629788 10711705 10259598 23278426]
[16542351 14172579 15719797 39537183 3240948 31444377 3118242 9262404 41604890 32727548 12063940 5178180 33378288 1546328 16609182]
[43987366 40549649 39638881 31625198 39549068 7808993 35576988 26064805 36431439 42326450 38369835 29254039 3339920 8145390 41338089]
[14236552 14659672 11146244 16545743 18669997 7919783 40845510 19661360 28087555 31181876 27952381 41254275 19066833 29916031 19743781]
[28818945 14709597 24151961 7367457 13671315 24658892 39773971 13879963 24477229 28738372 40414607 35556205 42553483 5971929 28768756]
[38642978 43593613 6950059 10237180 36403183 6553740 18339793 4835649 29262062 9738496 2881419 13116830 30159440 32248473 16096855]
[16310616 33664223 36235797 25225873 10698469 29820512 22626802 28302622 2825443 7631212 21488418 30014337 29630033 33855249 31133910]
[43107662 15301344 42278784 21685 29721292 9645419 34249180 29137504 3205021 12483432 13020606 11220579 31213473 43452463 39432248]
[17512766 31495827 12177373 39866368 18641945 42684587 18078808 11337759 4280269 34237671 4351177 721506 13548022 33764748 39163827]
[2212029 32250405 12455033 860893 17285552 20129573 33613536 40027538 22627796 4469759 10357245 5686787 33443544 26925155 35036784]
[10888522 2011140 39111323 32246498 38403876 11321231 19646193 35336456 39709071 39404956 26700379 12280604 21460930 7294098 19039453]
[26611701 26595460 18612329 13917513 42584860 41180187 18384996 41201703 38733140 10323618 26754008 8197121 31479723 22693059 151783]
]