[[27145047 38447241 16259450 37954320 3373776 10024944 11541259 10612498 10575796 8975915 13417072 31222695 8603110 35635823 27637609]
[42929350 16117419 6412740 32987860 41763422 41846716 34646467 14325893 35452749 36983354 18062232 10562768 22232800 19120340 38483988]
[38135582 36307685 5838921 36207004 37535102 28762566 36409512 28747183 20340825 17240794 38904599 38346380 20200034 26288012 12302702]
[18066762 37453691 24444444 38437349 38415633 781400 4340587 5808412 24136396 15655640 18628658 16443373 33452481 42606297 6784572]
[39062873 7116543 3816856 9698539 103477 43827951 11390025 4361999 27866137 1291828 23828911 32818551 19489796 24597738 23390300]
[25118124 16018921 7262214 1207658 4071218 14692135 31091844 15812337 32728962 15984397 19167061 24359622 1410273 31798319 32880200]
[5138221 43921360 23369712 18884648 22097451 15536872 36833881 20663123 19201760 31929357 40762498 15562242 11306599 14459013 44913620]
[40605942 43172157 44370694 28469515 12178666 18083594 24676159 28234587 32380468 29906690 8644460 17280945 2192822 40001977 3344730]
[18416365 34912638 34322153 8909096 2690009 19827816 33297141 35589625 1160592 41813876 16606971 431040 13076502 4452265 15975960]
[18323255 37546223 539973 12031441 18435258 31612586 11633672 3345916 18820090 20917246 27972306 30987214 22591784 18168633 21429143]
[29411264 14779123 22237909 36907145 8139369 9533913 15748435 30237516 1415105 29583272 31613582 14673746 43241810 24439217 22940195]
[34593935 30622053 24229341 4926246 36918840 14313306 12040347 41450233 7339593 31308892 18524980 31402374 41108673 1973974 24258550]
[43123473 6470191 29835711 43762912 16327725 10006741 1899839 43858687 257061 35002504 38721866 12731819 17425912 31630796 35226535]
[19862567 18529901 31459284 35486286 8579004 10659944 33801297 16236403 41446115 19706614 43482386 25287190 33471340 16324263 42556720]
[15821117 42658599 12398386 19917621 12287833 19651275 39767733 39590312 6857815 21936709 24090456 6247667 41962883 22293686 33039645]
]