[[4884115 28049717 27957626 34250248 8682996 8196714 18872919 14118679 8213221 37503487 14581366 19869 35162702 33512818 42798450]
[5657839 4282899 3217116 18583238 33868285 34072624 29687638 40816494 2066981 27257301 3022804 36813552 34958603 3854107 29991329]
[6755870 25874775 20287407 2749169 11212917 13161752 21146456 1860065 36320620 2471561 42436382 33100620 40346780 12592878 26030726]
[22738922 34652820 11558200 30554720 8030640 35960945 3112774 28285335 36356720 17154429 15703334 41714183 22920186 9802734 39203156]
[10152378 2884716 42767433 21257140 44898301 21662507 20626408 41789865 31513736 3828770 8418645 41542032 15625849 44241799 3120520]
[8138978 43813746 15299374 24980687 23499593 8001181 3252529 40905202 341313 634254 39798287 26938848 24433491 33383549 36520181]
[24657370 29711350 19440545 7620664 42539054 31190558 23167519 41512204 23306927 6889621 35858752 17848130 8092669 400148 36757488]
[23129949 28168186 23350933 30005345 35478989 6699315 12445646 978013 27066870 40349495 34638479 9646400 2081324 37595439 3288235]
[37088604 34466416 14307024 8988753 653621 31020812 9249832 21160536 17960390 11739174 24940452 32151077 41235077 11594523 17607520]
[29789378 36505045 29680742 37357214 20874402 43979832 11413464 37351236 42125447 44143627 8350298 11561134 10463551 29024207 38212418]
[21523711 29726459 7936632 21023088 14307479 20902106 6519107 1948096 8070030 10329986 24441058 2564259 23791540 23337901 16056902]
[23399664 732488 30605507 36996632 10439690 10589146 31060765 1400304 19032332 25130758 18570267 10357308 38214777 44302105 28217940]
[36284884 18816844 13574170 25282594 35658510 17953736 40743523 6446428 24849889 32908458 44167797 10703485 27814044 43296366 2332689]
[39346314 43626155 2014038 44244328 5980119 29120319 34539794 34565776 15660345 7672404 38641239 18766776 24343496 22126735 41534975]
[5635676 33686413 22428150 28216507 30322612 41000236 36060903 32759987 30844732 30241498 27807047 39887866 17772894 31812815 43366701]
]