[[56355992 64584844 132302641 48082677 125865741 40101574 133049190 29432958 27737285 47692000 62624651 6018276 79623379 70267295 21179914 118842634]
[56796470 36927754 131017707 8658044 83890191 124511751 85279306 66875227 13615955 10877789 43774169 18773330 38852397 115528510 85428543 21462773]
[26528760 91777502 8201946 67506260 66464408 15519497 27755920 125452842 95114287 96734628 664425 56074116 55009833 47240492 117887526 92018734]
[20957544 37889452 117065261 82917804 45320864 123922462 88574025 57639645 57016128 67139960 86648952 84522453 130293167 85574333 94665814 55860100]
[104977514 38385219 104358153 89503998 119079676 58675110 16287025 27828403 27707420 121738491 118490359 122656304 84835572 34862097 38138057 2278348]
[70501174 126847150 118139946 50761800 45472994 5083853 8811688 119797805 28053506 119791536 14965854 9049150 130599544 106760991 117793368 51396567]
[133319773 49917155 83872951 56612867 12752209 118060890 103580469 83908825 11879222 24935294 114176295 26831067 125051662 98256894 23959230 7586110]
[98031842 59107395 68003325 26020259 74015199 24448041 81636912 125899113 17874061 24127013 4749212 56839590 64035914 54688671 32965955 133786020]
[71665320 108706614 43339984 22893104 74204990 55443643 95882645 40359223 81043247 65043337 88874712 16765118 30086237 27473858 46357111 93200205]
[111895673 72259935 68505459 88511278 121114577 65057228 107636202 57325686 108091080 3358838 78574242 98785424 55597643 108814526 117173894 35639094]
[62036399 133887033 125639690 57042383 109320424 56441504 99451690 467264 30962055 36915785 97015462 52116629 79057694 59165447 130143223 116618548]
[90551487 13406506 22312782 48958400 133386459 76849902 94088485 122075961 118546063 109255718 99576989 23736008 48967565 89076319 99600995 64842675]
[73371756 130178584 48434332 13417606 81940314 49021271 106203644 77082553 51785750 24515688 36917811 4934577 67134595 108282382 22606381 78847496]
[77110823 23932350 133686603 11581049 10898570 34493221 129512187 27135411 71016205 130995413 77509607 39433687 84455979 15297758 130725157 85085950]
[38339819 5700300 82419472 106298731 58921650 51883867 27160516 30637519 93641026 45644537 44569290 58049288 124719264 67535870 118478566 46069480]
[98756146 77553203 108851565 97079740 115076838 89670850 73825534 52867631 67692280 56278911 62732682 37610969 3778206 64789923 89890666 64049900]
]