[[56126065 53560373 100898735 99084430 90949651 42848576 62392595 106005978 33436315 44873538 20248385 104030963 29833586 12602983 11700021 123243288]
[133743614 68423839 29405634 104318336 36244067 50614270 27654773 73312433 64916923 235676 112154261 27476708 103155158 93975306 22295986 81843027]
[97234693 88114308 89628439 74496827 70583961 19511083 112183809 79365265 118381962 80225650 50225946 14390959 97391266 41345770 22872441 121279951]
[92098995 13558099 132626948 51732340 75303347 23558006 124107324 73436699 87477245 8152252 71474104 70189944 106478663 87455965 119437626 85624313]
[97012861 66689474 12507499 57002318 61818426 77140460 123967258 5089031 4367667 49548998 127144000 99629622 92750805 28532259 67124716 93847369]
[101921851 62157493 12060283 113682983 41121453 37721417 70883317 99042012 117117925 105522825 99613690 10188919 127810331 92460378 35872807 6736379]
[41075646 118562066 132756594 67213602 20588802 91199908 48875317 96367054 71603008 87941055 133971136 27193621 7639170 23110818 506319 83695404]
[133692171 105158672 73667886 85855670 99635360 109037257 112742787 123463048 14515454 91432783 59305257 121008297 90981725 50812539 89152990 106967365]
[21083465 78494013 49717481 71317062 35684874 120655143 107402702 72925842 93727478 79176005 77581848 11960190 76760798 26469081 10730354 26730292]
[41459201 84812823 134187746 102863219 95217595 101553240 101335471 75581449 58931077 97039649 118252112 82913151 12492703 10474318 132644127 116723919]
[124464359 71951730 21113258 5259811 102151400 26631778 113854905 71681833 101786341 27258771 63217929 36748219 116774163 49614671 74583422 30371463]
[106874486 93904590 92925350 68538580 493452 47585441 114406577 61824778 39634455 49913929 29112095 42222081 116532324 52969329 74096602 125745095]
[105159353 722792 120798637 71981002 48290953 34831671 43718501 78769933 60722061 96103396 28411276 63050579 65097809 41057776 6191440 12932282]
[133366287 40717925 97641651 28795742 62151799 15958568 111066089 4776300 92805875 27544306 129849775 113063951 124922909 90272477 55732691 1516792]
[7034893 20086038 111381129 3011520 108643453 74915490 108021017 59735619 117534313 124875786 108495091 58150519 63136275 131259237 104984348 69739946]
[74905630 65729984 11831510 116677814 3506308 12944109 119374248 49239012 109306661 130084907 80786572 63027296 51223427 70804322 36495423 98894537]
]