[[35575176 5699508 122787002 117545613 72912343 123348191 32192578 24008560 60641371 17023718 39728143 120045577 94605870 102047939 72110592 118207396]
[101103168 7833928 47055861 117098295 40056291 78993721 20619020 95681633 31172955 54138567 3439858 64837737 105979607 14463117 121420891 26640313]
[47802058 12345999 23794113 56618385 130203935 95037872 130425679 123243775 114171807 16474543 128961325 12964688 56648450 35592415 101492032 89389407]
[114334304 84792902 56805932 80676953 70344518 17408544 73575633 118466708 95688578 58552005 10680138 67352188 133483970 44197714 81812443 72187899]
[64024759 123529539 123658825 77402520 54058456 6323333 6118871 87897420 118875787 71676305 120749523 70925516 115325688 33081281 114278422 86710470]
[36240009 79382936 30918740 15138277 120175852 125736496 80760160 20358995 90308114 109741739 44044907 108775856 64204928 124643255 42860431 8812431]
[1184704 89663049 17416703 127045103 25408430 39599079 80789885 123221348 7114724 105834585 114979377 125415222 42455446 1494277 25779930 41091412]
[97603482 39513484 56844314 15835107 110087358 47685290 71436690 13453254 90376660 3770809 42246590 74477623 113680409 113795944 116249287 43252623]
[28108545 49679738 41292385 105704023 125806617 56561879 134156761 123990300 38950297 128032256 21790346 108598480 5444982 103268789 39087620 113215126]
[132596267 89456085 93446894 75914838 82209735 34277462 26739321 96582077 111971070 120997687 6431664 98397250 50397500 66879785 32773378 56286723]
[107850994 65706271 133597376 107391798 129898990 77048270 81656603 16096636 128296206 85458705 114420366 7672488 132951930 95772031 98091444 21382213]
[8512337 50742622 96668966 2546040 83339260 114880101 91515385 13459019 69615273 61461389 16215625 45001229 3212698 97365991 46443038 18404178]
[75793016 60948493 67031274 72887381 66816252 62093978 126690794 74209470 103272143 108382120 91604407 93843255 43983888 16430494 74011735 24988095]
[96716281 66603644 20252345 43547808 91048774 70784745 36793136 122379811 106014972 22465217 30045211 56531596 11291913 130534284 96266462 103492021]
[133156288 30212355 9661208 17402592 107691930 107290932 126134569 6540438 8286402 8988236 89909213 113421728 39955432 66643658 133386611 58042079]
[5560044 27711348 111067786 3706590 9717159 24908445 58352888 104788270 102543423 17300471 66776894 14419022 104025486 67485717 77574376 125866662]
]