[[49580203 12672405 20485543 43994670 51510250 56040429 76064853 93130262 3478227 95378508 89235478 46448966 27722919 29627268 5782588 130613868]
[14550080 94603980 56227835 55695146 88889179 64266595 58784409 5999689 80686044 127710228 57695571 94558466 543067 22913695 60846841 94429927]
[77469918 80273067 91135705 11296838 118083685 126353027 129971060 132494154 97649719 45817228 127500133 93227673 129405431 4376408 98301201 119620255]
[122896684 85630128 111978261 50285272 79462098 74236759 28192834 94804597 109594468 41847873 112065463 77053144 102029904 62550447 51080602 132636845]
[18326481 102788642 73742738 39074332 119643228 55251687 43694706 83462074 70783207 110735704 114571306 89174757 129525115 490541 48864696 111298300]
[29105039 85103696 104992124 26990870 11016284 108748655 115966065 99126120 13866507 94688726 50121392 70183838 78626945 91443174 54006826 16110156]
[20496724 26548362 71961978 102822506 20158546 5510972 125867397 67226465 87502755 84036376 105689627 100560356 15292004 114990331 36773884 93199954]
[108419679 734196 45860054 100743115 35346906 18075503 71496080 71784915 18642363 33842757 32188253 79682146 35800583 8465076 128462048 44370821]
[61628515 51477005 99413363 36671253 102110520 105935448 9693998 107529200 20437348 101301253 30891258 71541798 55165711 71250456 77638569 26657882]
[93368302 58456957 52164572 76440359 130449933 76385837 51377324 55178115 44737452 55111433 8408748 19252010 49043393 59779030 64589637 89351768]
[103707713 132965129 71297729 6008110 74883322 99920598 67250044 39819553 6679682 23105854 90453085 114833206 42537234 28542150 1052810 36510221]
[10579539 22025112 116443099 47592889 125835550 111014767 32300280 119100573 105020668 114538965 106118672 64697460 71322282 12024999 72742015 13249678]
[12620612 44850410 23524659 45818991 39667692 23048254 75199956 133214525 49058982 129231069 21965942 45882400 91906893 15575288 58853315 60674216]
[14264913 94244009 84536420 125161966 22103543 27936897 96518002 6905805 65543432 60854467 4950942 77543916 24788945 10845516 71597235 86757686]
[112462934 126848991 85098067 12222800 117245010 35632921 28702563 55298547 88449988 69997682 19653145 107760612 57193808 91012151 107936121 44475726]
[79665112 47591102 18376070 24697721 106167823 15837559 105427967 70630193 31872730 24313665 43772609 62140412 74200799 106309253 93799418 117380123]
]