[[128323364 126247260 24275440 80467675 20298916 11278598 118332135 88837838 97012349 2800344 47519280 123372939 28990895 65046410 72124983 56058328]
[80268116 7072951 54353269 109699323 109825304 53610251 4769138 49513760 25124572 89924780 129332948 93170450 49355449 91717150 101773861 111823398]
[73153516 50227878 42521146 129292226 9694716 79014946 18119534 8678757 118462886 20412416 45522196 106756019 60157844 10090512 24962899 27709947]
[122124687 18854615 17489497 100199193 125969614 7852634 77163772 115624050 125901667 24423013 132670661 127674642 27561020 22289394 8143343 7680598]
[27536290 20011715 1206882 60427420 48323199 83745424 53958571 112118964 99825360 29561938 88832140 17662303 56903179 94801531 23033150 88124714]
[103037074 52480908 90220567 112561851 112099117 68242239 54996863 103010477 17723139 17994657 32151532 119730415 88097937 86682963 131656368 49183020]
[79479631 17974917 52617447 18389132 11347703 99785436 115528562 106275504 37895574 41469361 25939377 52562005 21389130 122608879 90980218 69039640]
[77565135 39673113 111511022 54454185 104030261 9395320 122925858 43165154 58163237 48816514 47786741 88592407 132652968 59779889 81093637 91305970]
[34837582 51197256 25950731 4499060 67351694 23124118 103085763 98455622 92116892 21137105 40360108 82200113 96328684 64157723 90388675 18981639]
[25353590 55910060 72387936 5942043 59375419 12194684 88125955 34683231 113012277 79403519 737594 80088187 15917226 14420265 128531899 33452354]
[76474721 83731702 31699049 105864890 89923347 98807586 114121319 236106 32392352 61588757 110236991 44905484 56640968 15317649 31249228 84138739]
[36199916 127705864 99105548 105211027 34739612 53288898 114844438 7654586 49116657 77389424 27514525 111599644 1461412 39110402 112058358 30588646]
[111493919 3765930 25406154 90458174 39646297 38875987 105914417 12908874 33205494 59792311 126380514 45897512 59586036 69217913 116895190 4959563]
[72961753 8242053 78926996 87109465 96472327 92293829 129438182 80261723 29109745 53127485 125014770 99014619 31831491 56799571 39036974 120659326]
[64682394 106260498 111332478 3940251 119118247 82301992 59413778 2843403 87854087 22567187 87339343 83019805 51435342 130332931 30913049 7841180]
[17900095 51638448 43582762 4493709 90768866 24773761 43436726 88288596 42433859 103229628 12113842 117590888 5788003 47915509 103410874 53734828]
]