[[44612875 83591076 115941863 8456504 57102432 130774627 21538359 97729387 77431281 43259826 117545550 11264944 66619766 35322812 10655368 81564732]
[78018957 21254326 15413429 31217021 103951385 56743605 41313363 122006917 118035069 6159158 16059477 74409305 130183368 66588879 90349174 98996727]
[65803876 67135195 59756385 78937394 108817663 103128899 2302567 99430024 122652432 99028078 27546260 29630324 8255699 3047702 26170619 120242501]
[8355485 116552099 130684512 50969140 128807151 56427454 117898004 3455753 753536 49877098 3788362 42714077 127939333 120324356 132883628 100002061]
[43851800 59049057 74660290 104974044 57624403 79429008 68984731 57269113 99596384 118066317 24499199 64087035 13708974 98599085 62319107 18761778]
[87289388 102190913 124352447 86561751 49965009 85970485 22273676 68084770 109347817 10164788 11352739 87754104 71196052 19954022 131902134 122272857]
[127309255 36976371 48426192 102427362 78781756 32436904 10189034 80942834 96713369 104062668 84855044 120064589 117589666 80434878 318859 7515191]
[40566469 50978047 46661263 38944686 17120561 9252113 6143624 128143421 58602415 45778687 54128228 117497117 130444828 4600596 34742380 36416393]
[88590100 43544130 35275523 48264260 74688138 86111186 19917433 33318984 43520652 77608022 80879727 71071678 89944865 70357771 24219512 83521554]
[15835162 77513130 7028240 36114041 60428406 17052963 65343980 91599753 94666310 3449722 124754418 100706850 72241714 66924851 101590163 56272386]
[115906298 117812257 18903740 96921455 67603877 32394538 115186363 27041114 18242558 101349468 31383905 60777998 32167290 84179550 48557869 41785800]
[44404021 14436867 63418146 125406893 86341969 113147294 78722850 127265141 65018739 58287290 104090592 66777602 65131087 48571910 30356391 133234340]
[45810192 66651675 9245247 132335350 24126267 104911419 102860653 18770186 7472923 117678397 35800172 69896402 1517045 72172714 39205378 99015668]
[19434347 112536431 130575816 64556793 121461121 74971046 129501895 125696770 13663212 129093218 125295514 13724253 87326643 105046909 69188249 78851460]
[130530005 19458971 98156288 55474309 66952375 72633612 47911015 54465618 11223474 55313873 70430501 33012482 130796422 113101637 56987163 33718471]
[97833197 97910141 66094868 10224921 6199684 11495213 32579305 15995141 37144704 78760435 52375980 17972785 48132694 67452546 129918079 42750411]
]