[[112800410 132840194 70777519 124652350 105889235 126537061 130966437 45828056 91896809 27818438 6412856 63135790 17284052 113884261 86344830 103830449]
[67166995 38321463 66907447 120351648 81054529 102134803 102337382 50438618 101825716 122456052 88181094 100314369 67481481 7510546 102981064 3723914]
[81988010 108009627 104037631 28129945 6405582 125119325 101551974 127179500 31970226 15913574 121725554 104631401 43497955 44781630 36588157 64346495]
[1768043 126420911 111427293 79452567 61110208 125045278 36112187 62021403 52773236 54075491 67288498 122816032 20618518 118654384 58318742 111924755]
[91635770 6093938 1239472 23266221 67760900 123577577 101012437 100272148 90559331 7731530 99035832 47619575 127612512 105408119 40706295 66458813]
[133216913 92409123 44799534 79041648 26499287 77515793 69252109 113839218 49610119 123369613 13030152 40871481 41206557 132164662 8441446 121332156]
[85400872 129204286 58873022 113553856 89010333 32082852 55944245 26477397 32536614 112803495 18480344 12168941 11837943 21069175 119913233 42255259]
[8748326 6069592 36458021 110369291 123792410 119772215 33333470 8942923 59072759 98898140 97699463 114452953 64624375 38383390 114989405 6467812]
[120117328 66770281 96207617 21066200 71726858 47146181 115345906 128582561 48661154 117171882 435442 69594897 46975951 66855852 129339215 36063140]
[102398636 63532056 108291684 80691977 76977072 117413325 667976 95029570 122533437 85410668 101285932 66523029 91473683 99693008 122932241 89959456]
[105897568 96124852 61801778 87728602 72037126 58529805 73472904 20786950 30836440 69779199 33321299 40362434 16692995 37462862 109667684 54404957]
[14735084 36643153 49057581 109359072 115626120 69972789 19402471 121932007 105205270 23900763 62584422 66348986 26409538 9805292 21342530 20669467]
[126688684 29623831 70047762 27678817 31453230 23120898 93583519 60931371 77360417 22882592 71925287 85335018 108663570 12478805 81511753 78840429]
[127173270 88396874 103328773 102582596 97206633 8457975 75136602 78172398 45693212 49052245 131009262 6307943 111432304 38913843 78144482 103874171]
[99062942 90534121 133571129 6785785 63134000 25386643 11075706 132251502 21814714 10898869 82817648 71176022 341158 92944570 116754367 22920889]
[57760399 43114476 48609655 22148370 48960611 22912106 87639792 92232651 126451346 116835031 13036412 110831232 75269108 16666001 79407829 55370152]
]