[[126659808 18115805 93470583 132265448 42998221 28406022 101711302 50701905 10548171 83241234 98528553 47212030 21856708 97758770 126023523 52699951]
[51956164 15854641 49018263 64836421 69130294 92990371 109664016 67140 30196197 16253233 61770157 13466097 128188472 86846855 81280131 76784871]
[127305781 23468711 128819144 120656718 89708944 10136211 87668958 69040409 2231810 90520716 119372792 5913556 68063919 64524202 50679086 57365127]
[11992380 60628565 90419213 36279999 5098368 40019329 56576030 129589367 67917619 9697061 50741959 16646831 39270768 125483359 98867564 133801974]
[30964901 53442521 9221257 101598693 28983995 30609142 18516914 103810502 39376784 36370407 20658308 57508642 59667919 19729875 110417649 23466775]
[68389062 16580474 44481104 101559736 75933505 114517028 43073169 49965226 108315811 123240652 60043951 118266135 118377250 37664180 46328648 48670489]
[64085487 103890364 130895441 14203018 130420201 60541170 110658844 123716953 12615858 105104581 5844867 103682296 71890361 127243700 5151145 107083147]
[115853429 27447797 30671210 81046638 2778347 37073356 119986549 22303891 69582483 81765119 4456241 35004406 4497833 31868432 59002939 2797975]
[120837330 69454095 81430809 88628527 121930043 65388125 128368496 40556874 132174444 92549386 56404867 104477836 118858268 116666506 66374073 128544868]
[77455728 111231514 125882267 57010485 102851297 105546231 8276793 92895413 52551962 132167413 91164205 8820521 57585529 53410879 77055490 16971062]
[82363431 97162661 38890209 100445767 40061106 74468468 40278649 85819603 4982732 122952756 27107493 20760685 103877340 123339621 105470778 33189096]
[45957784 126619579 13452266 85966603 71974761 97547497 11350758 3451211 72192319 108161094 60072400 92299581 35023210 30327473 81651926 19427676]
[16018000 33249581 55596427 126483289 18878159 90479577 46947309 66870260 17907891 93734648 82811337 119767556 111353240 24742910 18378566 11225133]
[1039665 4263370 42960478 131043724 14345502 36629690 36840510 93484147 71497215 123907671 8603135 108852751 21229939 57278788 72853106 103966609]
[20507893 80805099 26419751 92109468 74917616 7716495 103500628 110535117 13259701 117556714 101535249 55517032 13832538 110111831 29142775 128498185]
[48243112 6202639 86538478 50323185 64947969 26561254 44668425 108037363 55753589 49761962 106000948 33686101 33042657 81103268 96656466 29501848]
]