[[45449874 62078560 15046291 82728283 122601550 49374787 81143851 47014435 87271968 62566334 76356891 8489363 122615633 23980989 95981096 128729047]
[115106612 26280388 63609710 90935624 9317578 116428104 110706136 46471836 41241303 125524815 85414695 85896829 77530029 9899277 88598643 52251868]
[58737521 41055661 50465817 83464871 65603649 120595788 99568246 5630276 42920360 52819565 63010984 32902049 125118553 19253339 78414077 47155064]
[83906547 54539438 83959331 50999283 126483886 104435077 12335654 74913993 70120098 112646999 42319892 27317753 102750655 125004586 14147523 93551196]
[109555060 627571 131982077 5137008 96135852 4443492 23466668 15732795 3123185 8746218 17247124 78705034 3998740 36480428 1611317 67415885]
[120842289 28348058 51744841 101697010 47988027 98780965 2408238 116028550 65101455 109020706 46964415 20111822 73539637 84755153 127329479 113655952]
[23810711 1216488 46908362 85429488 103124111 47868138 2139322 39146124 73533408 101580758 66478128 62683935 40490645 51532972 27679 44768579]
[6128108 114095014 103132158 24193298 27913898 83880369 72855016 122266509 91935797 25984821 72355975 60372123 32664910 124389176 4569649 67700155]
[70588586 61525550 127767474 9564231 98282760 87718238 91849515 130666627 38862473 96011678 621488 100789089 57752733 19222269 124030071 34559536]
[107510725 17453767 130272279 3546001 127696913 88086504 14992173 4517825 66399468 128706378 92932212 66507478 80457172 132800328 116673171 32135574]
[96094001 42127353 5893328 127159710 41723923 49562031 103291834 76879278 12532567 120786273 87667345 56280445 108644143 67411658 29468842 67916093]
[51656862 2696571 57788388 39533283 80424622 129159148 113985710 27243324 57694468 89943311 113307200 56278063 37051514 114276869 91066208 34956978]
[16188924 115809472 76449361 116892157 42942021 85421105 21587097 90415677 31259497 37231661 37296368 103172128 43660081 116563294 25227569 61169752]
[596961 129250901 5371554 127974020 92628963 2381805 33341720 39483644 55513860 125089851 56714696 83058256 114679942 29413154 49485730 131126107]
[123461636 49614219 20048055 86749775 102572923 30163934 54712046 46837094 86141090 72716617 50027120 68916082 52198247 132555387 24947242 58682090]
[4719253 11580176 7559185 110836025 89721784 61649736 5258119 10945563 15415101 104031432 27894129 89809440 57111935 116894404 106201401 113423324]
]