[[10822648 57681110 44260958 28375913 130505801 133415302 56927446 96561420 84317015 48386128 93907214 122145794 21483359 49831561 119180355 44285925]
[90238694 77866607 24372241 68622321 32564275 10047883 3176783 80685080 38332476 82148861 79681944 11965622 30543134 122799905 46292414 98802647]
[3563340 12921201 33468584 33114546 16694172 37053734 120402931 119193267 89920583 621515 46538465 25929147 14154457 120373711 16912435 11697110]
[64277919 122606225 113840348 2404810 117955415 128000226 75534575 49949536 52073542 2417906 41180790 26238313 128882715 20996494 52435012 8065092]
[16509012 25087056 70375012 131979562 75024215 67554418 134135748 11159277 90610398 56680395 1073609 120255921 130883587 113976495 44913092 78777997]
[74870062 117106679 40410558 106595665 94441738 47245715 728528 27756097 104785756 7396479 123083006 16887734 7028647 43263884 108582286 49384066]
[34137470 101840690 84008751 94040612 104758020 113820046 38831151 109919879 41341961 61621710 125238429 87386846 90287432 127485176 108130308 56651727]
[87390174 38325420 111653591 133545042 4866322 126139282 104919027 132037344 118702550 82243103 11418113 11955428 106451163 91907016 23438069 86672494]
[108639112 58375552 133331685 54694321 131538522 17118881 2202648 36550822 120526376 95002022 30185413 49388130 68393406 83064195 97664137 12470856]
[68569625 120684816 93007388 36584068 75962782 31151450 14190570 53907467 39543621 57419106 117226914 93603521 122723882 6007430 20505518 83208126]
[99467598 9472707 71843582 132768573 90022731 107177382 2433624 114700971 79657517 48504583 102630816 39718511 75030438 50577073 15769273 83803294]
[95367364 128255794 35562849 115060682 81847114 70480876 26449184 115285080 14052379 28821267 84432600 31181888 73650767 59317481 69807002 110927041]
[2337154 23086985 108971550 43855624 9072144 32214792 68368478 128909353 72783866 69889941 58740206 12496906 62577564 15260887 62823854 27749220]
[114885457 66863968 114553899 9745025 33798883 131410448 95260645 125026201 52663188 69831605 98343727 79506618 46514977 10182502 56808013 76105322]
[123205193 82087439 115819343 11527001 1022019 7786339 122046615 50481115 103315502 42563606 105019535 80690917 35855680 112098050 71433465 78470679]
[30469683 22175480 13363343 28877410 79016539 133935521 67734091 37435936 58406661 24448743 127807350 59661900 1489052 10536941 111076020 86901489]
]