[[43896894 118200008 115174997 126266248 125492428 48079470 74158263 32637452 97853700 111473323 123547756 999268 73054357 4165256 51077194 126314133]
[133878658 44339247 52358553 98131575 42756575 84112392 119735103 110074535 117611597 23596964 21849423 75789607 49899766 92712131 126720745 86860554]
[89109839 105513094 36254258 57384039 114154006 46979641 30347308 69923682 126495484 20481300 117140360 111363563 52734273 30338126 111478886 102974329]
[38656036 104334405 131914265 6406394 130932155 88723103 13632231 79936720 52925661 97282975 97030024 3794467 129651497 27221009 18752804 131529928]
[39226755 59410000 68487426 24422064 41655947 28906937 119819491 88208710 10033093 38983443 15176413 105310331 116639422 14195384 27364074 105224572]
[6604052 125433913 78761990 128966496 16759589 78832765 3259164 31096825 36866525 55396467 41136067 10479933 34624990 36308730 132242362 78974371]
[113108214 19112768 32759301 50979621 114282991 38820899 29428781 103463381 53249387 52862116 102728669 57787395 91239335 126186728 17139420 2319575]
[18906927 32337789 19197621 48466639 75468333 132947193 46846853 29705689 115800116 26834111 39151630 114778074 14610284 59630285 46173616 113165895]
[133969659 25724285 79246039 84402706 17145697 92878335 63765462 50633964 123126333 98286387 12559413 33442778 115428990 123804018 84968900 91394326]
[112122180 122284284 124398919 120850028 63624557 91237947 56469864 128950966 117034126 42357706 97712655 83246761 105881829 48580268 25781183 114402561]
[45449577 129886923 61752918 72298730 21073214 51540805 15955768 10878308 30269280 20969965 28536629 104541371 26255959 93596781 39714407 6266961]
[103465313 134089448 36063922 98198754 9992617 86194669 122521144 116188227 104195617 29305688 69171307 49000771 44058083 5099279 81240495 102932351]
[108998808 6186093 65327525 50237188 119799229 71864702 117155661 12286382 126822932 70912206 102352915 62699850 54251995 11733817 53074959 60825498]
[8189545 48465767 22307674 107536506 116594794 76611252 111649948 129945301 9779373 12212561 11894015 67547075 61998837 69120712 78540522 117909283]
[108319298 129556521 87048390 121504603 107134800 56773398 41587873 59365132 75765872 51254600 72759888 37292771 74754999 12347141 60471645 5135746]
[62678164 51235703 19717661 77701454 129219944 32712919 120936239 84111871 32785595 50484822 26391769 134185049 32257998 124255163 9858016 44591438]
]