[[78500990 35501025 38462191 63301504 118871700 25438533 81221282 2488542 39843754 2613688 72115458 52009878 49207128 29227074 86791897 114723302]
[130922679 126178129 74021998 25912271 112021138 37546771 120448243 80216626 28839684 87326933 121210335 21638167 42618453 132689714 78534624 16670384]
[102798281 30053583 104238849 67566393 99148678 29892054 91543036 94554467 124319776 86517618 20423274 97355332 24036927 116807813 34832728 117215757]
[106971193 22833416 89396424 11509652 46446485 128879131 30455354 53952434 123488530 33824137 89008418 60623127 100669381 79578641 55730651 127035002]
[76561960 79448119 1530718 99191506 53658759 65910062 45765272 53764255 67431183 34629747 28065359 49892504 50653243 35347492 121717487 5360049]
[7536749 80381288 81206005 86637737 124793946 35598978 92524077 67975858 125034951 94879887 3701164 61795916 30449719 81926372 52694118 110603277]
[68937600 107399666 43082617 59102722 125892372 27132839 4482709 2659502 128119132 45086448 60130684 21888971 46804847 117755343 116789190 84677009]
[104343804 99740827 73613040 33264546 50163936 101571700 97523573 116043720 89973021 103961072 93757155 73687348 1027420 74065766 80046513 9346430]
[5155526 117915329 57709570 111289399 79744093 3244328 116498445 57254268 125060745 89169989 56766885 45465831 116452534 107713754 61560474 5281320]
[96605158 84728532 123800597 123233253 66248948 22592687 53243546 90237697 42086091 30175199 74386563 97240642 101846885 90218878 116968587 115719251]
[34106969 17778 77477159 104621920 42650144 71385195 16534000 15118555 52734994 34365284 115174430 120327751 45910540 26903489 42673535 108070581]
[81644573 76939110 29437471 73981731 14112616 85497932 61212026 7315748 55149929 110426564 109071727 19965543 72029142 81590449 48907706 46284519]
[83758146 36690736 62235913 5388002 3628739 4047294 9882392 39196642 60749014 120117432 8365242 131685825 13951702 43689230 57866899 55625468]
[121639146 93885770 35823312 28880613 129484146 73520707 46496379 71595723 26452685 83513130 125952112 56502070 100776885 126915631 94559900 56225909]
[80843163 129806386 127442139 30809764 32588599 6661723 38098188 58571494 122901737 69879922 42923169 92646732 111365809 11894991 7201232 96280605]
[84310707 32010986 44687511 33389460 27472103 10177278 112867643 88189104 106284604 21176838 102939791 119309049 34045061 17160691 83744637 24875039]
]