[[53908672 108093142 48330058 119738119 120358777 75114415 29648621 26616807 129538998 45318854 58362764 85412387 47877849 65897701 127886358 84778543]
[42946509 82236714 101237994 93743442 94946952 19891539 53587653 47136971 73171180 127825576 67198169 134192785 132400884 85800784 53214762 24979735]
[103813441 82325174 131069750 28256485 62976515 73491889 49177489 38211331 81602027 94119189 66667618 73856813 87408570 125921496 68439078 82465366]
[16728815 91237181 18466299 88467649 115325943 31882462 7843134 3872351 48175064 15999989 39471443 125004737 25075729 107273530 43661810 114563859]
[43149737 96247558 13497905 132297949 3343579 13404381 31132657 66776401 30219310 65061850 3516238 65600852 33842610 40445130 57732592 88554778]
[23513105 43195542 26527436 104793800 30117178 75004697 131465415 117870377 131560735 1791620 17007909 110110914 107599253 62510126 79243567 61516377]
[83960946 52267997 80473145 123680531 21567706 96468843 43944350 100065128 126994113 86449486 71131512 38012171 44885115 78494630 101606635 33597258]
[129765549 85685252 34277668 11917510 2624729 43510478 56602513 1776721 80181695 45448675 87574317 69878549 38458200 77628087 130336125 91832431]
[123100393 92793439 46296381 117592509 27875449 63423813 107202771 43259552 89618074 21561994 41165561 63570068 45907958 73984590 26430146 72151892]
[45549384 124486839 6331359 50509382 21088030 81090334 1405860 72050815 87785872 87393095 17523104 105369933 40674982 36727031 71842248 133186122]
[66805356 63734875 110147533 42112084 91057013 112344773 17075663 41400632 39349208 69561186 57404340 5763846 115894288 103037702 92512805 70496044]
[118345819 113847396 34227840 98815761 83835267 93266864 35900384 93459660 6952755 7243893 40615412 71007797 64818920 49660511 125248221 85321657]
[29203007 25580042 114207167 75484132 75381788 63357821 106717119 76899239 109908753 95724368 113082773 126839690 25669989 67441544 74283611 7330519]
[79221909 70622262 23319579 120385240 102341991 52845252 77423028 111399049 64624438 78692271 1001878 57226380 77223324 37579422 44164693 59187174]
[113539225 20048594 26958272 5369910 120149566 22645174 22182473 31227916 35773937 61580400 20008382 53642370 54884307 4890232 64917777 2377075]
[4665434 64646882 120834039 89762259 133999796 99095007 1311589 81779495 90903477 105980349 32030411 5495713 8610357 81897087 1536271 129623073]
]