[[99935483 20740902 30790104 112185415 67572268 33263540 100930801 63767621 107014126 88422880 101750617 31625356 104154 66270845 51076527 16665621]
[67812920 84797837 87161171 50410800 2789594 59697670 8474077 90545097 21978168 101011654 98891912 88290599 123944882 70097934 32385254 129695149]
[109818905 47158631 45148474 82915281 19108463 26972708 126002855 92462956 95387369 113603517 64463706 44151554 2443897 70341021 32064975 40278061]
[85124784 41299003 77917779 29054892 123332754 17229577 118245418 98374081 109446955 112133568 37530062 56461045 12221692 1627458 2933120 30670847]
[95709224 86994875 81448077 97239393 112423296 99749269 66735353 47252486 66784970 36933963 91410827 55080392 91741038 37568707 5861800 96386175]
[93418212 43153721 50589739 82735874 98752208 133277707 46127636 62096755 122081413 13936322 10938670 108954341 18184323 85533388 66175389 21101983]
[105576425 9061313 97937261 94806392 73615755 1537991 101991972 51817199 125007536 42880092 29635991 71106190 80574743 69042292 107699496 40794959]
[114948441 121739922 55517435 100531172 124743196 49702790 98510220 75603351 117945479 66436958 126653160 107415550 110049587 131790845 33140504 123854035]
[88327158 68816982 98816951 129929624 110554249 33323193 22402416 87533167 129340081 19274695 30091734 92637097 102627818 62609689 55410763 42354527]
[89435049 80929557 47091361 56103525 2017289 130457477 113220340 124518510 28048839 45070490 97513008 4314873 123454590 90732032 35348756 118223989]
[14984024 67793621 20333260 16300476 107153700 83584424 104937253 89991304 62841560 56545798 80930390 57430722 64344241 98321077 29050877 116059818]
[42571595 17865319 9892799 106414480 32497440 23763592 84746610 93178343 129417299 1109024 3737850 48491479 34117520 63714096 64314468 48625589]
[30690598 11700950 61315558 48231444 85417335 133748726 34685609 72948845 124148387 19974534 106011799 59628334 59632409 93578981 46097079 93806586]
[123245418 92912404 47165337 30539874 65013711 109154467 75941007 11796562 64079999 111742364 31170461 77179986 24538879 37613511 30680177 109623704]
[123030393 44479736 242017 81326259 10836205 46116993 111083988 21612121 9914296 28441009 15510934 12464819 117581141 10129340 34257912 41664778]
[119020869 14998480 65235183 33083857 17728702 57764540 10558577 53026068 19816682 26696305 57062115 39253152 120488080 50521529 57832619 21710598]
]