============================================================
APM Result
============================================================
Matrix file       : kernel_39_1.txt
Matrix size       : 40 x 40
Prime (mod p)     : 549755813657
PM block size     : 2 (fixed)
Deviation level   : 2
Minor size tested : 4 x 4
------------------------------------------------------------
Matrix total time : 482.1111 ms  (0.482111 s)
Minors tested     : 19274151
Avg per minor     : 0.00002501 ms
------------------------------------------------------------
Zero Minors Found : 0
============================================================

Full matrix (40x40) mod 549755813657:
                 0            1            2            3            4            5            6            7            8            9           10           11           12           13           14           15           16           17           18           19           20           21           22           23           24           25           26           27           28           29           30           31           32           33           34           35           36           37           38           39
      ------------ ------------ ------------ ------------ ------------ ------------ ------------ ------------ ------------ ------------ ------------ ------------ ------------ ------------ ------------ ------------ ------------ ------------ ------------ ------------ ------------ ------------ ------------ ------------ ------------ ------------ ------------ ------------ ------------ ------------ ------------ ------------ ------------ ------------ ------------ ------------ ------------ ------------ ------------ ------------
  0 | 455151585371  20347164738 290796101941 303483289514 538036897218 283265297633 488256730877 523098433293 289246954505  22527610848  99623190584 407327553490 486965933910 456859518908 269776742586 547571997901  74231241019 175851797265 460401401936  86518704716 488837984683 301340367237 453811426364 430115183547 341572590474 237488410910 106893133436  30801736386 271554531733   5697852347 360392806445 368062112760 543587579149 140239177812 347716417379 285350692967 282891757229 260879798893 145114919420 171162583660
  1 | 172682656880 123883112276 391238354675 345455063692 273470314721 229254528558 228675333260   5242456787 337303390066 204116386102 487176952032   8675073136 478698713881 265497467918 404207368398 328823312110  50576181352 280909964091 120214182650 411989509732 212622748929 213432025215  98311499330 398350388851   1750948000 439364897297  10163101114 172199176007 113930786671 287622589906 162410766095 365197027612 252620693956 302720004041 160806059535 426321890631 193307407661 136382173590 330571027407  61960571156
  2 | 444902325267 144124764267  86804094816 542484592504 390827070032 436933576985 109341346249 233675011460 345207298498 462594948096 111792956141 267477293963 143719967839  13725497236  67256894345 321720731527  74455652229 426311719072 238516250425 296979291323 240623704632  90295747149  10547236911 270577159856 264743367101 500991895255  90170303318 498864478761 165555511149 423095631890   3752760699 168334048789 280447398952   2918982720 417661459324 383160171123 315401149436 171082663108 147347053360 230286146298
  3 | 387748719234 234711441003 272864150694 537163091268 512757072191 524478688278 354390352246 219295655525 127183154305 489758275118 429437336184 290933619108   9999083922 312081014976 521762398252  30446526984 535541359940 525461662978  87868814782 545369429567  27832139151 190604427418 383811032860 211732259105 319836643323 506222924384 257018629879 192642254587 320025496640 200363909220 219616531533 463884522927 381337653126  96435710054 327406089645  85977284798 283224677503 137352455952 215160699063 348982890311
  4 | 430159007354 194944600322 208726380612 102163059854  54409281228 316788042681  40476435875  14232391800 421484078168 499110165596 207017970565 367466893921 280749235450   2140193832 397644981092  29205565180 443453874631 194129763062 212090149482 156996136819 276255476459 288546164280  86482448069 270663707481 201167989841 326435266219 219102196971 444208717822 171251927322 176619255994 130657676120 235317462724 119738496170 119726459156  44630213769 109658812703 270719962584   2875585951 498442784464 164152797778
  5 | 411111017677 537274995692 528817450589 497213667727 328795061021 190064085346 135539084031   5053697979 408841652539 461369528490 249938832693 339245967434 143000336644 219370499270  37772154811 188621175560 171268571305 440895540302 280893009611 212672810522 318858516339 352051412133 175326413793 164193527596 471812505059  73512494062  72998102941 359911908644 164646171703 378652260134 394713494537 247223605349  32581538113 255768852348 113691031642  14999073136 111012267044  33310904289 231121565830 390796951751
  6 | 368093861111 479255297927 400471278784 112674963498  36327227026  83914663992 446414398116  83959151283 518096571581 158172534656 144902041826 450272607421 426322981238 422750549080 354896584761 487150867250 347162019565 350506679597   5419670674  22855197326 420928487772 487663785790 544576680284 133005706369  49493186274 487802490643 338948416252 201629238611 306339177479 131372726011 356154968365  60435912868 114931623904 221316886511 438783723667 204238198692 508172568047 396859991857 409799642667 281047276644
  7 |  21080677686 450491789010 215996098479  98963491262 467802305702 178424312305 239979935361 451514501331 110358161864 457604345477 165238967668 121513385355 399402085820 104639526030 483840682470 536384655740  84577322169 466121646723 267272149808  25340644398 209171086921   5778614539 313174121379 428816729021 531504731762 228199786143 480183681752 388300677888 484841001237 351879712160  79821645001  22636476111 466071818643 196922424562 139106314788 396132889855  30938115997 101324387373  95922847206 257409900993
  8 | 155505266413 375382105070 110878950884  20790361587 189370874299 150669381356 280905799907 119741055326  99030486004  54784491494 267774531061 165275082117 283587156342 316887165977 344497005340 204530746216 517251211530 245620107321 168180732455 534184848713 501204545439 425209510773 263369771175 407394664051  93835247331  60174594123 204167428343 221677940319 192670040530 438402355183  54908268652 407440251366 263100933329 432544829055 344328839375 205169583999 391711200287 366689254857 425219347369 379987924770
  9 | 545220447328 337764240954 485062446640 212362957966  74548559405 517980314379 343945119449 305994873023 140843652282 246717361056 499141481203 225965693100 505252939996 491172826833 260677253135 311098328777 474119929603 143606618996 516355232251 410188770403 271363445338 177547888466   7148966699 303504208379 336831663610 207206395530 524422629912  55358892905  85363781249 392820578685 440465280389 132413751214 465972510260 299547951367 203592937677 324378552717  98258183097 274517124487 181980788164 270127238198
 10 | 102264195585 518048998998  48396898998 102037820339 127276880916 505215559856 267590933466   4719114459 193616599378  85343117325 246353438927 435589751746 286472971779 460567841424 189598438240 104189288800  48224042610 223863091870 245865967953 104048850083 385897433133 122698430043 112515452099 153988244645   5811470800 521628143958 488071643371 510891002930 429283771029 541758277632 488126662269 260536568312 526311211408 471485902881 476989433821 276333747896 382088165723 412869745096 465814943476 157300714087
 11 |  49326480203 267856335265 270920009102 511691202077 212095496305 384033712793 243615736886 414760600361 231503525478 354826978460  61136202038 376965826029 305577950784 232414600986 215237805328 226416425010 377372352124  63363831852 539834160080 374776123617 516264265563  65636187849  59890021739 375889321531 399681552921 163143873557 334561029096  95203203815  35623352954 504481629010 106229322521 332302598928 353893377840 457880605615 185670665379 477564302421 121070076737 198966785973 293829469187 177487404408
 12 |  57127867412 136462124182 370424702080 456500361921 455421891544 155622235072  35714599191  23384910893 379243012246 413642014528 474659864080 305054227524 413309039027  69348706695 281166092956 464177636579 318212492517  98048231555  26038604102 542094250968 132195405490 501753019882  11659897982 368631828089 459271072731 548272116201 464706717946  76066018989 134496220759 396796224896 249012295706 194739345803 373425181666 343853581639  83579933737 100156624893 525130667007 145168370024  30438160815  78151510287
 13 | 317230274835 400811101804   3507563438  29987756775 119969856857  90887194786  24904308084 401126373388 275124148947  85375620083  55404114396 536287289726 212963553787 251196958532 443121036286 189926966732 532987677978  73728853279 203683873947 501024803785 126883681325  57477687521 260230464432 342574471813 465707335094 533051678106 317441610873  38538696942 515121171232  64680465962 104363854335 519025784726 219560219978 271465363601 255129828879 452982402641 498261439669  97776564361  30291337564 510545941735
 14 | 344364784730 394018647924 240607333370 443056620318 220412931107 166078684230 328338970980  98039112594 536764057401 365736420211 158958627304 472200811176 510125030318 344126404840 513002341451 277922699288 235023015489 406864496963 321579561953 469596377822 438170895458 449200978861 421123859169 316848247108 335126308521 195149047531  64336694758 152545121142 475170578713 253921129355 185214226715 114147689387 171221440254 475387920017 311298312519 530070861766 466175032999 297060235051 491800689045 221173426659
 15 | 154951994716 201078112470 476611845371 546239680127 210548362985  54081170894 113079438455 302751235136 407518111896 278698749700  80796845691 474964315785  94057201312 354488614533 390425528526 347240434244 236722083212 401874155294 509562075601 299615869254  80168267127 530139474993 295951895716 120590058184 499676193672 170687871360 378823614236 118587526496 146364583090  87955259500 267902130758 283954602415 102397808635 113328957359 285133779808 355926599786 488559382990  62619891115  83499774235  70121147623
 16 | 100094322534  95590634709 191265369126  39127096203  62825637450 369466276212 503091043227 267999159460  25285741134 440918727733 190296289325  18610679886 154255136044 237931298515 503908354394  29470500893 428566599834 197262946748 205056735882 476459839155 254634018670 469794870610  62545182618 346204978056 353905299542 215050220983 353840747115 162919987883 531327924175 466960532277 535346115556 421979410784 405023908106 142253947722 254174790020 460254994854 116465362999 332521791305  48554057933 302176763398
 17 |   9404897214 327455069328 191302382252 233055463488 357348259948 538223288615  90572816032 294326326860 259199752011 259868621708  17843220410 372196573543 328436561578 521384056097 117964206183 215601548228 417829146291  21531461804 533807622259 351073086673 211783192466 411318052056 323889063422 281082774949 253234818599 164160385986  76053050537 156184573795 203468003944  96878398039 159657072388   3194980842  64840042064  60514026316   6410981943 167467279128  62408901057 198859305462   2848074545 474152015154
 18 | 263075714268 243879889187   4416766457 192727739202 299361002062 393732638507 462979610833 457853810825 460240291962 328491829320 251728420564 288163736346 483582195666 124594422750   2922434168  42952412260  10428936423 323877722801 210189620086 230778287971 364161085075 207004296880 456852946536 106017137345 413115967388  21670186797 414359815585  85970558354 413819756062 113101337413 363321399433 302847312553  63448979823 353192455671  16762543869 117049135031 296315688341 126460510726 244394946110 396821060226
 19 | 342472579565 215480106994 195801568124 546226394535 544919032980 113283826623 318794028734 180271852594 280968712868 501927170300 362682340818 248009489151 365953324228 517592684511 174086320740 453036213749 405509720070 537645196736  15339151813 476422540216 115164406176 192691381586 175794683894 389955875272 391933735775 400971270285 256988654067 328044761922 367413247401 270297609929 407136079529 100650674155 449922669265 168270752872 470617998647 283345985034 100364548672 355779898997  69329116336 119266343068
 20 |  70198222571 123103691782 194014135953 111600458778 470898165825 286525765317 221373738591 126060214396 336847340794 546741383390 228309256949 431451516289 346213958254 482257543043 479343771756 451119100126 464334868498 417556118959 216117817916 273660071655 522786314608 289106127931 354334098374  44359852887 458484987125 443321068868 420301011096 338217935599 150975693934  18688669674 170591842506 141827796429 236158688309 320271482892 440554379835 422719771026 302350579151 489984359367 202591255329 241884338214
 21 | 440953812628 431769890666 539283987615 464138519538 372699887108  73431750022 229615137870 526179117845 204013181365  43249840891 243892513510 234303646738 192084196471 399820412312 503446395407 151759196885 340938129251 161502666815 142438454358 431821832695 466972050578  72983552162 451874343060 245396923515  28669270529  87044980175 397062251017 215071579735 159604841610 316306374771 198773025485  94896557860 536618081211  30041115109 516446314126 314084718267 138922059722 491899417340 546061182078 446957258974
 22 | 291390578806 409623047911  97021616223 423643780566 512297923401 107203764321 439675913771 357948993165 409972810384  44834947062 388006585416 220981977709  87917129711 516106736965  33796823460 346991048621 312997575841   4147044955   7140349104 533275418449 490587454706 310895252095  31760163779  50823429642 189435766101 409278691576 335818441416 423334258089 424846426710 158405454239 302413802505  87671465975 306377586602  50240938831   3728943905 543704989833 233926183920 145256411245   1209662006 378241097113
 23 | 125250220974  49714617461 115474338838  52656132274 515253819336 469495923134 280663880469 327360901059 501666711290 321773915442 354413858917 120948734757 458558975996 102637235777 363725328727 359316724159 351033214010 158443439039 517090510873 197052993698 367302814787 370563073300 328739642195 103021487029 539154297266 452984556337 450949877889 339264073741 324210515094 166520375266 190449789569 298246785516 472544497094 484017230635 482953139522 501061406865 454564243208 278820948725 168484888872 529117380487
 24 | 327226060453 390464745963 132595769028 170323531632 300539872734 516489103686  71838965386 187991174301 253344663697 272031572691 106842744601 334680525043 196971073914 472793367909 546471859640 124723157097 134083848170 183231232540 311359708891 100833434807  72699404288 216318861714 208166405427  33959406241 490510888372 419155056393  97874519773  39158507539 227239401343 137682358560 524764815819  19527179835 385130934544 221950040310 529310722138 312234746616 424406570133 467341947845 411460711449  19518435150
 25 | 119247706979 322796699549 234013888681 136145074693 456890665184 371170775549 163614909924  86911899738 431905676044    408058113  20048060705 113318312384  96827887056 106138007803 366510692501 106951634459  69723144151 466360935765 270531739233 105754294801 380817960827 321724055650 518634447703  12657345200 370271800309 153236734452  49377739433 186196945162 151537044052 495292242263   9214740809 370370858662 117982505562 421126271117 166521024046  91658219873    816573964  67029817290 366655322152 474732510715
 26 |  12972929501 307319202434  61493207706 209442326327 502868203440 548750299465 347759891675  26589164605 513143747055 414296668607 363169973055 341631041069 535617603365 346224775795  63667294760 286943947546 282233435045  11786539676  31790617803 190322563849  65135607044 327423461360 448492531923 170252346561 332905911891  22191116830 386643642953 360418533526 524794711561  31134482444 271663493529 249377827005 370056411348  35305321312 211305575745 523084979413 506071839295 192989687125 533110569354 498893079178
 27 |  18009782934 323342210067 317320033213 232255580927 533402501875 228189617175 440139126180 397387654904 326594900951 362572374063 279719785855 340122340341 334969474410 211993356736 373211520020 379189547088 157820025522 188396184619 530804754542 169483174440 349339377962 362927555327 488443875989 224557336930 437138295833 154139250844 273864733614 403612376239    521189681 478587664641 121326324830 501963110943 213874993947 409544648136 224495920911 424414983907  63963135021 216520982026 256907692360 504941157926
 28 | 133999778504 154492080953 282327024023 129109709527 145820805316 510727111923 507582251031 489182903020 465493604712 416079969734 540647455590  96855136282 285280845757 282277451269 200931175652 218235130562 403042902539 277385634980 243428937724  79936288947 120437989732 139725125773 470112564232  33922629640 400857633759 423111446127 386699085745 220027428812 211750169764 480567297838 354629171434   1541884200  72467929001 228913959396 379575849186 435419691100 295731782238 292190915483 414761226555 430190474183
 29 | 478886409501 114767574896 230835862927  26847532276 279799232606 101908462069 155404910137 469172394874 541404008745 473918109347 368860334192 309353378719  74685507517 497302205420 398853223929 171930845485 469417486578 505492175716 169177993893 274160713513 419617937133 536631613604  76611844478 205752017310  92957626680 395187156301  54423792654 244511343931 543827339649 280465872912 418555985107 374912952670 322729026196 212339744024 348860898589 542312652830 449853153988 104044881314 261642845199 297106328356
 30 | 366064604132 250638919658 138927194473  51079010079 226368392232 180775695434 134508929501 314898638490 122409472760 317320610954 196934452614 222753305562 231389579028 419187286648 156150841610 412229980019 456756279755   2995155882 362803241392 119759374081  75538443549  47273883878 363539247980  93291048548  83367529868 448649394035 253724821755 168133576193 112236083036 111554429834 344187092939 355111551704 114426769948 217147043386 479608159669 278624918460 313247570691 497532370165 540550471848 517793591818
 31 |  99326353686 401338470007 176506184749  36575866211 298488351346 252538013712 283299128582  71424995960  71895385469 510479644127 485891225772 269322319624 288581936260 540976335925 350764788311 487012808484 280102742319   2376190015 460674542709 446073493439   9061798698 192322104861 381733604532 451680942310 235941841064 508757079263  79345789397 504515060150 116014452023  95627387884 185662490272  20333745066 450537909088 547070806142 277237493118 483073767604 200176656490 499069846957 257099009796 387081022549
 32 | 322756332330 220352715037 463632629672 467030074390 222988936626 412753881407 532815988265 476528623490 194571976682 404776968551 356432008095 356084625293 331549925634 409659903440 366887911941 114537513390 382276038746 407602388150 459326205942 254641953903 199209661038 413961891615 477498265852 443465288155 393968154044 482462781564 388143979809 449363849674 509326047970 237530049037 368947494592 519333124537 237530258481 188808441290  73744359931 324631134033 263752178256 306453344191 106294406250 204877432060
 33 | 492224644425 519076964296  59800683522 373454282480 501542806155 508846418319 112350160155 268732150696  98348830567 231755089443 107049794621 135033181966 543370482947 409105637949  43509828722 529650833669 228452022322 548020514448  68900545751 344969280688 543698290900 318063239191 161272768394 373493297275 359337563374 491336414725  22781430786 115392694714 366343062684 346067572865  67048042650 508788071812  22933216448 515800588416  21065557287 322433002786 240171277906 378861231765 403480117260 277298686606
 34 | 537384412044 127292814885 103450806734 378417791435 240337298707  43888920590 439176768359 136274898495  65614619857 519665513257 135630830733 229741735381   6040563246 268864916460 164378821396 419571809572  58498319574  37209220829 544555356765 492872061814  54113204247 449654670163 315288064163 187496311106  13553027870 270788875212 346534169591 223350085482 295719410531 339772950298 194933132335 527317171349 316526781718 387831088880 495341052371 520153443013 184018880173 232645553213 359716544220 398483476988
 35 | 330515209991  82124416011  57073759466 172860347588 119853315723  74628459746 153006449443   8777302058 494707302122 540626311244 505888512085 133548029204 513283891425 383072305021 253591329779  76025701658 352038246126 537858714692 110921639345  35180478268 430586552958  89805007625 143598670824 549101513638 364916296354  54848229577 222327792644 388193202333 308193910521  14921456999 426312470600 278418791300  93916610983 368088418614  60376519458 136624122711 480585223898  55508490477 536217487983 375467111572
 36 | 353791370126 318028666649 502888657618 123335427292 461972132943 479042550626  48198532238 511728130509 255565909636 516074014228 438567860312 426350097454 273913437789  73280048731 326362766261 526571238594 542098144435 544876060757  42998260521 181794167130   8298595928 329983391284  51270829358 215373985021 407151196828 283796945082 332194009905 141379732325 516050709063 444593292550 488910152750 311609488139 137921749382 110491768605   7186697266 316467724043 370129540951 182250279276 413489680565 122749441670
 37 | 199933446207 534118874355  58071912944 194654485884 177503947192 157298526655 116737775479 150982713316 361558777993 292388032620 172854480732 281831043394 510221448529 124541077906 277406946190 438904779536  21996444367  62569391012 214782734119 233168941424  99825517625 444954893478  85023284948 122466076550 245631906258 473869957274 134596354726 103073960742 342328025474 466591140784 528155956032 112887915385 219022759497 108161481114 517477412938 285981827677 330950172166 193686359158 403464617028 428298116985
 38 |  96063561060 457463091933 186458049421  87704493497 192346570160  66017454018 419835117272 119993533948 332377907145  13979456652 413145269880 486798191290 393012508003 433568578309 376444934923  73109724910 255324605026 238707735097 255982341029 171211124075  16128796465 282082373095 299755553241  82064910051 344675014491  30713041576 106681887828   1078188764 354298439843 349188231541 426886825796 337720461983 434641528287 201508625529 230996675903 209381916626 420835366947  12452364086 214517591150 337084334135
 39 | 327222670770 272939852547  47853958996 220331020438 511395386333 478516394378 262291811667 280734556932 212597537880 225265734345  43936519474 198307687512 377621014028 271932133467 300397776758 321969325321  74248893005 204514112897 494947977818  71987938144 351418398000 253199642266 163747556279  93499026472  93630372892 453250515910 500104441847 479778723501 430636589562 160553136265  18930256848 215132891622 334458673292 332007617525 393034056701 129192589817 310497613187  79276570496 235934331380 148388130587

No zero minor found at deviation level 2.
