============================================================
APM Result
============================================================
Matrix file       : kernel_39_50.txt
Matrix size       : 40 x 40
Prime (mod p)     : 549755813657
PM block size     : 2 (fixed)
Deviation level   : 2
Minor size tested : 4 x 4
------------------------------------------------------------
Matrix total time : 446.0022 ms  (0.446002 s)
Minors tested     : 19274151
Avg per minor     : 0.00002314 ms
------------------------------------------------------------
Zero Minors Found : 0
============================================================

Full matrix (40x40) mod 549755813657:
                 0            1            2            3            4            5            6            7            8            9           10           11           12           13           14           15           16           17           18           19           20           21           22           23           24           25           26           27           28           29           30           31           32           33           34           35           36           37           38           39
      ------------ ------------ ------------ ------------ ------------ ------------ ------------ ------------ ------------ ------------ ------------ ------------ ------------ ------------ ------------ ------------ ------------ ------------ ------------ ------------ ------------ ------------ ------------ ------------ ------------ ------------ ------------ ------------ ------------ ------------ ------------ ------------ ------------ ------------ ------------ ------------ ------------ ------------ ------------ ------------
  0 |  27952329214 344768406357 196546469756 383968509110 341509750388 311472631146 474069638066  87845652371 482293943447 415958236512 113449862094 332969691290 352764382252  18237541531 397613016725 488173596079 473571145184 346225824276 529174028028 437102773350 138804161746 155060418415 365490449039 232691594788 153237302344 294435907956  81975261001 302913550773 199767099123  52139118896 262003629110 218315630465 439142823673 493016074247   9324098843  52850159982  44862649091 400119478169  26277247523 329903334913
  1 | 532733439971 424663621415 535539146671  25828792515 512010442138 219009402697 286246894807 356075497180 216615203922 297885432622 190794594841 393896690242 110659407303  44120305360 476998702122 451572433772 537931065937 497173814389 427538005268 277632874166 139791181149 274987171426 100583327637 392368534599  85344023792 339258406505 268529225540 114722596361 400431924952 239928833810 384735112450 519200842081 478834487845 104505962942 141785751646 539604531359  37202569541 488856479773 545412579232 121792819920
  2 | 453383896265 101376053805 319023924465 308431203644 109117317879 436214016252  12025345674  47350517209 176813006967 382373769709   4374692856 446840796945 374329725533 411883045238 106972403171 462687414279  15955278642  71010371256 238244833353 478964712553 359901031284 215393833450 128761513480 167321089786  91051838758  67221800622 304557222351 451872846748 149153836461 341301547124 453702559366 517528968264 199582832785  99504798921 371494806326 281410618002 219545979857 180818148573 123383872152 441954614205
  3 | 229528720767 347521445094 200093252875 317952152144 252435979890 403009467152  30764332479 525985348051 387888628044  64208631362 448398875293 343616726581 479486733590 336657684072 387224389758 146363390084 274603712004 182507980987  16805540424 309776175404  23246927343 383582494303 542212606427 153894565089 500761230302 146209445562 179673579688 183801978223 211644596227  10604877337 149475139821   1501855070  83549805119 199810786360 303397735424 231038253406 396910302621 368204587178 436810124600 230324167296
  4 | 331710565623 159402393973 276168725218 384304704980 541298103311 254813420841 181684790858 128434535221 453138443409 198506843954 225483215112 487042637793 404156476091 177837526499 458602169850 244915919442 315391285616 530881758362 447747941368 452460166483 533720039743  23176372292 252807752116 401683420419  91078872170 394436537064 432222885839 133321491778 109887798722 146882404769  29292851011 193771629564  59204834543 360362251004 509141570496 528094061672 447877989921  70584416951 199942776109 354892363835
  5 |  40731926301 503172313803 288782941434 370582162077   1760952013 150781537695 198024097526 234791758934 134075849088 414819734359 335084431964 270985853225  66918049095 299391526497 350350072059  96339149809 311111891084 517356623578 487672371421 274428298879 336774339612 179496425866 259544840291 372185944639 352907832952 228662243108   8371028230 217159248319 312593068789 349289343146  25411207417 330836624538  47227417378 539378461126 261655566995 274322283166  54942049073 405940136849 332230044692 223177934671
  6 | 263418563167 248718035479 218848311642  25697600959 288142995363 288331473615 232007494808 130665414800 373457764857 538959495244 436025861640 168674757015 383639143664 503401801729 146498836920 426084385755    785745487 474448231542 463732149506 549739543343 163065202296  76772846588 521888590025  90025989630 150072523842 225940180768 324974962390 541105888509 202858029115 486273022558 492170125232 205828513853 174013832146 301677782881 106272190463 173553066002 319859676738 323397395969 495032086169 169521557335
  7 |  73725528878 259207213309 363839735830 242503528793 142044729896 267614373400 251333154724 132193883175 140986152859 376486194776  47562970479 248134106052  22490493906 517027540700 190765441673 455451864653 332650647140 183564487438 226291971862 287682066442  81636516566  97350033793 517242829205 398536465057 116421024503 108579496359 104320995158 406503141503 172069197284 253372534207  26875661954 228423706719  17921623439 494343181559 309829314786 227313413448 444107978652 396596578029 397427326387 347150750357
  8 | 511751321659 194865362790 426735079739 502154494906  23345117861  86393814144 207790864457 473166451395 360549182717 417872182159 158580637121 394555108673  33927112444  94622196728 534618539230 504948714638 246118874219 424160941703 163841765951 459315012152  98140171299  81046753510 384373913482 321734123876  51931673492 477334843930 111511614082  30035415228 382126376432   4923767138 217128619327 170435709718  52105638611 196115514885 242403900581 324869935265  19983649485  73239006392 545766600015  74569932408
  9 |  84891706650 168742776857 490696148733 330030908064 141616307612   3344366839 166921404944 296630979987 141648520616 544956740304 380416528558 504212734271  47087884097 430403661000 351682863930 326615000888 235345090575  53904462222   8705166980 503731580436 385908052554 262793025804 266721379314 506535974528 441068305147 123236556571 482530195765 471850869445 276891505935 519230879030 503967609504 360438492958 481683067197 254305468102 522869455232 282904406524 413517991096 268839857846 470858330956  90237296476
 10 | 282750763391 290615667917 414242827568 358862261956 396845008618 492686812232  78415291145   9371045962 341112539003 103671521439  87853713201 453118461158  75431211390  15736390368 251453821007 146710339236 111062400303 363770192364  10267714169 334953684856 393494009534 427453879092 267343963133 227963391688 286565914274  25858154715 123874250373 522518700370  73330536868 263891165727  32428745038 252889327862 220885664824 193687525709   7974889546 410745355637 349302674503 302041506019  91840953839 162138621927
 11 | 391846841838 398113012628 530513125560 261805744288  66664690603 458564578410 291377380428 526473299451  79501494206 109664825270 531081560692 511561348294 113516388531 281752555360 515735544969  18558557247 416562034825  97598297871 348746832012  45282028435 429014804205 119093494932 228714753381 368143196109 509469716091 212132928163 246237359083 376932076348 506828939470 283395727033 383786831238  10029559062  70658550498  39132127270 545379321943 193512705592 227856213296 489673860855 406217107676 158266039992
 12 |  55378197932 141944565992 281862969514  31442092185 154480448769 524383129827  78995596478 150322259444 320578488662  54233117784 232110823833 231676372926 274988594428 542784413879 470756436004 521991294252 224497234976 328536819980 185504249373  64195845103  11740908405 458620474198 383433312562  80880735411 540910940680 452567939692 538203491555  43676789676 508538142554 115806617859 210235236209 345679500315  96340546777 207425200503 537659711367  79546968097 193691048451 391579106341  26003199378 193536550344
 13 |  42241141474 382282551699 342076350588 147222487119 174984392472 191485616452 189888628019 503503252737 420977489896 444763548000 339282984565  55139960101 164048148986 343367973013 464514293479  79540279389 540096724918  57698655298 225000041068  98989592744 339920214357  85792542480  40688601347  94305474421  59805711808 392330740320 386008560058 353503711576 280368314680 452351617690 391883308230 101605151352 459141217059 439530028482 392901001306   8574727278 538787929672  17382123134 217740119396 343786840157
 14 | 102743508673  80719230113 279556243150 339823757646 361972169438 266202275686 439426955153 450812343056 116106892214 499133169165 161105639421 362068186651 196727669519 163421284170 427333159649  49108926365 396891450257 257500947009 438018503716 521258950540 403609641233 314792434844 445825652907 377166716937 545304968232  14072169063 322747801537 329364369452 446943477696  97721263011   2325175230 203875596307  87321501305 542558247941  34414032477 265529644297 241878957817 361843514760 260019758309 281136063746
 15 | 136856025067 228145471280  70557187881 535577642964  48283563933 126780004235 302173619076  84087818555  22803134942   6972964817  15598174915 344659050243 263326474750 307960622496 285928547340 433202076895 137198191786 226095526564 352294797082 352863066370 166811452508 526853867646 485287528124 220301656408 106943408750 311092713627  96729943528  18639212251 169988514926 162693639521 190305292184 381950821195 333937551671 164452170357  53949948531 525202346288 225316686092 449200426292  42299249088 105698774634
 16 | 189442405280 194647332407 213789430616 517684993761 372369638571 158490461954 226299370973 510421195293 445218221690 512867254893  78052357545 110558808652 267355151017 107357069520 152820318700 545002793488 255443941493 529976021203 371114779152  79408349552  13215705706 484597069441 153805580950 360445487147 245155401516   7033836674 399262508494 342462473833 181717922519 471478908986 461605215553  13040488498  52870883189 445757872659  28121554051  19893756740 442446485648 340964088087 408211183273  83564006189
 17 | 137968732697 470974485725 163635483153 504899173763 279206417342  50773190185 295541451719 505011032352 403840807996 514375832624 489391228227  96537911347 470049576095  10893373565 243419470773 521549525986 208101548619 346859256773 132734932478 404688504209  29482008568 259163776032 435517126582 406446038550 269729627705 249152599580 392567648285 260426219022 125212154451 170792893263 349070664881 546604578916 497259965408 483819935385  38634767323 275315555717 466463438792 392227946838 473452619369 321223532302
 18 | 222128378808 525436825825 305363725153 500312112595 181088035024 491473033731 153118833171  41778448363 245642645083 372696744082 393272294969  94995106464 254466827099 160938033706 327914578741 397680785582 462078191364 261660903110 351462840547  78344026404 281627452983  39798076439  50557108290 286901941285  54363381048 340103553771 138193614564 185194248640 380653483516  55119697471  83379623244 196932175084 529253793042 379639673835 112995327822 190471848524 481278700824 501101211530 161681387747  25634968899
 19 | 188047168299 305170798486  21331074207 282323878565 140351419515 217182157417 535902897373 215955137347 150127401422 462003172200 291022547168 251188394358 221161816730 511073488406  22720345856 441928353789 324523021128 518786385290 274926207588 238934682947 401249097126 445183553679 244992793561 335374187641 240195893042 105280558547 368889004104 543021186127 210601940747 217737224676 260340008758 462224909761 512954608236 451224349012  40790771460 460552508574 201085536840  43220510928 449058416381  99329843205
 20 | 439482822719  30979396877 175929763284  76177622279 539819716760 306913744518 428529986704 346648026916 462498707475 236922287270 346795322637 303903321231 433283875793 245825405154 146392424287 450007938938 264567467330 398656096307  74042891871  31246213192 206263750923 237489453327  61279522272 269775563177 139975824408 438285961462 348271732635 296575131275 335447035657 206496888462  54484343470 353665629624 520004506216 194041762171 506867353339 350044318686  32095647933 199356434614 150073596292 196108164440
 21 | 299882607591 452295022534 370618324169  58322557990 496519650344 473879871500 341682907915 544986727821 490849977703 191917378629 436261919089  93081074206 455881081331 273221260248  40728664266 332730904139  80315852292 307354967145 298842326620  43528472411 419489528262 390235673195 127051414733 456750077183 351218215582 386360489478 147250721803 414695309132 399736720056 365379167635  73998670058 457347645897 190637889958  49658779600 466294300878 369324263794  76475656464 351917171607 362666262423 549173045082
 22 | 269291314304 143197065330 499724501716 229650874451 113488133448 357637580011 167885545776 278771003068 438151632545  37095305786 122546415192 211551003332  66968941779 185400416806 516811281374 223304849512  50457157335 377013748160 414581089523 488231646202 418633095329 281307906075  14750983551 508697085805  49070423809  82499312940  10432854514 443144226886 248544375847 231220130283  17953525088 455789457940  14213635955 548288949104 242897062524 454824676093 412667573544 318100067014  43238685798 168819282131
 23 | 169271264028 294416331012   9736738611 262185778262 485353176247 207330411235 459593445712 108270811564  14098186234 505951606153 235866256260 454836673399 535989565101 156465715749 150392279713 110329802554 363739874807 386850116756  46946868704 266366140731 541891461881 469663428819 197285902666 221950228061 206823970556 523773873100 378591528844 238909049448 336747044535  86616727318 501972337943 195981299898 467247935373  29116466367 228743562859 213158144146 407727579954 382790976786  82865757592  53939146009
 24 | 234743884290 414893386928 163504989883 394018929337 274281258250 531958733048 263746239869 417748806527  85486031359 448643609916 411038819760  97123509812 248562220336 359387270417  95096351879  94645753331 225328651519 499673463157 360499374298 117823859017 307071879297 159526339064 258680181005 413027881616 515859384404  18292502586 352878326647 185874610955 497589630469 447564498986  16741195884 468289567753 516274531022 224125594603 546937485190 244766119319 207116321248 548743614779 254570901466 549313428018
 25 |  82502234206 308415502454 526667482355 281140284610 280384227417 176729916283 235667517291 194837200195  68457390091 112104563005 397775266461 482515040401 304349363692 128930578459 506111439436 387750360444 435512013540 136234635290 328131015880 226508234568 195274627635 107798378649 395400206603 168808074068 218237709033 312173578049  78097131329  67206407279 214923706698 354082999275 519499243002 195318988545 178044341928 341076192934  46041230430 449355328022  17409579455 107196467782 224073032271 293608951708
 26 |  79182102922 251258177545 466006451197 228847790395 402648064953 289951467122  24908120458  46426660979 138418161508 351002849960 301173137171 180927236819 223876801172 283021696977  49849378310 199401030760 499552340329  56824834126  33837849583 374077482493 538977001016 110988381466 219956628398 334981740915  63900171030 165363595639  81233540010 200882729457 420923007515  75263767702 315482066594 261620447117 514226258045 409192831240  48620611200 252709691360  96040729695 516488894636 110256433857  80851908015
 27 | 466106955279 354886485593 484528633964 175919373814 389153162615 125033296076 155040352908 418377199293 520854464927  27910854050 234657383347 302657330753 327186456531 398287553094 174814093947 429206822955 374874437186 437241394909 327638177002 324790348119 203112898435 293627422055 325361554419  24566127391  54167228835 395974710374 393043641870 152961726102 407369399554 260688780626 529543898118 483001897867 366015887869  81605590406 480278100751  99635377513 292523372900  41012645698 277819318671 324141769137
 28 | 102521536390  80436906531  95021153047 405453394392 250152798838 430294693110 305169069908 359187016732 520326961815  12204544044 491944362337 145753811845 447487162214  57105271040 351877385884  37018153280 206121976692 143317283059 191571552183  50864722227 430488796685 497043932132 456689598645 402091575606  27533245056  62449338141 335681219346 508805836253  60431247350 446756141521  45663607203  92413260179 304370041937 132331628125  84355781442  74373744562 415203502435 255065654316 381328329684 338571383074
 29 | 220128953269 254206960312   6992326675   2615702276  28884995351 144694356112 282168205241 387516985047 279893350830 265506703641 316096587508 289614325516 174210116408  25689222587 508166103389 225318258275 415193234498 501565283952 253377482778 167834200587 518280978058 366234504553 294824950990 228724407481 363989559869 543826071507 245177539898 164146229883 404361727983 412383965036 488431542263 365663266092 151202858833 110769849881 367173701374 115127287023 173858033453 313508987735 148749987942 462202385599
 30 | 539406043060 343633516021 542691189263 453367375452 301513614577 483802264238 461264797736 368488033154  72368103954 428571988891 131714723381 460836931185 161184050762 338827705323 512800285001  39463964387 382460790758 297380778156 388087484279  88092020733  40584531364 103133306906 549645078218  12875594151  47345899761 228128534234 378427573761 241110587497 429246460823 100828996727 365607860445 476034587197 357529307691 541407076031 453652240666 318220948455 159840758866 259049813537 407582073612 123703977599
 31 | 174739621654 280104731844 308734223925   2079830011 249587483269  98292720563 413559596175  38694647753 314101014963 272999622711 381815668298 398089409962 281081473314 501942513622  70048864749 120727911608 451677480698 267447495943 204927957013 511741943071 325551615006 501503671037 391154336040 336262832577 356139549664 339710871348  82873151987 378592045544 137751031949  50692407144 520571119968 404574548624 228381285927 308398655472  69115737024 458226397279  98616249263  94166339496  13109834721 274015291228
 32 | 300707218779 248271527898 403936941412  41744244963 165509978874 492189524378 240857053557 467751080462 492778095013 247927793207 496274256151 391314229217 328145145406 231685258486 445452317661 457020457875 441440808527 224327264420 279738191033 502271867595 366791352668  37680307719 242173559640 451948122034  95825561837 519272911919 303744368748  15577700790 525054839359 301919469051 463789603185 462567769172  99488261783  56980602411 356196455209  83135771173 306251579032  10688134804  25056216273   6618322600
 33 | 439983923675  38526121043 126473834316 341831683775 242708750279 221797462214 512476361423 214551970527 264397959973 447527109591   4677105191 311970914433 406802348137 113226891432 340258557052 529593294905 258205583253 362353873920 182461133897 326487722864 374867347672 131531044289 398574994576 353312563626 436697359217 243087363746  62822946390 383686152167  47268851242 413224959999 231856848580 109459583328 415891997649 330400839946  38927746229 234191064608 334075692929  77883273472 208708265464 510464244045
 34 | 364497284898 410944933345 137143858634 397913722303  12098629293  82825004538  44190949478 402320540852 296044864841 248147519620  35882063884 439020960534 523241694339 519933619977  65754635767 289224234633 291283147765 335657230588 172268045856 167993435428 305776029443  98851368864 435721673707 320516237080 246143351445 336116719706 162287575207 445883775275  11773098717 141568872245 211412650960 244655779664 374761877471  88270126428 108605700171 266747781674 423262405633 184977915652 254252556635 534259179937
 35 |  79162411457 181586937193 210241116298 445330841993 215963426735  70189842502 477945371935 370228560835 481170561798 392485041751 365830771660 289104909258 206879539835  62522884586 527825239840 111012863964   9781748255  94769333115 376094554402  60458430871 106190521085 490261310023 190250250713 308603473517  48077472826 410645351920  16603960007  99052725000 183365130176 120972122481  32954959660 539814451047 421033047583 178403213009 472767296127 350966080278 370021055971 540378923907 494341409646 380242863362
 36 | 140839259325 539943298904 488724036511 350768875021 132742362961  97840312647 333227683196 426085379986 336435987182 482527643338 200654917824 354234196621 431972587209  14270458242 348968657528 229788118702 375643542337 273270415282 370098427277 193701009323 324374411331 518719790534 275897087620 240147791849 127648040018 297330400985 231032253440 288287444660 248099759977  29054716878 537854771804 347735211925 159201787047 501115086099 472578563975 130968097801 173051265467 291675743664 503251904637 182822256346
 37 | 213694853315 289750457517 274446651517  39609964121  13168547943 460839989784 395501120581 493889035419 224880479357 321331801652 156410561707 226139218763 242875605458 386054642968 359079664554 500226971619  78770905167 424027637853 234776366605 517670062025 313789883897  17001810283  99264550676 283799015683  22576777219 385793678027  95597341843  75528325929 515267160098 335877490299 148515602095 165741184806 480326198707 115385367048 227682681347 201069389480 447349604578 371341116204 138966246279 525230776681
 38 | 290434763887  80351093475  22676810955 386478870301 186171745581 509682058660  47538352492 223824705598 134270984716 336977048557 486360311766 520066068152 297572277388 179647441257  53289438052  92062184750 438513232586 178556523068 324934756696 163687412254 241215597302 500176541768  67556788430 278474676318 442406662595  97653690020 155841508957 121358334228 285356192452  89460250932 433149721925 421328063259 195753305497 481639343910 340068038500   8732931490  80017116712  95353992730 127043059171 288815023814
 39 |  80476964042 224924831541 520545651588 111098126133 180002851090 169502651736 113645208288 226432296166 199231745740 166582910398  56735102809  95858871279 231948293466 310703292694  63710447698 474485035080 541670286143 539698044766 134102960341 279565697697 365166015284  80026107531 338564236621  45651124204 495664880914 459639327725 199429119597 535784091345 299116517061 491060821249 353423743147  18045857251 537533773525 296364340957 548940961619 217138942917 462408481512  41935689926  58179002781 375521824101

No zero minor found at deviation level 2.
