============================================================
APM Result
============================================================
Matrix file       : kernel_35_8.txt
Matrix size       : 36 x 36
Prime (mod p)     : 34359738337
PM block size     : 2 (fixed)
Deviation level   : 2
Minor size tested : 4 x 4
------------------------------------------------------------
Matrix total time : 227.6270 ms  (0.227627 s)
Minors tested     : 11015235
Avg per minor     : 0.00002066 ms
------------------------------------------------------------
Zero Minors Found : 0
============================================================

Full matrix (36x36) mod 34359738337:
                0           1           2           3           4           5           6           7           8           9          10          11          12          13          14          15          16          17          18          19          20          21          22          23          24          25          26          27          28          29          30          31          32          33          34          35
      ----------- ----------- ----------- ----------- ----------- ----------- ----------- ----------- ----------- ----------- ----------- ----------- ----------- ----------- ----------- ----------- ----------- ----------- ----------- ----------- ----------- ----------- ----------- ----------- ----------- ----------- ----------- ----------- ----------- ----------- ----------- ----------- ----------- ----------- ----------- -----------
  0 | 16567197041 34252904311   809197033  7093674292  3370770769 22208521009  8707255626  5326383614 30425227960  4156798542 30746835487 15060153660 23933782529 20360116667 13114378421 22144527741  1258566793 34200057144 21989532927 11355941547 19304839004 19603897088   770587643 14249771128 32241890541 11816146328 18234913627 16830133296 29182587481 20023728275  8045498465  3388204003 20153242065 29939283829  4366434229 31162655328
  1 | 16399314695 31175874648 33495856507  8076227656 27119385249 13396747161  5839234147 12201914051 30493190677 21967784325 12288281166  6214147928 13857146271  1881377868 19157222764 15122541172 29546931442 34252643993  1477025429  6150996328 23161532561 31308360798 15512474144 28017146682  1348332964 27707190709 23663206591 15146325248  2792306204 14186366222 11280436928  9306046558  8481539792 32114558656 14851120753  8484316415
  2 |   483711973 21057381386  3920749624  3164484572 23705437345  3188010914 20084135585 10183780938  1421051711  8673211252 14930410332 19947398049  4525049144 15822145105 31753196509  6632593172 27328241763 34047500227 26997546736  2231325558 18017349400  7814930355 11035546171 27910224114 26929269817  9537683298 23983215101 25000988402  4933552793  9112468248 16626437360 25866324804  3209104830  6130932585  3692482447 30374284443
  3 | 17822467366 13726968256  1874412869 17226155439 24814753214 20914738046 31069066428 29810616783 22018181060  7485143456 11668812450 16049247176 33108243656 32399668043 25780948247 14804845241 15520682929 12485828376 25924078584  2367358052   651948262   378020528 21714834859 27918313784 10813993475 24375930133 11521581545 29532750746 26660577141  8328977038 24685006918  8914700661 13118328486 14200358911  7467713355 10007948738
  4 | 15887589238 14629705081 22707167532  5338504108 18094683106  2472001778  5622052838 22264364947  3207181313 27845349518 14214035821 24589943340 22252594128 11705668934 29016626837 20658877225 26539667895 32683830747  9996460966 14712143965 31845819916  6343564085 20685822656 19381750835 12875285523 27018261134 28032880679 22993840456  1538093159 15862015425    35853641  3435956578 13577661820 29065795437 18052955219  8119733393
  5 | 10085568301 32388248826 16622760642 23555973832 30348833995 26118892566 21464726044 22284199737  7021548026 27334508828 24078684620 31484112126   898157862 29555643345  6724101582 19400774615 22132381726 14293707290 26027790510 25029657962 10314356799 12000848702  6588580945  1624440192 31371979839 25237847775 19324536648 21255932046 25107521790 25998061153  6929186564   595910428 16348941954  4706534015  9062175653 16459861096
  6 | 26168926677  8191513741 23487967118 26058354655 29998967355 17290110735 24783286962  9514480157  9639206821 16177351716 30103697403  4983451788 16998332435 16572605972 12341937255  6773452577 32458086686 23670928512 28586231164 27618982972 29665958422 12403213230 17127576661  2294297376 24124354909  5517173119 18197782552 30879548107 10812385559  2227432492 17085365517 25009412013 19141076478 10858587343 14840363939  3124642348
  7 |   392375014 30651199261 13504044942 31670693253  4814783393 16287483903 11780550621 26000603203  2126242252 22659862850 28275885335 29544952165 24944063593 22083257043 15114243586  2456523758 10980371491 28875692278 16515521494  9255881843  9059160920 34172957161 30271354558 33196918924 25971528843  7664782827 28359866211 33114479516 19472536271 15290447196 22581122486 17401907401  6508138904 11519490038 13748812652 16151936976
  8 | 22839623823 25402882971 19513571796 11497642525   194757130 25876370864 14570553656  7396473309 28598301688 12535716702 26549044545  5991229281  3242816597 28983442412  3924270510 25773186882 32370872524 29604604897 12923115689 31191269491 13860929826 12107314450 24488311363 31520905336 17061876846  9995091571  9988623759  6243524067 24172559813  4513021260 10544539298 21636357663 23277638922  6620661872 32817508336  4030499432
  9 | 13153422847  5501448746 15732196639 14103787069 26303579902   462912857 18261245521  7712335202 17217361498 11143785218  4311770784  5359891109 12660897832 32337459259 13772545128  5906367387 32431351593 14353227697 20792925510 19712541328   218860200 28218693811  2300427608  6043492769  6329234024 20315090158 22833432750 12220773037  6684134685 11464278925  9709420554 26244980265 33641567839 21064115798  3465091400 26082703978
 10 | 33793686067 22164409238 23370986019 28301692198 23081408995 12993795416 31812475233 14188432857 21678730586 28489111379  4858746796 20710205091 13879807551  7333072160  3909024905 19137675483 15892212202 25814304065  3822352726 18487584714 11505524557 22821776534 20361594636  8240596374 24008279171 19958188031 20475897869 12433298939  4921862121 22061634705  1876214186 20332744609 34268426421 15468500443 12655948110  2338442946
 11 | 22349899734 21727376719 32086560853  6664965220 25753290233 24323301009 18419129665 30155434807 16391627128 24676756175 17129029939  6552579586  7352249044  7289165529 32189045342 10108919748  7854737673 19504763776 21635795222 28127261021  1145586800 17324059722 11013821703  5733694159 19439243407  2021912870 15872244012  2523313185  6255179772  7256492873 21275638251  8515036930 15028800772 27138052709  1107239220 24767274097
 12 |  9930419982 30622182777 19919478778 20218746908  1773643795  3019578204 24576209553 14715923969 32050329672 19267288683 30511960395 16680480930 23453020180 18122123475 19200337540 22760675744   293430060 31281649147 33860447023 15464961909 13234998659 30813265334 27583592904 17955856566 23945888619 28647267475 25003597708 32931810359 10439338812 15821481547 15567780398  9557178879 34008414531  2550699946 28292003352 29830061918
 13 |  1585063363  9642662767 22419246482 24241631630 11032477165 16348489885 11124928276 21785425317   947217258   395200862  4022801049 28665152106 13536923140 24221333489 27736388743 33957906425 18897341845 33551728036  6624092746 12804569830 27280722624  4066712453  6500861962  5739023399 29746037387  5561762234 33807690743 10447746507 12303494514 22715533764 28295029065  6687740319 10696114965  1927961864 20761228984 17874522803
 14 |  8011274295 18349808415 26322062884  4669787165 15747012093 10108624383 13087193445 29941155682 31432857574  2260839747 10572543434 30340999088 16556955144 27299375527  7754965599 33738922602 14911593856 17689128706 25137843657  6745750759 29439819017 20315794723 30398254842  6468360529  2336140792 15156900369 13587162659 33758881459 29638131503  1024274012  1766912867  1052699711  6595044887  9659616506 34336123991  5648392759
 15 |  3233791248 32451883655  8999017360  6930604859  9340447036   113362437 30425772388 17466698721 23238992356 21767945041 30372993514 10912436688 12514254163 27784293013 17240868963  3712578681 31233633265 31914927584 24148721123 23044569478 33613064076 10861183954  4723160636 20969603997 22051230151 33776920315 11843335365 21141459871  9843796420  3356015965 31682810885 32000772639  6194445413  7647458531 19553870761 21985998457
 16 | 32986495434 30031222358 12987771244  9744700802  5424434177 32556390429  4976815469 31894361675  7148434158  6477421762 26097277411  4839222034 26650577492  8543322820 14877408984 30760744845  6350601829 25408668931   596301163 33887576408   943736560 23085798327 30448551729 20271084525 17000123886 22201427619 11828478464   577029143  7092956456  1748654029 18951225684 31454074883  4092207397  2673729785 28593813345 13950737979
 17 | 27863560197 27745741447 15401110522  9505557605 34225582023   249119976 18439108209 18924454830 12088871232 17012129531  8832269288  6108921112 19539585056 24789935331 32088524807  4144217205 32015627228 15621059125 23471982871 29207922152 19628353703 12995511890 12171257539 14754591403  1964172748 14085700592   964462846 22163687117   780462763   384434281 19650487931 18162511379  1748838895 15378905748 22005832244  5254732065
 18 | 18066183849 17609981939 34162228479 27346024706 34247842280 25808294551  7357886097  4931324972 19153525487 26962124797 31340826587 17635622371 15926653423 17396052272 17768506759   580600442 30795032261 25991665116 25195084049 14914409874  2171521727  9813986764  1002231044 26975739462 19918783773 15098653062 34140646283 27757906698 31056153645 25393893520 15432668650 18974308524  5043103411  5245016921  2194773764  5912332094
 19 | 24801080649 11677139788 13656646039  3317549711 31385186145 16840304442 22502454024 23921249988 22583362915 11066848485  6612402008  7409842422 32966468874 20305518090 31969551544 12336048857  4741995472 19669931110 14088597190 34185129981  2335176055 29621860617  7559055880  3471429546 25685750923  4622979849 12791860947 23918039812 19094446350  1300759568 28708120632 17344217868 24511543277 29406797620  7424026079 29010600216
 20 | 21676232813 32407401266 33814414362  9478596701  9017634883  7492781458  2003786582  7367298016 33536527346 33463896058 13472870333 32386871539 22866012014 33615248130  9034825610 26866400065 27369628690 16474403611 24361860901  9391461918  8015986856 33576896613 21789173650 29892590862 24463717144 32135827366 18354598619  7294078434 27315514799 25563118021 10904073273 22669660288 32937233530 13301508783  9680085180  7696255656
 21 |  3289367537 23898192136 22311829472  5924956835  8311758035 19344102762 18496991509 30160502664 33776672900 12727678700 11664456539 34105911105 31153653296 30008680623  4365048330 16807188366  6107631488 18892928785 17871988016  9858219323 33050930198 30523415519 30421678673 12573082800 14553541552 11662862762  1045857596  1606494857  2080644959 22722288660 11443594837  2490619337  4280937874  3793846666  8964437493 33081989036
 22 | 32650469469 29141854459  9142928518  2502943905  9823546488 12282572674  4207739162 33358880511 26492249036 11114844028 24012972263  4241164981 27076403030  8569189923  6044978492 32088840183 26043126410 15590274956 12902754338  9218755278  6492961644 27691275472 19368436158 14810624506 29674809545  2331419814 11639031279  2977623225 33247134896 24022788288 24309663488 11521695610  2042303274 10592211811 20843415927  4577604177
 23 | 18032935793   824274043 29243708570 17240820829 22083827101 17831634657  6703608948 27697007798  3814810191 19082516556 30645730511 23376691800 13918649461 18860373879  3053202520 23033300147 15414618688 14769436827  2898472174 13143839752 16617960013 18232794175  3168784162 18745656911 18362763799 23363945585 10092455567 18913646376 20960921160 18553755312 32889586146  3371307349  6585364339 25441552004   850226418 23042453155
 24 | 23175495394 25594796375 32315347044 12825949535  1777927628   310621532  9427731630 20865336545  7373648509 18587227911 11487504675 17759114127  1714492715  5142459287 12434888053  1497497556 13554656937  1124694296 33436942605  2754523657  1787812970 16666143180  3109973380 19028985431 19764151037 18060547151 32725754027 29052651923 25949468853  4498820262 18436177010  5201247641 30951557382 20347248071  5965369216  1508391921
 25 |  6323416215 14128135436 23868196862 25986939401  8191648634 10834613813 26596754808 31931006753 27899731169 18027962996  2673510296 18707203358 29200049651  4526054661  5485304035 23253400702 33926698675  9851171590 31566697454  4041258104 29729747915  2084137333 30736303143 10416569230 13495345554 19293192336 10594275086  4792874038  7552010125  6208938140 29611037027 14222206529 19076539746  8670428549 31038293094 21333333247
 26 | 30248442681  9073538446 29976522317 13743708181  6483170699 11292012533 32002015775 23090392862 32086730719 27845697461 18694129266 16851233019 30407164415 11758739960 32253671043 10496425691 13255126827 28514730350  6847719910 23634886811 19119894297 29563445201 11086447264  4273182524  2850796347 12981074306  3319049480 32474354735   246797836 15944757463   738809238  3829974245 29593912006 10945852707  7430921340  1780281171
 27 | 27096153693  1393182017 10411461277   227015886 15458341963  2161246810 22419010012 26450121368 12178331766  2751424736 31988958357 30750282559 13070841187 19488891159 18147321537  5634134920 23756315316 15880614555 12256398234  1946819799  3526645987 27304353245  8133090087 12592012122 20438062233 21787722666  2223089759  3608575958 27232980378 32869178094  4468074965  7439591535 16617604053  9679111807   739544315  1024938198
 28 |  7479713593 29193412442 29972577848 18102553674  5656154513 18227392560 18590778771  5871288771 20022478075  6236875201 33908526363 19031728273 17655213912 10988237709  7508972775 20077801224  8584561982 18882179895 32043999973  3563755031 10801886788  7125449484  4073118080 10842521035  2279054619 25273790274 29445029613 15945654964 20546400124 27160030377 30687153969 16727121968  7056280639   400940557  2720197242 13937417997
 29 | 26132672236  5448753137 25187907590 18969030559  2960874218  4506658875 23858764790  2020358293 25538275599  4703195840 28693148804 17167705249    68254291 21223308364 15958381268 23656076673 29286733547  4581981935  6338697525 14122697729 13201783360 22262608010 17954453966  4491822958 20645078000 24170456526 11295238737 21054896431  2851298464 12808104684 11500282765    32269048 22988367377 30142990581 18053425087  2080784328
 30 |   192852816   615783744 18344731465  1820080831 11405146887  7720004152  5338249173 24882514480  1704885656 24756051346  3250029280 32229976184 30927740807  5539115213 23021253926 31879169268  1206243536 12888755814  9173087296 21900792702  1399106065 16583161714 19595444983 25406019948  7537834741 25350350027  1352575100  8121703412  4887592424  2470230340 20925320961 20525309157  2018284052 33672214353 12828709996 10601269537
 31 | 18341378061 15609443191  4844068966  8817380655 22270074358 10554335154 14457525635 30220303278   978066275  8402865009   393308835  2386677668 15206861723 32171955408 23573025723  3714143579  3427416678 24985525042 27915904569 26194342475 14405532693 10485898241 15874424270 19974717627 31110849997 25175695429  2517562876  2995100214 13772466961 32482911729  9163643673  4309214393  4354814804 32384083283  5341942621 30706779414
 32 | 28909978512   903098582 28846079341 31489601499 16295766375  7633301348 23713667940 25773184707 14928720507    12679540  2784832831 28876861968 20812880312 16008029905 11040761678  3601911578  5235695270 28321528785 14491253837 28202840536  8544783601 26576023378  8990950831 33043629942  7671415201 15594995385 20267244261 22536351731 21156671310  6810652193 23038489672 31464303581 28947379732 23192757242 21916241689 20836737609
 33 |  2841901014 17079837959  6731361502  7634624242 11389142156 16910922256 24193628430  1049920606 16851914680  3610254804 23555963372  4183490869 15064406834 18249572615 28848251621 34086638759 32024963104 16019211195 19143222957 28548756797 16157419134  8205665067 12730669300 31392838440 14622967985  4537552499 17766908982 32049908706  3401287957 25540914491   192376679 21855433884 26206101071 20618190091 34068897114 24165735177
 34 | 16725736240 24005194575 24458528139 12455797860 18920914179 32249736031 29189827364 16819230997 20486507849 20552387497 16342793520 15312825792  5142455349 11205393296  5911687664 16842481736 14794622702  5239402065 33816382982 19702502516  7026074071 19820549778  1609172712 31243192574 10456942551  5967954873 32672745501 16236996691  5570961148  8185994746 24387292833 27632952024 16070329287 19990770740  2672440889 17883211871
 35 | 22653664330 15759481718  5284309472 26374143990 29514787127 16355832648 12842979909  2068666060  9915832432  2114483323 32022838372  2119729248 30108627759 22045000185  1962047574 22736835902 16465789187 24279859794 18047478742 29929365493  2350413650 23087500015 18530978172  1308734485 20441151969 28650398270 31954252960  2058532208 24620971816 23165813768 11073778987 27061582812 27645137009 13563303277 33799537478 21747469161

No zero minor found at deviation level 2.
