============================================================
APM Result
============================================================
Matrix file       : kernel_35_64.txt
Matrix size       : 36 x 36
Prime (mod p)     : 34359738337
PM block size     : 2 (fixed)
Deviation level   : 2
Minor size tested : 4 x 4
------------------------------------------------------------
Matrix total time : 219.8989 ms  (0.219899 s)
Minors tested     : 11015235
Avg per minor     : 0.00001996 ms
------------------------------------------------------------
Zero Minors Found : 0
============================================================

Full matrix (36x36) mod 34359738337:
                0           1           2           3           4           5           6           7           8           9          10          11          12          13          14          15          16          17          18          19          20          21          22          23          24          25          26          27          28          29          30          31          32          33          34          35
      ----------- ----------- ----------- ----------- ----------- ----------- ----------- ----------- ----------- ----------- ----------- ----------- ----------- ----------- ----------- ----------- ----------- ----------- ----------- ----------- ----------- ----------- ----------- ----------- ----------- ----------- ----------- ----------- ----------- ----------- ----------- ----------- ----------- ----------- ----------- -----------
  0 | 23246612624 20377582133 27090226671  8293035425  2887704141 16616413550 25159752204 28843644121 27089478306   324022316 27865959332 12833611097  8960668825  8901318070 12117696997 24950990852 18587404026 27148765628 26041008000 12997748649 12215978240 23516623323  5600198238 13925308887 33586400939 25177946771 26132322508 19227281924  9258373848 13137140658 20214738227 30349829811 17251124100 32553791445 12194067280 20094634720
  1 | 20585911832  8327137100 30126917855 26107793240 21649868362 13215694328 20132271229 27419805319 34172194688  3351039665 26978077619  2905092254 17473671798 19709887442  8252075040  7509307305 28234812040 26435066127  5679495103 27016532014  7143753834 26480687567 30054608652 19905958161 15523357961 14807960526  1622103315 16304187554 29565721954 18320943241  3202035719 25581443732 24515314035 11346064108 34274513962 20410797404
  2 |  8193316614 22101451129 24364084990 18715480980 30106650283 32084516132   194902523 28204656590 11631368085 10042748140 11004137443 33531792426 27916618045  4502069167 19790529660 26028230755 18264643917 30951991319 21996459014 21711175792   815187144 15318449778 19884281858 31012220107 14450557153 27103754028  1730981251 18803745996  4026785902 12370855868  1530977431 34104578907 12480519926 34128187399  2821894163 20397066906
  3 | 11624841779 14902019434 29118277080 18219969816  1220891527   233883341 31916923875 16355824506 12584276315 14447052476 32628035196 29499435625 17339834315  3123690092  4957265841  5427280456 28279327542 24865970106  8963391530   957087508 29910996066  3200881480 21892953362 28143022429  9220669007  4382959802 21686109821  1957068336 27759929201  4749479732 10189874705 21101837544 28971200900 15309136869 29208228481 31165663498
  4 | 33880007325 25000802243 33667629262 33683274556 22960116332  1837406127 23481377855 11544119632 25279754237 13332308379   263063910 10250896461 30161668901 13102444557 17730047364 24949251291 10332549034 23898151057 32575210787  4610208783 26142028517 28742076864 14084084080 22321801688 26480553251  9084325641  6136345124  8520075464  2384824326  6978774779 32560910219 28770648134 21166752471 32232722803 11600379566 34094950993
  5 |  2473565894 13935301577 16230212634 13047187479 17369170222 18697945875 27933923750 24555983770 27714998454 33396427262 13686837750 30018108574 14644821596 28053755729 20411422803  4592798898 25303798598 29873266259 27075390012  9168990695 31846726844 25978343418 24114022723 32245392327 31787675804 11502339790 27340136421 18993425682 24289669693 34231820255 25650664885 19004731090 21386839317 33352062883 10757845406 24656078519
  6 | 13321381272 16258713199  5204800404 27741489842 17428153893  2143555733 28011599868 26568406673  3889416233 23513349596 17665838691 19500576969 26971091153 29361262750 23266352301  4235522765 22921537433 28368274245 21117239448 11656088175  2594352786  6705952038  6982736936 25055260230  7155404891 12660339743 13895870446 31297904865 16887869347 23785811224 32859058783  5596240538 21809258805 10708519979 32987731234 11746964685
  7 |  5693100979 23202189654  5228833180 27386026725 13423652046 25087313086 25991327073 34063461878 22930218302  1574808119 31072716891 30084467253 18363565100 11187774157  4603233132 11516795900 15119922952 15076364545  9179184410 27163589133 14110230795 19874944682  9748116753 29532214785 27139327631 32798518867 23969603755 16175375645 18580683749  4609306558 23369938819  6680016832   618107109 22610937236   439635647 25760576446
  8 | 27154116322  6238631381 28787272826 33776907926 15806343158  5275818930 18662601905  2855864629  4367001077 17983803404 23901292796  7448823876  9039197313 18399059056  2917798883 32624012084  5527190266  1408288902  6514050070 33651060670 31272032732 13413848413 11895894375 13449513206  5905359020 21584349653 12376532498 16811620178 27782749753 20025436116 33375800922 30559840961  7574948242  7450525900 11371426431 23439206727
  9 | 33351334698   642102571 11137707101  2745232788 20739182441 26618146610 10987752926 28057817305  9860816652 23148101748 21013930178 17800508944 22944722435  3724885105 24271662396 21834929514 24908976119  8536047027 24347018201  7092247994 13247021972  7302963983 33611954435  6361164794 11204508713 14993096011 14083583932 12507500067 31524927919 32703560607 18973189262 20095822820 28386083908 23078896329  6936134049  3786651409
 10 | 23775825264  1186741607 27530394806  2277052483 12903602943  5283800936 10571139547  6872042350 26577261917  7638084827 27988782237 10994734643 32667242662 28027487828 22691025551 16290341635 14100789064 29393255623 13875701133  5137725074 11342166404 10882371090 23463877297  4081398484 17530432257 27996061910  1725718832 14687812059 28716516796 26912773254 14346897964 17081297555 12122905837  1716438414 26133979409  3821420347
 11 | 10043228212 20982444948 32951502963 31799410392 32716044966 22610399029 25255047952  5640791395 18031803367 12145728701 27803361348 31476056357 12756659947 15552431998 33813131643 26442426147 23710439888  5445978901 13685994503  7465553921 22126201798  7964929482 29161206126 32508723358  3569896487   918488505   351161016  9992077213 19554313961  7475474982  3416803570 10948685437 29859336447  3753693589 30951654948 33200600852
 12 | 19200347717  6389372549 24848818698 29211527388 31472740326 33926365050  8751283056 32418286785 25420320249 13998279996 33606495094 17206323901  3793802332 17207786371 33328627213  1100008440  6601467670 24120047733  4923967399 22472001068 32672523008 15365318983 31330726802 20916263834  9540713075  9887963253  1158358349 32981254788 20959452116 24591091009 33907083130 22451802254 22204101075  5527392994 31616781694 21340417796
 13 |  3680969722 22028914545 22307755514  1260806740   962241838  5374617232 31877573117 25994814727 24160630290 25118646501 31616460962  2392544050 21721711431 18031614720 27403618994 11400096884 23450341037 33577770632 25155012431 21071336136  8467060897  9112328751  7073101408  3069095909 20356022554 32852459246  4266696337  1012178710 27080274293 26217407032  1122691442   621654370 33605218063 26411913824 14532325959 22656904628
 14 | 24060766484 23991986923 23142419994  2203952586 10453031939 13274744133 17715936025  6649294565 12014708005  3700399637  7225767244  1367167810 29448116629 16333214093 12408925581  9335514215  4934619034 16710869994    44637931   212912690 21873173552 16268558134 32794968979 33305619986 11096007228 26110218559 16399633008 31641933492 34034105049 11743083809 25203019965 24840487379 16459898808 32705457350   714372020 21017144630
 15 | 24495079475  5038927958 19524042840 17727991565 21517931272 32396682242 32014602617  2438661316 14734272842 26499372626 10495087874 31092927239 21942864112 17961573322  2082100069 15377134522 34179420101   382663308  8576973261  4461711387 15374852331 31378651638  7580651529 16469064323  9874905710  2940258256 32567337635 19141772237  9248794110 23895021498 12564201589 17377653746 19199130763   825595948 30150102814 27372068197
 16 |  7322935388  6799256298  5182235862 32329746432 26494619913  8380819284 21025006642 22337601759  4183271168  1468975150 10413038742 32927676518 28951811183 17224408630  1635587013 16413740891 11734690647 28639343837 18612350755  6092082052 10524452528 10357446666  5768377348 26676113313 16235330739 14961857348 18793684862  6623643197  7077001192 21556647293 10938921014 23604407675  9995180096 31270156597  4348095777 33142068639
 17 |  1736934138 11345439067 29392659833   149233036 13936594977 27195744617 19501667271 25886899167 17520773468  5891497595 18453017040 19631540259 27285663044  4279243077 12680621906  1782621370 34283874863  7095754127 28677891493 14531785401 19554983980 13598600917  3253139402 31042172416 10971443994 28023303588   924728708 28783389823 19800066571  1401703439 25326675924 27496208234 33161994746  9402822268  7874738204 22353631059
 18 | 23085984831  5110857585  5630457399 11074650494 17744529635 33413776013 34136851155 34044180705 24818240940 15978294060    28124195 12179345357 26823117105 10969661020 23902054534 14407756135 19173357795 15935033469 24637620747 20031611113 32070285456  7029146812  1329966692  9072496708 29725767887 25002431386 18855986103 18849755496  7206138814 16120825804  8518907622 19150918412  4612933650 21750775303  3278155650 10359068373
 19 |  2831070266  4026439156 11806295605   775112415 20418495494 32470328519 16459685740  7572903502 22393067200 21035993025 12578663422 21611382472  4604533765 22610455414  2424268921  6983838477 13696210081 17821699317   752508241  7939687103  2891822541  6324487923  7403665813 28844674395  4669631674 31675109666 24537860408  8801042667    44766749 13409920917 21606145184 21697299445 15423266563 28610564712 27008065923 20826634834
 20 | 17892476344  1292081473 16346808821  8936678668 25148005017 25073538216 27868215209  3486486246 25982018901 28236436157 16084997406 11149687495  9323176698 33724733459 26721953092 25823787814 32565226945 20939031104 24024731421  2409401307  3066549005  3768766034 18054075596 34324789960 13326467432 33270126483 17991888609 31358383665  2383774374  2876164257 10142294611   692050443 31503885721 33054561781  9534769913  6458249937
 21 | 14194578898 10217582482 14699694186 28700324502 11720885758  6502923093 21427692565  7122908896 30167686158 21712538553 22430538236 15903848234  1688957855  2711536354  8479573322 19998861508 34178548948 33155044002 11111013026  5372565622   101528410  7726727978 20878149352 13337405599  1135439615 19199132720 26498014706   186706352 29012247636 11114730449 12290355018 12541142970  3563893509 10494463420 12807747128 18666050258
 22 | 12087301024 33999449655 18892659333 29470909289 15305444580 15178069000  8607404136 23240954821 17771735274 30141722506 20131351288 12573997428 19812652861 29165716167 20195133416 21999433910 20608318894  2596013836 33273231478 30631254055  5973989573 31442643772 11397894253 25039265798 15700549222 11356192742 26008292580 16690021014  9430589066  8666203506   440319823  3798062948 20547846230 30737919034  6365839326 30765242922
 23 | 24124981017 19361936967  6793677151 14207727800 12722612123 23648410677 25616084623 33482140876 19043498184  2853421336 29582714582 27607878389 26909048393 33281487682   964851882 28557064180 24680842012 33161050726  7175752113 19884929524 33781023328 24011925843  9368854659  5373724240 24970414246 13596507345 15575089752 13089050415 25185087753 20913982097  2022010711 14438529877 21763431670 29583405220 20132955548  3911912953
 24 | 23775703586 19571118068 11371837374 13940150804  4150081216 18926817657 19972767143 21090626740  9047829882 21407824878 12345041598 32267753750  8821462411 34084900628 28912516722  9844556490 30033766050  2670484771 24592967238 20860650046 29524964721 33049992137  6385699808 13990165039 14442453762  9361726769 27127445742  8384841897 14264798915  9361347173  3428967665   794684302 24886584620  9639811225 23898504952 10939559145
 25 | 33604523707  8848665820 18993076736  7521409534 15701336714 32240638957 22596108420 21235866394  7909310339 13844629150  7029795962  9347277266 12764463819 17446294559 26549656276 19610886304 15909552252 12610609044 13267346575  6464028030  8075712077 18910025446   809112883   536027381 21556352319 33702248196 19476029451 26611655271  3369049989 19231978983 16796235422   589327588  6312876619 14827049731  3553321324 20880373354
 26 | 11724299520 28360502604 32782978241   289180129  2762575082 25446023266  7495541456  8062104966 18580731805 34255029289 14208105279 13567523483 13340804067 29192972421  3561734131 19119812059  2015434893 26771083934 16676798275 33006290246  2661657506 17462095770  8558590622 15827030083 28648950391  1500261750 22950463154 23721599720 20625675807   210643128 24005748969 28162084013  4551949866  3857872632  9160129422  4474107691
 27 | 12763240898 29798340716 15519315264 30810710464  8845500231 26604341878 27471847294  5846530681 12527624352  3196645836 18827861404 15679624181 31343110429 14176841922 26966849483 20066361996  1569514947 33544846065 22175506345 19558325571 24672014980 26850651927 10786236744 29063103885 26436909149 10859358957 31600246849 29577541447 19828677982 22409145549  7222848534 18287614725 30153172490 24141028046 31033220998 26013669797
 28 | 24709525468 34051411713  1963079057 12035071618 30012664560 14537214136  5096546799 23750451775  8335366328 10691926930 31530974586 22276511827 14693077319  1894216191 24181994316   377838250  2013854107 18807609187 18466978380 17121892336 24004895736  5050342359  8817390770 22142393500  5040565134 32528054935  5027221143 13247249805  5096339294  7406494966 24117077901  1611608993   689620807 20246218199  5424972441  3104212399
 29 |  5448059589  4836604437 34088663868 22735836269 32476180809 28707790352 30163544389  6130042841  5371012058 27625036972 13489859838 14555322818 26144081764 24701229313 19237179612 32007627720 29740249490   507343579   267975873 16590284940  7510020849 32922402817 15703737488 27612931967 32280505182 28197765661 20085080892 13635050990  8624670482 16338954505 31117230079 20960871959 30316489119 33186269707 32576017230  7963920102
 30 | 27002525052 20928175955  7591059800 10136466189  6780617462 21421517648 15350536688 26388638148 27068365708 20913011532 15291559037 26964187257 29341714377  1297362913 19037310120 25587216460 34321981081 10388302060 31045995838 28805663373  2388869565  7086520949 24617364685 13414512392 20144340323  9364869698 15230451645  8500740287 20235040686 14203871583 22161829198 21247760705 23291807088  7627003960 10894655855 22319053026
 31 |  6769108922  6102765186 19826926522 28652934416  1798294492 10933744390 10442765391 24069213645 30644061013 34296165154 18247834188 15320307229 18159109437  1470824213 32945430257  2123147451 11107039060 27679687739  5660468082 31194833399 19286847771 28672982917 24780516839 12353783669  2572199166 17600771189 32388574852 31823066368 19812457393 33065539344 27068847749 26044625739 17684266814 22508732730 27982736321  9539178987
 32 | 25234854458 19627545717 30731827227 29738387646 22095753667 31420162958 17610161247 13088344699 31478502760  5163261883 10261994653 31080734581  5577256095 25673883661 25349290545 20581205897 13163467065 11249900602 14320191465 20992127398 25194708328 27532818713 13492050024  1055601696 28487272416 32721062959 16044975811 13036493517  3872994591 15751856088 33417451581 18009266537 10078875617  5726458792 30051918658 11959353391
 33 | 27058518571  9510009922 22995957801 26097968399 21383588756 22579725652 21066697801 24975897762 18267750144 15933216134 13674605793 20596783572 12636660397 23258785374 25587149307 30082610307 10198541462 30996067804 19351573680 23128633449  1603527098 25132369783 32153324310 30128111315 29451365251 17818430033 34355651400 13230748575  1474913228 27316584269  2198770038 31809655967 33481089738 24570911277  4502696304  3663881229
 34 | 31659265259 17462452882 20554596990 23533839257  9629114591 27126345815 26563902894 27235688329 33772651441 30594006560  3698743712  4854728750  1497586895 34259167417 25047294325 20045596592 25825202451 11255538833   492173654 18171590940 25232891305 28640297819 20146715954  7889505251 30418235792 11162773107 23533652129 28561801985  2947944030  7186366319 27252812513 18989451899  3649453068 20535060087 27697541752 24666323151
 35 | 12979852692 33872108317  6492909445  2296005194 32861488066 10213768232  1051887499  4571736951 18436330411 32031881463  2735301937 12329499969 27454960859   291047437  4997093559  8159204245 26411470018  9746574998 11038735595  9179572244 19575940199 14294305589 33767360600 27143222956  5156618369 19450773983 23853585216 25420433590 22416718923 32918569911 26144903334 11120913630 21489584085   846393216 15443630000 24148995195

No zero minor found at deviation level 2.
