============================================================
APM Result
============================================================
Matrix file       : kernel_30_62.txt
Matrix size       : 31 x 31
Prime (mod p)     : 1073680219
PM block size     : 2 (fixed)
Deviation level   : 4
Minor size tested : 6 x 6
------------------------------------------------------------
Timing
------------------------------------------------------------
Matrix total time : 75253.7729 ms  (75.253773 s)
Minors tested     : 564110001
Avg per minor     : 0.00013340 ms
------------------------------------------------------------
Zero Minors Found : 1
============================================================

Full matrix (31x31) mod 1073680219:
               0          1          2          3          4          5          6          7          8          9         10         11         12         13         14         15         16         17         18         19         20         21         22         23         24         25         26         27         28         29         30
      ---------- ---------- ---------- ---------- ---------- ---------- ---------- ---------- ---------- ---------- ---------- ---------- ---------- ---------- ---------- ---------- ---------- ---------- ---------- ---------- ---------- ---------- ---------- ---------- ---------- ---------- ---------- ---------- ---------- ---------- ----------
  0 |  171284972  448390693  111613442  677885777  873170844  465770057  572562402  674037579  889306115 1000963408 1016470941  779566746 1010679642  772458476  671433255  763696986  833317800  163269118  838741854  237014835  292023573 1058385621  662994588  388197784  485559942  235347846  156853320  241044488 1055270705  134955993  299643843
  1 |  578993960  558609020 1015156986  619947858  676539112  643499826  719208044  497624650  960297979  510143906   51436732  497963274  115720030  559469310 1071229166  392001809  120800521  711597293   39504629  446979112  903072186   11909649  879938630  730858026  480782139  879123154   62119384  199426779  451037632  642371431  905369251
  2 |  539518100   33438783  855949222  911893486  799752751  385207367  918429325  112702688  153406544  709501680 1024469840  744987406  190237651   15474495  231995243  573665096  803212227  511514523  959868822  772542560  602742243   63677163  241016063  597289122  249319248   78250000 1027030596  834651908  263722723  328701591  449712356
  3 |  305052126 1064068794  113351709  173317915  115077512  354927918  541316655  968322723  895594319  182019646  593055275   91029644  770874289  460467983  707657586   20993516  989100542  875451481   59191294  631303954  152897441  225032770  827388588  456928735  972391757  760892370  377990260  176678141   86818111  237111052  881262366
  4 |  401069739  279113274  640465291  644875647  269462460   40420254  303682452  627868683  928376147  343979002  375653063  424957281  344311304  140644011  903577346  170660943  507031133  949244239  809723975  661942205  427020043  824150219   39403436  432246752  713572971  209294628   57249521   96801653  521594677  268891628  830926543
  5 | 1001182795   17795147  408159026  575862953   92411480  685164193  397608619  708660474   43951889  204398155 1034083713  688515709  874081794 1072888367  741523735  742989529     251871  492632714   29908462  901720976  710197125  639034102  783481028  256497088   75264897  421101401  326422805  566695394   53791367  442302424  496164458
  6 | 1072890968  141357078 1045674402  440318714  668951280  390160688  767622861  458854789   27362094  302221587  334359121  648813064  802670296  631803659  117096840  742202934  562987655  698691529  514919251  589007058  825002394  688658328  462341065  818606529 1027960922  506234488  473530002  989833204   80971434  226458680   45046637
  7 |   79842945   13831430  509555483  871781961  890631008  257582381  111370461  704932047  139243006    1102307   42224947 1051514446  253146388  882072596  389043748  234976305  477835423  900711550   55017757  782552909  981718512  796160331  609193813  193010384  961005563   90191368 1050930723  807934922  163986062  849953442  685590903
  8 |  430550346  673092104  223069328  852111940  707345804  955031101  420286545   31039650  389742748  896521236  919047885  526940911 1048807940  507037635  204732318  954936659  974971022  385745312   95553561 1062978477  947425015  793942167  422454029  463136280  927678305  775829823  729021952  801371244  626307215  532698786  901035971
  9 |  839348845  793597123  663444209  883634817  954034613  831121030  683443302  862437544  592932728  273578056  567601101  360143369  440533270  383236158  448141771  309409721  199334629   40695940  645818050  163954882  580515516  209209662  467893034  982963429  996218464  845437140 1058614725 1003416823  530953373  887353809  144783072
 10 |  900068053  982762803  819750511 1010915808  518133031  194430274  334310096  400106614   50753114  359003922  951984763  247802315  360144388  352148104  930973921  909007250  707533112  229820214 1064975001  468582248  791578985  831066215  839679942  965616645  194774719  365180886  448214894  406503371  307847659  956451047  627862557
 11 |  748881013  365262181  223609912  447351725  284115114  320708589  556763183  399426297  521567518 1066177088  856316878   48175525  613079673  391090071  857634751  936933648  736620751  723311854  551857109  330215086  189269156  516201190  309343175  950599251  153041649  619370264  403726044  690987957  454425418  741831652   45124029
 12 |  511273177  280070660  958864248  176943770  693521253  152474719   47565572  138527290  411669309  855740653  848324630  181553406  193066041   48042008  355167626  891204366  500468043  964925572  217027347  709631671  920016049  645693827  993111927  786705309  490844332  195528963  335989901   59846975   35673622  957209835  731320574
 13 |  743299426  497918080  970537679  158543667  300572443  274224197   25600306  644545141  779785594  497239879  710565681  526881200  404847027  495801696 1073458177  749441431  889089804  967319072  761748105  501278345  179119226  600382855   88657963 1072899887  230774018  786513623  986851058  609376464  619707156  134228005  887354740
 14 |  147729466  455185868  697259859  974270312  382314314  648854728  979514982  816874615  789853191  987219086  703530376  141628240  728951029  820507487  844734764  936438179  503820623  463373320 1030151861  886392575  219508697  663740830  759127369  434665219  325332102  104463031  226138984  198803112  727313745  512564855  570031625
 15 |  231796522  314796673  708520359  681936206  453537475  870042119  471826222 1048308801  372292555  834031805  578729482  784703041  378518226   53170858  521486358  708269025  237419114  614719696  756875994  402516711  691716441  873443267  875817154  952884595  989560752  187012465   59314028  182419700   13861805  811129233   73096393
 16 |  603025099   54332188   44163535  478796688  933700615  763086473 1072212641 1040113511 1010549875   72048319 1038919175  296219182  861811258  240759776  133621238  502546033  974591392  366940997  598204826  524528862  949262101   10396351  958195233 1057007828  331038965  270947384  666446922  527158910  667342683  217795647  486367536
 17 |  337885190  719400611  855423526  681714668  140044309  418455337  423781721  561563529  450716126   62139797  725757553  804455919  797941270  513526799  365555686  899718696  555429682  906710973 1051061825  535491420   62949254   38013660  899454928  235799775  122151234  301843933  371600105  751544992  850247258  568721788  409744920
 18 |  326656938  687460445  976440223  773075726  610577592  593629585   22199235  349353887  634117836  262435076  416295218 1027417526  930737779  797013125 1049344872  738523669  295090681  828837367  638141299  234846360  990703653  395754743  551104127  157590685  321729452  541205341 1066359845  123952253  433093629  861631628  103726696
 19 | 1028112119  882972012  204352507  452038581  143329590  468206790   76151244  666532193  893742379  786554438    5810664 1046135444  511933399  507940046  459868357  240539908  667191662   57226951 1040322626  117643233  448880009  624825022  912419961  188841131  696481481  415614895  755111852  888777335  187801850  659814341  611003043
 20 |  202561503  592007637  195936446  982516455  837604996  971434701  501542529  685572072  591948078  179949974  885854894   15892827  439865945 1016024508  669806850  314449391  684089413   97853282  697949294  893727814  564771023  366019981  356010959  629536064  391203045  177391543  436870008  188640729  668930057  956312525  620938855
 21 |  342744268  844728463  916511373  797527512  971872696  959754664 1015290953  185318722  534554655  347308345  680049760   64081675  477546631  344936831   75934782   42074174  942932940  923310712   58839030   43859018    5385265  482820045  117674414  894836777   65651616  675026382 1005660194  192452146  855061794  280066777  559815186
 22 |  130774030  115894296  412316921  328674843  623660524  355389319  538375277  239089376   50895896  984359527  629669726  989518740  332418794  875291100  851472127  776993914   61960243  453736495  558557396  903156297  898872319  816703718  212063934  749605666  659388083  228279041  839360559  723130661   65797795  800471160  136513569
 23 |  703516357  478029973  411587159   94251774  926596528  435882419  842011097  888287333   46277796  396183606  635190850  685811673  703132020  777113870  974930344  969290984  762563248  574628203  221435973   13311161  724326728  180481705  522526546  684749072  310521040   25722937  301917287  978533998  558003525  174522656  260466605
 24 |  932687158  560567194  820320720  497122714  854152828  987484062   21272449  491661925 1031526280  214670218  983972848  602721138  682806507  811608434  911232029  306478385  795383079  725355393  843561409  944639661  631513247  239040126  843144957  415897690  879025181  437546971  660529567  584786587  776354733 1000752237  920742381
 25 |  788481030  678328785  984307213  958667198 1016880850  733158130  320230945  514916979  314479179  819774453  627570012  737662902  261286025  314940771  797992099  971873397  567408497  841374865  862257650  570324245  597079334  789822091  623684179  579917716 1002647849  313672867  716935834  251480733 1027699095  809321252  195848014
 26 |   62155625  300314751  836274405 1017892276  886334239  862236855  708003210  457356398  679153249  985224304  812157452   21580264   64535657  910092954  273354460  971645099  821577913  155582303  179153139  934123686  434410139  502876232  156674879  832855154  366642393  249138776  662807582   95142903  375260503  793346655  301977197
 27 | 1007157136  882722264  658517365  131874663  974626749  438925510   43865403  964411529  132778043  962573456   35949457  526625346  825384910  873257362  302689088  516491429  244786228   59568702  447037976  140733990  274754191  635449029  923054970  882505437  763714866  150622394  545671650  696271961  223471941   13518616  875099501
 28 |  971986228  567582507  846527488  581261263  890098442  875541341 1069392731  770003830  504010544  425431121  909815240  792418655 1036231209  737105364  370980213  260151829  660167319  166817878  163108922  211111261 1047622133  419935001  627512170  634439586  261064016  728686371    1848542  834914206  505035059  267033104  765857312
 29 |  766056017  653874705  623678742   89579860  500048784  786324721  471265715  964142721  183680098  263452667 1015326512  865412416  605283792  810511385  950064061  993810119  837580964  209995687  364680364  501364890   99804375  989721664  934933042   87069037  757683293  199261046  790870669  762936162  953801654  549054950  982780436
 30 |  983284515  622139493 1024033453  806795914  900724411  456576711  894882198  437677014  552308762  111769753  698747581  364129113  261299022   94147870  835838383  618120368  139138491  711534255   36992539  823068904  140889843  322238229  871274200  886730932  531800852  452623318  862535786 1054309991  811879830  548598650  352523347

--- Zero Minor #1 ---
  Minor size (k)   : 6
  Deviation        : 4
  Principal block s: 0  (indices {0, 1})
  Row indices [6]  : 0 1 6 9 13 25
  Col indices [6]  : 0 1 21 23 26 29
  Time found       : 75218.3059 ms  (since matrix start)
  Minors tested    : 564110001  (tested before finding this zero)

  Principal 2x2 block (s=0, rows/cols {0,1}):
    [  171284972   448390693 ]
    [  578993960   558609020 ]

  Extracted 6x6 submatrix  (det mod p = 0):
                 0*          1*         21          23          26          29 
        ----------- ----------- ----------- ----------- ----------- -----------
    0* |[ 171284972][ 448390693] 1058385621   388197784   156853320   134955993 
    1* |[ 578993960][ 558609020]   11909649   730858026    62119384   642371431 
    6  | 1072890968   141357078   688658328   818606529   473530002   226458680 
    9  |  839348845   793597123   209209662   982963429  1058614725   887353809 
   13  |  743299426   497918080   600382855  1072899887   986851058   134228005 
   25  |  788481030   678328785   789822091   579917716   716935834   809321252 

