============================================================
APM Result
============================================================
Matrix file       : kernel_30_88.txt
Matrix size       : 31 x 31
Prime (mod p)     : 1073680219
PM block size     : 2 (fixed)
Deviation level   : 4
Minor size tested : 6 x 6
------------------------------------------------------------
Timing
------------------------------------------------------------
Matrix total time : 450573.3279 ms  (450.573328 s)
Minors tested     : 3384660006
Avg per minor     : 0.00013312 ms
------------------------------------------------------------
Zero Minors Found : 1
============================================================

Full matrix (31x31) mod 1073680219:
               0          1          2          3          4          5          6          7          8          9         10         11         12         13         14         15         16         17         18         19         20         21         22         23         24         25         26         27         28         29         30
      ---------- ---------- ---------- ---------- ---------- ---------- ---------- ---------- ---------- ---------- ---------- ---------- ---------- ---------- ---------- ---------- ---------- ---------- ---------- ---------- ---------- ---------- ---------- ---------- ---------- ---------- ---------- ---------- ---------- ---------- ----------
  0 |  100849975  494621852  195768041  278126347  700732242 1049819945  296235872  503874250 1001261572  572682433 1025725283  836665554  136257234  595040754   67856511  377273205  760113843 1009940920   95385032  937703046  824103865  457642502  610304918  394268147  273517719  556679106  679629996  103145478  753618505  419082339  433690638
  1 |  423611137  736084766  423075466  158573164  807472263  256574704  748529244  849360011 1024595515  957635763  485043501  830288587  916835433  623070559  590760088  404688432  300409624  662903838   89767898  805440426  568457931  632178544  121469425  949752742  416951171  196578861  718577148  575323871   49645614  174188882  962344176
  2 |  841144908  541111671 1011323596  367687862 1041481017  725914953  375376299  510697699  893688085 1027041509  291189084  733161840  567293892  563429508  720097026  741493086  509321048  670695615 1016131044   94277854  599444606    6373338  808172725  572303396  561054372  833611008  795621915  756904191  276906444  717635298  961507035
  3 |  591661974  824461466  892542329   13726791  886795028  135913490  501004096  255205138  724484183 1066454058   11494031  675544959  528328341  609917043  263433942  486212055  983817213   59593848  253000260  794013066  556616656  445900889 1056375938  936081778  693263192  773097416  235227123  128760074  967499795  903199050  462567500
  4 | 1035466471  369595249  831304417  293485227  720566885  207353988  635947073  117248009  906302067  826078321  931306289  364769015   30241964  346117232  413819860  255120212  919922875  233177719  594516778  981457711  651210704  763594659  961324433  296909907  299612799  782901523   41361656  567588908  895692991   22762707  489480086
  5 |  544447677  819602696  492429610  424522748  890296427  825374239  566246593  659930642  174022174  268051054  452628710  758193290 1063252285   19138842  464038314  963202667  137594614  800627392  850890195  883698635  304538329  533424672  100707272  369720656  312223971  548027422  395850243   43467712  832828132  273560814  955776446
  6 |  348858075  261053822  783109590  138680172  217983801  203412649    3789057   44153524 1069013097  202403595 1069958230  375998793  495198026  190832360  931600510  345659203  524675524  877011458 1041345782  557452089   28019069  665476691  180724162 1024395457  952111946  261219567  647969597  307751838  179324899  711127762  244450355
  7 |  677026640  364676452  142637051  356385872  208347960  952657988  938354996 1031626544  553635986  717963519  872783723  722119257  761472036   43502040  185382243  601328432  891933038  292339671  316777003  893405017  330428260  963424634  239621199  513199979  469049349  772884129  282707458  819836029    6931273  386334565  147125716
  8 |  139192089  134580752  984750602  303976167  119950561  801529090  863386259  771690956 1012033374  116043442 1000982500  815093716   76370110  924303766 1032520696  766328487   23617566  306224020  333972778  759249031  597669558  517872839  443078955 1061118639  144980386  397441998  182682214   46440986  990162238  676931218  951429402
  9 |  882293846  921651988  371781215  698488083  483929968  977798702  965625399  807734498  841796369  671469600  898635908  557979809  309062307  699263309  762351326 1009854866  773003685  379590483   93516017  914030274  742861149  297957967  217460176  665622408 1066706183  677585296  210466824  798291877  392812092  105988767 1005019183
 10 |  724655458  332898657  969058463  269349009   85171895  432725568  762022849  168285140  812638232  422932154  438080005  800985991  181706797  455323239  289340737   87191077  230096775  340232535  467831090  975342497  348305914  319899861  652356192   72717954 1038005865  383803940  894876990 1057404570  633664392  478039566  279979049
 11 |  286913182  391152575  367520890  992678882  778911809  107873129  841601216   80213250 1000649853  562571889  260092025  393771371  939911221  343397752  702519755  513086610  102655136   64727942  119417981  433367731  354805521  873025486  966011667  345100432  177210805  505839257  678813154  393262959  209752589  233043203  394677767
 12 |  299688887  432552432  822491784  233188578  711615191 1052667174  728801592  479465507  160982542  706796940  318398343 1061456610  479364164  714801558  651225533  208106356  900352220  883219386  327700896  268050861  319282285  975138152 1053082446  281060751  314162210  837871833  898053479 1072327590  357771307  405858395  716149788
 13 |  146874130  444209376  882232349  802057982   87283088  938732352  721526506  167082084   65786277  340091124  790767134  335484047   96479898  784372172  662261994 1026107456  863852068 1003238417  310275823  991829551   54072368  420085844  936419901  851242796  504902777 1047535490  676440713  510226693  811857388  780863710  436907879
 14 |  638803014  563490095  999433329  800561853  410244933  933159651  257515543  726270697  904293992  281020968 1007292783  173195559  826940017  450880469  224240799  702537494  644747346  315720566  370423847  571537805  277451173  624342221   77364204 1019942403  819710022   14012459  695391799  983354450  242709500  881869777  936110846
 15 |  556523396  998857291  732469353  447682776  988737910  611796114  237862553  858907609  631649007   24636006  958402409  528726445  860102711  530795886   95383504  122420623  131941607  631682133  973593290  666436483 1006925125  230313504  490790813 1036992340  361188145  853696473  818630558  566766306  160276083   61234236  169893117
 16 |  927560009  143449976  942379200  385637982 1007732667  704450659  476566395  446647180  321461549  779113900 1040662075  141410369  573770316  928593014  596994213  102561692  616790529   72381890  626097271  368915249 1046636562  776309439  613145900  639472837  806300877  845793988  994420927  255927500   84961476  661786193  320977802
 17 |  589599550  903105722   25897204  122646201   81305491 1052507580  226945015  954577978  328240393  704217231  857577696  162778669  124688877  566450375  736642742  616318051  428774519  978109996  953784546  547249190  905263469  791021506  368479145  320450113  947547362  209624732  236122546  915096430  618078684  996937866   76424423
 18 |  207435842  279182815  715488350 1031908236   13127677  476482057  908176724  910400839  696879753  538076442  356586917  549015951  404309634 1064992805  794354316  410849787  350905120  413699321  464457972   49904007   86847959  207682783  994039392 1030446537  128445970 1061240569 1000003212  197816347  155030277  847156588  977569897
 19 |  852488988  784258524  246110740  311435032  365996711   99464629 1050075750   79008434   33291838  253474980  935360857  700719831  908642538  454001680  225105901  189431850  942833980  334436396  981901208  335272181  979795902  279359700   22951066   87362155  566046251  679583275  118951016   46939809  689415213  899057737  882249768
 20 |  215792379  531914703  139822870  620766027    3311770  810183609 1004986005 1040509744  926520258  923952449  646483751  213397933  782965743  887785798  115542526  270774982  971264300  609665276  706140185  531356436  529816386   17963201  287919629  867120002  956938142  175463775  445864192  300012544   24884325  489726984   94777519
 21 |  247515502  928211243  410920938  750901601  444862192  766189210  235619811  547301875  576971537 1031587367  932509647  879773109  796258214 1008756124  474122142  845575860  162860892  521618210  203493334  566930626  998910414  709177658  212858258  625802252   88122428  742554938  404349649  171383965  711656885  837742824  197115226
 22 |  904022549  934487548  494388391  311066739 1039625053  616141385 1051297442  858471534  635691393   88939987  135098222  525355043  510345124  764959901  298224111  433956056  346450509  615280206  978925521  277720492  167134245  222918188  836034342   64044743   62668021  190126466  814054044  351484840  758382107  776278743  253898481
 23 |  215847044  861415086  582699196  651920990  148234690   48341555  131808819  948209156   29012093  350840981  181564047  407524090  373762805  256242875  466026674  572402677  912187236   55555220  338374201  115413041   95584596  658849372  286123575  291002533  725505828  682726808  832913436  999833237  795327684  812318090   43900948
 24 |  220583343  738534800  572373547  922289308  261848555 1054118810  721271020  942455822  620883662  847126646  692535549  960526607  318939827  631102613  377588957 1018878878  185489591  404139119  673470577  781056790  718905514  214170036  757089979  719475927  179783514 1018468289  849132070  687737546  234257434  790140729  485403974
 25 |  737970528  928122112  667268445  864086788  839548713  456757959  151295145  512314714  356394129  640239904  267896290  575142896  970767449  219133668  239179850  543303701  285549170  183041523  625551905  204665079  428806741   83850682  789776506  498530892  474277815 1000061863  209977459  184311795  465828513  145696871  528079632
 26 |  435713757  363591890  875334735 1021265027 1048735765  508026649  436892967  624527184  953529895  145466866  699605048  985845928  999976785  153724639   39856254  458858696  261591969  157054938  244377523  769123218  570689705  621787698  369327923   84428577  666503258  972732452  966376901 1039259703    4486450  492055926  262414567
 27 |  459324093  396039557  758219778  434775213  688942269 1022586478  340455681  511580963  579731929   91803180  810007417 1053826857  898412240   48130607  790749195  137987054   19879277  430293032   52131947  439898476  651777624  113021844  216215450  523362541  204437003  275553846  835389483  451130818 1047686520  790471528  955467467
 28 |  518424266  105350660  567675716  810446320  450266684  755860896  214462890  596517927  250981077  889420755  540163963  856948617  654146178  232725832  835160315  156041173  496480532  788984348  440993665  244959261  917237660  394604654  877559762  326023740  428368452  723140732  725760125  878766825  283827101 1037994675  552903500
 29 |  356072492   96231745  465354688  374679078   13810051  966794395   51591210  393060061  216660207 1045521049  318890470   18061238  576348394  440570891  672563150  694518938  984893065   31363556  478267498  125234926   56686205  828082505  597667850  241251901  584722296  996399431   67887985  433053335   99490209  859317467  777689964
 30 |  361926158  263532266  261198107  671937146  822064689  288241464  973801470  180045332  427777228  404036349  574223631  885487444  349164428  836229082  674236881 1019700581  208820228  432706777  420771269  647712415  699046613 1065224851  861474370  829331187  222057891  412130634  270983479  502222365  839637412  313172879   46539793

--- Zero Minor #1 ---
  Minor size (k)   : 6
  Deviation        : 4
  Principal block s: 5  (indices {5, 6})
  Row indices [6]  : 3 5 6 10 14 16
  Col indices [6]  : 5 6 9 16 20 26
  Time found       : 450537.2600 ms  (since matrix start)
  Minors tested    : 3384660006  (tested before finding this zero)

  Principal 2x2 block (s=5, rows/cols {5,6}):
    [  825374239   566246593 ]
    [  203412649     3789057 ]

  Extracted 6x6 submatrix  (det mod p = 0):
                 5*          6*          9          16          20          26 
        ----------- ----------- ----------- ----------- ----------- -----------
    3  |  135913490   501004096  1066454058   983817213   556616656   235227123 
    5* |[ 825374239][ 566246593]  268051054   137594614   304538329   395850243 
    6* |[ 203412649][   3789057]  202403595   524675524    28019069   647969597 
   10  |  432725568   762022849   422932154   230096775   348305914   894876990 
   14  |  933159651   257515543   281020968   644747346   277451173   695391799 
   16  |  704450659   476566395   779113900   616790529  1046636562   994420927 

