============================================================
APM Result
============================================================
Matrix file       : kernel_30_42.txt
Matrix size       : 31 x 31
Prime (mod p)     : 1073680219
PM block size     : 2 (fixed)
Deviation level   : 4
Minor size tested : 6 x 6
------------------------------------------------------------
Timing
------------------------------------------------------------
Matrix total time : 51455.3892 ms  (51.455389 s)
Minors tested     : 389136384
Avg per minor     : 0.00013223 ms
------------------------------------------------------------
Zero Minors Found : 1
============================================================

Full matrix (31x31) mod 1073680219:
               0          1          2          3          4          5          6          7          8          9         10         11         12         13         14         15         16         17         18         19         20         21         22         23         24         25         26         27         28         29         30
      ---------- ---------- ---------- ---------- ---------- ---------- ---------- ---------- ---------- ---------- ---------- ---------- ---------- ---------- ---------- ---------- ---------- ---------- ---------- ---------- ---------- ---------- ---------- ---------- ---------- ---------- ---------- ---------- ---------- ---------- ----------
  0 |  993960463  658185824  302575472  309729905  527122566  231167298  203803181  289751658  170231500  491726665  208556312  463732486  841823731   78016939  655988344  547623383  304129918  566318373  913839730  277154430  127672842  120817960 1018476018  271158607  229300173 1016754691  384790125  415447413  232265993 1047494674  952813841
  1 |  586232133  943348230 1066144481  297694303  445068741  357782706  946895175  756479660  106785978  102081380  316182286  405777497  107617884  669738544   59810373  259753734  319596898  274765483  426768626  853673432  196326433 1067080592   37761908  952605146  282698349  664399797  872121797  238753351  735099035  633372053  551572092
  2 | 1045278965  690310996   56889869  794755955  946525827  164287853  381900900  585153720  336346334  704369605  647735296  929390062  738151786  965288605  424601093 1047122193 1052664860  753590856  292077523  612841953  847539214  596831621  353417816  850982639  262754717  764490574  506072961  694250742  218630153 1039659983  665336387
  3 |  706545697 1039609868  656632151  951056326  462455844  452201807  464619575  747877517  930891831  339789620  185500388  831145105  711372235  214541030  907572610  347129092  440406842  792574183  191314325  936700174   76644219  512642221  241696034  408197466  538738867   12819222  647342779  686610683  492432921  364488873  257936038
  4 |  577532791  420451034  461864252    9718317  943326803  843125391  568183478  645726183  730859148  281377816  137766674  484639400  396490399  936821483  130159738  116304563  674478827  882241530  312164729  410849676  955029800  217788081  306434590  102908257  965170616  696966071  770160206  778021645  421528055 1011173845  701349350
  5 |  111232936  837221291  579926292  967530490  499702770  318726899  573082734  540943138  534083442  878522653  776641620  257431225  292347749  154179289  966223436  206736143  546525681  784058568  106155239  601211485  772589134    5892749  680437442   76669774  982297812  814579969  211626832  976112817  308423751  251882697  204512561
  6 |  669003048  146421622  851682599  132836308  142562992   53289322   87147587  863640146  241893658  968814637  109033739  498494656  293595232   28440700  300773668  632535721  246530975  355954473  535551756  889090009  772594718  741791416  950655159  546471831 1015962896   83164495  911218647  846830292   76461057  394393613  359758456
  7 |  776050217  349123760  998440309  993664394 1069053927 1025562451  851505008  843960102  817498513  231812495   83871010 1009672286  253605533  405680570   32820045  767692507 1023914084  951997712  473956634  524236174  115856306  700172532  376912973  915887543  991729031  522298492  856827392  500513201  807470229  256982916  268272581
  8 |   49585871  660572979  742502656  820041839  974027343  211567575  428443657  512891716  280842366  821793922  496439792  737840697  754480829  920683109  359284622  524093882  964424934  693352521   16826501  692788369    9349118  665881960  944009841  903707086  655002325  959193070  739872999  313995462  816498402  837880052  294065440
  9 |  666873023   74713788  401097324   56755753  880560072  573613798   31642398  569077165  704219904  578710190   72694440  876869542   19305903  334260098  772655257  209634122  163707636  675361714  443407946  915841163  232223495  915178112  484857574  489120327  861555242  292853369  537093029  605462850  224602051  106359333  853292534
 10 |  624979560    5894952   92931636  300262868  331194606  914451715  988041745  665550801  163090074  808927753  611526047  922985942  764756954  614432625  629974031  551126594  305129367  683545097  190824340  131102122  294746839 1044127237  140070644   99927158  906393603  639977325  871542412  756727557  405842774  503530065 1013101887
 11 |  860087490  970708380   37096711 1014175121  678665366  631033471   17574047  620641236   59455860   88728628  341370743   43929072  917497900  153607987  432436363   68661844   44125534  822484481   65668514  525974579  904723999  886931655  636042825  542789385  680866958  807765072  165853089  987400450  122828665  153037846 1022038859
 12 |  705808814  642020916  209884719  147311874   90949242 1033360071  573596286  346292124  550981977 1037669747  172176124  135511527  111788632  327006053  352446813  235727474  587434361  477301441  356841628  449099966  564055981  871472086  884007280  263473812  914742315  513255300  615182928  492108321  922309077  490641797  826725989
 13 |  606949746  574047054   65361846  737243645   61516154   10305406  821402613  768497649  939648902  738349761  196095855  112116270  586770478 1031694556  811390674  608081624  681401819  417547128  366843827  253922406  937942848  480959087  114979898  871814212 1027098279  813186130  143089188  790155562  581054346  621695946  508883690
 14 |   50805566  255035400  192902491  431140313   10667397   55375192  676237287  404701809  197605944   76574337  623403174  538461335  903172207  172186082  915330986  644249203  925077106 1062417043  739577009  137974630  151685284  610552135  534173887 1028393748  340255449  760677923 1014401925  965496527  306936743  163143686   99139615
 15 |   31047372 1063487928  814494573  912875806  866702937  653895759  228759470   57003310  871283131  500349055  681719982  466763714  359693674  493537995  170850393  982834060  914928112  362500007  294042675  795477355  409451500  888055941  755356152  169225943  454487380  605109502   53563177  679037101  629928177  318499631   93286219
 16 |  253005598  288252574   62583501  190586111  838649098  137675227  416351317  917792303  696144896  830179608  893613485  989669020  735830633 1041235414  562384186  237351987  838592854  432991309  755937333 1059593034  983862022  300973284  971691625 1010223870  857400377  201599109  272261467  861970961  627534610  870247587  495576670
 17 |  257884973  378215392  721699427   41508922  350571030  203577072  947547251  754581489  710712215    4647655   73567548   43922413  541858319   26308772  620900925   46099521  143942183  718604568  653642943  925530810  586197223  319228428  220457235   80328819   15342598  487815703 1057264600  304992426  246553299   69240997  518016778
 18 |  206952807  765310890  404106150  209643298  707120858  750667532   49108193  614960044  420569612  516376020   74243446  602759715 1021749953  922483799  310183915   89083654  850460684  662755425  275639824  570585544  210371652  174730736  769080319  953415334  956950835  721157339 1069190669  194197590   11007173  947799033  423020682
 19 |  458746100  682700100  893891426 1007381078 1063979630  341628762   26428593  393857080  937041626  533176219  191165665  205180433  502561632 1030584868  184346743  990128036 1056561127  202527598  581382036  487217369  209350703   99324014  884253665  159218171  380892339  947161503  602696335  516509442  283204503  994932913  407703918
 20 |  325721944 1047242720  606292287  157021746  206736969  672708547  616051871  262093208  370774023  983104644   44555377  642420411  664053405 1030128582  936782399  586639543  581139681  808288380  998310555  747632519  971442608  527383085  920360087  968391657    4585290  813677420  284050060  133517126  114120174  458489014  700843993
 21 |  991539705  589312463  381640665  209716193  549814705  385294772  106816857  984348440  796964798  649044783  423981202  631443217  861023194  362456043  341150152  498420514  562196530  849227864  590288809   35260374  300186802  248324395  149710287 1067854538 1050529883  381100164  493738087  324775748  676718613  706241492  765234969
 22 |  721305131  333017370 1037874484   51800051 1060653502  125993250 1034095368  912470356  501681597  349493104  643327116  176374567  202813579  659629591  558998668 1058494288  544566862   31363032  156396345  233766785  822599034  938330408  908850380  224547250  269349356  892147355 1064940974 1049967499   16343175  542494057  424282868
 23 |  891642501  403273646  634642439  492642379  146105885    7280197  258814600  446060212  906691935  490518549  904333818  866061780  943145078  517824133  815267399  374943463  840419485   82613659  505649329  905839737  563751534 1032859942  593076868  768842607  230215661    5931314  928256108  864881343  325143363  144853764  732664152
 24 |   83351530 1017116545  912981690  904077122  340857329  200130055  212940637 1015273833   91919447  557204703  377875962  571904828  704137508 1011357888  881148129  172185308  920142790  405082376  907298621  298430090  166246720  722492743  572450216  689725538  989996975  212416960  579224254  690358535  413432348  440359089  248845541
 25 |  439271722  635523028  303741292  121077341  432993107  688782305  767508414  394439002  907630650  810066916  381450959 1068146326  854121297   77178182  767463379   31804207   58911241  440237218  463504885  465281210   17794044  514443024  899614338  692594430  942477698  768730122  719341080  973355549  374234853  604430233  403651425
 26 |  390796529  168013012  330831553  420754229 1070777970  904068490  530138158  722679464  347928964  299665933  585623881  452103699  561228315  426167274  394781276  792775672  185112525  522453755  510322377  574975503  171587910 1042692062  432131413   56099725 1023516883  150232835  605391142  618690675  403831598  991785923  553328568
 27 | 1068381839   69292879  882906275  279959183   12754547  334961561 1072377439  667717087  847354139  114669290  337057485  108482276  497149795  963136848  475130012  112978152  595239666  249161652  250902695  503859446  958602816  186957696  946069327   34657694   22011204   25561330  334602453  494505125  168615199  298087546  565800639
 28 | 1014754908   67245774  266258355  731158745  775829306 1070409045  973916107  245248468  668257769  822743986  119977265  390757385  799983303  346343991  241908742  472049750  627996151 1053740360  452092552  301439418  791140549  678478991  156916819  863972011  988485879  906408772  639589660  563528840  568080743  370756871   47528557
 29 |  992371961  148148029  737637827  708152494  314181364  483232638  974633513  231933181   33275358  727506340  432045914  558356965  868385177  178015782  839852790  880109018  585490658  149665033  432564588   72359694  495660067  355109764  917527665  519481946  205686461  102802539  849746628  907145168 1000418035  498891091  310675207
 30 |  972827610   68365547  883544852  172837408   93870405  284635740  556504565  349531564  546723580  973150294  936964747  457467202  840332108  296115995  695820218  409727265  385815595  667499963   20312460  352342456  921059437  197881377   90153010  344833036   44527448  746115046 1004758953  566130632  809728939  494286597  650048401

--- Zero Minor #1 ---
  Minor size (k)   : 6
  Deviation        : 4
  Principal block s: 0  (indices {0, 1})
  Row indices [6]  : 0 1 2 6 12 19
  Col indices [6]  : 0 1 7 8 13 30
  Time found       : 51374.9509 ms  (since matrix start)
  Minors tested    : 389136384  (tested before finding this zero)

  Principal 2x2 block (s=0, rows/cols {0,1}):
    [  993960463   658185824 ]
    [  586232133   943348230 ]

  Extracted 6x6 submatrix  (det mod p = 0):
                 0*          1*          7           8          13          30 
        ----------- ----------- ----------- ----------- ----------- -----------
    0* |[ 993960463][ 658185824]  289751658   170231500    78016939   952813841 
    1* |[ 586232133][ 943348230]  756479660   106785978   669738544   551572092 
    2  | 1045278965   690310996   585153720   336346334   965288605   665336387 
    6  |  669003048   146421622   863640146   241893658    28440700   359758456 
   12  |  705808814   642020916   346292124   550981977   327006053   826725989 
   19  |  458746100   682700100   393857080   937041626  1030584868   407703918 

