============================================================
APM Result
============================================================
Matrix file       : kernel_30_95.txt
Matrix size       : 31 x 31
Prime (mod p)     : 1073680219
PM block size     : 2 (fixed)
Deviation level   : 4
Minor size tested : 6 x 6
------------------------------------------------------------
Timing
------------------------------------------------------------
Matrix total time : 51281.7568 ms  (51.281757 s)
Minors tested     : 389136384
Avg per minor     : 0.00013178 ms
------------------------------------------------------------
Zero Minors Found : 1
============================================================

Full matrix (31x31) mod 1073680219:
               0          1          2          3          4          5          6          7          8          9         10         11         12         13         14         15         16         17         18         19         20         21         22         23         24         25         26         27         28         29         30
      ---------- ---------- ---------- ---------- ---------- ---------- ---------- ---------- ---------- ---------- ---------- ---------- ---------- ---------- ---------- ---------- ---------- ---------- ---------- ---------- ---------- ---------- ---------- ---------- ---------- ---------- ---------- ---------- ---------- ---------- ----------
  0 |  614225651  298792887  422066743 1041250416  809973632  641112310  806880233  652614172   75118527  843131783   75211296    7614718  315995644  259089008  713107628  220015516  208013145   39363411  760655841   29345117  740960709   48617159   20153226  157987466  268949171  860799123  571726975 1051013896  964537606 1049590091  415234105
  1 |  531021254  108319329  674026007  470616352  230537075  563048622  696619342  519592377  926468015  277683381  118148265   99048887  388503992  667642542  295012885   26172888 1016323333  488164477  903489891  842314916  794555416  350896209  466376648  953058336  926474343  106744575  222818844  505024604  408788270  494720410  461523003
  2 |  497677409  977089433  510776973  448202194  305970351  467742548  796863845  369876950  340081275  437984718  435574141  327340707  832496855  467981862 1000659230  660187411  835160683   12523110  887865153  760610154  282426763  673114449  391803962  955170185  279160701   10518191 1048582636  733676753  984790852  545949751  435689799
  3 |  694645020 1009889404  692980417  800337762  844336823  410537428  753237789  470534160  534256214  217395534  196169805  500962536  854787485  592913565   99361092   84606020 1065321606   15710435  904966825  168600772  455554057  232437205  168793299  720159714  885349925   24541864  779383489  157024642  162256343  972075350  534967334
  4 |  328470607  836293184  636726479  289948910  873087263 1003924702  348118245  974563262  335831016   57764737 1025358089  220331309  775044970  699423301  814685232 1031816563  509037582  775940122   58018804  253652543  599975513  354446603  323544884  245075640  794191894  542052750  855306518  721763402  371813034  838735758  370985456
  5 |  154027882  217002755  164593589  516090461  115002151 1039760432  750525679  107108003  679972871  136096836  280549592  370890044  604166495 1038773940  600122442  600759263  768977424  965484361  849434841  979267169  463034061  586299517   90095244   14318065  369349781 1058196480  653242176  897000419  359291416 1055553906  764249376
  6 |  782652272  323654444   69722853 1004720258  849938873   96612591  491742248  772846740  552330451  930500459  353477425  190567224  869241690  943210470  867812884  590910922  713962446  324104149  880073151  419360403  615272795  491095708  652526626  501208911  109913269  805473790  161552992  710881515  875392621  170072562  373108534
  7 |  284057894  761130605  733827769  416437073  990948140  111305350  987262175   28243363  772716802  433490886  905090562  896165295  554962210  276080394  862528683   76396420  484334253    2950913  434548038   14988694  905165399  845597341  422467949  226566107  722041975  252749524  101715763  555916174 1055661702  427049178  760458390
  8 |  925501190  554982930  322347886  184910439  776400035  499443602  386444021  955346283  765002553  392425184  268246065  779351914  542523059  640692211  378756834  854419019 1000172196  208049998  525008363  589782117  883793710  608057637  995565992  625420421   62191949  580622746  214435720  465657144  991774862  937259434  712243013
  9 |  146431773  211497152  898869209  446599149  475832120  471418259  330678386  104653454  916071602  821375298  117110749  123562439  501067564  843265854 1058856836  839237622  335263153  435211898  173311711  921569878  427246105  476401151   32101660  807342467  371970262  494830045  228517220  753408541  596604825   13709731  761521153
 10 |  300046268  547472100  966671272  222610159   69061190  740208285   92102778   84594565  516763349 1053130551  778608115  442858510  550257228  222109550  276747614  644103878  478284407  885378033  998054413  759666864  435728107 1021537952  762187349   48038371  969592303  209352964  182525175  432872762  687144688  874696545  551505478
 11 |  627473609   90447432  457493240  541741062  589650456  620398084  888788228  694433758  198108880   60233618  376843037  465713107  365793668  184769953 1016005186   87080239  177051215  237683629  204678486  886024434  428501617 1034823415  103892373  950506861   27731211 1038323622   87978610   49431521  744298140 1071170778 1023546018
 12 |  611554679  892180093  477277244  452414895 1033387051    6470393  890145111  183649257  998464531  394557893  674668262  262446954  697268845  684108252  344904761  854215922  642434045  436042931 1072185927   79391958  818793296  680461041  679686443  105939344  391597346  907848160     517979  134627061  800769359  952491458  825920654
 13 |  549246528  195429357  237934154  310924264 1062238792  921240223  658210700  253673484   21673685  910566132  422344510  433466898  470667078  469859048  547033354  274197419  961978800  263247508  754149364  354100624    5283349 1045172736  565808007     994793  109138896 1007078087  716445834  602765036 1060064924  535926463   77030001
 14 |  169098729  852428641  494131417  561851723  895982146  145229198  676291082  334723663  669829809  680376199  881500774  107844939  496676075  123708525  297038420  910449709 1011270165  648214270   83696519  939242345  354360357  544960985  189554048 1073064572   13812468  686073297  875184450  750640707  687111855  714079461    9346355
 15 |  651678611    6500806 1070244046  600500502  538982640  164082866  318699646  928479088  436693012  564502732  742894699  953765950  994914570   92063103  181609474 1010056589  251440784  364213495   59176177  780653346  319963382  374795386  622544425  889040921 1043524831  594700717  803172520  615613535  867421271  246112611  252625621
 16 | 1046268126  242951286  207646886 1009079015  226120013  547742244 1046623621  556344286  649368136  534863578  859002283  748898496  126135473  789779874  473376777   77896959  935032353  180947833  152248552  319324164  468358457  224764093  831179077  883377444  631861706  915231008  692481332   46984666  183986819  797857506  500801834
 17 |  866231997  801826530  921913608 1059819767    3021342  263071515  932511758  700678703  102826739  783454900   12401273  270446344 1044124969  875566952 1070209776 1024302788 1029946348  402148477  314801546  433850626  766551467  879295688  390827704  112353567 1007060157  864342258  370948770  264614372  348186474  331651389  625055521
 18 |  233800130  318359908 1017928736 1038881181  555446613  673827944  941247380  830339436  651006225  779965451  291685145  729367671  635817874 1012474298  962675142  773642379  544390928  844661541 1010979136  712539564  776371932  640547427  736509878  289934150  917938902  885614489  616486598 1023794656 1021804061  521511744  104722665
 19 |  198231726  920938144  868636255  898287509  734848773   30610757   58128592   78665529   72473436  519673589  392860923  813223481  683380196  584102513  189197974  676751335  204007984  904844171  985336714  360811722  747699864  937536619  884458074  478791722  266752428  892466583  830115641  537673920  717612677  451812570  283940136
 20 |  877731025 1069636673  296740448  928768628  802288559  729063469  862660591  502129355  501846980  815710944 1070858999  541135042  356606274 1060187482  547484539   46985661  986247805    2886590  872084141  921674664  790615674  269966125 1020045592  257114587  696702685  926701234  375148117  293686033   65874081   99031045  869293898
 21 |  674384361   52619461  535726861  640556580  397861657  526052165  631913323   66274727  332367141  143072522  225924819  116366599  154056953  294066516  278507950   29674050  200703258  548406028  990839978  852914112  697640270  335098428  852344952  460108344  257763825  397812534  405425264  695638694 1007141715  170959274  916974668
 22 |  481416965   42615501  132639396  862031213  669056964  551224797  576831511  652535815  746694083  610608996 1072389301  321290344  500513885  158721907  934186266  908832359  281960881   66311436  617761953   35806802  219672977  181415480   90398324  395723597  229170018   44961242  335126466  788068573  660917239  621710581  757382431
 23 |  360753378   86256539  532507385  900018722  884606112  171004414   98524757  102810755  114313401  220523144  279651850  814092301   75411581  190358617  197470440  515625206  440488005  957925329   48466517  732630305  990323336  690321689  412208422  256365895  252002439  748410398  863837984  852422304  773192265  989655075 1002756342
 24 |  788879785  960257337  152046097  822199805  372679154  271867176  693359602  564029988  282286159  193372664  881145446  652203233  782836398  388020449  857987114  310263393  958479859  597623664  899770950   80118719 1024511811  546307972  118173740  737322246  231775890  127311082  576824785  894763037 1068817592  140419406  572777569
 25 |  881641443  589748936   41074148  773058321  450535662  392696292  765604685   19269701 1066987704  524939796  630356162  704783581  251053538  609400083  880213891   79666269  728043803 1003566093  990245820  791194501  798746638  867719393 1054875341  984670085  523287419  562738880  461079141  589618107   42536942  496401166 1070111133
 26 |  390610305   99028010  416946369  437794756  838013808  840483301   99245427  396057614  569823636  645653449 1001911378  817553751  759852677  561763804  132678715  208629029  536960517  432651924  745479574  896870258 1017108179  282071784  774221728 1039372404  624637065  957140524  784359909  110872581  334295736  125100229  328702466
 27 |  930067361    1033202   94368993  263184685   17878692  632262489  668487375  247052116  497592460  645235582  103461227  136204771  737271397   77658254  923521386  450689649  750871896  189024434   91248387  395570622  706413895  259539147  510284939  160090960  237953318  679866591  417224870   34347615  465259429   12127410  952274211
 28 | 1043257979 1023623578  384998372  699799636  838836793  282765875  731901963  863498812  337847292  572222611  443451055  549469174  771257244  911035619  627019728 1021318679 1017971297  809944130  193159080  502982779  515011920  853016458 1058873420  585308826  198231423  790306513  728194974  231031953  162867182   41154233  214892055
 29 |  721342094  462478751   67156150  659024025  796414130   35155379  962151572  171410598  105752275  299561443   73123752  625079209  530222311  380272948  151381695  121499316  473306752  965584539  500372981  174523071  561339518  893201141  388641909  788799789  569078735 1030973004  375582555  167733452  637767667  523363727  272037232
 30 |  503442949 1039863987  721232601   35106031  635238130   35098243  332554896  236051293  712575624  468499019  939557470  321036123  559634489  475121539  221174566  360121809  779520106  650232576  156392220  168602309  725727424  267479433  832165472  931048175   87712477  405880175  908873615   10821583  653141207  175146338  733846595

--- Zero Minor #1 ---
  Minor size (k)   : 6
  Deviation        : 4
  Principal block s: 0  (indices {0, 1})
  Row indices [6]  : 0 1 12 24 26 30
  Col indices [6]  : 0 1 6 9 18 23
  Time found       : 51205.1799 ms  (since matrix start)
  Minors tested    : 389136384  (tested before finding this zero)

  Principal 2x2 block (s=0, rows/cols {0,1}):
    [  614225651   298792887 ]
    [  531021254   108319329 ]

  Extracted 6x6 submatrix  (det mod p = 0):
                 0*          1*          6           9          18          23 
        ----------- ----------- ----------- ----------- ----------- -----------
    0* |[ 614225651][ 298792887]  806880233   843131783   760655841   157987466 
    1* |[ 531021254][ 108319329]  696619342   277683381   903489891   953058336 
   12  |  611554679   892180093   890145111   394557893  1072185927   105939344 
   24  |  788879785   960257337   693359602   193372664   899770950   737322246 
   26  |  390610305    99028010    99245427   645653449   745479574  1039372404 
   30  |  503442949  1039863987   332554896   468499019   156392220   931048175 

