============================================================
APM Result
============================================================
Matrix file       : kernel_30_31.txt
Matrix size       : 31 x 31
Prime (mod p)     : 1073680219
PM block size     : 2 (fixed)
Deviation level   : 4
Minor size tested : 6 x 6
------------------------------------------------------------
Timing
------------------------------------------------------------
Matrix total time : 51872.0320 ms  (51.872032 s)
Minors tested     : 389136384
Avg per minor     : 0.00013330 ms
------------------------------------------------------------
Zero Minors Found : 1
============================================================

Full matrix (31x31) mod 1073680219:
               0          1          2          3          4          5          6          7          8          9         10         11         12         13         14         15         16         17         18         19         20         21         22         23         24         25         26         27         28         29         30
      ---------- ---------- ---------- ---------- ---------- ---------- ---------- ---------- ---------- ---------- ---------- ---------- ---------- ---------- ---------- ---------- ---------- ---------- ---------- ---------- ---------- ---------- ---------- ---------- ---------- ---------- ---------- ---------- ---------- ---------- ----------
  0 |  362585627 1036480667  293609790  922434367  331963158   74339342 1068864787  440132496 1053085667  605791081  590620844   18897092  373270717  503015520  336229352  118647074  237403241  115355301  322264685  250780688  940978617  796872459  242542288   41281703  152347336  958614134  921454661  215347281  593668814  959829361 1040203452
  1 | 1016962237  889243719   86558252  922842123   82321687  302685219 1017048257  880975513  991525876  833056410  673917496  288448223  299093845  408736270  400541239  379359415  452210249   79498728  758636965  614173164  666497728   59087170  915392203  558707286  119994489  791228862  403062663  987452434  469853393  118608886  492577792
  2 | 1061109825  887102230  289454155  395180731  176357919  294327287  191925445  214030778  520915875  491076006 1044012688  801812508  886721618  441302658  162093191  109373588  283813563  922949320 1033559128  230801163  590817915  126244961   35816128  317645851  944705772  547125540  813041161  704436262  295099328 1028521647   47559400
  3 |  792502902  807581870 1047377400  322988011 1021521095 1028577059  924903308   67576492  764806117  326050881  412739336  837967117  644262734   66853250  430272690  460859783  357174877  997389658  562217018  659992344 1008112769  200936393  232176375  226255904  449965445  294749876 1009897977  823847357  361139905  121165453  611077013
  4 |  961997873  667267083  278571175  498648760  367642883  545910384  418099734   37261121  300966525  217760319  512449148  973740446  571875648 1024361861  759354590  642495654  429703035  640737095  521569022  361899692   77253067  353014767  646762535  442764421  981938836  869993711  754295365   69635638  444257439 1039728222  233561742
  5 |  334259890  732352156  727352993  448093172  911572951  710917268  791724291  799463697  921232698   89999273    9835346  489229082    5150516  334104726 1059734150   27151790 1051115824  561507628  118930308  233422832  813596493  769248161  202824788  511912623  361810457  450814371  404329001  714333840  361138591  789797326  606084074
  6 |  887987253  721417626  849280191  621592497  492358715  973619184  694170482  687077625  536682384  466776711  957588189  968808395  489268020  456499330  929638489  611917591  826118693  831161378  275312444   98420736      20602   64018488 1017044807  871206204  418833804 1009152335 1072322768  988858147  483890357  673678357  592705807
  7 |  164171470  276611751  513999328  357468745  380914840 1005336899  428265892  257970968  768001097  590108452    5844194  341053486 1066417618  507729287  665174923  508643671  171393181  401003116  860879829   83398761   91130930 1040160245  388019679  459728321  182861145  370800771  280306787 1029065865  777628967  316630583  847874884
  8 |  218193300  154005939  627809222  379404864  481824332  786137362  735574842  903410108  640431406  216227715  888388161  787150250  669716527   95259102  315770360  963870824  624879822  294933738  426894505    6102405  972206017  987810778  124648950  511819096  404158874  880018420  239015466  819319943  317377400  686676270  405432782
  9 |  163250678   44918203   17700444  442864353  446178820  469269459  660060595  870655026  938902245  449969605  112529273   32362631  268464371  535608236  464858418  481746544  480804799   25789601  114918239  719770194   35052118  491175799  811598504  821784478  924889053  150997907  724773465  476527832 1016469432  664537875  559732784
 10 |  979460862  885578676  963038085  460771192  659974211   51952496  804423121  462988160  486241872  390661646  631890039  169822382  386006897  275013792  911288852  686124938  631484212  550403508   46456749  258552932  758508214  761396091  606044867   53531968   80738067  423507079  578047884  116273359  473329846  884610282 1026630725
 11 |  645802584  611926431  445319678  693422695  611375160 1034323134  836785031  767845316  732729915  735337570   32864374 1070430456  534355975  443554042  188134752  551458562 1031019787  290489856  993385651  772871378 1010015062  959628202  717257449   18763317  754819156   41941584 1025616479  826208838  894366122   69100005  114045555
 12 |  128720828  321051973  265581272  904170269  618674791  689415045  367843485 1027437668  139068857   21674783  296873122 1021162869  340385780  127602552  817263560  188852399  492592556  173102864   26486945  242429138  238576008 1044691702   27571675  381739871  650076765   99311707  683974392   50438801  373587519  837514169  380167143
 13 |  640284476  128446175  871010511  446762432 1053707362  262376045  711790408   75133895 1045391502  116926919  263644665  893156292  307613439  892683306 1032315644  908444949  851127490 1022631398  712394510  446037292  182499078 1023716340  413389519  286979311  901210385  894634851  412501113   68230892  786933057   35336203  403939984
 14 |   79656545  121158714  252479275  681690773  303452624  194906172  256418159  393019998  642429723  644050166 1063191022  889868096  125902854  412854559  557848337  328645007  748220784  815168997  615060454   25411445  218089182 1024219643  132010127  454719945  647387832  929765231  452059761  852775170  246679625  731204235  282227350
 15 |  140062622  157077228  785016238  458305945  974905025  694735376  289637600  111245519   90579617  504990272  935865970  194471917  982237593  640855486  662426423  204605785  927864041  931834520  981896649 1048504530  283841583  741394331  546125485   44792544  864381110  814226671  343843407  230569643  190063288  720260953  451196750
 16 |  823804348  906552888  291797831   86315571  119683653  477318549  636753811  710692783  501587527  644712242   97992921  879739744  252797066  857856672  146089847  222691000  127003119  206190397  663598331  870883160   29826816  513363043  347457870  311345018  688623197  534275733  343496675  266504666  385242907  225337188  850567157
 17 | 1060184740  477835306  889136881  460885726  638896102  945189588  593279002  927756900  819549463  420765852  104896940  196790464 1041545512  121154537  901222341  930891462  806746805  867046255  236273861   40932704 1040298434  288330576 1022102790  723679780  335122187  224138918  413753989  815619602  680415343  506869430  360891697
 18 |   67499165  168857002  952210949  440925611  359775095  946759513  248540480  509085725  551360255  794587784  154023499  400709614  710500735  813782099  716353956  982710747   14232620  475034493  925436123   41777246  620504076  754510498  606919981  913382976  162889380  146890413  600642365  831120654  477486327  242937329  474435220
 19 |  697383691  194833686   61128873  188421069 1051071524  353330899  429922751   75785243  394959324  421899949  728430394  616054566  169146334  837942082   60900468 1066743390  931038493  589803028  828822935  337772984  328785780  712625716  743687881  617482143  548666388   42443423  414960521  236093634  403347476  203880745  400905367
 20 | 1069680029   52314785  708457103  124880981  668674927  123563599  640695643 1056144274  273833495 1006059746 1062719391  139315946  766419772  563231941  660368988   99818140   76817637  473652334  657361381  398962079  858413328  321596741   12002802  195286020  925996880  541506258  721347275  680434205  379045542  555218262  700017677
 21 |  135592220   54228440  341719122  811554083  633092022  544027534 1025596455  111963007  133370981 1027008432  614549337  314587146  656257054  139291971  310028029  656699236  596813630  155858478  427871819  594696940  114351806  846820105 1032736169  501472324  771323611  373789095    2721625  127020514  328646133 1010959210  703353238
 22 |  469193138  224822487  839786636  188071095  815728683 1026208487  938390909   85882380    9021651  119679507  867828092  125875989  337578225  748649861  623964819  296485775  124854012  244279881  502862383   83012328  225968319  264852304  987656525  261532665  356156460  347586569   61548916  677760279   49485838  614200946  613421339
 23 |  198360197  124647897  846228927  279924613 1028586945  604024395  290309281  883751303  342888767  154839127  572560045  256691133   68103538  297930694  963797939  553683048  726992325  240488421  854575149   19026945  236816922  396450894  528385623  348552697  431325312  625339298   34502433  124543740  679851055  243871857  667568498
 24 |  688119003  394733544  851183118  365537613  806652160  662986889  276207382  385922621  540059944  299963980  167983551  632775511  982190971  661165032  269339566  202860132  886303158  738329719  208279916  566132227  943233549  443842339 1065704374  742442483  585572588  205669678  341189395 1042034191  988086170   91514242  409301064
 25 |   31103726  772043547  501320148  325970853  542885361  444388804  999996185 1001740926  433286366  137376286  603858168   74462982  809117435  131328756  853624027  651456091  162673402  676554868  224791835  838934558  307762212  807500400  769948700  970953188  371120158  991044721  333952428  503963999  826167175   13370929  360701944
 26 |  172558219  100960439  825915649  897695130  689599508 1056418133  626306381  155122430   34010681  210855375   55569343  584936249  601755977  750732747  541784520 1036904682  503528211 1057486582  182784726  260939630  342376519  476192746  117526444  445679097  583446898  268066840  292008703  997390662 1009302511  301397779  581622299
 27 |  261656676  473748273  408275200  219065267  928120240  567128410   12674271  458371249  756771294  672955499  269166231  423933345  820970176  199262411   62928700  842214186  642732999  569401513  403840381  823356368  629488927  739707511  144362928  126625787  145585123  791094984  778825767  657796568  266559708  217599471  490486267
 28 |  170350566  914076541 1038481186  923159841   73383109  512116372  286491496  878841707  161073309  429856819    9467808  962398868  777593574  198054673  728152756  587006735  388712874  655084970  897110381  930375634  271076728  431017812  119654060  190489822  713944476  368885320  973468170  282485251  457389524  914498416  474898756
 29 |  321352055  268914080  612675588  905270781  379764900  476685443  772434261  616799008   24740922  232296355  789683701  168358570  611948689  728642639  724779211   26843667  395588378  583502233  517572738  580196082  822209609   25849378  692071047  212922874  487689030  295195176  536964422  951213446 1061578227  843521526  571169589
 30 |  745130641  770490335  252554242  324653890  133820412  461250738  386185557  714495720 1059944451  137263725  257695677  778919153  270306549  811827013  283298587  460812225  994975354  350415703  659122520  771759820  942519324  332481621   94240133  409274825  132599520  927592888  594521543  260664598  609663799  509607028  967933142

--- Zero Minor #1 ---
  Minor size (k)   : 6
  Deviation        : 4
  Principal block s: 0  (indices {0, 1})
  Row indices [6]  : 0 1 11 12 13 22
  Col indices [6]  : 0 1 2 5 18 28
  Time found       : 51797.3660 ms  (since matrix start)
  Minors tested    : 389136384  (tested before finding this zero)

  Principal 2x2 block (s=0, rows/cols {0,1}):
    [  362585627  1036480667 ]
    [ 1016962237   889243719 ]

  Extracted 6x6 submatrix  (det mod p = 0):
                 0*          1*          2           5          18          28 
        ----------- ----------- ----------- ----------- ----------- -----------
    0* |[ 362585627][1036480667]  293609790    74339342   322264685   593668814 
    1* |[1016962237][ 889243719]   86558252   302685219   758636965   469853393 
   11  |  645802584   611926431   445319678  1034323134   993385651   894366122 
   12  |  128720828   321051973   265581272   689415045    26486945   373587519 
   13  |  640284476   128446175   871010511   262376045   712394510   786933057 
   22  |  469193138   224822487   839786636  1026208487   502862383    49485838 

