[[46538773757 133575266661 137591119993 190408985084 219447086708 14198232699 48838327295 159762977254 54729506095 44598789242 136520974462 171893640622 197889102981 14957872554 41414069725 133219912042 180736218636 222310454140 141107743334 247131192063 168915101851 41867738332 274213786555 255495144843 49662942635 224356486858 208563409002 256221604526 220282337581 73712985032 197917839657 205491257907 213384895072 86129453520 200186545161 248548348855 136874951180 144295826546 54955078091]
[183346343428 162139656486 212578715437 21316354225 165016286779 33139421646 161246871163 169298872337 21900451606 98846802260 166866436602 151042584560 201604742220 250827194509 38083976586 80881616689 155466061489 200924758921 94731522835 171899296342 141614907259 128747902694 264791094501 53900378782 60371961165 61151622750 62540654443 80579473372 202168307812 30857332115 230827581893 10007307588 66820342690 15306444840 38563717236 112626221080 18758772224 116232097371 112462104326]
[248933043266 14075981981 152157827857 12490507710 209003622645 33255684642 185165102488 101059543655 225439355648 1342826242 207616008575 252289557550 101420890513 122135950379 197129381483 252204640030 68058130083 138543898558 100229095770 107223666380 186338390978 241073942553 274236782453 111815182199 45430359317 35557218848 231660312065 257064208945 104329377884 5735136369 233106390781 140206548160 152121924307 108132734004 207168101670 223561769557 198553901623 50494277807 189750186629]
[62288860026 256528966316 179229979838 270100080480 238856481287 222141970121 39979480716 66378963244 24206058184 167674402928 173182922167 55041930835 216117479074 109448167253 92008999837 177371310404 249481712756 245075864801 93726466668 101568990064 274373025045 181235357776 157009647106 210077920294 239020835607 237009051815 71005435288 154807229212 274411760114 169369720579 69099245350 163243784487 264559811227 94471580663 134251468209 259773229866 207355966187 104639643513 219169667470]
[183369573970 259484408928 246695901749 191380127012 222611874912 96283085502 61345754883 231295118657 107264631027 116028910813 89825622835 78894285175 20724851284 262140036426 99648654773 110216785187 251063219117 79077527948 155240515538 180321298949 128725978235 35579603318 69608224409 14045012849 183474345178 1632233914 192665142062 837173208 181992230268 217945410234 57698345949 74557715842 216103060967 69518036134 64311137483 67008786107 260513315074 38233267734 189887918117]
[215037226233 87843449739 20991149640 272286806297 144725112205 161250787054 5849178819 138073359906 235766772854 207454596246 51403655252 182307277533 10037373908 5081835681 101681412843 60183433282 262785446630 56641530234 86924914588 243272451531 166978210676 183741313945 37961299032 123417192660 17447004528 160125638120 254003517198 89122580248 187078989761 221186636591 1629061272 212740393355 240863574725 183210306114 101012022008 128375271860 199052497842 109648331428 7545336908]
[210691079720 47294213485 115853950606 99522485816 270646235071 238482020782 145842106419 110129657924 140160741723 154557927084 184994142940 210240220345 154171217310 217659033194 196111170148 183910551024 242207601374 30972741049 192833522474 93369170507 225975880742 236034376551 32384858068 149298190664 110650801525 30338197031 130463931156 22332932734 218612791985 30842389935 1897844374 16497985162 193367956675 259179553197 76289685523 264689111446 157704540202 16204222053 40599842982]
[244768368659 231186108790 37952848546 95422748341 95136673762 177216222568 194213179523 102209280153 202626328077 34273362829 194146160176 235252839304 143165699313 142967486069 269425566632 80511601303 769582039 241948840979 202953027461 219240445282 57041372782 57917944901 169544592656 64556127976 232709857281 163193877148 102153300980 190006303677 265094812136 66422028935 76903523796 119178494919 181822589490 62265949948 100143969650 30714121196 251235488596 213774105595 264536005335]
[97553865351 253206467139 17851998578 39091102577 122014928433 145702793611 40998655240 131500819889 138078366788 240855832899 160397127392 92949783900 260848486633 167279058079 211578804323 69200996615 235354880986 89787204619 231741415166 50065250586 20335082575 208822506562 61703962974 163593299367 7093995885 159205530165 265613873802 209349853173 103519006927 137735373946 169728129522 6095623447 173699374601 62311264695 94764791618 129211295546 216899982866 13736944946 1558750864]
[146983610869 231318726857 88033245768 151391243396 248697928050 237914565206 76854391755 259453817764 256193761434 158186237530 44276776535 234947695745 164775033661 209418478587 161092721697 132322100495 244077508097 206978970258 85910097313 140137370006 261933348717 242339575538 150619002223 160904671532 21120522361 27777716070 190669093136 123286236877 235899317032 129389087439 42056589716 151877094163 235938118143 223681318107 136674279204 42777073302 83437564833 235028706510 24646282392]
[3552863570 69022710209 40239919377 111197610541 55560702304 249106962535 154762823564 237219363350 219324911445 33477353902 197482193169 271339382390 245104052801 196519001629 41582822040 148546259587 105976258653 176474852124 106353997154 221814738135 88924913099 215723885680 58055965789 260320931107 10676398734 233879311745 212141672232 65421739328 234976711449 258423420661 254349695452 80814340230 109456558244 117896594188 138570440949 198726573365 127815882057 33550399263 146182460145]
[169084102482 264662675480 116399000921 118340459762 224089002698 126390279683 209566683835 41031332701 157635163753 251247190536 110275856853 16027188053 61856061201 62055292022 73861360636 274827239722 140083145372 44933961460 155834147136 219319811266 258463212657 49487896256 268510864969 62456840045 185633893312 31210349239 78375863384 228809766575 183766506297 159573410619 148926618789 247578680839 212299614307 262937902519 162735931203 228408301525 138953752844 87335308096 91839214426]
[56846061436 223566391097 103347303049 25377426954 3728178467 246138036081 45093351382 127774342039 95069176935 41878721176 113248789568 84619195671 117131661987 123611357 137107282045 45414606556 252971284027 179616683822 136569784013 110098982638 117465699756 220322234578 149751410848 145884569325 151862224902 66481212365 38725477047 250466216695 213830313776 144052278959 76846528201 103306705456 80556842733 158299166925 204625559991 99940035157 55554397730 272928316393 164444885498]
[236270097522 244449012092 68789912491 229459876375 208381274128 33540444796 141155093588 249834372889 183573905050 261841868506 34218771131 252819786840 163657417930 52138516568 142879440252 270545662541 230045314981 217403211025 85577587649 38288839038 72546885326 7175561163 172063905157 233045328345 196156345287 124605944721 67632711893 24310754435 89516825999 171817538838 105027197016 43706148452 122325042029 86653471665 97813295179 58227587724 168373678199 59881257959 144090978766]
[142226776201 185107085157 167287589905 166352791830 75865298008 240262376656 117484656944 38194403340 47434241447 47021778286 13138971977 177607354143 173123970565 198687860521 119920936069 170044391009 18490450131 254177518415 177583269930 159108237614 216887687229 94328485878 195606771026 124219095247 50189003668 223677309930 136499111744 117423012725 201349141824 170547171265 142542043594 161061751209 82799344904 98964695754 56519409625 221058098731 139393198336 189972030076 246256387782]
[109743572120 9550260683 265947010644 5283542887 12202854912 28750827069 171433565197 192776853505 6724163888 255762972627 89870192006 54279716754 114346690474 142182731322 228816513304 19912806542 186761466700 161980381708 97965350834 59977228049 393443374 267724699508 109304922367 27765193056 157110982517 84130505784 88133823464 198483532677 48213807971 31356902545 167399666862 105309441066 261311219170 145444740242 67323318635 25445594475 92644228982 61381990992 60288813046]
[259375119569 144132233817 236079452087 175100443700 243467486542 176102340626 209741415620 91352385170 219751593444 161905881862 46038070137 215677194367 23538179616 144185719645 258814227877 97258463812 132121035162 101699028154 68336459805 130692608952 225891194477 122611147102 99789052036 73959236661 12354869582 271324615028 188358360344 270052116361 235488821550 5609858627 188813328295 243569132267 216626706259 145167466703 6614654376 239209337567 98132708538 136940319963 4426040920]
[162382359235 202979063730 50964610155 8436292678 90928184873 231939907657 35344439395 260309615511 140881434714 155723874661 119474338460 250312201227 40121779632 251969072207 249262311936 204148694815 6017062110 67581923261 267059678265 86785711040 151053556966 160483190935 126303302149 37066395176 177337070692 63440394876 126797218061 89316494134 267289665723 121803624726 101445067243 108945925188 63221029801 235100056072 238503802836 123754296652 17383874214 43921939090 59877476368]
[241172046348 205349117028 118483728437 158723095290 2089187138 123800197226 5623495509 159967542407 117475390084 174856421364 234344186522 174954535821 113115463240 131251660511 235441481147 49964432530 127289504541 216881584891 114703656392 195002876437 169413105274 125944038594 210801013546 4764535184 630365358 250925392032 188558314302 230318862744 273378202879 194674067124 4709060797 79532940154 86805006474 166712070454 243946969771 178564597191 264546129998 227641327719 175035698407]
[236436248586 133787057187 147213056846 273851730555 70623592898 263833619657 253770428251 230566529639 138241917591 167540676621 94050762911 166017418004 217778254474 93386516336 130051074400 61945907527 128231588527 253216447410 51629917223 220515229931 209530182301 59707660877 38593033830 247755846235 182678191596 8124665632 254991892911 243861669517 271499834766 183699529019 189019279539 239457551044 70510946017 161626092493 24619900189 211174443598 239497311836 103251890180 236450051243]
[246993215952 148947445629 36352687413 9529814008 51396946113 56781024694 156111544039 189737490246 168940259377 10238476693 182204382032 229109215421 234705726709 143211980205 134268246461 92221592848 221926650598 159295079433 244754837583 42303581275 263166757583 1958874633 106370623891 126904755373 145899671101 1624362840 68678712330 133470990454 176241035728 62808769628 168775844381 154962091600 274686399636 37063390711 247975783590 57631113234 17857400849 206293362820 172530852842]
[168872936651 61098635529 72745925416 256217625497 133187358689 113367206784 125137911560 202172775677 135722953970 141774030212 227815581579 177457326451 41548755801 141462880245 50177786944 76346604234 152267187808 28138586621 42631856106 156348328999 237071320309 221336253094 98603827829 173428299930 21986356626 270278355108 234583845162 264318613606 54253437901 159334556774 3500951847 120759584218 84503300112 53254439624 202189182977 166365794451 218308015766 189530377873 118099954545]
[64480142812 179262476136 234970895653 65201828323 9424109982 96958017029 184319844370 87250999689 14718798092 108765893645 56197771634 237077742742 251360998082 9008495382 205481239389 28422116394 68114684169 66053227055 109610716546 235385255141 93696600594 55104841807 82135362663 233763350787 80070082886 191005274477 252930474185 182681093643 208612930969 247363381261 265302710067 31120322870 89066346465 172565192705 54422425818 75706836926 231533976376 240784619929 54199754630]
[239442824712 13791311045 164269264974 30440154240 102715395385 145546653782 4437858522 41981531222 190334308278 36868248820 126358505092 231772107669 193723901207 259721442685 221678592494 141320303353 75812620151 263591383600 273992693605 46677346282 27444207928 89600138120 235173602204 7902043082 95802955042 130506050549 252342845305 176021327240 119690367710 141161622217 144487128909 107455365128 172297463528 95836423631 237469739525 180652036813 16241909681 105599917885 61613576151]
[52395124057 246239814524 89915531814 81557139611 151924635914 208062727631 207224575662 124689573740 65332744975 144460105104 7474476916 226575339261 72395451737 239575251494 167426835786 239405252033 121204761020 112781778761 28654538599 200234866977 219610097415 40105641050 44618009087 246706246863 183816143149 172998373449 177090777566 64857946055 9012996655 94728795351 159951277859 51152008955 164818340613 226292017875 200584825459 230862593019 128287084393 45803294086 257209149801]
[237679235144 272583244497 218567257562 225907285820 258329481334 201699578174 216096276111 81260478888 209126979865 89583935405 66493189156 245721104799 172584539784 45903910245 232900698825 63890353281 53516314871 184212324323 129415242628 84965226772 130048745831 62169441132 78408662263 112534834137 24223478900 136256241769 79474253330 121078007543 243648789441 145005462251 56968769060 62724722576 42779569775 193174548458 173251159623 119390810466 156158379268 129400717065 262935442737]
[142916682563 125126645584 88746242495 161316860048 259723462937 16104111861 241507735591 141303441768 180013023483 53912968473 120091379629 124860436624 142087043879 36980813406 238996787025 68095390120 261641594442 102827626712 250873621365 269997024421 121740725143 122612211543 8564580015 26042651250 266277779707 207619325010 114760852196 132299239401 236764037068 217147703835 107467071267 269479973503 64875926668 161706344732 252346261363 68711716420 89772008690 5721901091 160289381433]
[212300271508 114386150039 117060040330 28209404594 151472189811 167587671901 262804909119 34238515548 174214697354 153151806498 193193041518 110559842126 34162130159 39349996794 137982310147 87544103508 235057942556 263348732665 259997171292 115426758895 173358252413 235240246680 188446030427 198072530723 248254827610 193645327608 258242167835 86068481870 205133967655 43515986422 66242696443 274017895776 33767151395 211963203497 217923900121 176185727717 62817216602 185012396293 55594457159]
[6465425170 2274740125 172522688305 59567306168 1813213458 191629860901 124685901901 53844724475 250137289083 266299280461 199083314217 58160139885 247129562173 64680273291 92025067286 225184553979 185533387818 251495809777 55244401297 178950384307 220750244536 13252106236 85481260093 240688674202 92314650643 82096743036 27085643595 269514918406 120612194871 262694097193 32542445464 118326369671 168251522892 141116989658 27425432619 100460906183 129864129781 272880600452 73180318853]
[81901580468 216201538987 71995394770 127352225453 142729312710 111128554197 127115985575 263845212919 135882764858 118361876930 226645274740 52144935798 65946826513 147878977982 67136338634 179508824336 140786811065 162987471165 90155070345 63682374741 160032694039 179657834530 60756246558 200367621864 204285612281 259880843124 91632496440 63031385518 126447754239 227471520041 66375442953 213749305897 106191288323 43348706753 189476266854 21483436852 131303233898 108583965485 245279848904]
[219736083140 137687211507 43270467833 179499974904 188234971651 136168012026 152793640095 196412855675 25927502246 15075057441 32222185080 96400314243 19913358105 157941182017 1630018621 259656626058 189204530090 59982642331 52344922450 126280460604 273460352977 231991172893 33658060550 15629019739 175240264080 6448276001 124057293849 194056420133 233925577350 65466610077 4426483009 47236446427 14355859210 267145945436 261772871478 141938453159 124427124668 45643343647 159209331861]
[100425922349 270848211370 233144386900 168056171342 160399447772 178570715030 14561847379 103796012880 217508424793 55618138340 268305957587 152786026475 141995815275 117865090034 46051313164 229042093547 87104055321 205711379139 22886977063 145511551406 16991382916 214142106076 215484879187 81659202064 238698675690 91261455210 38636776346 23162793722 52015089052 102923849836 265979526918 139367130300 49712507979 199656724735 10211398203 30175577479 55559892255 28080298584 22246186057]
[116025956881 99248933971 124044633823 36440962234 40054207156 215081827578 156484040121 50144802074 16662158557 63334296575 165167403091 93629877282 228534546978 225391616240 250887479282 22152891537 9092399484 271600942147 148990098945 16262405808 8744538872 197357573141 112838406887 21685902090 193495829118 182622548074 157429604203 197601345842 52702823769 184109972150 202923661068 120481143338 74719011471 269931806176 225048066481 11950644918 200079120991 60462886693 200662932302]
[168857685032 113812951422 133012490455 245157719244 166343098851 238392244043 62238787552 112477362150 152693656187 233319681358 236582544422 264175997626 150096320051 44803082761 189825444003 257198348539 100339624160 261159970794 92119179497 15866807129 159846912366 129642279195 212213417305 226670123728 94511480163 142980226970 55032057908 23555373456 180935241813 141690194054 113597067200 245573912811 28544610240 263603706347 29540172667 53747997694 149847215012 173589493841 23219835111]
[127626971852 231984149913 251348685783 163352239156 214079303278 105982938601 103493837260 196316884164 184874451003 32749018957 174708521008 119890959658 3976426804 228431451462 139916828936 14550858976 164632455791 137152539031 167168156010 189078978390 182504164845 62810745275 125102430955 207568563324 150292442166 199344369028 161393536827 128010858229 86905884349 13010604075 128614477871 260462951972 82599177182 270735754898 167416641921 55790512848 50524714591 12825186677 184635416452]
[241735458614 236835050386 58560927360 104932725444 81838305435 3985413300 175190461453 20098543690 260139444554 198583606411 26568663267 36241499537 14271720017 183509101028 38064665100 53850396382 78072672019 58691454282 192471381992 254791796822 189776379375 125377606067 75258773915 247572389028 211135822853 162627381239 163949016248 130978871603 57035762552 166407490484 63024006326 261112044129 249520644182 32618029033 203368765022 268885291775 62225759775 122699379124 148900902462]
[181330832538 185242534652 173366838361 167350070482 27721371528 204059259056 56703916179 8897345125 232493238118 29776160469 223325269604 82227082641 133820734671 238928564063 103601651433 274328594434 36786244681 199268935098 62128015003 95213164365 81313976760 249724793467 272300458060 61263481643 122963733266 204713522678 266360638044 58260790821 251995637430 34081079961 111908635157 219389567025 123493021644 146804525293 52041728709 137615245738 6032109741 26098476630 254998743730]
[120663816872 7100160564 198446676084 132889305495 208845365121 230278574106 173670025887 148346971658 193241601943 221563777882 65323310097 80140289411 270797702184 82018602939 48911097654 20682261832 188784869418 45990067330 97675747850 13189203444 266035611011 12184212994 135744377799 267409489019 127291176466 113199821057 101411262756 137935360170 146738019274 273948782850 57576774954 205312258052 103475932150 251920169746 177130634382 201940593894 4474006128 152742355614 191472231428]
[86518695596 268262242004 57774588338 109329097768 52459989755 149325101050 268455501287 126906681543 127030100695 107772216825 272292127282 67958405829 9291400272 260889502902 138480075416 210060762272 200323689623 222774762019 208908000071 79772766887 31764657280 27258663318 31367234300 200422579136 152644431514 235871910691 27269085793 27220568093 115881777513 164571543892 75505136200 239845015096 32147935814 256356563050 198209607836 65851860356 25411498278 223742795614 78043991941]
]