[[593466644146 1223065505706 2193775341278 1797661489737 1935126834864 548937987587 1491815892726 1044370137203 2128566766126 1775875339130 1315966446591 1906729137019 380597347012 1695085838859 1163458934178 2067943978549 625287247914 284642646430 92467414169 246510249968 1444805350116 780908950724 1799593203237 1967361954608 698855902668 321250703226 1849940481134 501832296604 1801682962762 239680725121 231353796173 234031937863 449203656220 594494719356 895501841247 1464160271571 1323651634322 2167082067285 971983850916 468256146776 1983747875930 1198053078515 117586785098]
[490866004545 1574153425058 436626268647 1510218616404 2010172027027 1843001752839 1455270662479 1340819657218 1869103152858 525192000537 1089625176656 2051541801783 2138111600182 390051778287 1124837657428 647552954043 1822248192286 763810840873 37767406072 368681483356 780266220620 580189106683 368167477178 768179420079 200143809964 1528137751434 137070750843 423545171425 927838513964 1278194239728 1244132050815 1706844967612 771325055949 149122119007 2184853873391 1885143094513 1281115890910 1477681683859 1337432422995 2065745881723 1532122233383 776108886044 585667285840]
[277797603526 801886555655 1665236284234 1091386272409 1775809819880 1642964307086 1928580728721 1488386482141 368316976948 2151330851589 435291620607 1859277732903 159801873394 2085535975704 62207477992 1539893938123 890263838374 41266031351 167692780242 395975467067 1762369230767 2057221113494 1211784763236 1701365652116 92399390988 2080815198590 1961958402507 325865170950 1890879975777 232390680095 223223343488 380858498703 55486588519 854301980640 805941527441 1068173215310 510678296243 718265271386 785360169090 2083530956389 169952450872 943912047362 1974562789603]
[233473775528 1679771462246 1564888079068 1441267856661 1617345580932 1988754527635 244643892651 936885685124 1560660503150 697919365921 1997144321329 191925976394 1598366529991 52901079942 2154570997819 401338311894 1804146376143 1051827818293 641109161690 1546267500866 2188030285874 358843943829 1485306191243 244937704644 2143760869594 459590549635 1501745771704 375318476551 904687247795 1336926020814 1054228738434 1466667669873 844727017393 1051296754042 756345115374 1839495047968 1916041745174 1588547197749 1851903680390 1494512464481 1550713450025 1473309193946 1537886849826]
[2057074109361 1276081017907 877273248929 1885008025425 1762586858337 346173605311 1710076575993 611579217920 911754513631 1968672904089 2170579581374 895706852893 661398449176 459503015423 981261929094 497159982345 701106888600 963448991674 1996168766249 1626998740544 1803912121183 1019993519137 2182427257785 534875395954 654735202395 1916036249694 1017591522441 1717931396909 2190720395829 750055928647 1323835887174 50205368116 950014712570 163983568761 1349267073862 1809080774358 47170205577 447106243998 1232217302177 1519076449525 419398563158 795889943893 1872569869456]
[150858112295 1936229071326 2158152883851 1414662826129 143641349296 601666596293 469544990465 172396294301 783619957423 2124559503426 1903557168267 1857958683697 463451568097 1804086268028 1064166470812 1716415496240 812123287380 2073605685448 869532440551 1888289856106 2151209040879 616988736750 534807787236 110867519679 2066042477728 1023511638550 1414415536587 997798323680 1637088439422 1125536149417 20098498746 1510152350187 280585829120 203317647358 2022139696468 352837987948 1150054113219 1858933807863 1974991408310 1016433097207 188547571669 1941766804451 1027823418743]
[669272211225 1513328965375 2025969010528 993975100876 1314527520135 215754561133 1189124131514 2015189747126 563823808413 975751217148 1469651228157 534311958186 869798564789 1082844167511 1287891259911 650411729908 478151152218 1471417786543 1558658459659 1794784864598 657907868184 183189917783 777292216151 437542820554 399621689712 1805887705483 2087593192764 445839491361 76365171776 243225925046 335094808464 1119323266162 1271767710406 172013058892 862708362897 2048765515058 1149628550621 1623639664657 1421980217503 340892562328 1902807289340 1375402196640 827990047132]
[1819194717221 765861647777 1548085076458 809852234867 1686990568570 1211710099661 672580263339 1794465624975 220211687355 1512186893649 764072859206 1764272324615 146445996733 772847552804 889272118747 2067776687859 514950734948 1560233167189 917091647125 970531244307 1976500970542 90852956180 51228203055 2182336796864 1744111245142 2110594277277 2098872791678 674834486559 226822611818 635184845979 193981150124 1254095521893 478933075749 1802371921766 903086662477 1203703445323 20762685818 208800804115 107004064959 2085915247117 1566527846829 852155855661 1576808328128]
[301235409185 389587599891 1960270166051 1672502429823 1380415402811 590091117945 792064690613 1501519967920 2183036242434 157628859592 236280603135 410102808361 520526757320 884970142634 621374673279 1400604422392 1191540353074 1030026089303 591721712879 2051767215947 1500027478196 1702974901530 1812712794329 1915117746753 2052812612642 2080406745119 324526845097 1773436220022 420137357951 481259762017 870535214264 80244630559 524524257591 1372534318164 2038989947244 376340438605 144802585404 1173990314790 1555231984003 2113641604164 1414035990522 1747639377171 1744381431754]
[1996079207450 2104100708727 1381110113916 1736382483380 195363363015 977426240458 1841613006771 1861834368253 2062799948486 457650879228 1961990278914 1104381334931 1749555433745 1173313134432 1233162653276 994435956566 1849386375870 1463946652363 45068992988 1602973930876 850494492211 1328092126435 289426375354 1469963383792 775771239021 290740382360 1347427352625 1997559969016 451617677873 918139324296 1836776113793 713767401033 697781960929 1770354489755 1438204528433 250779355558 1906887434335 237989195370 270758622403 425299836475 420786662241 41661234833 510379750859]
[1069804943539 209175799363 1808520229882 1118661467446 1315648117960 1383865710385 148036466062 329943345077 1818293589905 1241157365157 1802964467065 1256611189834 1180225711508 1014998444877 1405827035148 710341346419 501002222668 1495876297996 628628693182 1148911779570 1571522016478 612584907900 527176386106 1726318148941 2090615795648 1442441513044 1114138027010 1834121460475 934006548906 1192629917740 1661581852477 365741357940 720285271224 338189080055 207225669954 489971887717 512577268928 454691750028 524529863563 335045101902 1872304429570 1056515951957 411596182991]
[1012023047192 2082627186046 709781320567 651138780423 793222588589 1368715933245 2130444059235 263570043872 1870909321818 2087240174966 1513731802945 406839931013 2042947593440 1291937532033 1786818053504 961160441456 371547127449 516719833923 1406036775656 1369314565519 1478162305644 1216162141413 1255416050576 2057574108638 1909219509008 691708391418 1143315106620 681435249114 939564084592 200837764760 1389400817279 637826317919 779685781326 999914206411 1854689181723 1890221269703 1293860350230 1176415776043 941849530282 1544379895030 912639341087 1551037066755 1244279138036]
[287341322524 10198080576 1121993571362 2125619445998 100755957823 1693017137677 1260088680476 174911131451 1769238842067 844424607403 654367208304 1587504956342 991527763960 2039926366995 461173781979 301736859149 651060275332 235685703321 884276170246 685439203130 151622545488 245603696666 1273859892255 2128397202446 1127328280927 1403103558384 1966433685492 251243932825 1883103827991 1797299863937 683610580817 185553072206 1423616888659 1195247584808 1541365430658 254241022371 983010089144 337195946822 925679020710 831903576572 2042001787658 1270559002766 485891457137]
[1442141533845 267589803850 963154859330 333192896195 2111508979440 1401828045783 1535322374018 887459824962 753185712263 321722889357 597167673564 1746031829730 1170155877641 611115712812 1296939626164 1943104701856 1808623179371 54485502183 1247158778160 810770956071 436249033600 307469964364 1560533763351 1202288700261 1817883227639 658427211790 1142484912836 1806685997860 909632399695 603454204262 610316183794 2083991622783 575683163635 590707085132 399100765511 1962044552901 485881450971 1399115020518 1026258251483 690068566806 632646776607 1532272798133 336099960161]
[423679777850 1315053894989 1042123185004 990830031376 981815864816 1007924506868 1171122839647 2069384448686 1767719817255 1205815286337 1744184593190 1024250144960 834519853089 1848173993190 651678259544 59892309954 1321634169802 1516421767149 428863291231 1449395771532 1147185079478 1055292996470 1550468668894 1767190027409 1264511871962 1179577427917 1799010432461 1965019916709 2028204819938 984756537239 1948841096867 1845348941821 386839076371 440096751517 448405438969 1157755682022 732179568524 41448078731 1060248666289 846207219560 430352682867 533351896084 1000656115367]
[757831358733 402484419162 2121232006331 1966780749805 369652344346 21018074709 1370633860094 1701638677315 591087466666 74544236096 818994563681 1822992500511 1334152656684 1619389198589 2063401050258 862025913870 2030990363172 1747385970750 699888032559 789784119390 610721969819 982534096204 1017645212681 273466227919 1989252281597 1778104383972 20584864995 190314043594 2025231758879 1233266276564 824459016261 1385603265935 896033305256 377939714621 1649736816853 1254021563179 369314685750 377549223468 917928417533 1564477585929 1754710688910 1521874155132 2148099121387]
[936244481366 2103747643224 947511714666 837306482473 312316675813 2138482553923 639128885724 1686480316888 1008432058374 1990537266803 225907697988 1930789755190 1331061697663 52676579380 1896131192081 1765693605961 1176312946348 1772714241681 2000994590597 1562571510900 2068324172786 941448812249 606649017199 1802462988535 794890627040 1217962816607 1949946201660 2159887435069 1514969449227 390898359899 57019280398 1318951969179 1055321620201 1826460414932 442144772984 895969066906 2045243203264 1399379614028 1597678774571 1844013769902 753801513587 1680136108038 1859601116969]
[91424776305 606835433833 2135481621416 571940708758 1047833171091 1296205094964 1976533437274 728444290593 755849197203 920972588954 2098655843136 380067541366 849174928140 295856950746 1208307521063 568622900424 1133623051822 247045110906 2042415237970 1375624743901 137796505024 1251141500066 1935960095634 1347270731424 936469898284 1742165489366 637797496004 2132607609806 419056951199 1875862664884 447775216872 1804299321034 1284162744325 2084869443133 1569629472956 1703216626829 1863100108650 585146019995 1556133800375 1416800494775 2188394041039 1754826114957 945272062469]
[1442945759368 1087784461350 660698601805 611046817671 512535485996 1335474744421 1449010181615 919598852837 956419167902 28874435280 987426207635 1229515438717 148395288317 1515540629296 394306921742 60324760304 2050508107322 540883489358 1771800101100 465473161825 1062770757537 564757847544 1830049247320 1860102154164 44827976431 672584339005 721961578706 1044812365960 1606325904926 406524918522 2024787366311 522458676427 1196097120263 1608299893608 2048078501514 918661524362 1376631080293 112523728096 1272253472515 384524478768 641163225393 1576679862117 1888056632061]
[844602621402 102448717603 331471702287 931034994355 2097026756330 796754740706 564854471704 1773476479337 200896727220 806922917254 584126924978 1266719861351 1301797869729 407322385674 715463895596 1650029346317 1598374593081 1903049792889 2196841498700 1293089310320 426505309949 485767306921 1649538581360 102293339764 428030980018 875573159014 1361962164766 1186089345833 384865091968 166031146495 1334922846770 304731578936 2027714801639 1536174262690 1842542439721 392746152961 772918884875 1033029303937 1055032277462 211644368016 2154790115247 710970402540 1490105642245]
[1694888229473 2097103714751 1056295039285 1072079073088 355483908993 162750041220 1491852130200 2112252606466 2077471757907 1869942644802 1347880688141 1741375465279 36523783430 658825130411 749342032246 1853664385562 106853126747 1333507043188 717256824120 539037571764 963928645974 634455534776 1278442806496 475147266815 1117533439745 1914366861759 99858767082 637599872390 1657570039636 1538230947374 2026614356277 718095923027 379648534709 1405649039266 1681415122114 1395102006883 208089450534 1631080381290 2139240690865 768240819427 1099170087657 1226958708126 1158271706342]
[1268643864955 1462119965542 767218149910 1946949587630 668568929710 841724633920 27926201897 1484934389646 1365539171819 1717391148015 1315695775585 1584635108933 2121902768808 953336516406 884253817084 817170142163 1271036870644 678217395214 235146610689 1681131914168 1860282066788 489051029100 2001788827659 1513355543452 1714265772414 67832426658 158497681570 1708711961575 1995552625410 264846051016 376712599336 452155923396 193386406011 830895578154 1436068018594 1446571398318 1302591967898 211332776953 1118080228549 1438982153843 1375062732466 1609489567094 858490485039]
[1779377013593 1908347416148 40879898835 2090713104949 1815919206399 1390012654269 1076325150410 1633855383036 924729692585 1907387928955 1656521879855 1832652813472 1625698456184 1101491189188 1599107551736 1909791796090 886836953923 1317307532520 2101580292646 1865562845482 349944346282 1961247535184 1385752212157 1383826859033 706577165909 2063351202514 204797506383 1051316492845 942496531405 265250733954 778598212220 1270939017383 17439458461 1416981115868 411439696295 125675804642 1236667916195 361663667879 1561134564378 1290611776944 2010230883014 1158786726830 1562412127089]
[267766328898 1513251659354 348744111605 1346663194916 843093112507 1840222552106 631347002130 1427067621805 1497793230540 1340952968374 1405045046445 1936811321199 150059307204 741667008972 1795081695978 465124632137 1080950545003 1707489042969 1249705813621 636955458279 2089816272405 416076063064 2042871406581 352407248801 566120743298 1838521099767 1261978990316 606493816659 1710503425027 320118865118 204533788531 537292655616 611353658636 311320155698 215967859325 632750957015 858943951863 335203286186 1655584901737 427460751807 121295650031 203607330505 1617719138277]
[2182749775025 998830919455 1968491753819 539157149684 838580267390 2090785558469 1837429875043 533161558503 1010426254 1985075977627 536146785557 374416385165 214146931166 219940407636 2196224279921 1574691921975 1065452846664 1013973023046 2036510866136 667974858347 325640004969 1106280071545 2065084552174 2189830710721 1900341104926 1462550228031 1331979440845 1668427418459 1396900225003 834520451528 73771531214 1498256836651 613252641515 1420287035648 1695246295807 1766431286869 1421575581420 712035161825 17939162885 1804743684934 758320131565 1101799718018 1632767312789]
[2143781078619 993549823654 1684894583569 1110729442046 1680750545425 910447854857 1342393384288 867003601968 1846700756276 486659378935 75435263556 779532555969 564261512087 1443947497269 1293431607317 1910089321296 1664033273926 2006891288689 1715289595720 1293296958149 1500184878018 1113199894740 1837486536070 1311587350893 443297550070 1915713020827 1205101362047 305476592290 1704243012349 1551006556495 1228470681927 348602087650 1128270901031 1697749273263 1819188522850 2116516620732 627752427516 809319032069 1222434379553 1868259114193 1254498408988 912099207292 1252116685140]
[277038106627 1734403277280 956826286118 663804149061 397764305888 256715267954 1255188874364 851178660684 1921257135485 610741626515 1723901225732 653528506873 271678899594 1962575789458 1660497803898 1632804751421 616822114971 1380476839554 144348117530 1381653095433 752347191451 896453724482 1138693528098 890927762910 1427315985315 46464211875 803951876892 458411910678 1604172658223 2121536189989 968007938141 277510680670 817145630597 72926030713 618632078517 879331722170 2134755486378 1332781852569 1699745677433 582488536374 87465084265 998487965048 1743177851245]
[1424027242129 1651351985465 909775926867 1774771243030 577692542067 1373511254381 1607668931626 683866014198 1754749684571 987190208820 1619748540051 1924962483146 510959787930 1555789197533 884409588257 456662950390 3154779934 81558287231 1029261418668 57472397389 47469485050 1935738671861 517466456360 772915852391 1211230780546 42642398339 1565430815249 1716885432391 456044011262 1992531068297 1146326690919 1015274337827 417946442410 325506970074 367539883797 1642391254680 1474005128774 612465715426 593623552632 122974382434 552605799678 1691790852347 145905369663]
[24890773114 270213863263 1276522867506 1904584913910 2167324912868 112903744733 2590891594 2113379676530 1110502469214 423880457601 1563235841381 1846063593854 1877644641930 1228587520609 586250183322 1491313854561 40077170719 743962848423 139406382845 1254619540520 1367081426418 1820993861349 1236627020740 818313741060 2067703131541 1598725332492 2056572272148 1418421148823 1203987757978 1815298880170 1227022310053 1919681070701 1691135898785 1918218723827 1526963953901 31216857172 1045090062882 1615844263452 34058574818 974966592298 945085256215 203718393500 1614928811465]
[950044785326 1179412561398 2163623219766 2138267745525 2087889609530 1393823777467 990447419358 304289002478 1847409209019 1076064410517 250198785306 245620458903 353504875381 562751338193 1721731080312 345110796965 468257562667 417955430598 629478385121 2065626535718 1784417293373 1654233927261 274037591991 673501500148 899283380177 317335969202 1546823936928 975516756405 496594670079 425207263546 1292080117221 240180346713 1627575557965 1390030542468 655975340348 661922717018 922632844113 1165558555904 1239753198869 1527431212813 2107343467648 9598360152 1110805767749]
[1211090675742 1752503907314 1550070819571 348721967761 224554113492 58722102274 381510924972 419645389209 633798056992 1521417694841 2109009256015 22770121418 590792807868 1779451524691 889677184368 2056958903315 2122766558631 887171799275 158193897789 1037510860916 255367863697 1140989339615 111807442575 491513755491 1717838789490 1539676068571 1687897761448 2144688911150 827918034559 599905189899 165736003597 1054486359328 129058797606 762278147963 905006078128 199953956685 1106493790288 1395677411193 447170472123 207150133107 1599064162912 1699243508980 807998617461]
[1417249205788 1593088939317 1865288208333 1316662043864 2043687163558 369149961833 167540439696 1271596925321 1185029888191 2041036144629 61757744137 1092155261673 1521050825235 970673611731 854701760773 1914160970139 1546266505378 1768200089134 7913840698 377936830481 591425750602 1789835678721 934088926301 1914168749811 1663812228261 887015113104 1672301288869 1349842441364 406248288968 1807016062175 2179013833463 1822793660796 1771729916757 449635758870 1194253949775 1257880240735 1002062653292 325615804939 1155575478317 947490300881 239137791117 87886290031 919781566813]
[2184162479734 2116467424598 906840164459 1455558103262 1491515707721 1175250484729 119752542089 515202794855 1327798715216 1123328699801 1717188166863 1095980570266 603902190427 1797420288239 1752205460977 1882475545974 600122088797 998110119659 1248906815521 109384846923 708230412506 1458049702834 182680265486 2155193250850 269280534733 37618851895 1727033966056 1503231184305 1637102857491 264643795479 1805825558597 1855439861608 956342720435 1745344684470 1139597194778 2160791671600 1660019240901 1507934221849 1439218786248 220502398463 377974571435 1598446222050 2184186797285]
[1261735770326 1127305822427 490488934997 1227609455863 1178745965339 2087811070528 1609426405283 718382169781 1162685713204 551920083438 2111507853009 862111820367 1298038341206 784787727828 858305531764 1385579957563 1626846694894 640280755198 491957406839 370096046330 1612276517739 2039225178902 1527884899943 889274945357 885475157053 82829055040 998699410467 1014712905324 42036771473 1756319145532 2194872727092 1218194891115 493135537020 346976814747 449110685902 1131416649268 2096996119856 1349470178512 922795576172 1908081075902 1724545685266 910128594452 521071790101]
[1345069285884 1997190774704 608398769639 700618105526 937440629838 574460644418 1375348144738 716826512321 629056454999 1672179728267 535429758277 2197458992900 57718084171 1180380448992 916183355825 769731109044 2022693763547 1747031736520 1900901293904 2104433623184 1895287828414 325880444906 1390305747673 579777178837 195707034948 607479290196 1443108066220 1010908093011 421546475132 656474245021 2111132426491 2047440287369 1257662178552 1131599365786 1297658278167 836291713943 2057472893264 873607043599 513922381944 1556497829939 1785277919659 1095814074043 701253402379]
[1455225670134 1311214648008 755663776017 779846130239 1743010129409 330632568496 959037407501 369271909557 932078941716 1950077869353 363035033509 787556869573 1240237359368 279334718676 1955475248955 1746270293704 702471119792 1305785404210 213783321631 1680559584173 1782189595230 2180174456837 1875089053552 1167340910915 333837546852 1241204568087 1027303633632 261252735205 1913464966786 51831667039 419020352112 827553501333 140095542003 1272416579062 2075512182454 457626178910 115624636585 1483057358416 1442039308534 1179104404849 1847318461304 449481754655 572664201984]
[749579643243 2168007207430 1917865321951 1780874588569 61492881942 710322307207 1555160200075 21562310619 688124017712 1591829276107 1537368665567 178300964238 769590898992 506670990747 1969252091210 1874778656620 382814133119 2144879960516 723089285177 766509186521 1613791959905 1786979891823 1613771688016 1609368153127 899112909427 708076722027 2044418707991 1887511214590 545223820761 1816342285147 506289856686 1295832055313 1786524228013 1782498218049 1859195147439 53154111916 400469026122 985692199004 973411704974 1713050887560 1050050755944 360243011314 1880290584058]
[381989160050 1132232127306 159252640951 660324184804 2037027674726 646829206277 666821737698 844553800822 1259256375160 1895630599355 507575772317 61016055264 333283839631 356412671424 986903869064 812950612022 513215522766 1885289362934 1275129910373 2083947201171 1210191726146 120438871564 608299137832 455634519035 1168558751932 763024829074 1428008819608 440932179844 1417854413322 750930677531 1599523521313 1404335340488 1742973810914 1427260988821 318480641093 1292446845113 640508767218 2028405246449 2046759754972 1849769132028 509199469180 797141746692 1276270729092]
[2097962394937 367153082076 166560475231 907291733031 2059947502913 603636197008 408402183036 1231415900817 2139887189841 2193405011596 174268002043 1170107847265 199129770441 309882337080 1304810557069 1197227782520 1721963618642 570547561597 1017299211880 807285612351 87637102489 1319395813688 1908321986102 657704246488 462967480319 2446897497 412659635476 683235178293 1986532778825 2166047632874 1091150055206 858094424684 1513450922506 740270616520 488164056191 47926152712 649967477856 768256811176 1523566544942 916072800421 1144098401242 416166042410 1644992430717]
[1857587111241 1254528781665 1808773855748 589144882134 1566509007770 1908868755525 2016168242883 318331713540 850684072842 625755973301 2005111739338 1001291879879 2082615525995 180037911279 535040977627 1014408243025 760913528650 2075976594501 1411122979577 476121454285 246534025 1719804989230 1244756534343 598281478657 2179388102630 474859909504 1553291175925 660964671907 978340240993 1681923834313 1839005730509 1368739669088 1470268628503 2023303369569 883383643634 962061942983 511351654133 142380071160 785717957112 978397428008 1917645238483 545416699770 1445411676124]
[229920141479 166255088639 1235984242605 1022341259537 601433971702 2195137128770 102196671159 1322293375137 1765012699849 174793236318 979762615132 80417930132 24379875389 1030868001626 480151977446 102130011466 145196069409 1431111522729 511413252141 1495918409493 818678371020 108944547560 1906362786843 1540451181589 1451608576222 590424129233 379628706528 940176862311 1549981890514 139231626224 1413319957879 1970745136355 1916832042575 1683459894733 763601595554 1359732991796 1245465047875 908528359834 369011250803 1839254999212 638123201109 1395153818231 1596678734632]
[359696533517 1666243195927 2177937378848 1401173171220 1366735857086 130939954058 2194855239837 679501969086 425228061169 854359090696 567431818085 708563080590 478820041208 81273427428 627788775363 1137153185954 2166484286071 1660277139263 1280924329904 1658980701299 1425790301421 636522992540 207216401070 144560340150 1383935189729 1379574946335 984502549497 1128646725194 1008966780811 608582973893 316903174116 1203126068591 246255526972 181292367121 1881886968004 1619520952013 114642065719 912965299140 682440643992 1421066459986 1133284192995 58588208768 862710866795]
[948268801626 707155523537 1460921955894 1810274621673 1915343905565 120422991808 1159152850645 431542623933 899129498775 730557170017 1512864766623 734768364073 1770033852544 659516374039 295696357340 1922804408032 1164547381928 604894640968 500867236668 965596040836 295820071861 1565572752657 2010855873274 2153686864101 899270390631 383241803431 1749826772251 389093640434 996084065849 1118068775455 50420345743 1420926389878 1580913208627 1550095777270 1909030822956 1202406819580 1913952598010 2030765959540 484874356442 1717088079868 334944894168 61566924209 241702301664]
]