[[1191115176443 816776476603 1461650233718 566308279386 368633104122 44123944733 1699999863358 1592245943588 761340727818 484499711693 429694781824 1028732521714 1253011109678 134766006163 687122154065 1775271499070 690949325629 536974002997 1740196133332 1532323011867 431289112682 2059724923510 486601032839 1553466737603 183520201105 2128114515901 1919407950788 1599621079958 1650053660544 1533055178017 1209013729685 2173398264350 1432009533672 1952487295343 1775114058516 428953832747 832653867525 1038215613990 786503178987 2061975821099 2119964871961 1862328684381 1868994589322]
[210308075850 1491294008739 337792481583 131778589405 547171771501 581994914423 1168135336667 218314388068 75504932580 257732501499 1604016552196 1322627253605 555687541534 591139172893 1323796785659 1435951846427 1388938168457 967761914150 538868062233 1849511016801 1233562443111 1402822420168 1019220870962 362276202870 135491503153 90995185373 1213154520439 1660198007882 1765897129161 364585462968 2069892519233 2063074686750 972684111854 1183515295329 1859485280907 785205656408 972842995910 639908742988 1479363000475 887729606284 1721845587842 423190875215 2006817407038]
[1013713468897 1349295504568 1151350051945 618603931023 1019903404667 1176565788992 1994494139974 1062776344075 2062947791942 1304710205510 2058309243241 765748591411 2060034183892 2011109232485 377214234615 573970468354 623688090699 1146070643268 220711771357 918653002307 230924332366 1667769741187 1160640341533 1767745034551 434168428722 12547526255 1996249232382 184339567884 381041855074 1669736988854 1745985363542 512859673807 1399153949244 1554385411710 701795380563 702656064040 1743146555820 1083305413640 1643188809405 684989132633 1887438498990 1171460878688 206084604139]
[298095353553 1105438611329 1088664478915 491880780142 778856435375 887665525756 1133371781135 849923520816 457780867471 437657703070 1823803794750 164337110066 750978578011 404278059028 1001324495712 715227403622 1026976356649 818982880024 1950110989065 1714108636368 934733710152 1353198545200 157574078916 1695542208684 956151343054 1479481766739 119355906510 54003042091 1576855620659 778432037584 1853585036990 1364332574508 1142128214140 421366039504 1652990402944 1579157802954 700287739056 1754753063577 731456726093 1189984644298 735687477676 1459700469508 2088697437620]
[1528753072357 1402759316942 1569232997894 2178608136886 645849285037 1150858304245 1820545665542 2025824374953 1986068859316 1629128025826 1217903162793 1047545080034 1959657652290 1726462621486 579551588167 2158196049839 928390179636 1512981710240 866186704383 557506062596 935483730229 1647201568834 610285667072 1476986226632 309710360371 857891755409 666546454390 501796680342 1964269959454 886779396258 241611410691 629670568880 1982361122209 198903023824 223086228842 1153236061435 908972081917 1238701304334 2018470416921 1408940603185 1237217545481 1214745224104 1390628535080]
[550241384593 1295160216257 2032789749317 300388812024 759779288680 2151276259097 37281193209 702309107294 1036540824027 2051850335565 240893350692 1128007952673 1920081916529 1835602976562 2198297672712 46196581560 1184508999770 1750674141404 1659588180148 368756815061 359768235268 1782812206770 42040478026 1609056572595 694457041665 1291510844886 2088760680002 1681015424733 2178462689289 1485863985101 1184289835449 1700648835846 637423374164 492191316482 1863288598562 20306949698 220132863015 1373568448397 380385942163 1306518153907 1874974737259 1153322676863 1305799467005]
[920307760977 1577737156752 1651884216720 1508854561311 506052937649 2033643720517 753612978468 1952572642536 477538257599 240314687373 902559755832 930236566745 1407056301159 561782278529 956999209817 1772629675949 1128916371927 370026290579 1516621156126 1823646622690 394692269774 1250873792359 1059433288455 1073155598014 477531002760 636945438377 1506729340740 2159567830020 1329312827821 391390714147 1215104401363 1739022302754 1755177078815 793160837732 1971423588593 1269785617611 498239665779 981795080409 85285416761 307099148524 2131306892429 273805548295 718643204388]
[1663549768329 1657551990798 250985621832 2102648844265 248558591526 1178760351224 870964142814 545076018958 2021516464678 792503409129 675716377054 1658897741734 836820334650 1385173955836 541299307616 278712010517 471069699990 911345709817 1375201559315 1279342296620 235439334674 1197064294680 56790601584 993153989999 247970000650 369155551669 1691780017084 836555192816 288678443294 698851005403 191878522632 1070996846655 1136320763763 1994682894411 1102008498346 2166936139440 1248873393090 1208669805306 1780437128741 788857784800 158701822472 171041361293 2152008264516]
[701890441721 791061192417 376437740014 1573340401883 485898274876 464894648485 770553610366 120032921977 1456904535147 1504611900150 1917004486249 1220580777915 597008961194 295145815618 1897655687366 1400181256829 911335674991 319556102377 1605642513503 2005592466770 768602497692 273311752148 1402890037021 601215162057 277624640707 1959529412847 545466505016 981611297505 50442744866 369748440103 2165714913543 518339117288 942335940438 1880837113525 289353366717 2147305720428 1195680713954 83283124410 1663211107864 1467238416403 701938437743 2088732232257 84330828542]
[1755586544737 2063501807482 331961496711 804449649650 39997150433 277870803271 1056223699769 1720887421290 116771080934 405615205097 1611037510390 1477609180123 1764017774404 1954485910343 676421960806 888941676124 1428924862837 1755093615101 2154486321594 1506813397114 1132164038822 1451818110463 1484189006875 845223167412 536418439538 752478582445 1943157923608 1591636886883 1223117418400 615298080368 1835743083207 388995305010 1542123582335 1594168669398 588840012488 755288605895 1643018154053 1885941588252 364286237764 661541900579 322261923425 1858246401599 1104115431398]
[1852653591774 798150937207 1295521355141 1489893592946 372458956528 275101837164 1750430257358 1862286411849 1370973871128 1455228888881 1386299595011 2027344388249 266022454937 869880414971 192009968388 2167487686009 74003666791 723697086727 1315767262497 843395288455 810543018510 1748966601305 1615369119149 1735711311159 761723874624 985420599652 415958598432 92517913784 920153195931 249293728985 884052562356 1956934615410 989928902498 2084188374889 311146354021 58298337639 1645802554364 1153024927528 1747091810254 1176143875442 1064767774774 877717236359 126198431420]
[1136576791546 600051426840 1816818555789 984071783102 1650584375356 1337460949833 812298332430 1793196296953 161493756606 550902034144 1027653520469 248076857497 1278752946860 713966045983 626847574170 1097447604680 1280789822783 733290951399 960111693208 574280912165 1667014058522 1210513131932 1548637751086 729395865025 1785669604435 1098559109061 765237053730 1535988719442 806342482975 1296816369368 2130259549773 92436630186 1716573123984 663007469063 1169178946673 143215965931 142417594043 2063054185719 612333095039 1190716445373 2071603455631 1117088689684 378224598552]
[1693342090662 202251708372 192293027253 253531219151 1645537256746 854909502776 1351819118963 1048097717956 1849576708474 86454129259 1649975683888 1792803727697 677939498510 1848930532005 1098477035392 1550355191965 1763075469390 1008039336649 504673407524 153385724241 2081238329505 1908574797593 280911481410 1596804111226 2139004685202 1191764261605 1574816275231 190013814045 124329570531 239035157931 971994839931 1544347548988 2056120652329 1733457223447 2094256247974 1193311956056 1101550768315 1111060794968 1259451849270 181985277592 1801829936635 1441523942054 503445051265]
[1197874718249 2009413803269 2066552634044 180382543432 1524806060634 1449404228787 772878613582 447368815182 671460747514 712216113774 1524344036571 391476571349 1787244272918 1571073082306 1815196766125 981084130011 2007714327237 1955803203800 1426287460107 91758019887 125989275937 1524957076016 111782813759 1242952787757 187604901146 1704577349333 1507758675892 2159813733516 1976104918005 1274753245628 1574455781968 1534179691084 1999795817469 1929946694726 2057835511132 2114413955577 556904458968 289815043144 1399397801537 303262870998 798486794028 391208708663 1801303501202]
[1291060585228 472169598046 873236790545 2107785713289 929787705651 207625088331 2061751519867 533282760824 1809450970939 2195805696074 1199642095187 1737904959701 1282187647542 1378167868602 1359860474824 393167667806 1571172451921 1321405047638 916938490766 516716171203 1333942896506 479968840552 1282923041501 802564139334 1620627675287 623091531047 855542700103 1362632052810 998641012785 249839758057 470984909203 2112449192799 1146582702613 2150981699953 1209547594645 903830209203 2104088378692 1592035274218 412372744511 72674085882 634665473700 1485876674364 237301924961]
[2170324411893 87880464549 173515717252 1420518217613 1326340608662 1397596096597 379636995791 1962532543200 1286251063160 940628859771 755342229874 2097473913661 771322765935 2122480073433 255505771008 622333494608 1673146692100 1837387408280 424988053793 905503911517 1130455150580 1608264393556 413806912413 880403416854 52494955558 2041625286249 769622641659 356136548965 1924565925737 1488000189338 1777260353136 1287355339254 925311858643 1874527632637 1170389052355 1843552951374 590549828161 1792404562928 636434274093 105756019472 743204165388 825939791836 1345040768247]
[2011332214090 689795005394 1526919020444 1590213173742 667753285733 1373202614497 1103024424937 160363725164 775999133884 481232544 1806475477477 1973911691337 1203549824282 1903012881949 1911386140466 2128141865513 2014137772422 1629568831945 1163800048367 787738776203 597312554117 1753218133770 280974258052 1946462703259 991388116682 905415895221 921532857618 1429006509300 1670213522453 265097605818 135853548113 1658855692392 2094426378137 1126876490908 2100592136258 841444263521 1488750848202 161672522343 516531146956 459898623140 791324412456 647509000868 594373088921]
[1605461186942 15667581092 1481533343186 1993639999748 841919453256 2120635908928 2169772676925 149927220114 1844907658110 1542724344298 222010294934 2040669821205 758634291054 1822956937683 1448162175212 216470187992 777189953030 2184834967334 1915540745416 687394887078 1799034071154 1826606915708 1477722201037 1506341977250 593383815248 2015221208911 223696478735 1544120584455 1413650843249 409027373499 12553647760 2015864909658 659238985655 2114787099401 1233207795014 304326170379 699154358840 1272764881449 1251365402320 1943409026042 738695608714 1261713332353 103970833417]
[1964410065322 1772198249136 34769050258 1355812640971 2076606205585 1261218889827 251588587355 912912944233 1539178339521 2074371484392 648410894688 344489917456 1375775909080 205989605266 2070924010203 367103337958 91541692404 1960573721475 356797540480 1466517878183 1373882393997 1708244728566 1343979345876 1304783174228 2041663868095 1031290955001 542013682772 756126238365 909952660448 156125949968 313755277204 1116524401979 909549836727 2006574376006 1162906070815 1494103341990 696524470318 981639994526 1652201033410 117359683233 1174926338545 1643327585638 782662196689]
[1983960645735 1282339582552 562945434271 538828550175 97901100277 557779498793 1868330065948 417149892732 59442091775 1445277855113 1124983010436 263148435067 1506923183779 2146706477867 607278880532 1023726311094 345228317920 1784220077384 764041938023 1899244937943 1935775663693 199043562403 1415676688279 1376547758517 1096611536218 2128950771698 1994961014306 1224702141577 1548901902935 1985493816317 258160332802 168356059821 977174058566 1699401721889 1038557109590 1006349007527 1469473063504 455550838127 855810165894 1249967881254 1308536327716 1666766861150 1492474597897]
[1019803664543 532438443017 1209175212500 1903987129543 461584574797 832253364706 689112733722 1074262729122 2152250054608 2184444865665 371462299428 79379797904 450029876718 797505927239 1139084242937 1021492367051 453915635377 982212695586 745893000592 2009856826052 1950187204986 1062568907863 1300586145555 1960518279703 1653324143852 1112153988412 1204080756867 1815334074972 851626893386 1509768998359 1114576525371 79773437895 1573405438780 1548873188921 635140158328 2037302625178 785843863682 935916412785 2152147291698 1884429943020 2063563649867 1583435922672 364853164097]
[1765357025944 476701166295 2049034661041 1624437192047 674288944356 1021986956594 434827940889 627267020829 1674084987534 1971644725942 1560313820858 1228661563003 773978854733 18817822509 559108020778 6923139764 1130260223273 1379080380897 1377724143119 1731779034454 1736104320499 2120960430289 102022458950 1173409827082 2158494507880 1659316650134 578327610125 1485506508228 682344413901 343011620120 792879998953 368322360512 482065254843 183974047835 1923372033270 677151081782 651932244150 573648777030 1441732451732 1853506850243 2102507324968 1635548226197 74786476485]
[1281939534761 1472959657368 389189667787 989056157277 1425053192587 1398218876581 1179511758979 43642564611 1650833750384 1831312655723 543628957689 1010960791016 554069960022 74106066710 80018885163 421101999446 1262319324578 1410093262947 898046076040 1573107307241 2040614533423 742817147923 787275729750 94387632916 1229457136029 2194118695163 1301214191923 2058783287148 1939458247439 850756438278 758775528550 1672074516090 1306273401818 394883609818 818795377552 1140554576749 1983423251187 67377188919 1329525915807 1406120302950 1502005579141 237741175910 524474197892]
[886249545193 1596143560854 731335509051 1628806188347 537587825233 1805392340603 1415005221331 1647241929335 1399717204147 1338806880357 1317403999177 1215798832429 1229160804925 2069013030922 1334458049835 1088371045584 204492516693 774611574130 1075250877681 1366405420539 558636561594 47396693910 1239817763381 188726133297 2018607944343 1296904431754 1514469968213 868225952872 859696626292 846503165429 1330337985263 955096428726 1987753239852 760807366260 948718536708 912631642333 668779501879 2025551056564 1769907951721 56190875170 865466817044 263785196315 1462092826862]
[1770944085526 1390315142525 1166519249548 420584864915 33714454268 698304454859 1781387608610 611041853619 305520298126 1897996290919 1013971392958 759262115888 1001467383627 1166857943864 335081778781 1668642884970 161979207517 2088258777920 14461118696 1007437347421 78788357121 1797365559414 1797249310706 1513280123486 1838620475552 792521862566 540777003949 1175544911268 1971485625660 404183582362 2122178344851 1324993637157 1822977401860 1097710121124 1403735864840 1145047511405 1100498209660 922350593693 207457844273 838754306319 1408140351812 1546003584010 129019006019]
[241606105768 653634907364 1772585429210 1445039626515 1404774315890 672694117095 1405646741447 1669488319803 1571273231339 394203049764 1474195038391 820622282614 366192052694 1570127694867 663838162971 2153796189968 574575202615 1823607441973 675894444981 1228200526392 759081196327 590386260337 199251286360 553112612013 1916109069902 1586191708172 168591455831 1372734103892 214466777326 735797759056 787735690371 272309461205 1049424131561 1062414384733 1998448948399 1700991445728 1321435344015 1164160687619 656347433059 274587330150 1116564711329 2086990396872 1143395254849]
[1224480667121 1468244298920 1422363437711 1819832278565 338766811745 219944254546 1054879280119 661517960338 440492415850 1556692884446 356205892444 775851575266 1739167519719 918520235327 489326367164 1541460507602 1059526643967 2039186558292 1354294448751 1975749094462 717216396996 1546323954274 786377965121 1269270073234 1657373548295 893334534840 1027056113502 1072235986838 528088482603 1520354794454 837176786931 788237781189 1528833407510 217299880329 920327275924 2010807264095 737718719790 968577349686 729174068231 175877084524 654660378070 61615235250 1468616676616]
[158127431483 2012855044215 164622130483 1452402526559 2038455496935 122042202593 1027015663676 722696892576 2091849564144 1674028989708 944028273137 25536437087 1757457668037 1971364418823 556665265755 1632205566796 429881152926 327333480788 1441638317930 897030249536 1946935732246 870678677513 72636480000 2089002624060 2168350594692 1136331922868 1900680336163 560069145646 2045396793686 1409612818774 1674451568153 1066725856453 470161954986 453398443903 1160213688387 1072009224023 1366216791585 1323009586923 230417064956 643669475218 1211160173966 2075432059405 680372647521]
[548440756803 1369948233795 630086377596 1434830518303 1657196491813 558184831610 692140184884 822886866696 1642573751494 1017949576610 1385734026265 366316903197 168613464963 996700284239 1127503094815 1231679035761 1103056186364 889980340646 282150362360 1497202420781 791929154516 239245105355 1302815646564 2025268978138 534978515183 1250833659006 1035777380977 1176586175741 202641972823 733916696787 1416044461081 2045719794107 410287064022 1514436918295 1636916688329 995780979277 759619883783 749174000619 1712942493351 132813188571 332831578157 1464020836623 2086125929239]
[1237960276942 241595931127 324254008044 1069812935197 762223425385 1551570932937 1465692579426 2109167165737 1150384238443 801026617742 2111467840512 1160503747999 1202590182360 645127666616 416809613856 2047680472945 1837355745740 371435970746 1613212743758 1071876801123 1999195439255 944785431948 1173538880740 859884932527 265350305467 1530788722163 600317825877 615484460140 1428789398678 1992804999684 575792026164 198951073760 495693029851 1502568275327 333682370245 1335098305480 1402211874489 842743986498 521800185124 937196386378 2077189602225 825649689750 1243127879201]
[391970147076 701967478630 1051333534807 1251757064716 2163419980833 2122438103361 1465682198112 1306742697263 567479054392 297878163112 1137165002442 34365106981 1183998310205 610560869127 1654603154655 1341984547401 45831298672 1498065844045 1224139205213 1369388535014 118019470876 1546304154198 1556968556865 2121728732418 1985870922698 1847044380501 1141850887817 369158352554 1171466554185 2005910051396 1649083832578 13598485530 1676483561496 810996727351 1044379627889 1632719498109 2154986217165 915198460507 374522853492 2153042633330 1076514017705 952238116252 861244140112]
[12400210592 876403524129 1853455643558 70602691380 668370222256 1380253214017 1090385622366 290800110319 1261675773854 1279441975322 2178229309776 1190902120776 233057963427 169654796521 1623510359380 2025461958583 1878794212465 324584418647 723266120509 1250869173007 721881763029 145181122063 498627621871 1821671097606 1901318049478 694385215394 946190698002 1272796637382 1185641350136 1596230215871 900701926243 2015510193702 1422956136636 1172594476564 1197973561882 1046351578799 227547025687 1514359292972 917505574545 1835679202748 408364983597 437916519706 160560694897]
[316905507069 492068678776 695929654917 618000925945 698617824098 973394379767 443015332853 971833858557 1546436602603 1099599893702 723930937881 838901432738 578608313093 708516252488 436846395283 1290065500453 1968205744434 308015289471 1273644349353 655589318290 1163272493509 379107466974 1026708216892 1524926243649 294187463319 686193479982 70155313950 206132829671 451353340778 1392922332986 955170168033 235625961966 1770054821871 1759287140827 2039217172212 1846491880318 2046260315230 2114530116061 870687368967 2035147451448 2001490833699 880657296721 772553300529]
[1841857024453 1526441265792 1870246735769 789287219127 1372101552450 573674094902 1446689006089 1524827815814 268268605041 1044801508156 1823602035845 1230741140389 321966991559 1258647567626 1245872481599 1112690735788 1370657112198 778194291364 179692919086 503610530207 938277443479 1573095368910 2032492718872 451247792117 1830339709373 335597851500 381078012424 2071115705567 410247703707 1822723197983 1746328289374 1945063674526 1875649894047 136966564279 725792713493 1394376232602 2145238107342 1495642474023 980446717316 208154750430 1466969479552 1510374655330 1825956069669]
[1468723250434 739955917803 1170078738189 1217479346901 124202995748 1564921617225 1267713959128 389665119780 1297658996077 979401157280 1087463469143 679153505724 1062844655132 138724413260 95083664707 93163344384 2028817859529 416750325271 365122879606 578010444226 1068665591916 167828512769 1775944326277 1541170827331 908709992385 2083185076158 2080738650960 855441341304 851472042664 647279609917 264547082576 6815473844 739794010434 628888305300 369766705466 855951663917 2099150027389 52669617845 1858124929960 1715783851711 2034837405151 1536997554745 1741993182833]
[1332010574416 1674041138066 1562169463799 2078994598925 464795884610 26374463037 1786651579125 1809722836804 1476537798886 1476861549692 1327500136570 1747886522763 2083681041579 411931467930 1791380335110 829786637999 2010756114445 1193104534490 1185456000355 1289221591487 1436166582110 1822681134076 1423146614610 1049476618331 412019564561 1901097257065 24218496964 1611261241287 1160158102403 1529187839845 188455185530 1548707910291 1189654701782 2062769304008 108910554154 269999141028 346856009063 1111454609669 50935577312 1074695010132 1295963737648 993571378000 186230956927]
[308204071192 1654396262898 1019246336461 855604732825 661262806339 339622839483 2051296571636 129628357496 2044674429879 459203347078 1433109712980 477243779313 653151396069 1800343242000 1914949491046 1171138296393 966720295501 232771231502 1026853828071 431239626914 1123119187524 124981199852 687194519554 1279371415878 2084524676449 884506443025 1299906130393 108459978757 1572717985430 156736097812 1186632992008 1444990430182 474746324980 1821735589927 76325889335 1280653820694 1876056109227 1216417421597 899331812923 1284964469106 226320203770 1859198324721 314488492386]
[599034618869 131643129569 1323417927491 694913289458 552811167941 2059302218090 462482646751 952949295654 1754169831005 1734365087826 1409820263785 90113606953 1608452285596 1849145371985 1989099107271 1398972497884 452864553849 918105069997 1367844280579 549410307606 191670602672 565075437297 2003194138484 1682127644648 1428505765759 1438774086118 132680283899 1015918614775 486020292199 1127882365106 306643933725 51447884392 111192762447 402451516651 411455701021 1998834582321 1925958869881 224387777701 1482713714210 1722039630607 1724253125958 1530266559426 39109307918]
[462992971723 16761008528 1509713049042 2021482814609 593076655831 272719935926 981980027370 1892505381631 436482863239 252321076084 1850250035393 664938121386 1258865403918 1281747754167 4330848373 39746087868 1276950558953 80319898918 157301675864 1031716597309 860567537564 2085312915317 942768751363 1932252468613 1486674798118 750007505733 1826079447872 998791777079 1998606264260 617882632167 739316808092 654220670205 1149902324453 874361892221 971459942885 1123015054570 357046952162 1638534968589 1779175687812 621886862530 1536003635876 706718310732 595877075449]
[540940820242 1068284371574 1244045996587 255350881214 2028306950684 2163478891309 1558702529656 301959568812 494890826617 1447370248711 1428029472905 2095016250600 1311207334381 1576741479250 1075800246222 339582483772 2137291900688 1886258286396 1992410816885 1288067805564 1689060333608 1560507312547 473337402225 253140660923 1876507937697 489661619906 1451409692963 63411753082 276140378433 822919746252 1178378908699 1698657560405 1984937548566 2025155643439 1605657131028 1751881323406 1355688325574 1278959753854 998811154317 218093265137 1468750422986 1590420883961 592518736569]
[539353167812 1973050234318 946862961972 1078813644603 762713957937 1998278256371 786771325803 1745823230703 685961372109 1971438045975 865363030439 446689978847 1216330261733 336319715595 680028719199 797843768927 574074280075 694345100624 414875640674 741210531354 1685682376005 1696982442736 541120109020 516551231087 43386065104 1541881374306 1837646457375 914338227047 746883157904 963589901519 163908433401 962448509564 1385573734447 1265660264873 224042388812 1124633881879 1908235006112 1136089938689 2048143582264 1045761174614 1037713105784 1408230649037 1935165403623]
[1779627723122 1001154401367 598574355742 1897652514857 42401678905 987235083621 2012172235618 1081429501275 1987975894386 794582679561 2139283331508 438136646344 1781657430226 152933003166 1499496518063 455543935060 1940349217858 908679353275 328742705538 592159662079 1481070478355 261060906191 868711297180 2132448084010 400422365559 2064733187327 1044572199304 92614159948 982866179855 1167642350314 741808125313 246381634050 1944782075059 1893004424651 609898072558 770025822614 261624275385 1571877387651 1032542890760 1239844750397 1203630776241 2099276992291 2139359541472]
[2003559405779 323572947485 985455667692 1028402980422 574999497381 861569798455 1507562968599 1884420582841 405496636046 1714700874548 1778216345941 1729055137262 1147761251647 1345011036763 687665966306 1780642981555 968109793319 1546720372836 1298006172751 1395975352703 1573017504689 1213583229559 565650519803 1807938537269 733347954085 1210957386917 121115137 634058807301 1169682688742 493499127826 1583907549771 474658113325 835087813232 1599174334062 626903093802 1073187710469 1886686945388 776692029650 2091400776233 2145737536054 523462205088 1688820641949 87143679104]
]