[[1159043310360 1028004999458 963154698643 1004714880154 1912653492732 2082239952135 2095388657542 645431403550 871272599593 1148159671640 1087241485960 2030268142244 2146090617642 1009777877017 2186855660116 903759573448 1513701519567 1849247085643 1751352842927 1380804583769 2164263458387 1793324857712 56637135503 1039145489312 65389299470 1404265202489 55275893504 2109701548997 1047640257487 1502303490098 987524201917 309768610370 1005067200028 135321633081 1959894049451 161427238007 540630550696 1801132719369 1619597203789 1605200498321 848246957591 785550998333 97739683701]
[1859383275557 1775266774929 1783629233841 1470252273368 1259264377497 576128166929 116318816875 2080943234288 1476492646919 2026245148927 119852361590 1662034758139 737821394571 1892293954750 1055714929332 2090043871264 2022829101578 1496991749472 2063383614479 1376393691651 1028414758711 274250044551 872599349460 326801437967 744578308026 429942303352 1761677655269 1356290634965 678157488372 421158207222 1392097149701 2164732621375 1954291103776 1517744982181 1860353772570 1267099325993 457029840287 396842696803 1708312084300 23604818544 994758434944 1082160956924 1538747595786]
[355362899515 53430963901 553691685074 1482372274858 2037709741906 91971687584 1042541061857 749231643971 1127844345768 368369107930 2063664128084 634379326365 1541054528900 900881051377 646158218540 719035659243 1665661582974 575327304604 767873201003 475745769448 515995053786 2089348563063 174290820349 1744041677908 1070007885406 155792851504 1770497690143 1023459576110 2063333060996 1809649513762 1327740740421 2028521535066 1098824231516 62711210264 1481045201842 892200610382 598633970516 1853909136789 1752359856265 399520813346 2120194936457 1895031384414 845661489982]
[1811912279744 181772079822 565029977412 1573955007081 1151177443222 1768425417919 866841136136 241207032011 53805137733 1198793272627 563514450746 1518181330331 1590558168520 1432423348240 2115650148149 2120891446098 790398398891 587639386306 51471894974 1314183561007 513000230958 192740761776 245547135751 1073067146035 434860588041 1456076463923 640164468584 1449720529520 1734392231164 858280796292 715840898338 1992174292247 1133240557710 78857266255 1942845201883 1076662827390 700389063085 1731960438391 899340503011 143366277967 849352488979 1293418751463 1559039350927]
[1681334293685 2002608540910 963636513691 2154538025052 1995937224574 2848460318 2164277642116 1391142837348 1205414956216 1570936573847 469380659765 454322105241 1007109595927 846167957553 1155772728143 1955301233470 2128230100712 1309986072747 1855397833293 1933818155564 1191495784263 738432112772 1955319363042 1567359560707 927029368581 2033024813355 160175904798 982232155945 874972422368 1032327919035 875873657997 1216645494166 697333982522 1545149704870 1400608155649 578777048517 1074851260683 684431009756 1242084639113 602303759811 39019452947 1123923991475 743439889378]
[1386652379593 1416381504491 1381810590925 1022010874166 1804163949422 1256950476133 2098126208257 1202325653060 1046951957202 73268367600 1330628130607 2119886625872 1564371643406 2157435730718 322873840958 159066395990 1728977634697 573303063106 1734797314920 1015428497668 1557761714393 1889277917012 2193251549546 1803463080539 1592622769517 1428438120655 1218453431232 1855856662771 265613810647 482515143411 2082919470250 119892320957 1736391949559 156214602678 945947995452 1743645466288 359887920281 685167804225 1694036974458 1037678490044 1603080228252 161467802995 1264220306225]
[1833172355855 525531727116 1531520918209 2135519932492 1858114910605 1581052712673 1500655628306 1762411030272 100494779937 865024007282 171717060204 1665931098734 2142880315314 975622682730 94768373862 2056737243697 1587404994455 1406997710248 1072537594330 1006380375069 25937400430 280528567255 534263628905 1605010998886 1264549580985 131401742242 1075017897714 179098625082 820016373771 170799852850 1386167745867 1731197792595 1634568409638 1102196443774 1382340133717 431397690102 43777138892 144451593729 1205581393574 1224861506348 2014481762685 395229109653 809061928284]
[1188153526970 1759837306058 1649275310915 564335060827 2170122844603 1493283451548 1879264228728 33226338099 2048588938752 147062635868 262371110624 1605688479293 91300090331 1087221097694 981837754313 1176115369328 699299926406 1183853618831 534006233639 1445593781600 781719480600 1116213545739 1563047658521 1674303912790 198917945599 645673698497 1811197567615 1110037767127 407374955758 29511537038 240738767107 154627577641 1177454209606 2055112972795 2050448366610 387230441078 1478381583440 383640468668 482879076848 1785407570976 2140157712350 2180219637234 1165953650651]
[1284331264877 2090127379328 1621276907320 1060846391788 1851626941856 584405346226 775200217826 19530055579 1992990573994 653606813962 1488334285471 2046707988701 1574487144567 1891689462618 162381357251 167963345178 1123016245772 1079223527945 113720271424 838700356842 520415345 418901146320 640818429357 1854706800401 456988337317 601317972751 1909242747759 1512467354734 321112554161 714327028038 1147487974210 642337646854 2042806081266 1762157942882 775825110737 256706789911 1619096896967 1153704074199 1802834585583 1262103535740 463274133184 1499332542346 27334039771]
[2018229452477 2192199599042 179708600963 1488367066615 156707071333 1952454790782 1461675056810 1546889461174 509201024069 2056051912221 1170932255461 1676965173891 466643230909 1185126236736 539150561095 705682924738 1078627674921 101972603016 1964369549731 1139560577476 1876324912844 81192978466 1406567192508 1124084337756 947182664097 1325360009489 969688314102 717876759652 1210626514527 315089468080 307344465842 64822862825 1885998521693 1163048247913 577264501898 2189979282002 1046505016475 1931391817263 66245605110 1327226584395 181239815395 819109004263 1814461019669]
[259394638101 2099231613241 1022368251038 452585903528 1833091801486 1479831868407 1413822891028 2039173743621 1550820672286 260350624857 1064980005743 2188679333236 1873277317584 1818180889922 1712174089870 770536150476 263938546554 1401326026581 803928792441 1009440252287 466391447858 1535259928582 1167832129975 654571519625 705832431599 861871140895 1691009363400 1835967225194 254173059660 734630522376 2111963629638 1909511451287 475242831354 521423888065 1204482702679 937214232105 649146126549 1042695723565 1058640137164 204933779365 1633061676448 910747852053 2024812477747]
[2139030722909 1606363277645 369094836080 1286837333625 531301935632 2173498514951 276879175871 982071827892 1411999410298 1293717691734 983496268079 578192074039 2178948278915 1251172050590 2023540016885 757540529311 39661754192 724223618905 1762988063082 921116200141 624212940746 1557491984036 889242118182 1506236487754 986529661713 276212368100 859676056003 1171382963964 970262857342 1017891904306 532078211743 1712835100016 2117240220360 1628098481282 1781523049242 320176401322 1672277329399 463670390717 1656040957023 780070066396 792354859957 1935779612020 2046541985276]
[759872399456 147006297695 236495202269 656488126926 224542729507 1700142502235 1730812801140 822908000208 739941664518 535956431980 1749012907572 1094651163725 97326980558 2028684556230 304640396359 1786086522339 1968675570924 1438546569194 435434180773 442838123900 949295002115 1234331953835 592259103857 1914477431619 96991952099 2050706955186 1352035557329 584128148923 1902697740222 2172427618005 396920819748 334860786987 1128546815333 1482232827303 1497383034340 1196794158746 180334132360 513428357466 1113118824333 2123843022980 668224815699 677152073989 1262176785939]
[1465009812026 86587504014 1600021149986 502811033650 1718115130197 1115343053938 613338778308 1291351518639 1232658132464 745890012760 2128076384954 314930595103 1310609878889 500443444732 2138241398809 1354923543613 1299011853271 2157098726521 1805268305656 113185944563 150294901962 1814561158718 1031795050432 1672117153066 368361943141 1278286311173 122699801386 132200657343 1841045110111 192721943398 2191618877580 1182166111441 12112226809 1546788277928 179088648144 30634756385 155934234936 1309425062876 696558952005 1516960199213 877857432764 1691008474563 1894089189037]
[252759754353 143704631000 671077412856 695491064413 1761587743794 1866490451626 197217871680 1120286984801 1800059075922 777231554927 1598330943751 561935623030 1289207421749 1764091706117 1323217080396 1308068916224 1594406490339 321489241368 1521110203500 656516653219 1884362802436 1358427904638 866226526391 1318678825697 1101948095786 31123465722 1561832903771 1870813567497 1274243486495 1038818247505 772127554510 205222174821 334114005648 669448897624 674421912475 198243896374 236208993678 696762684612 2014887963655 1494721871499 1497684477731 976727140383 197659098106]
[1589306029026 1781249544583 1515918934600 77580757301 1735075633887 1941329742934 1087380409627 1282627494145 1528802177514 1919092922098 431760155256 1036001392777 1271478683675 2000522759682 637158891245 2120430333575 7360827487 2028536518738 179656863883 21267062870 1576574445844 755194303587 246733447471 348730165310 1667316607670 1507897545373 2185657700235 2012152541488 596295139988 1100304595941 1598528686595 278304561167 423106055469 1806462271215 814497079622 204359196177 723301623920 947636694854 495980115000 1192116499465 387678822190 91640027120 811741859926]
[96768706451 1168205171918 1166199903346 666681657858 1682056660564 864992362468 231740513099 1887802020811 1613280123740 10825386289 663778474827 1040220641653 1684968910964 1900475310879 1164438357147 1882299596150 2115332517899 709773667802 487382875472 705590381965 1301497029511 189556879035 1608575023 2076934829120 1557925196605 879877063550 485304220298 160979856231 1051342543045 2057619348419 1998550890945 853328172075 2165145752472 1032132928332 2074215346729 839141736013 290993541395 2162783175916 158632325312 116009882009 679620770938 1503105750109 1524338673906]
[719747954879 1852054811393 2061479691126 722011294358 1332338065052 913157356975 1727765530312 1896934105773 1060923366302 2124402799931 568584233101 1418111812285 1799177132217 2007930297348 1903904624923 986066490168 1491200531458 249749117250 1377310901964 55180651586 329403037581 63082149717 376467552170 1105421885279 316752565683 686240615391 1951192760379 155614825659 1212187634823 1509051014900 1962059618222 1753176432884 1101542549300 2103074595920 107319770905 55975370975 1776693241604 1012679053314 2020728521764 1710738019475 725230823317 1875512083060 291048578999]
[835737982083 714030283490 2020311526839 1752366428216 1543999115512 1597653080761 1008638689420 2023348928214 759356172561 1761932513350 1959722813237 810734482084 547509449670 1553403540340 404248188284 411008233081 1916659615089 1449866083401 975074530785 856524649461 1910362383779 742794865957 1504113065488 1344605105159 2059264352986 956888006078 370517695495 2069083380963 1836000398022 610201304253 1551349432954 616491953592 825313661870 959609166011 532270307758 1123462839711 45749178730 1192477317311 76550055987 718353424290 2077725789251 1773092433618 651363205041]
[514261390740 742065559917 494657871538 164814437606 443072428871 1340111491938 134116182448 1019166951496 439909843968 2123621354094 706392110084 412194642522 830988536777 476114976463 773801673728 1757458400827 1873395451773 1755479390744 711004493184 1447594390927 1830222206578 1656246577374 311010381089 1488294759679 1799159710334 1744281757940 686902568625 484959469914 2142037042590 980754721960 2103680523937 1476030534766 856248820741 1346751348686 1035703681899 1597192563739 605882859000 1353053868114 292705513746 692246362288 970585219152 758211447942 79951772092]
[691791370643 465054785120 1924413904044 1604937978158 95511149380 1545457001309 685005195085 1122739421207 25056156274 2136312395709 1637297415590 1418215610588 158763003619 1837106593994 2027648825114 1985935252626 992252427586 587077200813 1433243588407 841007068849 827978349418 363621033098 93650245583 237108252544 851178438232 34090541973 709666793590 1690711908133 652285894425 1059768415774 2166825003006 187314345338 1102420964314 1271583631268 776135242262 753775766317 1932259900649 1822252885123 1058552761369 174978761867 741910982204 998284750936 940138813429]
[1695101796020 634420363305 1808090308363 1690313145922 1279327703749 1331159467310 62923808720 2056881911961 770812693993 1144102199786 1714659129400 771592562879 1264145813009 40168317706 1891582251016 745751007923 99900335086 2089089103468 1750996671379 665433309978 1112321192427 8350482202 1036898102467 491776469122 392602193664 2095310480935 1561012034393 1902097866574 669739962757 1113761412799 1132450280062 1374105863137 768899880307 341095667225 353812247397 1332094400555 1391800169081 2138375939268 2167691225316 1263855750771 293150454546 1717323503148 1033018779073]
[398970095644 666617975111 1862270068711 1947077391068 1469959907283 834359708626 957216904426 153523294841 638278860672 676753511362 2008045249291 1413669015007 1373896147482 94593278786 2166740711727 1385718359033 1703608593177 1292060597274 1395306157956 1761818122462 2113782306334 1968051824436 214691443285 369980868212 2131242930434 965453618808 236264255537 661211954744 756954960041 843034936333 547614962028 1958427206914 122160025271 1142742920085 1582541429225 2074290048001 1829359091525 1152772332577 980979681741 2090582068374 1489606012259 2000026324714 361035760681]
[2132549490180 1198069588010 939977829506 1606268857702 963912382925 1448721047600 818048943055 2066287962572 474996667556 1891614981779 619278079652 884940075153 1487459387445 1003736143526 2194927391459 506761911830 1648636477319 746898903674 1628830126898 1134699969128 1884307973062 1614242695876 285815472496 2071853924951 795210114483 356593755657 1035913319074 1912385149723 488815547166 339106483367 1347643704887 643816607 75611043784 387713400587 610733574371 1501641738482 1571979320419 1070156999235 1147400397030 109370746657 377430770811 1717965926408 875084197084]
[2188676457973 1757868560793 748759048381 221626306999 1642390569450 2105535302428 164911556986 1453945733509 130321829515 1994319247080 1501490847191 1937203459785 1544980615106 911075456978 1335023150877 652780215339 1958327782662 390931223575 1429132066902 1723602296134 1869237645672 156126986251 1844755238593 9936770347 1216752895456 2095812084846 686452462777 620705035371 2133799290029 1196460674188 1766837839766 192607711488 926940046683 1500999959501 1438225802977 1895305970149 1686203287126 1925990862216 648535668984 1329552382052 2090796153114 342659060820 141206197779]
[1390018384341 756503040378 1228075228223 264155661555 1433909572177 1777766286197 1538313141810 1247297370812 262397572171 622862630413 869476415723 108404851206 1533414502732 1190390955687 1719509873688 1977328873583 1349197415391 1853929314530 1653531741272 755640353240 2171641511809 735586834854 1757519309989 437983442314 2103621272443 861489603004 42699347507 1499067352427 1629316682794 1435701035849 1182837416695 712516853529 1999974980103 874824141319 815463625177 399232376796 706492243850 1252690507766 1666079158781 175298930045 521338315258 708816715117 1545335773903]
[1998940801928 1773521739948 380337778567 1034031079237 1330216901163 1121830296954 703477544728 679123645272 1222430716204 768413938638 1732010846117 1782530532386 1202200324628 663146327199 1296854352479 1328390689768 1320386974733 671862276461 916286411950 265164253381 1449684211466 2153046279777 427571824257 1557649746666 901525062961 1639712023575 657126036640 626134277158 1758180809857 1512319206153 1238250911691 231842478615 356999422348 68520539939 764306144461 1585369154716 975627630228 850432442485 1619764203052 554344793230 1737448234647 1154664210022 1149084189956]
[2031101379558 1997705795106 724536122734 1634976872600 1199016391612 76429621670 2030932409307 2119164988379 1659838217606 1227402059434 1486698441432 203106098918 959327696303 2146663777304 1852042233664 301780102786 1595173660701 915360866270 750474751526 2065629880326 564842801880 1238319154654 593579922353 1012926558046 2120224985586 926318537544 2098151517324 1133402605362 889239545501 338907128748 2076284740027 660848268527 1237087757353 1418914755287 620893986548 292178879184 1533931954705 158869655433 1777043363547 1141595636894 1754543861489 1329811880749 142979472514]
[450658708281 1313838648612 950486424470 738599283369 2047413536589 1787705777460 1212614255443 25482595695 1158751302357 451907136516 2045922514339 94795439507 306056565365 42516802137 1696548550057 550682312092 848921874285 265874085870 2196368275704 1810259249552 725409991006 1463458582306 1541137036263 1964034335436 1902850553717 393020519090 1796764892259 25874623056 1142857576630 1072619200297 1171177056731 241439871142 169446089252 473478145838 455882705715 7667070112 1662517639795 1418075682471 187527093894 759863979594 1566022444689 2023544270992 905299049059]
[1197409796339 132629758904 1459168218530 579539820185 447830824228 175988659377 1686289740511 978851875341 1919771843498 1137161035984 1328484333495 1931672184033 741786625234 1891809029088 2080103939326 1413524306253 1483865036422 380615060621 230764222062 1027898969417 1680828661271 396454827857 136961612690 1881990879975 143570511189 353287229305 2176947331189 1903715166320 1928694424929 622288415335 944466932994 1781544747479 1139973160367 1847539025664 1029546025737 292419284420 222387687124 1215707335808 1330761251908 172771107817 1623995889442 697118937492 963993924288]
[195600984743 138603775102 1430762066026 567978178354 855753477257 1251842786299 511884749224 1835268757314 468042608103 473810228374 1842621360681 294693600057 1712397376615 1168313262231 723695796710 1108937546985 9181243022 1592930573623 1099144129567 464393725113 332445746256 1050154060193 1072953371033 1372082566675 1970894400430 864219791169 565876260308 1956506401319 818027015876 1980408158509 1292290947074 1358203620868 885064726763 2105829691542 236361546815 1055740939152 1391309643423 1003653938212 751519477793 971364477047 1246025981411 637361791806 521800748850]
[1912083476359 545306869620 2176076291612 433409011840 1168452426055 1492311808281 417042658334 1922314497961 250555670706 1016157915093 975100488050 2152529558062 163799512723 1630141376191 955579222969 739696097435 934055038657 1167413569446 2003509625467 48558684414 342285481728 1339852970404 2096838303284 2030824911388 1898866772219 1269879499297 1524863992705 1909264198063 1030870766756 1161895334685 2049609434751 334906859512 1024034375700 2048430570960 1104567026305 1133698795458 1094774290949 616470292572 1176852117999 2015537146288 746904237630 39772831107 28838651304]
[1386218031394 868340121650 1137636528564 876842076036 315011518201 156581366361 691371099892 1123714129373 1377270168155 67643227814 1412610900618 417088847657 1596263619421 944064119293 1263725326750 2186048066065 1306832363763 2159869260113 725937604988 1724388200030 888939966600 1488783974506 1103554206635 1673534577781 825828302212 1865421274198 408660078933 2033857615774 821144347213 593247221132 1526858971645 1605516128821 1404950318787 492434260309 803532710930 1539965925477 2176776811366 369481574873 1599959461122 461505960424 86874020434 2083260482240 82504757686]
[680300417026 1141432000183 1180927725360 1132184071711 440002781734 747295511572 1546400078340 2141862486039 1224923173360 339521134735 1470459008885 48795806925 871094844941 367173407199 314090942501 304118023515 116821502202 907294435601 1877441634866 226319073969 1843741461056 1129754499261 2157607104467 1094210606341 1815744383187 544346709708 1360598977967 791959861936 1153025467144 570587514046 56903113740 1420684577737 1936079251323 1053745486849 1497008367119 986387476312 1426984762388 1530196948603 1743634051492 174968254567 1920331346837 106187441451 505998415732]
[110444973005 569209601284 1073568197993 341847170320 1113336858988 690725809129 109989746051 657901069737 884968174134 430715669175 66718098847 382082138086 1100154038223 183511398247 580271342502 212016609506 579829729401 1762734244661 1953567912864 1891755079257 1547587721397 2138169627902 511243940621 706810762251 1417342615833 1786133578620 1558149943735 1308116388417 1602715951525 703522212811 1484710155202 547977274307 1331628083950 255303878927 1452694802076 435579677263 1555017678635 1642595268632 1909000648114 676265070528 1293992918182 957151408808 1344446119076]
[937166829553 1827543917176 2175644767885 2135043038073 871249143516 258882342262 2049579523163 1171643026527 402493684792 1444097887821 389097242012 109682615804 1542932825402 2046527056933 747711357981 1828364109085 673207954975 1114487651233 1399698768310 505642482294 1259292242113 1152970091641 1170425009720 1391221945586 1059555099981 1049022590724 1983608621571 1437171140100 1125632340475 1368122844186 1806900163134 2067364169880 1194530209522 2115085251536 881589978816 92127785741 901837822173 1444149860750 1888783015840 1931783143721 988143248715 1787664328617 1409684101460]
[1534716243904 185141635622 483802360303 565572725201 1244231981169 2150488626475 527126009702 1498435465228 1745635198284 1729483019059 164174397269 1018864060727 88187571522 344693730609 1601503876698 261427253465 973500843491 292255560450 1314152533312 1217139858983 1445243271624 2147009946420 1932037631822 488736441301 2034934714252 548123459626 313052659750 653009969969 174017027996 1464535979417 2017193556389 2005537443009 220028820577 637825390401 1587019755289 2001320552911 917061312744 1391556776888 2163913138356 278544428750 1398102847826 1181293439717 2047569567919]
[1166238658323 1144197404538 872618584479 1341695678749 591156741183 2196267666033 1886827001479 406343609692 670336667826 1823660973844 647316755383 2126559662797 1677581140915 286988728867 473055450071 436142365230 1014120625613 491274356509 878574862110 992894629182 1912722336002 759616852819 1400406250922 312903899819 1860979517727 579444835304 1232249135434 567781256199 528075931459 768394675019 1333758827687 161243359740 1959325638094 522131045456 890176059467 1750483065246 1193606871668 1540575454859 896347263966 1511734151205 1617847950793 1205025284592 1284006522745]
[1949538328076 2031347977858 1080742574953 46130843807 975296420930 665525727304 1095818444503 29995047615 1869956701955 150782690935 722927591294 1085520508222 2061577139329 1790387908630 13011102300 1112782185123 2087750104651 1196410454692 1413839629362 71931078542 1999311793483 101749165335 1204838865296 1918313576912 327842494733 1980672476607 1055744584882 259171794731 260203398965 1720804600581 120468001959 1956009797948 242014732920 282001787961 1796474421188 1914989308556 1450762223253 1208758886061 1741696952223 1495913981920 2071305149282 1738234389750 1158795152642]
[153542439996 1687972303028 714212175098 1833977544145 15616365575 1120335346373 845082063750 1283478928269 2069175635199 732452738650 817826598985 1223686778557 1115467308869 1569775232808 1578724041748 940886607240 19268715761 1236164551722 1720619164367 1355299646421 678819541506 826625229071 2139611976213 1623807447993 743614844891 58439710221 1115990709544 1244106564178 1861711499498 273349546763 897944956676 2123949589891 392863444298 1022765102118 955258189337 373324802209 1661692444355 116057695185 2175401388408 36768084496 1881730072476 1900413333883 86071634225]
[795889220910 1354246804922 1273150220372 1420346112891 723402252216 1061584743094 1566640303257 714922184437 1957585046343 1513084070493 432733252442 148272698579 1154523475364 922365678324 1858970539867 30848879002 1709469286961 1765505345588 634413077916 742793452444 878070533150 1434817297090 394729024374 185397074640 1527797631300 588199614861 152985508365 1009496421070 1502609527770 1694264877364 2150571047415 1345481538523 1383036311768 371304041849 595183297099 901925420696 351182711216 2136107210350 913278329572 1183194305936 276914575658 858574727269 138697050715]
[1406833558706 876279052973 223738427927 1808579613748 2006131492660 1440855437924 1080489536956 740327950092 244049432681 958422065541 2016135326874 390641208315 1506913475619 80920364921 1789530688764 2076662461827 1710901466568 366444746992 1503686065307 734904155276 74117569661 1725416051081 285930803396 1238226770013 101754392067 1995841403334 35763873086 886023004747 637386515894 1029883314500 1779607253967 1123458442988 2076673649749 2065685512564 686340369830 585754720104 1788707374635 1788048367184 1060448038679 1314869135062 1494135786257 1453681723852 1101169813425]
[1405841912328 1217705206994 1096167596724 314318327175 163716464042 194033583758 879369412938 125026801249 1935008073403 184309223028 1746000802557 1082392003509 179910306940 881568207224 1943765004475 301197297333 2012885773757 224687785658 1393378005301 983589647411 887412651378 1896747201361 923867392009 720420131555 1581969150589 589675578505 1552902547852 1883507422884 1153562556376 694896066936 1409368504092 515803560087 1374144804163 1660308829414 1289007850629 490627122904 1777885092647 150864207625 745109426860 1885829677863 1137936603409 1882305783358 28116157188]
]