[[591259166561 942080925363 1007953208802 268106408675 630101964133 1185521689884 350331813124 90125190887 1025702970866 727768398732 1665126172409 2172029372351 2088934941701 1246253346469 2000304016460 134608575718 1831398239569 649427220765 205243617066 597683826898 2171354780487 1352602125116 1281266258118 165648865258 1229069495665 1528466201159 1109657804898 1227587611944 212110619400 2188796294979 2029333714475 1364852711416 1615972033280 454272188912 2026322932412 946713370263 1191125642346 271009315342 1882319116021 176731401459 1440341528854 1880401284161 815605043586]
[849999173680 1663082200901 1784484113055 768425052494 507373985079 67225908030 1016551640952 1473351351630 252328168051 982234940722 1015731595893 350551559383 1875010211081 421423565688 630827478824 2141499296884 155863438412 1969931539134 2128413260231 1257644148061 1747225334780 557287204447 2000412000036 1108697113972 1870280986366 1237777611504 590912007165 1152264357750 1468416775207 537989405300 1877073757377 248679625903 1152346538836 1238863672637 1668342978373 1433758561422 606804764143 1253133813304 1067864030078 1505205251407 1965052092406 1248047258554 866080880024]
[1117748291846 1574344748577 534536908824 193522948927 1938880050824 1762519016153 1957493382043 329398836866 1031587303281 1986816299964 434065793989 566304430031 869904560752 2151885215884 1569789159424 1878712978070 12999618333 961218224388 589219776634 981311199336 1250797496416 1423566792962 377119546117 721412085461 1038038886189 850484829894 376275829183 2120824249441 2066937346919 806548448904 2028370630721 621364693504 1386631522130 178938795799 839680304428 2048995609111 1350437332495 1470643100133 281062371150 583555059150 1110162526475 1840667521935 1731720598926]
[118658983332 439109412165 960461824911 1690853860128 828859426019 1400195477727 1521281126965 729222423510 981321290918 280929998283 1479817351340 181027221199 572784714342 2127562829367 1441785556747 1111415663159 464936995911 7148452669 94537583666 1326963076005 1121814467904 899518678832 1192940755175 1411998650033 1931842917662 1577309310566 349403136007 148441590290 1141410873663 1781188756661 535625465796 1714340857293 1335481313800 1707715940117 1148575781377 1562216358470 1297746398904 1764444318123 451995304778 148602211385 1369981543338 478525596519 594501690985]
[804687593483 781454877884 1129616970696 2033952287685 390080845035 118788402276 2173969597463 1236780359881 224555806685 1641200344241 1226013016769 1022027614231 432784826233 2115951044672 342423031022 1042341029862 975652046155 2115029322727 753265902367 407984943895 23869143668 1777686743814 1553010595671 1718904228101 908509461067 1462034869061 1320465507795 646461655915 1799567906940 936250576420 1827809141738 2108993933380 1915703851080 2143516475747 1666897669275 1404558400912 1575430829571 402992709121 1926025148553 1355094255402 467677111340 206339920350 1754049301780]
[357518274949 1539236380187 1246865872102 1913574885096 1315965985503 582791009215 464814154136 456294153379 2063869618826 564216387673 2146238402862 632146480860 709820733596 1945005875737 1507613692117 1510301963565 1338977086429 1089231797248 824957755705 723524051111 447019417177 590206132218 1472243517952 517595857814 1840810246234 747571419694 1672765973951 262410599274 314954374022 572412319322 315993146727 1315338834442 934256552552 39881087401 89862811781 354090900565 1294829884890 1215998867008 1753288059537 388601012066 323846916230 1548418975448 259061538204]
[680705094606 878056215067 151353735982 113484723262 1132202057044 771911399648 665966132089 283781104673 2139387120151 339537566101 2171452252526 2138201315074 373094279628 729482729316 2096983871981 234322878651 1193916659862 1805648087705 631219320787 765064652128 732129185412 1375244389979 596377382048 395146505353 2188031794163 1650665364765 1872731192920 1065392757376 517719650711 643920269371 1149496090164 536547130833 1390134977192 2085756153888 1853248517806 92180941333 1100343391527 2082913751988 866047188800 429792093340 1931170208862 891816313247 203294636038]
[882450278495 1012985362292 1289809677037 482933118234 1247573606296 454985552126 801479029496 1759356408789 49131100765 1538083031245 1347557594466 448332058716 2180788420868 955720669454 1564445272507 1964203401713 2162702525700 15402844686 444168688445 1711897663119 529797397073 1080806098962 1672593423240 2129302430508 1481244994346 130846524665 214873997470 1256466747201 1078268547615 643544284656 750028215727 1736396701178 1808837058199 1552254155568 1565784278015 2007262076593 1918689103580 1302107836974 875819918472 1919437027136 443876185708 1685657353276 38003286161]
[1021765919696 1577765192514 2107970639137 533388506800 417875002682 1377221615256 252507971423 88721893087 2126151360157 1553852907655 2140907233532 2102324878053 786457160201 749191445658 56159783099 81700289681 1011455838004 2036215791033 1711771407423 1179222087005 1592014527171 185128882224 1980871895573 18232181527 772573687765 1272714601948 1682000875940 954682512282 55482947772 590212184636 1286718904422 2043384905801 21557394148 756276395236 1981466670447 684376347437 1646315511424 115168288688 1161478415612 269998089228 1467860785577 734514915422 2005926488302]
[1221424953015 2197436572404 583993394526 1997687646698 553184113278 579890290509 1067593484106 743909628257 248794576071 108901064249 1685088094536 660325504595 126140776303 1651709205963 97154460526 614196744896 615245455558 1268253452410 586444106400 2167103329923 100183347510 2173925676641 536924890516 679312603727 2099328236412 2154783599806 575736924030 2116700244577 889742841682 1170860789539 575321227544 648950057220 2033540072560 1760165907737 1703165539056 257925638242 1255604005099 1058703434393 1908294650972 1803719627537 33167045524 1633195535360 603738090376]
[1276230607747 2082022421810 202503233835 1654436152742 595395968772 1415633053194 1781485367675 958147584528 2190894134110 1831814677446 1841703155327 2080611261751 799563742491 1190236154759 233660782272 551884095006 860722631061 1086407203915 734714792900 1542223750957 1837963179861 948145027037 2188616602891 1234655076845 1566402899660 487711373639 1621720885889 2131586168366 1089585271906 1493394291469 1916534786599 1298527284638 1206934961382 1894175299157 1987171412737 1477068229407 919973838058 565668296126 651292760502 621035033789 1779497723358 50469833778 53268971705]
[855749644407 1876772227841 1719082356443 2006558994588 725007266770 2057560842043 164665662042 859055097526 861974802630 292986739165 408888092783 609497937781 400437064828 998418058811 1238337325368 1339323631598 573109158213 387641360653 748382509090 1002998587644 517221175727 131895670470 20112225525 124059357030 2187679883053 127111702344 1830550665145 653233079018 1626962971515 2103866152184 194509643088 1669846561041 626625705217 1193369839240 1399396537284 1758180214973 518688250662 1129871784084 2162916825839 1805210625093 612668646827 1636405536002 1005489643824]
[1948780166068 823845271112 475366381271 60164089721 1657233510644 1358274676422 1730749427281 560502560366 1103151443418 803896072250 2085335352614 2029325109986 1081062462744 833645431870 682889630225 1830497474147 2178948507742 1417905207430 1446881095131 904692430381 852584717833 1421629686796 1918662611763 1967153113616 1574899622552 327322893372 157550003791 1301245711455 1049093350515 1717218902840 1350809781483 1881088944360 68858169990 247203406397 1503902661802 1353168963089 2106979102369 252341092038 748013437837 263296534141 662689108279 1908020633576 251681477680]
[495931717198 2019808419782 1412039671243 2044794910920 325367661452 865335676957 1773239188261 2026726434801 518712734304 1927974850512 1644377583800 451595597917 203391385608 1923305769445 1199429393829 931007138805 489234148010 2153276496725 1833384710544 125050811488 1407386463415 1821351221490 712467418175 2149589872840 685349797105 1023790466812 1834127577466 648956929404 424785444200 1981372631072 943930236503 2061121583463 1576887468917 1582894487996 1767585357846 1378251004117 2184425466241 511000297474 24393985636 1053964609638 1168885718044 360928691359 810160008655]
[1990760132479 125502812175 479399499327 1996898189651 2198354334359 1918757199544 200478765949 1807278806446 1373452019775 872336166659 387873048182 1491711391437 184928775424 1536580182728 1731806248849 1417833328368 433081055242 353016960408 1225838353165 220115661935 2098679277885 1487718845703 1011173828748 752923990476 346425135606 1944935529655 27098168462 1942326760432 1948112701517 445481893665 1433422570474 588577885998 150956783426 119340352326 1928166176186 38563016868 1481490346493 691025164305 533294885481 998691004286 412044495989 453145780446 1693656757116]
[525912388506 2130935588125 1206227848825 96596456564 2054365789013 753176308865 754386537344 1243005618806 388903523292 18630539575 2030055920040 242128335213 593140237064 1364837565897 476926436110 215026810992 173615464816 225394718832 543001977256 1085123446540 934603807377 452275089955 673258481993 1101799950883 150652642202 410656554928 12452940320 1079606278188 320425963055 206863375017 38682386923 1630255650943 606703852814 1121993720535 1075999274814 961841849863 627694458859 1433783886917 683815511008 61768343891 782809995285 355829512490 1718160725386]
[1140904485356 1438420021879 2014489423926 1233913376896 1146008088343 1162789770608 833655948869 1875643760982 1203546404749 39065245885 914520294398 1178939962592 308361234614 787277156392 1573259136867 1919513904106 1328120942033 378777954225 2051335684423 1932319897136 178344122116 1150673162003 1597145417288 646906375492 170761153365 1453219912519 145543127942 1006253554506 135289153082 1362443274203 216740331252 701716045407 785481514781 1420768186402 324313101748 2093697213597 1708055943933 2096874179930 226731995590 1410283376920 468142012424 2092958917001 2084607977420]
[654682281644 832997401312 1179715099763 1251242701316 664140886402 905704066274 172185457488 1063861459946 394347504029 1326336879574 2138508461513 1649055101460 701157823390 1004729159632 1330044075585 821637430662 1662207803873 565219379428 76885833804 1996281058320 395189490520 1302453706880 2132816287724 758376569237 1342439383371 1642372562651 90894795194 139400063470 1894756477548 2183589531264 1882548466420 1787343854403 399847586097 887932045368 191671939166 1176137068616 449419115456 1567072093773 435730619381 1370683825603 222495943327 1501524620293 1537948497485]
[1759306142477 628896285009 628754570336 1625151500008 725994941305 1118742452299 1786557829058 1264218648385 1189231376357 630040544165 1215545903702 1453381186117 1396357292627 1753089319492 446584747936 1392761443247 1450729792383 1440486135742 1001240325543 1161770477004 1983882190558 628964857512 1112974626311 1981499535974 1513215744517 248619426565 648105914581 927299525864 1513497799648 1677196139384 553465050804 973073376321 1642701234671 2031556575092 993168871347 75045599526 1211372642806 389389093724 1469993692181 46282595878 836652047309 37461750872 467244674034]
[936981344309 424497297286 2129276102251 1652561406495 2104394964667 898741395354 343670273808 962006578280 1818394286874 1729962148862 760654980800 265007438510 1265498539352 1568793577771 868919919419 794440662117 1028528560913 1752635209468 1657351198370 2010595075303 902182683272 779687383958 692703043531 502043068519 788318495495 1215677971095 559262189537 2051060696129 689367390875 1901601150584 1658016847573 194192668709 2159024901794 361556605864 467565904902 1061272044230 1519878663593 1903774845245 513901601156 1605932463599 1207927459631 501870097109 2015826263889]
[1063687996488 132366372033 262453886014 951936144721 545358345993 87029208181 101956008181 1898950822402 765223004990 1506901172105 2128695814292 1524023151236 627057097337 251899483534 334314275520 159206949985 1510018899553 899322739283 1070737688855 974636330934 1152923668035 779701527333 237531028774 743801633458 1963029937233 593266769301 1836149309974 2170492743245 877956629097 212876217199 706116850597 864689323314 2173092691318 107073368937 1322543211329 1421807831411 972688908284 1469147369414 484922140521 1969983106938 1406013615991 1311590052961 635317189381]
[1777958110223 492743234875 1076201606979 740759822038 551128239130 1796030290154 1541715603794 1563926612805 1938791219505 387640000095 531520335359 2060701579587 778736489871 345092226678 1168598493608 955140652342 252520025271 149619226365 843449186547 1894365695948 306745530308 2164718160907 1153093892784 1723908547791 1449059698570 894224664715 190576533566 601186453770 1248695375435 516965310146 1209533035966 1931877892928 1430371464500 398059801042 244342489367 1667190924669 95524380489 1214804159883 968974371591 465633108206 1094265974511 749353568792 260407672371]
[777679888935 1518492956122 87404622299 804881903612 1688280293099 802082276726 1207362722775 1915543809237 108833740386 1477455441766 871752523512 800470548445 2119765475801 38160313262 1038098391994 762900580336 1445209478802 297594242947 500678415833 1493368778130 1622442733385 1780033141208 2037098342174 808903303912 2115626532606 1008431986696 1867280319920 88261350602 637738777617 498323467244 1579207280042 2107290433536 1812094861919 1675080537824 215910125146 1642374023750 540134456887 1677604648109 1116840325469 1901696210316 2136946968050 369250509229 1426766056261]
[1012310001513 1041565457066 814235441011 1325811076483 1143210018398 1066565848702 200778352022 2074411915713 1168780673383 944485268904 1540221480546 328571048921 613237853002 180184609745 1108948993735 490030926210 1541536908935 700456734371 1685361855971 1657310675605 877686415613 1109862181647 864910990544 600078611198 1362719829053 1725242798675 1600575176245 719573106843 331731736014 827782139229 355546876872 271032973898 2162374730751 1832899083227 635445155979 322921574629 1565259530909 932579170825 2025900109079 785257216848 695272378197 1488880107302 2115071247144]
[407891723123 1740091990805 2028231045321 1304974721714 2158641803855 1654605770885 718849261608 687219246909 763685733866 1616713525246 1171601230168 2087621050379 2106352392999 1554444513905 1763674999714 215395956506 1564737216960 1168407039042 756360035666 973496793867 1031555765604 1319434705770 853522893205 1063924177633 427718275700 1320016614165 1028137303727 2005779442464 1375672921102 1916594723286 1362869947215 553983309293 952169657159 279002288893 1196009234938 213730429995 1920417382993 1122136932727 577765090628 1113923774766 2022987746080 701367727134 1475178768]
[2033667297643 812029421288 642109205099 1308588895720 1556452416135 862643535159 2028099268995 1583294692580 1993376805841 1304576506605 965614740972 1306280265632 1829041674111 2069057938852 1823193732495 2150532969692 1920012841763 2093330278525 1014032871199 1541601265023 1075383199888 2066147447411 2184914190861 559955329240 423605706476 217431478089 820856305609 1319063722438 173438599235 1498394235490 1388944510348 1775110083170 221588761590 2097781832744 2150306596712 580677378941 742904069746 929910275679 388688373239 1258703229228 496118085681 1642544998467 2044718143616]
[2163001708849 580388384363 278385747070 99017440480 2083619374343 640863247339 508417831621 1999812454994 17875199897 1474179770599 104856080824 2138634837660 222244198744 507638043300 559616524964 300251148698 1222441259210 1081482214203 942905062463 109522230798 1830344752887 812350363822 342981821085 307126674560 884956019017 1547969387726 722762132878 291870960581 1473264300832 1350815887113 1298726229182 632635622988 1030183850452 130787242111 368500981779 988462951226 1377666154349 607421769185 319296094239 1905204227933 1338556467933 37704550508 141263781591]
[1824042886482 224403189548 1153870445744 1880552271448 652961104429 1150976698901 2091016189793 1542784545471 155245191428 1084115094454 276220931343 1674525019841 1952328243386 2021750218244 2166000512729 1378263493615 318837016938 886939003913 855053129868 139256406677 1317644291081 784750486969 1369188224170 355390520520 115304833426 1869520182542 350428741016 1733221050296 507389311509 1188483368747 280599242558 606468362400 1707817013552 2089904768864 647701478734 1476568029011 613775957482 1553531627479 860635550900 269713157094 1467203368296 2070852221899 2030265270875]
[695269452518 694619588325 1216343368293 1561952621420 960874303406 1740799491729 212108712565 2114889635494 703164609789 133041100926 463012184558 1756324904676 1607544967196 346517863956 191917792919 639172107933 767425005033 813054543530 878225110807 1897478229887 1315711626231 517829203892 841977172352 1658752703950 2099511948544 241716880143 1800957526467 1657173205806 2062751876709 1930499004465 320504839787 1341172306547 768259021360 1223695813836 1548849318773 643714776705 227470151621 352455771631 1864707850252 1944101854773 2088715228567 1880381097268 396729818105]
[1736408082112 376728010330 2094451355748 1016848908763 1220783620027 1256910565857 798901206179 531893212556 68649744119 2111696364208 1061912899609 484715926993 1827691599243 618556536246 1263820286621 564724028276 2130152856082 2000679534594 205082993382 1146844037051 645644791365 878609551722 301858929287 819273490052 1236955412424 1490274012577 1905027945532 1997459714558 814487105398 638633253015 1870590854948 570201785578 278130828975 283387647837 589464801531 1437464117244 1775516602450 1224463780305 2187153905396 763614491993 1773732548155 862221333607 1198932229023]
[269943302642 689714540220 184882026792 125080387188 1591906234155 1780827083159 265474059094 1306002121022 46972881065 2078633461391 833323752021 856601556629 1264116752757 169551361273 1126457312258 401080029886 45874468306 18940033381 1905087789594 1976028052244 1365294843113 540723022479 308151706397 273843294527 348364208723 726256496421 905882944299 1406809403090 982596032970 920027232237 975726128163 56565995857 1326468610356 1159414508023 2113924324956 349829647087 393229107124 1890102383270 1589769599715 1170353330941 1918212812530 1811963553714 558260841798]
[1665594979961 410173232593 192046971191 1335739938044 911958764627 627676591083 957958863284 1462028545426 381355077889 29906099560 1552989349963 842415457682 232809696773 2141765365818 1273433904129 371693512087 982806034498 1240548299355 2134310524778 158285794537 210603232282 1314171577242 1899366701975 1199136740264 416500352186 659487286875 1262985903767 1470404204996 477105465623 13140471450 1574106589877 916086487738 1318241476211 1786361925543 821930107477 50518588783 990518956329 594503513531 621607203135 1448455681120 13459844796 927757353781 1907737270772]
[1093979503789 2195808757709 295313672471 1302987923057 1728266138492 232258234970 476482033023 1092830999230 989450689650 1567757082233 1660283506649 2131614308836 1253474934942 612443534496 784380194489 1322809441443 1964287829672 1090714328628 1331851403387 1871084441878 121153462266 554529815101 993684153469 320550643181 1181309248928 758629454461 1929669277931 1431961480793 594506744601 2079207289035 1553279056444 1910206370045 596139326127 1372197926707 2124614604452 1416900814259 959186232852 2055233565365 153013960825 1053634540777 907049014634 769203934133 601514399198]
[108185881158 1939166399461 631808236667 1955881926275 413496715377 710491163470 919022698684 622778223319 1521311242222 1595115395111 2158507519991 522525719884 390243490009 1869619760957 110165154816 1392993614643 1576941219083 1182315567872 37608200417 1063421872582 516364229988 820094640454 344866118630 1298532819225 1621046750307 1467929051780 85615747426 1398035057523 212460331507 149822821450 1740756848817 1689042012439 915151635957 637060689231 275036494222 520593799943 1761167071622 330379591799 1187775211657 1942675472151 1619531296830 119417243098 1541292050834]
[204689891058 136393859529 203211543111 959503350039 2185027947962 1265054389427 1390954950799 717063957991 871124215072 2127431799532 660903582366 450143683577 1441803507169 1152037871182 1772815125207 1741922837345 2150271356279 1874381096946 863850468833 1321568080117 1902152788943 1181168965117 486739057360 528074464092 1846334500751 1936269684891 423347196073 1966122429820 2057113232827 375946149723 2015669334831 928158989000 2181634455414 1814723198091 1710309884801 1636084460824 1181508060968 238940304046 602946252148 692301173121 741881495394 2056839457553 507105334168]
[1624677334095 271842853086 222186201936 273594365791 341716000862 534598561085 2053822414179 398348402097 1170555074387 91382161597 567017441137 1463404394395 954217665283 831356281273 1465661197832 1716352802650 1721379322398 492413739022 1465805077712 2175628937791 535519985375 948071270715 612966612486 591923564807 2119796142669 54086449592 167498180627 1977584448774 352893091196 128727160250 2159527535211 1077727104952 2007718365393 1748996592587 2149361634411 175704672638 704442096319 133910091141 1853943452314 556653859660 1299724000814 378992189281 1608452576217]
[536369046706 1303017778453 1265942445900 437324783703 1902207476661 121990899402 290563018402 968645439797 460420981212 103511866849 2045192264766 2067013207021 1401863680089 171978316756 1447003637437 1110590317322 2191841217568 659470235138 1186695777851 1264548044235 495466418275 1545577126728 1673714594707 1758757958491 819801872524 385639449903 953899003102 1784178567441 2060527845585 1995462613745 1700520824821 1223619071922 1581225438663 1972096009408 1341334620350 384125875420 2106401586794 695807672377 713354132962 2161250384965 1133495319432 426339674681 469139962259]
[2120962345215 1743700550789 136954296773 2021719235483 1381507249120 1045636521176 893736193250 866751356880 2191958534337 178672418332 34257451452 1537391055990 623935474996 305559612995 526392055451 1948560328093 2158227310192 741301606603 1640375756902 1432924016795 963300055917 300559241934 1735461063736 1933818988443 2049632159022 132168119486 54814657018 221189016142 358257067302 1775544833200 972094543854 662116080873 151952872815 1377615971274 601227192446 1429236157399 625792483001 2022933226782 1826552945944 806472569260 808040998642 106300425084 1027126667451]
[1940370419337 636138095497 1458454753432 1586590513451 851877386009 707049272018 362881606503 1867884003125 857426426003 565898669431 711235335397 438972691445 583608607604 474289739979 2079277514142 695958241041 1543505151176 1345344677849 1023479046427 782665585250 2086746461953 2006895821965 846238478531 2107657319567 1781543430828 688655512488 146838149089 512612046620 512728833996 1362398201991 123538940388 1187941633613 1125394032515 2107597067631 1174827454130 1732482196558 830582841589 1048103657716 115545602157 249593910186 445145541315 504672476741 588391943931]
[119719765840 2190642167900 499772771458 1801619737839 748048876590 1213761090128 1856632880044 1425028343891 853484287062 1515082448697 510146096817 316508297776 1459737859276 573911721982 1248700294650 1865571117311 1324398213643 696710926431 135502561198 699865140784 1656625868359 645658116605 1105049604715 1998987936767 526751189410 77418560209 1642231459417 516045988944 820668345773 668565587150 301497003021 767488608185 519833490723 1293584499799 1987378965032 787886942969 1307172449809 1983007030253 2190880186502 724410375937 1741060907029 1926784591115 1599170298704]
[1268988227492 119247923310 1350736757338 1567095607124 862507081226 1242654064574 152392345348 1303875618332 110072597953 1200803630102 360545194528 291436402675 606337608458 1054948858981 1986077911185 1846352632445 497464045206 481927299373 1335357887215 355899179390 1032616519630 1854808544472 2010719269989 1596611881358 1736700306941 1481894116823 1463619679039 651519302134 876526961260 1615949550835 665127421085 2073240034257 1504629876320 1242616802166 1070819873240 1826951262936 1140792928449 1082488390917 933063727132 1709397581377 1241783127769 1702105694603 2166646802602]
[728944173495 1682181199338 2128451992006 325390656604 1873337181590 240269008124 1478264041851 19083119029 1338234566625 441325069061 1349499353797 595598073777 366872942358 740707990462 406300528184 1317860659308 1192756431841 1828771466532 16034875140 562240092997 1176981230913 1425052137997 1632513445144 1022501590220 670674790520 1717389676534 266155010956 1024252700971 963746601049 167981875761 843487860778 1011809369520 3515723673 207825715127 29023381876 265406314561 1072614752886 530504343028 852469310252 1476048537264 1494817345881 1427335433606 225566276002]
[379663396751 507694583575 41524915892 1394079350180 438184244007 103747992441 1014618848591 259388029649 36666565307 506711347066 1513308281694 1748194078861 1325746365715 1872226249219 433339065068 391617461526 1877078270395 260416331936 1039114547388 2113739393969 1323373485827 442446061984 1691904701242 709707351439 1071175993635 1903426219156 1813071355755 631653325113 356271148510 1765494426081 1049209453678 1917761812699 1633111356548 1290053745131 1796487713169 872574441030 370693748188 1567201148458 1834227722976 1241054816733 1621068651755 1200336898385 167980055497]
]