[[2058933063710 1499475971505 633823911160 777997089476 1868524582324 1798819093140 747278148142 195529907449 96360381606 552590938117 579276797882 1087608732759 1470688328514 1539326935509 644979276006 863194422955 216412960959 852110358899 1792798191159 2100509204262 740687340592 293080669277 1790530326879 800687677838 2044516720654 802807016861 1389795384046 2169265299799 1564220501173 1091683547458 916916743982 1866212337600 1575606592450 849089917611 579560036323 926781402821 32167602943 401360672486 1605956600612 1450335491768 1758696160181 812518914512 80768353876]
[439536881410 1682776462614 1706955917380 618969758842 1771243151094 2100816968453 988927731358 1660709383433 1884543579139 1335269355710 1251350587640 1691603234883 1322561263362 268552833192 638738691442 1393899172418 413729176175 849457798226 1339701933279 909286622115 2120946733853 1603593836472 1333220374198 1889956515444 377928996335 883011450678 1048027679586 2039472675668 952364309883 1907908478156 2023735718027 1565088669411 1964014231340 1694272650826 1654705959168 310823571979 1170716131647 800999007248 1036352919172 831040179990 222652378847 1528617953843 2121880598385]
[2009616969079 2188313627368 473614877935 1228811532739 1431290787919 895827250817 396675970266 979743874260 1129758562990 790831265343 1171701665076 790428305487 659887331424 1485536428242 496154141394 2172972104731 54336221942 230221840016 918344185995 1501835809534 1967483356278 841262112670 1230169990062 846764722605 1997880076288 1217453175334 926424828024 1596455976692 1467647905620 128238010765 1213504323340 245782360579 1622893466217 1408898439871 1604536198867 235154298531 1366978658191 1056508183758 1085891310461 896933853388 1436213508190 1134588608996 2025555485210]
[1580305613448 231657595529 469723859740 984092802197 1847639366095 1465073361910 1704003555981 2048735155392 715939930516 1734193989033 13899036108 997323056545 2056095341899 451230524288 1256020818433 762547761835 800032145508 121122964156 342985309372 2130686786912 18780240204 926525891512 1784968709428 1612298471445 1012180852785 1609318365465 656697974755 2194856853208 102021512259 1600511150574 1115855596036 1151032895683 849909712692 1052371922680 1460126630246 1593772095531 1937385774000 1241584551332 1873381788970 1519087104328 952633307484 118638940558 25360028528]
[1865265195652 1760191830143 764152250887 1816883686425 1176346544134 2115540760779 1407312878501 1508159664701 1330088107110 297396991388 988386103432 1358560893875 1234694430708 1480044522728 1816728151747 575695783132 1060297264401 650709129594 207451605154 1916371938815 75530606947 329304699262 2053990097716 1254805056958 751125940184 734935633096 943876480763 1189717432776 506474634860 2044582207554 1720904149030 2193653600239 144093126608 80515708721 2155587424073 770836715827 678020803653 779198020586 1050865541683 467848510777 601525133837 1914156728473 203131159698]
[316218431499 2177087774258 590396461260 1722001509713 552797099404 2039569555265 833117898469 1272017886360 949270803384 887372626100 1455916270218 2115485280548 590927475638 1911110949442 1348387206680 1012250296100 314110580161 1155069061696 2090890073697 2005968584547 276432206038 1970479730564 927398017917 3232210602 1149015557716 1887022543550 1176321548001 695023158820 1824494916009 196548253237 1247744538790 1817810251296 1412696135317 1168525474337 1361797089910 1980716676189 16300979580 2128173528705 1481668087243 1861446267127 1871095832932 327356587215 231546740757]
[437920256645 177250450515 482862433180 850967728668 233494248939 283652099307 888738355527 261704864189 1787411496844 725950565309 395104322152 505765591302 825882229767 1760363683276 2152978018770 423199879100 1304041921367 214248116481 854141769546 1817055739985 817836076878 263350140376 940066438711 839015865271 764511454021 57234205765 842857759172 560479161812 1530114872071 1401627418882 448066075653 2112569142235 320546323190 429351260683 1892781415141 1421849197386 1244051380095 528323224082 2009302314814 732444276084 669165954741 136758168589 1331987591802]
[937533767855 484179864282 1698144164724 58544130511 609948799944 1551846316424 1866097180873 670019099746 113500902214 1742958449795 1067051417958 1208869858603 1423457464831 1095400777919 838467682988 816343899348 1417761571930 1162702141270 659046514317 1781526982234 1620131165324 202896192350 433795426680 2092192241570 232190481214 469454499618 2059343212821 946891703282 330303017949 1162688182367 2041826973980 142751689477 1718870331004 632811954235 252915789443 53717308008 227316710379 697559551522 934548213607 2007894561853 1248021189329 654111755766 2197756878322]
[1540789228203 1730524190416 998208769490 480706081473 1953411031832 370326285431 1212489781281 49044480679 1188773616662 1854151571274 1424326483624 648034728087 853227058364 507395742641 1527994309048 438819404148 1099544685094 111175573958 560144275203 618623782928 167747258488 1051927634149 1987682309373 1969910872827 2008089756636 1852727017185 933031695111 887553374806 1938865429537 220278015895 281157009769 1137665510150 366961604160 664469749695 956251722957 523457409167 2059117816754 1914931914884 557423762231 1066058299443 150287193891 1383931775647 1045177989673]
[1998919178032 1604613449398 978226544170 688880818794 562405210371 638465793698 1762914899839 2034010706862 1778310982023 348753797522 1975204783820 1052185552501 1070308272558 1973019587910 104726468453 239156157717 1461172383264 1257658137179 1705304782984 45709734636 461828516318 487272330228 1519970948316 594783296857 1998381593463 127927032219 1301740675775 2080864349751 1636655592054 1676499213296 687072776898 1394276355199 122850988720 1270176642349 690993193924 1722024520489 1094776670154 1537882869142 1481933133997 1390430597626 1914992947681 1850177921410 1233033576485]
[932516575709 820396166720 189821501006 829519632172 698992633374 1027941315224 1355407643555 1542581680294 795730717500 991322627648 1439033835490 226116607989 1719250660854 1805249178139 1712504574483 1336994935913 1121379169242 1513376635487 250807989773 2091870514795 2083751162624 1635552899433 2188849425580 1943131722679 2096219482029 1760182674043 639865725094 411634798762 544228880491 1147570899829 2103973820182 907582498387 813473189101 1627203151565 1246937480919 787697438890 491463415632 624287398126 1943183782159 971866188032 1752768679171 2099316829986 1373976968897]
[427342210283 199755823285 1608472672230 1718502339275 207680869182 1799336996463 1525611995122 345156916899 1893740834073 1767731636048 1001343366343 700084162084 609585364453 828353779912 1062584759396 1133952705250 833349159086 1342983984522 349224276296 1800896799648 1985723865697 2011615355932 1425815701266 1862446179995 1243673610112 1297448638541 631925122880 1201921302338 570394589413 1931736006106 1282941535552 19633119027 1052676879715 119073028235 1649230078445 2096922492141 599467406284 2078785447323 1451703651903 173562015015 2075729188760 437594891458 1413110087908]
[312865739543 497015752412 932886881165 21982469317 531562482927 1185584744263 986358919639 1559129232059 1778683572659 1343914599884 177730152709 1224222097047 1378589156033 360496562568 1820601317000 1944946397806 1452949391458 693816795121 1056175559164 1434113310198 2051686597324 922157338323 1175348464724 1206606986725 1233910406161 1825210916283 1037836603061 395072836290 1001548322832 442802811287 1386004953756 175252879554 945028110965 2029773984369 438377462058 1804813249422 2142164344476 526055938665 1981302957441 988314092353 1916369548538 265157861339 481563332561]
[136065562914 1755165986561 768472770872 891854834306 1096309860780 1574033953129 38345403483 679804392153 1229272771622 218664229878 817219571778 370821078508 11683922285 1596318826472 890801977293 1664017328237 1458477328537 914122974115 1296804391659 414839316337 736289112870 82705276975 300261292218 1162403704030 366917615005 71187873047 847329127935 1442626450906 544033949174 1990572807550 77240346465 1237296128643 1154992567276 82251236923 237865866155 172935734109 1348366222082 611502003448 770437309190 1550966243003 2031326748525 736258175702 1027820487691]
[179790106323 896223235516 1685291490436 1564000638316 1553677170434 1545706765529 1877968117813 549080569698 1918223726758 180272926452 2080358834841 972952291636 1908206856160 2011805799742 368797721478 2023469381644 176166311360 1433051817940 1887570035067 909249420954 1698582007262 2149495138752 1983878534144 116293874897 161562216797 326438348918 956857435085 1985359550453 652728519593 1230624901597 575488948518 353751772341 1318942285765 1759122726093 789520389190 1876757578012 1008949948586 1733336767556 133208904704 1788055244672 1711583184379 879492696094 662248120690]
[411248702996 1814430846093 402127218492 1933701344081 320200279238 1007544793792 1895849514921 1194975740712 412760110788 55028906117 701682940524 373925835350 353347128041 466590347802 258115643516 211996743126 2054627271896 519654437406 48182025597 1713621592392 51747957536 301084548370 1387363221168 1906947862823 2144435133896 856982618930 920950950275 1125556688175 1376986824940 1616803341354 1076958244869 1636991565726 1387838307963 553082104450 2170702276752 1918486962899 2001610979490 766149391117 1453070319726 1482867207362 2054855343458 1525665465400 759872865927]
[1251892018016 289664956960 2086644942321 1660421509807 1124757858298 256215495791 13731455884 613915808047 205011138236 2131083885629 941216315776 2072781076362 732258377022 36072286755 89104503635 2156985835138 1984629086847 1223228450805 1633727101893 1975102492319 324043007229 446713041082 1118903083568 510253648862 1274285770587 171456277539 1204384650197 2055239602136 234469478424 1686920773165 160843522188 1575507109263 910563890165 876332277869 690478903694 1174127292820 806322474701 1903509678694 776797077327 1009070617035 1025836885455 1532417400626 538157905297]
[1934384659869 287681231529 64384209153 761490394461 683096279649 1213462999088 886528535876 2027806141977 2039109324329 1381509639028 962410585539 570872650304 1861078997279 1743196277600 2078062328444 1148747288582 1629557332533 813188368443 1649981821343 949983257533 72962836208 956031508792 465393854933 63083147539 736406931123 1605749494115 2198126431039 61027157361 118507123054 1273585149447 1282984659822 957866625375 269124693732 2181227811652 1565181811387 1405723013480 510016425085 661348818136 1473774211739 584470329814 358722169735 1795959530886 239276267776]
[1818080923289 516961606263 1031132214662 724088373046 2093915508679 2112425530021 1208757183409 1854647174465 585087171035 125860041070 2147037979862 846324579960 1577657649371 1470824944157 1095222954015 1607152938533 1170939683594 2190464126125 531611666945 1180781664662 1206128646439 979475525124 517952020477 1077223596171 1127464270425 649616604370 439113450196 1393661335321 405945867128 1673293386553 1125367295989 1226643405585 1145866598542 759712079961 1131049701731 1918282157831 1465803071518 2187683026647 939677570917 408382300146 1237282247089 1805854581751 126975208599]
[95997210057 1166600810536 593197476228 2188720280664 687781533893 1654021882245 761577477295 271539254918 818033905396 339836416259 809008906453 561992608368 7731433754 1968037390318 608939173848 2153109502864 290725885398 1640337171031 1763418021186 455641360352 1126657789841 406639387127 2015646694919 1829547796258 1978040799055 1702377303845 987112585182 1728206812766 144953441882 1694918167552 1140951075043 747906196478 109566147140 2170083769121 5825450483 1345996267142 1873710307972 1916969864472 590853216369 884982104883 1429022261004 672497744918 1058969607181]
[120830382069 296639434671 92891866296 69638384979 154956992803 2149129453908 2054874142150 286760392713 794579695139 887595726081 598289363877 1996910402240 973560216143 279553900539 295405660259 981411649823 2140729844798 158046870352 2095438706341 1910534762757 868986832701 1276803390916 1457154801942 1231092562446 1412333706906 1632682567993 1054928465865 2152034346321 673594996856 916216265687 1617875908088 566557211060 1296809295093 1440280490119 1721689228421 1094423010550 1625895546830 186942455784 1352632839410 1375892765764 1596439337745 1068159655437 763037803220]
[74176627784 1206716909880 932514497607 1866095083324 1666086146028 1408021537056 420573082981 2007369874145 63551181735 556109954056 77044188752 1024899933410 482882589397 960427990165 1131679001744 669520946610 741962693096 1946352314295 1147394327939 1543892425798 1940176601078 2172054512323 871091732201 1826071155718 1176259825196 636397322408 979894635874 2073061261848 1296140021764 605294744857 648777824813 733001102004 855387671353 1490163640058 859540460220 2132361043975 999688035980 437625753198 1183353590522 911030539661 689321693794 226417935004 12755031209]
[1523018927694 402782758363 165112789085 286351076960 138576008683 1932144215216 1662043108958 1292165431186 734751152131 600616007359 112909560503 1975420078365 434602751766 1716349972058 534600661276 1653211691609 412661077717 933555716961 2010529921388 522371043189 781894302994 261584451454 1982993389258 664556408480 1957862283141 1125487491363 2047552629483 1378536567499 479899921298 1548685157281 642740154415 56601403182 2180471544912 1738707349360 1074032131095 723472441992 1171483162529 1564192279959 1715457743782 447824921380 48151293596 1537563229511 686611722903]
[1078665453091 257496325274 89214899328 1112921109908 2100119511710 1893516766197 163740918451 1563705576887 845432182442 1620047831068 196378237616 1050133527044 370657409058 1965254310437 698790585502 94089446585 2053637516925 1793355829835 2148405048084 1052805895469 877045412311 1832645548315 1088287724731 1882874677970 536989713843 1290950145111 1901834920296 154925445270 273813844466 805894110479 95881600209 303044897026 1411959859813 1249504591220 1904115495139 425467592384 77605299736 1124249757537 344069947773 758563281471 1801006164199 1595605348219 554169972095]
[114612220001 954501030668 1237991908763 1100522899287 878104875715 2111694830012 910084573104 2006213535972 1767780268682 788274280796 1101554093306 539968876299 620394375247 2003374228698 254840516302 1970061652018 286292382019 857939527025 1835192522789 1186204358392 1152078188099 231670226990 1062306063569 1020308216858 240563114580 319018390283 2086210353650 1661614009505 1286306012085 734968594491 1834344121622 1940994838597 2052930327178 997523762910 775524324081 768861782172 2073585655774 1867449243533 382015259755 1067922708729 947593477379 1231346919830 1114775766629]
[652004905610 910672898746 1086202584927 770437656984 1506422597588 360085989857 533351260130 600262315412 859297149390 820451384429 384763221830 1654253171450 961825264150 535158575603 1161614977886 137194504392 1431117347634 1241870359810 380039246344 174296472203 2094773422231 1933953345518 1836461040089 1286139668239 488791862029 729227248638 1693038132309 1307476144593 1094354939282 762420086989 514147664287 842788303117 1945201618597 965102961958 913800684331 763866794275 1363123595459 306734772818 1164934472523 454738417872 612609470884 319751563374 280780534355]
[955983535244 1829875442906 1499904080921 407271527267 1534590178137 1642981165043 907901277303 1702019335683 2105514572782 83802278838 1399006741341 698760964047 302495338312 1168558727004 2136984931168 1029079887762 1991559945275 1030146354262 1512715138360 301906419427 733681966232 1841704214709 81905088371 1303877646296 2079903746321 833229056178 643534786858 1847083666814 1633485339955 966914194777 407361805354 1614620759176 985814795323 1247882832181 1617939829769 1153364071271 1441737941203 16029482079 1682347181167 939063245338 524334967174 1913592485170 11822170294]
[1495447415060 1182398652946 2111681551888 1081273601504 926290149837 1936703697821 176359095487 500435910592 1223731266609 2036278472964 8934002640 1359521905213 2028921189214 1426184246557 1504198147618 1147492565735 1018499544525 1068416349283 1086839832328 1212500412631 1222097111096 77578933678 1423347624082 2009482392926 434229916133 1748200850472 1499869210842 127083947189 2164139190702 1844689351395 1318196017938 130706756674 274710446946 1747595949461 72191629231 735199025628 1928443692488 468706964796 1050567044372 116307195586 17754402841 614852459824 1664908177914]
[1535818993053 1829089657137 1103176363054 310922864929 751777733487 1815900924631 2009671446457 174845887384 239956023917 697035624259 634972118948 38999580343 657241298307 1521773407244 453178086574 733145817258 1407561791933 1971580720050 587727493500 1742598792378 1889469889167 1667495634460 378144964969 1888866001515 655605322693 1841926786539 234605316654 1550508372258 859648835812 461058218271 1181592421320 1915159810083 1543140948794 56153137311 1466521583861 805085707088 1049041315534 1302499593899 1346344327226 172259126271 405012080823 542058212134 2104076251843]
[1558940620029 5361722854 1381255825333 1017690341563 296149841448 1390171356893 1522204072075 2156033134320 647424011192 1573653980566 288006330667 318200248287 2066398709527 1833211637662 2178422437046 2107248836009 1953514024004 195518623857 46031114453 634893063696 2006392128087 1631324948988 712703509082 1999962133928 1674409236614 1642153211813 1383631992052 597482454076 1064857253103 1123154221950 776779212724 178807510900 915890147172 1145601317023 126817119219 1611502657740 1647843059295 463774183758 1325934104343 2120868818107 1940300374950 1910019452019 1421823344313]
[611349113509 485954992004 1806119542654 584242722559 1728268088669 1781888079736 1941759302595 1977398168533 1434357429009 285728695484 1042125460937 1974310497898 77741104372 450987567428 428809221968 52959985339 1475205317070 1686294963452 772927749595 1904755418411 2147502624076 44516930146 1503876120484 1732554155314 174089266874 2030082843684 1035815423355 441499044019 102328824412 741867643885 324852767607 1546379540408 1921279674017 1187897987684 435257070448 680103939177 1649894444764 391527461557 1959898790883 118955811299 712155074271 622919650013 576501036754]
[724046394455 1630430821024 1313746239849 423524655435 839925446662 618357448072 2038570379081 1060155499248 1924527945892 770005746515 546969235142 1062890345417 2178399485359 1045730475245 721736875945 11338860898 1091168244886 1462504038570 1215238048293 1976566627182 784804106156 1718783646981 1996760135537 902231129900 1594298134144 107015698083 1721978874223 436788040678 82020276179 1183810159661 243948549746 792600786207 807601017998 914335453564 1699935633079 1765918592906 1425513441274 208394875617 289512265575 1851870091880 345772959256 1287977906877 1400060799021]
[819642043952 1887896875224 1607301791185 933645481661 1852981504891 1621784325319 2109955663363 522798073120 1032584602058 1806909174686 593629019560 399067941575 2117026364075 134929210167 902789468760 1731937558607 949625538583 881004154266 1314965890781 550674641605 7175520110 1488374069381 584368125050 916179644004 82104144353 1899141905597 1780653729970 1192393047535 831725457705 123716319665 52613140270 478035451811 121972122971 1212186693026 2030971339777 410689125150 1708409514720 765027762223 65167042710 916730941068 2107733190022 871905645485 1532253530758]
[1993637543910 1459674156322 1270775150792 93950259155 768301110872 617734426656 799136226499 2096547920176 2161387573509 163355689768 831912312523 1564343341689 641112506453 748324784551 1747231027596 284707020961 1218467691445 2198246174125 1324145539765 2104790703611 1788412393204 393107242881 1968242028698 989756610775 1135592233304 376186337979 1948511174394 1953057004289 1604137527276 1857186058659 2054314755133 538494888878 1775432685665 148096176070 1946734713855 1623295530443 166226338726 203942430289 1221010819389 2156566678368 925213723431 1505923224864 1231089175214]
[992796059782 1325709545163 638671767456 845298832338 312737823931 2162284439699 744402379870 1459090474125 690044449490 2030191768080 824425267850 985026430721 1083696086249 1588848166764 613538256532 1726040541801 947427876365 818082072717 900643627740 1127709337565 769610045766 247320574026 632953822899 1679674611697 28158814195 442441457883 1757298606931 2114770826075 497253525480 1200696240527 1455547859627 2069934247988 221845086563 1079559757235 881079223986 2161918549017 1264547081407 1226656791739 418557054181 1844864675254 2079342547990 64107412754 513923535878]
[345397396301 38395638116 690873978400 259910757392 885368430906 354757461653 819305985404 604797985183 1625229381121 1199511261196 1891120233420 877370036208 1986034344202 1682195921184 1062129039604 2190815355943 1596794820689 1286839241068 1411099196522 4196268187 2034065858252 37688702226 1917534010507 533277743896 1430353922435 864361436431 728901768304 454575167972 1932681038288 1338719578801 1639516752812 368872071309 409635372465 1165659947272 1457441600096 2030405273028 1372061814755 1984048183495 541615183884 153659278708 2142895850523 809606783230 1375112341328]
[1702384253120 838576211182 1081447666480 123248044702 1923406903715 176767891659 2052844203003 1894507364233 1019219220482 135123135025 324110775803 375957756778 1199560441313 810214562527 252820357863 1111205071951 1268535267043 940985111444 1306520349460 1006616515878 1693888566416 1768237500088 979381821373 1031990593769 1518736632181 655867184339 600597722340 1959871628087 983819154765 161643261339 1624505178149 1120303215756 1379954564635 869311460912 1835498653971 1161284408428 1872381829047 1182409505740 526791247327 2039771472731 892962329329 945072855499 307175219100]
[89681877803 477569791512 1288757234678 60446482892 638712219403 755731152401 2073929736862 456482137189 2159979635191 1275114967317 1203125705531 574932362001 2180495598013 1185997124570 1516835230189 211755069881 32429604791 1945998901352 331585203758 2171862739881 2065963026216 2106195605090 1168984720869 1033798025944 1005735232170 506321876488 17050559684 1657484212157 261965901788 1997868470498 369397151504 928974239535 1348262686205 1806741901922 35107386964 2099106052963 755118700317 492152263150 1365342828567 661730855799 378857850652 1886289184596 227660044471]
[1397628199405 993033697680 385010020398 83894099818 622868134295 2091471496202 395235849396 1435131459811 1977383776712 833044028229 954345002570 387097908870 1369408679736 1248460189689 1401983687222 1191879647985 384605865208 2195710762030 1378837765817 2108900081404 51083078894 315686647824 762117832471 1374070239588 35551506374 1465326977920 567454985052 665035143264 1051244935369 1494709223515 1036978389950 1780571603885 1189003853527 1085552254208 1425903701465 530855152153 1340228562775 1010002406415 1071101867682 2081761064530 380143514961 2015565418450 486117598261]
[481448254219 1898696976455 1309710464681 1684560335908 1748346911689 1337516967862 390892750854 1855194708519 1482543991672 210855329335 1133191928463 1849462668649 890687334121 1222487192699 516153001501 1420316097760 879585231945 717931360909 1245209747502 1209052888672 717707662235 83254839588 1483921709855 1548167802096 1942581029377 1592532026139 1813230584821 1990674273244 1089206729955 235973278490 88198138748 921128911486 982405508763 536497672765 996708363827 497740453636 970122958415 1070155491798 989235949900 462540273050 109420670462 1972142641312 657723205670]
[808083560427 720772028273 759588270970 1644346900899 949364270084 2115493912376 1981209521207 97346522436 1333211108938 2155259910762 2184421953533 783222589743 607949467395 1327926299705 490788643320 1113033208381 2154665729212 2160700243670 1139491060555 121376009628 1520887003336 1546984977651 1043589582260 1070747473970 964026349354 2051469593481 733956908800 1587758109530 1365193507719 506941211583 79496618707 561142410166 2170090359338 76797790866 1723284045629 632587823565 2034895397253 824200847156 79894364562 417096333149 1200008672745 2169160345315 2040506427237]
[1492219290167 1381214499052 1608474462626 938280195802 1772775154160 50264181147 1888636883453 435123143663 1043685838798 937127033277 1746569308539 376839494405 185243486439 1534950557786 615122765277 1517915999561 902686056518 1196242762822 212086654 1767689817362 1581060317942 660780895353 1545439617500 822479625765 1465917080635 1929206014018 1758576614362 1901876758980 444097236860 42571493239 1805222042154 966855307417 998144983878 1805476758186 975405804366 1012908838057 2118581922924 74802747062 980711271792 1799279848912 30855259815 2141967401599 1048529380611]
[1858730244616 730890931518 940651888825 1035753612356 1354572194103 2050691529295 1926382661277 1102976065063 140931417647 1753251504721 1643579792967 1908327717765 2080309532230 1866560528956 1208685164106 247401378572 1031723639934 1055454281611 984294840018 113750438217 265900437219 1311648266702 1785747149780 833313755388 1440960606194 374389485863 126018153328 727095125932 970082996221 388259113574 1720969546502 227889879275 1507916290683 1231163683344 844083020951 793141717661 521509482993 694158248564 272075093405 74449291767 1672222821057 2063895711876 126132625476]
]