[[270149754998 1797610688835 1768207414940 1301010306238 1103394731287 1524574302359 329282055727 1699738971374 1904265044224 2197345608095 792183696545 1258016708234 312926650460 1485376391154 1363723519302 1652320833700 35424756071 296095475454 1699487931305 1922130317377 520650548134 2096161355631 1978126229233 418104785342 1192516438763 1892393121316 215603959145 1180836210388 677103161909 1545141520800 1176963882567 1735439626713 2176957772862 91854867887 363921723372 1589090241578 123727283901 2019278735947 1418067345595 1019538391575 1971048435371 331474495945 693411199597]
[1470227770339 744041264702 230354057460 941113040119 2180260835325 1111617192976 145889128985 911736657128 425176289555 723739232885 1684448207809 133874283073 219563282621 374804411901 881489223201 1499389591043 1769774782650 1063955484848 1311964127323 357786202905 130530563950 273198237773 169421700397 1151883279200 1812524249800 877973487767 938647005650 1826789488568 2038763872718 1095250056816 689521870279 1580447525170 67145702001 389618029207 1024123753928 2193491918069 251812497753 597745074207 33709786528 277697764934 1096506572136 961311040240 641415486845]
[1081637114060 2006161498103 331545969713 968429224268 1145622723626 2035520402822 1542325900373 605499790494 1528692172877 890586831347 1927348181045 1752306374742 547087592080 179265896070 32039335199 1756998569444 414090492357 713724102515 1054685577732 1834855955002 1682167612471 1110932531138 2187039737085 2010534905255 630257040555 433710717682 1962166519968 32014418764 961917472260 2026985246057 914949707174 2069512624920 1489665126946 545979613717 986586484781 2159164566023 1529132205009 1255773096811 1492441990983 1857789419526 814350274566 1190508960833 73983919421]
[653585970157 1299754639761 412099338136 390612395278 1833955738104 1097526098536 1432972843803 574942196475 1828272060094 2001570416307 1265517799163 414415089727 1255233522445 1193990351155 1586413257245 2041850912098 1954137828192 166394755005 675858244222 515864245594 587232041737 477444493513 499046529573 236965593512 1571099371137 744272256 2143699853193 1633304467857 1979273573525 1214218372969 2146560710999 1527376340599 143915389445 1943689410858 1176191838780 1488430388771 1470491109423 1088756599626 1649153072955 964456550428 1017515270171 1331872803727 2181419491572]
[1461952785475 184431257524 299808312590 1020909688807 796952610652 146270043242 592531616384 1592163954828 326394189932 730654162143 844382751269 437904532668 855642741030 977945803041 1512753093641 895456101948 2123377941734 231044124340 694884219557 302607629828 47459675400 709404296876 1429413461447 113321354629 831059383968 1362735088697 1696027773026 1548091147060 332291385540 566288603318 256162923120 661312852123 1812809700997 1214102046170 1307908159238 758724575108 1114968642653 1460669310255 907145510196 319684737340 699721084301 237655613833 741243094460]
[484634017444 1728638642032 85247272144 73152760546 706853650598 4218124749 419227495957 471101455129 1015979313387 754027311671 1978889533048 602616189726 2072829870886 1866263196662 994618914426 426799944516 1063912739970 31344061043 2046394258718 1556681551650 1465069212915 994661810608 1238894936071 673322414701 1758318610710 2074375323558 1986140558347 1400273011358 675692907637 2089753451545 511598172463 603702563998 215354962220 1982025208407 1642822884579 1818923408008 1938681136917 302998016996 98221970511 12660596032 701979758208 527264277992 1361615438396]
[1634402647364 536775852535 103744116027 1359327717678 1437287023822 1817132613431 1428595063865 629115232507 839491278815 845727584206 631065934182 248630241855 1362831032093 45210669373 435650837364 27673539516 1432390016902 178329425441 1778877493720 90216918633 1704979731220 758934065328 2185908572163 2173069103187 213011655970 1139668825069 1672996859167 1445755729430 1556236365359 290839834315 124428886500 1970902679446 1406639705728 358578143042 728661778337 1769727816645 374532280952 6739118591 784999640694 17869434349 107573236582 179197368860 1155740887602]
[1741644385556 1522877760412 183027084050 2189889813103 1039511670417 381074267128 873121342802 324923415709 89844514680 1968213139951 903541418615 1218215335799 1430227612118 1219856480782 228189825769 803774986006 1826451924320 930768027339 1880944833533 753706213680 1526136993326 176498857444 729905632538 739231769410 1634762280610 1421198252410 1140276009727 1837971568469 243928564372 1726220351518 1388274006546 158086732262 1193047371538 247473500740 288373503322 421255405130 1121517891962 900788822407 1598365573026 25958099797 1403654975887 1601939105880 337678024384]
[1452936125269 391717114331 477827932723 1499143175400 1099542160124 1119272213383 1722155150990 2170850682515 554384570696 786064133952 1118193288398 841087425496 1390446811737 1459720815842 1348553337653 628354769590 729189461193 2050716590863 62517065897 679859632721 1780501221857 818678461121 90576686761 484461197265 1124370359671 305136506677 1586035658561 1012629937645 1897622465117 1126624248297 1040902357948 1252879971463 541619699210 1983767231978 59524704229 1266662252643 1986558887462 1968241980386 1070323782473 1299986109282 1141115378048 788908326650 1561451758048]
[1011217607845 613273105444 1897934519357 544787585108 801369633785 1598054066727 1512002022650 445288761810 1843316185828 1041628413837 420623343889 311336244441 139730630607 1196526854830 1916816192714 754437749701 730519087315 36253111735 37032023999 1890203483378 791008794680 447312016816 2060156470622 1896784724598 974029933018 999813791470 1107634796221 2082291752622 493455956449 1881303371694 304451586951 1531387398899 932567042801 341363887034 256513698600 801484716280 379453687310 956766643761 2105922536493 1049303681966 1933052120661 1167996859894 567710954467]
[1770397789374 1419133408673 943261614271 1959158010317 433035079029 1700908818473 1729764163211 910111148597 38621734676 1913287896849 222197469366 2171627855800 2175872911760 711508788683 2031493728664 854110200064 129682578732 1752323408640 1568051611960 640251033735 1484234007536 184765323561 1826959402938 251326634557 1440053624962 2124669362152 880044053524 794916644061 1732811010139 1592304700098 1892317242146 303784344354 1935953677879 1067044589152 440123733149 1789976302301 476602162313 1028424784222 2096395082189 2162848168843 1912193291002 90994835216 251528912400]
[1410375694376 1634951179969 1914594304350 889263984684 1633713847041 1449612940323 1149473017588 986905929787 1472602144714 1976424067114 250718825768 764025934227 854142011593 1602266102684 773219191797 1879123507221 820027888819 1814606430724 1540987586444 120649570168 759588813744 393905843824 1471614671166 739491992515 596510188540 1611647965094 1704259498444 1780907049600 372290437523 750084483647 1182369222987 1924897731487 1978451656764 663167029741 1941605392297 561075808977 753727630240 2066279692435 1386748213962 164607166439 1022407474417 985297929197 603043337530]
[13589711581 509553412871 885269530864 993868629090 716297221056 788535936516 2099404398468 737644843008 1551624966449 2098081597391 136871599265 1042233137309 1226206340127 1691688131185 855153412042 2043956964699 469541111723 1259598676353 1882774680807 209448787096 555774194004 923166835398 1034324781260 1912260018102 1670849742540 1286756028624 881477886217 1452096771015 1102089358828 2099232722227 1270005230350 1441919890715 446060946561 414397245660 2027439880296 1185003526046 1766658927740 2027709391268 1361496917911 1821427230912 1241764198940 1874598577436 420717392512]
[315718194301 1323283652449 1383206610473 313362001456 1290614879390 343077142399 1096913684158 2167963751821 100774645331 141649192140 971207376482 2021768291112 171164553875 1209442124305 1165989666728 1400689164978 1220538728725 1835215740979 764591137657 2131783194845 1477612271406 2078336117097 1627307462627 673781872412 74256987880 1027110205915 590838854947 1658242864345 1122759907986 666096181692 1017315124701 1999378646160 866584041226 328823403043 128116366430 1878952996385 2146375829884 92254904738 1790164777885 1544167261231 141939813279 1646252671357 948371401974]
[79741172084 781770169957 1066634555857 2190807912159 147088214544 395825335601 781019923101 1878086065482 2193374060643 1164101775194 1386461552243 1193723022907 311401547062 1122386742074 2000205458828 1691498964856 1572569548460 494615173811 498310853932 320690882011 520720969461 190638792290 425559690669 183731352935 1088069563842 1219370370861 410269524509 1039922746214 1712812346464 1277996711806 1008816654747 1461453924724 1127170579204 1294262169525 853402576657 1810520973518 1681488723132 2048277280750 52648474066 128830391883 1232651919677 395297754582 2034118638853]
[783236850684 889959039044 712375933229 1678642892652 113303323442 1108036014770 1777912988044 1222351632464 1570366389617 236491240973 2006134212990 955280664303 106232499598 581889660796 243158523990 2021040183641 1236296343770 1955807421173 439745395226 558744962960 6576649040 312533937000 1446052745447 1783169840342 2035765840426 1764491762456 787333386363 2187901372669 779901849899 2095717950542 1776135707601 911227350408 1605932670708 228184063418 1766899691559 531283286064 782002720828 928260916513 1397870742512 541112976208 2038162965808 146675563067 669718036688]
[515950316379 1034394395288 1401139733517 356627437066 1898359780119 250585356395 1670493530226 1571946715470 2172936901709 2022309931130 1048570852848 2011040813851 210342203649 307448722417 646735803813 1938124941746 1864529137342 518925213816 984873869627 1056225316064 1591926334660 579247153507 1171000946564 535463560938 1023979197391 1900356808066 2129893891514 300186662211 2189325018526 1913885616659 701656247674 1590021873449 212665933414 1383238439784 1225246536689 737361029709 1512285245238 2175552946898 1051913189669 1688171495109 2054203203936 491795824003 1584353955807]
[279294841759 1131778846482 153783518062 916849128897 1337724892999 954310573243 419039054622 2174014868245 1864809781087 1813439474278 1057413971147 638938949669 25026255841 1400700178393 228206992570 815598716154 296411960507 787055118448 18380008908 153260221244 115792661171 1056751340598 1571517922459 1384865075438 1236025638336 446450800143 1490432656532 797744768434 1319858538995 318967982492 918787786074 26919984795 1013337028764 2147220145035 830044695782 486566189358 139517623669 395495899663 1319950650064 1311825273967 1935869131412 423917832088 1636696993749]
[32535439640 1194214060578 1951457387146 1830816964114 1758017527258 1727077528216 2151235977786 1172296902174 401407919967 2003790078469 1974428252017 2068794501868 1756764072129 2067381599370 9319469762 2068875940280 1313935309311 1036037447076 2014479792834 1700269635140 1814883731638 1745298526854 1765493732630 1265327177344 638378773960 1994317393907 424031157416 1737458523018 1668496666178 76201574106 782925152959 1409751508479 818480539701 1859438753273 1798297249025 896053470541 239075508746 1848962878056 1687337647624 959813489907 1264626846716 1198430500549 1565495406630]
[1581543667095 246715093626 982985653449 104728604695 543312844250 1462531977237 1420986129879 1613099657867 96447670610 1252145726640 1662834892207 942206466389 1221012316866 876794779933 2103822390581 1991132123093 2088127119344 1957966969500 1898733983803 1281388952790 1915641808214 43828758333 2030319689089 2042183826522 1125010323196 1216140162923 1563896481230 243109862145 1038605705867 739543778490 2157120125919 1302980632144 2028651598627 550981709946 987516205587 1464189019893 1311681416652 1753208917385 95287299555 1858380014535 1379124501715 149535762633 2073447615467]
[944552589462 1386344955442 453304247426 851817531193 1305721052439 242001129212 708041611675 1171383536831 1338909846019 2014412347952 479991103648 1875233297671 830292218280 327424795492 1959362055966 400472503964 807725108842 911959286454 319733814259 1850588758150 1231502480028 910737161638 387930035353 647240039004 1964521545162 1684252526648 1393361362743 1062037638575 1080348336601 1175230342725 1235938244121 1032158429837 2128279544191 2039637094664 1998123584622 882042778672 1662320466820 558329895121 835225749611 211522088759 109789174977 966766729832 1515547656161]
[225619208291 1999677232134 816428173031 115629099949 160804968898 1759397684598 2115096818237 2105092303073 940351288196 243288607598 718366494379 1568589824170 588827095643 212655916961 583490401389 1754641548850 773362284032 979304838950 236478094593 1740525296644 1846864073834 1561154833362 118698644011 1550071426834 1534894957806 986150343717 1707897839271 1431144505325 1018944927288 1744960081762 1817364895497 1000862995625 1568625061387 1873781863409 143037057281 275083001697 1827371225522 2032502157935 1760950525939 1971345424795 2182960105636 175881452825 1991535970301]
[1549671186133 1683527351712 1297122507373 1076698928267 1691892963866 1644915961758 653625850977 2096666942359 1074975984444 956302965166 335206150486 816448648870 248981518381 289237453149 20811424165 311178589079 1427701200561 1134736965844 1448587365627 2170237208218 1585757231136 289440591431 1253140276795 130995246538 1513907985828 925431074905 1510934362700 2037921704399 360100842587 2188122259452 2104761836642 199267753811 1117716737103 739406987428 1228896878517 2116092721359 1345333291487 1679601626504 637135723126 1347648084819 524939891760 471166797142 2087413390871]
[1862233728624 350298712487 1518698672346 1123464757520 2023281194473 939359926841 961868497269 1972112988020 272915080279 1075776675911 2135577708578 2040468209110 1752179365827 2064404004733 1478785573919 407779983558 1286887669927 1918562911425 417344558671 900488925223 856850903077 114473792748 1018942882714 472856002867 2102623369076 1381164928697 1231877368770 1033858931192 277706831746 1321441998585 592673086434 1248994929324 593116491718 2038248197744 484946007709 1555244131597 723823312164 1106059722430 2075419866287 335805466804 435691322393 1525691594398 1890363946081]
[1789882884644 502832749653 2063840416870 28330611157 2185814204803 1140003041654 1925829540937 1444649662998 614192209618 662514681261 1563575289188 652990866534 1359968154137 1248436348053 365564617510 879189391582 2191560504543 1202624466810 890170275791 1442105254509 1705966559433 2108935429024 1549215386170 1692841843355 926901418424 327385611909 651566642945 627519570481 977244950639 1705567339501 643399516445 452021716102 641193656550 1930259360377 1744390731521 1380953942767 896967996858 2139619229604 510325096977 1422966580903 197589449790 1966697237512 785875268297]
[1529201663491 483336545037 710326657476 983867606307 2003490290391 739034765684 16961703998 1825485161163 1776120266179 2081934706201 1768109939255 318698657699 1258896722019 2180499933701 633098545802 1864615058108 965035548852 1015098361739 1297066164504 1217120872005 904266043506 117717578779 1733713674880 379133775201 1610688382822 1013159498768 632616254518 2190623417271 194511064843 1469530778984 1207187681102 1884475960730 1934356654104 1614673633477 1208311536053 1892983608189 954955662354 423349807859 1403946080080 1818332012946 825193465362 1313298731987 472482937992]
[1327952439705 1725915919279 543978558258 394601399031 1981225647237 1214870434704 1426709938147 1899379603275 1257974862730 376036905950 1400044821684 590397318194 713619318940 1225187476601 497443352501 44883304612 1561749155403 1245891337312 729754457112 2119019329746 898535096192 2118409245858 981335539362 545995033920 1267969594719 1817063204177 1969810143329 1041752871417 1599377044549 1101300574200 1117921690645 1183251220826 2189377110615 1466672025320 801797026548 227867797255 987251247685 1392498088042 286305867086 1788218860281 1046172782694 1944823359298 1565389613949]
[45327704057 2114428825669 1830585182924 936565841282 139597773419 1891692989512 450637899339 752706351845 595212098948 2150949764451 65669216187 1576420135174 1765486587368 1749805335824 86749520584 1471928200663 1754065352198 1393897406732 704578402303 112578823326 1831305316089 2134030231578 418057277293 1000461744248 1590491706589 412311933083 1290393756634 1362289089289 1257465143571 684159752136 249747602327 1984476840312 33046678733 1274405558222 1096014187374 212909710144 1015131964298 262150446340 747098222964 1504377746516 816181840884 145555418940 1373294127466]
[426134489089 1007146465170 1127740227295 1184627621999 1364326134358 1216712695475 1528646662365 2107933448065 1657579421390 765592299693 1288004050131 1190192037310 493928436772 1132429306841 1185638840193 1234620614162 21408752646 1361058314614 406319283669 1867936867561 221769975036 254120468788 373307057274 1519991969611 1997802658251 1096020391090 46066648318 1550871406653 1732265492044 533198912656 2149790926225 1754089719579 1268279488021 1793441581942 305532101895 521240551966 484344880392 2060499798931 1530244930035 347110934043 1096803680047 1504444294142 879475858712]
[266835083332 1518678664232 406648308559 1725513707680 847856020555 1651258559707 402815637204 4966706297 1584856418689 385980149176 1532937456029 1987465643298 2161276987689 398105056965 1810480063326 1049947362544 1884313701441 2041083686537 1949343084318 219761800913 1799163047514 478299662207 624092757920 2013883035746 430234365181 1007576870505 1140213025561 502859263185 2159787360611 564164912147 1180208417157 1935980034527 1277105995126 309617212368 209146741303 630853346529 381519177734 2005610555114 1372011885145 1356722458729 893377926638 543031363550 2076301535249]
[395281857892 704909595780 1069325385217 1813812266668 1957098061121 1327190312226 1806018207667 656690881665 1346723730944 899689781615 1322013711366 310652569552 172747341220 882987957910 340239765720 1032644400824 203717198490 724510669744 301121161767 598115493268 798090511858 383516031775 658744003761 1549928596452 2152360137201 1842460939016 1885733052388 56371026697 1874306045930 1956501365748 658808207378 1499789284927 1136209338984 808596073296 1054171665838 359710698309 2140275389058 729115768256 720254581588 2110296666111 825445237460 702612577126 980787392667]
[1720185421817 741474123839 2012541537874 511824656971 71025388191 1243059551138 2111906425711 785687677780 687226585902 1723115810963 1009435566240 1951965300505 1271618007511 454842707043 1143901666925 1170216054483 2152034705697 1666588363674 909908749113 1761390165714 57581101500 1845220511884 45116737468 907512406350 63848900029 1428411162150 284094260620 2095691961431 328280488168 146520632091 1293499757835 1639127810384 1117335599816 2015219581512 2022578695793 205329775121 238070616520 1937164404011 1910370272112 1991215097579 637644065422 94567807121 989393512649]
[772414491730 332516687694 1309286360739 1053380068673 615765912142 330800966923 1598682767486 504725289792 2064585469680 1750790128693 1548331364347 212257574543 166330256755 2075446715797 2087762864310 1734202427621 1958026856886 199064398446 1411408012379 2143555321825 387883308621 1499979860669 863816772313 894678790338 133217444904 2177680010864 1893592534465 446851935832 547090226 241487776341 1747866681379 1123195108999 1075449064446 1149476137173 1685117135459 2029984644645 580012611822 1474128082121 516871965160 1722331872555 2165496315638 1514380514794 1207495460049]
[186424672815 1498045971381 1120527813606 1501254882125 668079674292 1710526942520 2066098703106 486484271596 1838950767456 385357974787 1262651473186 1377232964718 405459424766 1997379170173 1804330807151 932178018900 984935621379 457718568669 683321768600 732450703949 793359511702 1413295318115 1912729638442 491366765882 1805264514260 795361525258 253293292981 1430322208860 789082827604 1326990517251 1460716347002 1037979562169 1603053336777 1852559929896 1728245341458 775738792867 2112208553354 1827509790051 1934009001209 283132277520 1604125473734 1603086677152 1608396321023]
[23487317915 957917382247 485055442881 1418393846639 397926595966 467307200806 1262255200938 1107850284918 1129201119716 286347755177 272198220771 448223541379 387996740471 664237630081 384818206406 25571280946 1976491961691 764770345717 1768892092851 903896470467 2133437765501 526800451017 183370887226 1885292176619 1620877107463 722886920538 1621923225713 1864213690505 180016407036 1695040130981 909383057605 1369344442279 798214367087 1643336442196 2192816821342 1599710542919 1499118321993 1880305427729 865852033307 1710490256070 1480502406274 1047149454278 288872796558]
[1588393965517 186039602011 447311310052 12495532012 1734464546558 2041342678557 46318349238 1817810866557 651654609196 2136468174804 941363181257 1588252642442 2033488613770 2065101569116 424973796912 1268561325282 996965116770 890698194317 1339856003604 1487879805605 1793042201127 1956481092690 1430123004778 912818174318 1086508561059 146278469004 596344640010 1827888064672 789959442764 120519093956 1511851616013 1334571713498 970886667409 1888191028303 1738272272676 962851143782 484226411471 849107577419 1547867527507 1372267848310 111922240253 717822018861 1798466742908]
[558856842713 255796972199 1033821197118 1184119374340 1456098637949 1357624157345 1965045137033 1000105155935 1276024123754 1380270622418 1272912940265 1982594238095 384083919052 732036805403 1910977107004 1977607328597 533234395354 946096065308 1011106011014 1410337937501 603914711329 1853750094095 1196644751190 2104821447225 759814628171 1488768525955 336844459453 957822395061 252290589931 554163936357 1399639113351 70110897125 1774541305374 1191536689638 640912895191 1338266614051 737366835848 1329956510263 1471334714023 76004008993 808509063962 1660922903928 1133455384062]
[1274963721000 96686992026 620857592996 1687124397777 1849920135225 1886068300235 1453543180867 1772113695254 830019005877 1879270564636 1188075814156 156953952137 1167373884461 1320453381616 287317289859 673580459565 1194522473781 873754493875 1315412372518 1567571040482 1034851938348 1008663128769 120653812421 365535444587 148764805503 1407361568425 1467475721765 1594947399469 1031976166306 1140701346046 598709010735 1294580654438 915850715792 374994377303 493192269148 629305992027 1325303595274 1219890233744 120451323943 1985486902382 1955891669512 889784298018 1955137678636]
[2131268738343 2007092881084 1808806795299 414740558214 1536061018029 238088006901 1270870328542 8878339073 845964513993 1672958502232 339982919274 2059920930845 460501171876 1432074713232 97230439495 1836262862301 541351986367 195443674206 941832069067 1341444147597 404610659 1406984075730 942571717538 884165678053 1041676415019 1435509012836 2019405341525 114088335794 2196104776260 176609515209 1300018028456 833064064934 120543917479 950400889985 521006910522 959054183783 163375295485 592365038094 830065606858 380873506384 438654597764 1757063787459 704231860490]
[1890867906272 339885910090 1846123585841 56274032910 1964609262308 1493365421914 846388571747 498656088443 368679156907 817863554726 2092980172459 485723104103 561945186681 213890278075 112052238146 842179130811 863232706910 75796465166 155045862078 1580114259429 480257204186 249434500430 1751460832613 139131215738 418251902121 799300953492 1146896397478 1609443816155 446361639702 1738102298605 2040510702698 189756404070 176269943596 1270722600611 802230191125 1643487096776 1012572027681 1377562640755 297420181218 1768434657156 1053957888574 489714531868 789232486462]
[553525305740 452675420319 1343431882808 392986532484 337250331414 1476437993729 212484705860 1595630814129 735578320170 319724862517 986601055017 868981831757 1231182399862 648898389650 1763074505967 1891836079263 505448612034 1508836335491 1749391535936 10929304427 2037460896112 1528567658921 525429953347 120711145469 1800230874295 933662926139 2025946711572 1475305428456 290359264267 998015756539 2173088401138 1091170415361 835943510433 388140692370 242713295226 1917403105161 2065753718598 200010759222 1193494781732 2118118533190 1262581091896 150141338555 1351916516593]
[1949200817286 1943870278367 449615099223 2136753074478 263035715554 1742607858700 1519245630335 1551425100475 1440985614252 1267417359847 2000509773401 1465435494376 1265420291565 785009920063 720704263037 1295013710606 1577170534958 726701276632 1122324435551 1981156087910 630474035076 1595243616246 452210420882 1390940416339 232398558023 666819123191 2078556758765 777280960054 701005742716 1699904089403 23795388662 59432416517 161729115871 1391883291081 1073429313758 962091802681 938078825371 1710553598649 253777479542 535994442008 8196069298 1688837702711 1518183719422]
[2145218337499 718244273123 340564190569 222341379724 2002006026895 485400581027 1844344234506 1378972403463 539992549025 1627697685167 587348750338 2068988455514 980013676911 740033411451 1600728247554 269689064327 73564209579 1353008207773 453318034433 2126276890672 432254537027 673759890853 1057905746257 1036828954915 1632645001545 1785078132527 1730721534192 106957399632 691248231219 1856028303055 1547106642054 1631537857866 431049086460 1630913931488 232462276545 1005715542863 624984733587 108582377877 1990800394590 726604886834 1102003055054 2052971046805 899036819308]
]