[[723519883 469269831 773589365 94141826 387100800 1018414387 169236941 329137856 772418138 241530016 504592652 824807158 909060461 203880997 100419082 196836306 989364299 858691805 970591575 232400194 416465257 446952685 615716236 638785094 968674196 113630470 532881023 379906179 798028646 613150384 124122371]
[220363359 932163615 825896689 156792395 712882149 234910866 18367148 503445777 782519234 772493396 317006004 831677184 512910004 436481996 58033458 531317181 821240686 99314197 652033859 294558751 748183865 538571683 257340615 530189310 40267887 493685665 47451541 743203631 962439016 724740283 533070059]
[584398309 350180215 332013776 243938566 100254519 1030943950 1069419920 292690894 201633795 969801537 985739069 665806851 955182254 453229767 241000156 226252433 803607329 976015677 718479193 266823 925549701 687363535 594678606 543860915 1033240175 846666786 67552323 478693019 574470781 952851781 294662239]
[834904292 317610577 991085951 477032608 873929444 779495311 318404935 109178930 195577603 27556749 795251718 587724646 905651701 839638819 56697914 1054621064 432005724 832257820 788956147 820289395 42990640 870091572 1072203928 531494144 898535763 128409024 797257390 533937031 61858090 971903599 89019489]
[235527230 483720583 102412963 66712632 894391873 52364488 994170754 110713022 400519354 782048632 1054997388 104343489 805425766 810701524 110850916 286051505 572400570 554934606 691291182 496610970 5064572 346516786 127745808 678686386 218656418 1060012173 971659221 37370112 38805390 888721309 50473437]
[258267201 730303871 946893616 426508319 427160302 256578664 769762569 831286449 734316206 94320798 86834437 235391691 473163279 850352220 336836818 164978575 324074625 1043624410 839795321 966972530 24213831 260651301 728120010 565628778 908087315 31111479 236126224 777993185 658279758 366566204 72825194]
[848565974 365389046 384356812 886226020 307189450 23697098 957993193 897222892 976528345 298947036 397244056 596080211 539189887 298846772 965811982 575421510 44726452 828624505 555870491 744699902 1038424242 900788963 440464035 438580414 139015646 444620299 996309364 486364309 78898356 566286597 463212633]
[340316436 925750854 574978391 273980857 956635144 1014206243 750126011 716097301 5918265 277784506 756577686 36529147 127612745 482644135 986915084 682948070 426290900 800665179 221161373 658238357 447528853 403786902 285093137 53625564 298421267 686814865 777448836 700465670 897360294 773793278 110725653]
[107166559 687545221 802168126 1068134490 907561607 185009027 614128105 752125544 52042199 933020096 128215032 314269795 1070021136 421323762 398473159 658772132 257447284 642736914 965473343 430611829 169173018 883958136 931379784 837597192 469623864 1009165288 632511663 514851165 595982006 704490297 471834207]
[820016895 647140459 383989400 193853372 238379470 732264214 249705221 133084202 32391102 181306148 449755535 17428567 730062062 936467105 117471273 327136222 11992704 554619948 744286313 24265829 209813228 500436560 797497552 414142665 863194497 934412592 464954898 775303163 229664880 46140268 600901582]
[293156030 295969005 463784393 409150391 876108541 493863271 433353737 417403421 347860593 205301456 529653521 408739381 920646792 818918418 573730959 559646017 774855034 86552557 630845660 988196788 602638161 482857490 576083564 235496840 671525877 707609751 166607087 681628880 1040327546 897009503 516688315]
[141727242 977628341 279399005 966422526 820561024 698361730 90641266 273540233 139279893 888297278 838581023 321100872 927481250 283089723 310485522 228797716 211430081 302341096 820430190 268179899 812880047 219463922 79820112 303321048 279244286 839948047 153391785 976338498 739116987 44912051 215605009]
[231270226 940628820 894599753 377171222 715503736 984123194 660801969 748520601 257855757 370025222 682489674 755162175 34519868 377199382 602592618 532942236 460014778 301635909 289918797 675138043 1018868558 813747796 660148655 1016238879 237786626 174940736 720280941 990609297 829886722 566185247 994434978]
[977387277 1022179301 259448061 872319499 846886185 375923130 850150038 967455879 1041928429 1002900706 178285360 531149491 102183524 629611636 499441192 212534317 267079241 934485329 234983451 767244741 233303942 956271320 1048001282 289901280 85346158 240554557 846277466 394838894 793306627 548379282 189272417]
[800326784 180354944 422463762 443603035 95473212 584710470 805590646 376047221 359015027 900436030 14819515 716144537 519319663 703568973 979480546 340364236 813012424 746967050 117270126 541392218 545878680 444920367 772371488 575439269 377852532 563514436 150709485 88670126 1006483984 148629320 373082146]
[664083336 209259750 11343778 96619976 397422108 780497407 1491491 432353441 72435976 781234847 1022001446 31153382 6317405 474892746 903084110 927272116 459532526 930714906 686675666 617394019 621798327 335889136 842125618 128067444 620749128 716241774 842325299 91038733 124279062 285808284 641485273]
[410636712 637804384 1064826329 594836295 576409632 871782365 1013466380 348099678 1032222127 576363542 693099088 426484300 126644612 885870338 629650907 319529109 185978972 109504434 102713100 789362271 113637149 1016263772 45213070 937937243 908866706 938465112 542349781 649301066 354791467 786784009 70646797]
[109504223 967213868 111617835 247144772 320230393 827968739 571147833 5663602 728513670 133316967 1046340375 221217569 887994496 177979364 457221462 865739163 827594455 288327937 806678029 19381563 366046854 585395108 545441409 417619651 77526028 700829718 97421585 174200580 881660843 942811362 479814219]
[141667381 213892640 55566249 320298700 53327470 687352895 765801859 296869139 4612981 443680675 307058341 190325145 449365855 33321555 121514664 788062066 413317893 254029995 1058944858 546211823 449789603 767697596 268923248 438861184 597376246 627944325 488843901 393782296 488931186 406526790 508107061]
[225737152 18436744 190090066 1024375474 187352338 222440302 387158934 185171187 290425381 153576300 242149659 435573340 989834751 877324958 255520626 174740973 551336031 726128245 396244992 1019993743 712844761 940182524 853022391 222013326 107883326 612336139 439553269 815603437 447206727 917258369 447817906]
[1006174295 1021969052 979988726 732095197 155606277 685094799 36713410 27739644 752150704 517267104 495184746 1034734161 790053929 803850072 41185958 793933271 358152618 858905178 789067095 705097259 835624429 1047157581 107943269 197404090 533581464 12148394 21747404 768158520 575055033 812862947 591654723]
[55994004 729140074 461307001 621356549 308318908 1062162237 879992750 690322527 387691829 1073503488 238704750 341449710 107370517 672155981 620404078 477775366 83140380 258088083 343176266 900423083 861387804 692363051 859264283 933878697 1070325505 235177605 695382350 385134171 299007467 396659109 807529897]
[822998317 105555076 1028807036 965224117 868545225 311674954 830176050 981195157 292842229 758118846 1065117859 621538826 329340899 453659099 993338552 306624760 226612573 953313933 1050186682 312076387 83884438 941352829 81793094 480167513 496573161 191142099 639306871 341081643 887885630 534278456 864131414]
[923792659 259007322 202325320 63804630 842038086 224127352 411061247 292728331 697825150 993977698 19048168 33391312 223940691 992082592 283294970 987419930 530984552 254548419 1071624451 77375101 387758336 303620180 1062592537 140496562 1012042353 316095947 544066717 828774854 434998429 578611724 992090390]
[867349079 1020601157 847416426 158151694 596713120 860262665 293238400 412663314 334506192 712577282 239463535 766241625 156694490 464154928 598247803 842584681 695200142 245399895 191703392 418327320 694453322 452898748 1045097588 296704464 640647809 436993866 927605850 292845725 287085318 819393504 680835300]
[369387565 1000830242 862736038 1012936919 355212619 718507546 466159536 73871729 552228040 811650508 520845427 571971121 232962236 1069362292 291874347 176867336 994268493 1015427364 314913764 834812635 111141326 262953686 215069396 688538176 75551651 139765035 994315352 1008284382 110337086 1033525070 717944121]
[642242348 443688618 752588389 231709645 353867683 754083436 590255998 47868449 1001805865 300059151 516578830 390593824 997411929 16978085 221807609 1004113272 969325034 262189129 265867174 351579568 936925406 1046987483 538607495 26137182 700074138 1037916262 933232496 742686067 379189404 292154750 904223044]
[504398547 448792509 236300317 167824853 321409920 550095477 744855011 171195355 932717510 66251933 336348253 791736462 655887043 479948805 723744252 1062368994 1062446354 520575058 829832398 995919289 63538818 858898769 342703688 83821702 473981703 567110687 1047302794 912729824 137570928 660962546 785996818]
[579070968 420450600 848125919 886365858 808203625 693478385 1049008630 309339981 550468480 449426610 743382172 692565263 697190087 225796797 126584094 982826572 556047439 515378864 418921582 1049487833 123675553 968598431 1066565990 974105701 988561525 488999259 533057154 838649340 547700507 98000765 839739436]
[871867697 730501513 91253231 737761493 408095577 316615793 507113038 463735882 970029400 951950059 603677229 999034772 797967207 437636636 311800974 358952281 748419814 684777134 732291372 296936037 615445119 881443432 170729976 629419069 704527206 809693917 1020251281 919210469 863321681 1008604704 250134739]
[395652388 808611746 603895994 1003349694 23674223 839785303 832638994 129386311 639478529 657786560 1019573000 747703899 129152761 442320612 739819818 1066282107 998850276 141508949 16804007 917821853 211044787 34602604 103039356 890646168 398597450 652945310 329978115 58290615 756212672 528181638 968983910]
]