[[476275107 765833312 468209501 542262024 671412168 433470489 290997519 880378514 246771297 315029651 1034294223 682576717 613678342 188677654 423151246 488223380 408450773 576151525 74054924 929461161 293933116 1012478169 486217291 729174633 396760664 424348161 62412279 109829769 457093037 440208879 359827074]
[112138188 944657817 1012601763 283489897 329383237 288049617 273407783 964488311 44990221 973575592 837049465 24373767 66664600 47983611 613966804 264221150 404234712 460853818 58267481 787862890 543227805 430862383 26437518 13477832 594811722 226347869 260343899 858008629 395565215 796343479 385587020]
[919319951 145391641 392928489 222752884 937913145 693491317 154098672 952754206 43876146 676265064 85666054 170699352 353293489 415352937 985414967 200124617 149266621 299842120 945466956 525823305 366572726 337397989 1038221999 102532005 328495490 1024681154 145857036 1006106452 687271536 733636522 601282912]
[164569288 299769193 161874202 107183739 431025939 327329581 897634521 1054247197 538864682 901733439 325613650 318607003 383753987 672150459 331457590 870125464 11255209 251691850 305849037 632587199 391331308 728393592 995377803 1012066093 521206045 1011287075 594390804 983130375 523644883 421072806 1005734918]
[476573995 499173668 432558547 1011067789 286901569 562872951 640681687 108411273 218110464 580237987 601130253 480309460 588949845 831886170 236906605 206173248 312772901 816426773 904543309 49491957 749982002 742800461 656918300 628539720 516690410 718429727 998418844 134629272 186884218 302293141 564590700]
[880437196 247214278 840533818 64395986 431044828 532083692 717957932 693067634 183128229 968516318 968905689 571705163 148664994 1013356243 31434146 759770428 411888600 245673193 852425773 693848993 677656528 582514522 138899585 246892312 232958262 808926876 821927558 906677432 977048003 256756073 21023859]
[436679442 10214129 491529734 740926285 8235648 1039386996 657925542 38752958 815133175 10471698 185356626 987683077 2899731 942772581 1072803658 527942033 735256957 106741631 1060649434 208866799 418277235 508741587 699070138 83530905 17670778 181742409 282744798 888470346 67078992 823815350 337379328]
[277585967 1025133826 991227666 467867604 224899586 963037884 1023148009 1022096904 618802347 184966524 146138199 34600916 712803425 807571690 752642486 91058502 8582422 412541069 548960464 635472646 875754285 484676487 825583501 169226050 298124255 299109927 827721770 7576344 572515157 1071060234 695904748]
[700641421 877868990 787694566 90899743 702416254 895764784 766655837 174915408 953355205 677681611 964325147 999032597 897083027 656486654 15835335 798227065 717687585 435115350 984106980 73595660 745575634 699198972 923361199 72621657 120525089 899775657 764692699 163671599 410304827 322828046 512567749]
[285292467 623209293 593873466 535712565 47537028 386288205 323025282 283717425 964714626 1022553589 1000933269 1007551214 970111362 412029240 482055826 99263007 321147835 117500753 745837419 797472223 283300665 1062019613 49163430 518848588 375188113 300616047 440540629 936074753 507507919 983329859 89396679]
[798740215 618864451 810448711 430449416 512867217 687833246 801082087 826101003 750077434 475232024 448007962 881047863 987739412 120534197 954296324 269855131 396278561 434728357 131892675 48748970 1060290935 62549738 987383727 458737701 572096510 634120179 55525521 703198807 890144604 263901838 538318219]
[55855032 888687880 10354427 745065456 336461064 987679742 571468632 692999853 163476523 924886617 665703451 793846494 267292631 777795838 1036142295 141968055 120794229 745543042 997422772 957745441 740219095 512690051 862025322 985036745 947036096 67270543 537213701 70091408 447427506 511884763 706744717]
[882252711 1032453700 259552340 991275867 57910573 465246449 853487909 617994818 483478135 775479432 641099811 711530290 299001850 994255930 446041702 912543098 709079950 170952893 814153521 743218421 256543339 96866272 782521930 24772274 138000689 762636325 320206320 436250053 1042627668 401546066 171510905]
[748428928 237210320 41623956 669535361 891458569 398649826 622656122 437535183 216827869 1007393651 494496068 470465971 903641154 581845539 431187652 61237298 1047784555 2643688 890362968 441712337 929854716 267283083 856872643 764272230 425330885 585144217 711736282 589109307 882294843 345227120 275531959]
[160053989 771514923 18788477 3518321 302389302 787728335 439266304 721709247 979848825 362681476 126107087 969452670 551436803 882933438 876745040 929873707 211505020 252857855 948463949 469086636 372451383 750690131 695479449 1047929060 616602273 92270078 641644417 204098002 434903058 1028464202 38005944]
[818291759 799117817 30564585 605242402 506151834 476187273 255933311 21813149 285601318 164247534 268046785 929098418 73409627 535804838 318675807 894345102 604897300 423237135 467737215 256410102 106520929 1066248382 702675426 100805390 502175689 193906176 364260288 566877673 362990911 37772103 825560477]
[800814323 11196696 664006244 248543593 476039 261984125 483774589 1028690159 858862716 1069644122 611740685 835484708 487469249 123628949 646526143 34224316 488343977 623645957 592835384 803332524 902752467 918363687 35321748 161083782 1056024713 450327446 1018435431 1065596056 744642376 652180297 410298562]
[21283730 244172703 189181302 347394707 627062790 133144098 842329347 357036242 356935878 751430600 94317949 880428942 948091219 403813215 1054908154 866485997 341564393 671636233 877846643 630069168 656165163 446759925 645392079 979279088 34326662 426016240 398353373 357279473 12766967 345182505 294970809]
[1016713081 909974184 937049339 726904311 439444266 1042123379 499582640 912309765 453372049 288961336 108749437 591011656 230900602 553558283 169411785 240517339 1042277546 997015795 276339767 362682611 70066231 225384931 354849739 673013913 772401005 459720181 266836474 239212450 443822791 1068819246 220943539]
[44868280 680437265 192719396 294581344 139690853 1062301612 581360580 648268160 1062937784 465293924 96763526 702251480 426792161 441650925 621978409 275058796 24127515 998800356 103472237 927607474 63890798 623880745 87679547 110142974 60433371 1052450134 492335936 581854786 232178727 267098486 15213743]
[176199431 522907491 234819896 155760559 119300327 753437761 860774802 902387229 234075138 519771474 892583773 759254978 19047518 939434628 474606922 608995158 573692793 928014212 802835603 498058448 23742088 468332567 300171813 779185844 762960183 480994047 935451111 675732712 679936858 184027197 209551691]
[468099509 195922071 781000041 380503321 174928866 288079648 694652104 912930340 247615494 403277861 625330746 8608215 577869838 462305475 663096877 1006750687 71485392 297875641 48884475 1020034541 913911318 412294928 405494510 581804941 737743838 746550133 971910409 523087006 44552799 20711940 334114929]
[500550888 123103827 210755003 93248711 683470886 722784302 17489730 489828640 508451037 247723942 556772263 787009775 95522013 778992686 196148424 906460479 480052777 132257339 872837338 703098099 449862586 300877443 425868671 834176126 1068811018 685544600 229396293 10311397 759005665 58215106 1047716870]
[340434804 300565130 327393639 788957086 367327263 611264041 1041935394 854408851 309917202 877579174 483231512 545552590 574033562 547484179 937134905 761177985 846327594 158097696 265014747 843593 377159521 808162893 353309350 386656003 1010520842 497466796 676667321 614893647 505625256 60595014 973596689]
[819203467 529931859 348408395 236659036 99807410 655898923 877969306 1059458832 560948997 957402311 716079944 98123857 180124158 966100221 324701558 691459773 337838535 335743594 636608273 215529919 295000340 980896401 702659908 1063629732 974319637 500241663 597948681 941900873 743277447 229142428 166791727]
[848564129 142410077 395446944 105767171 864539499 111758730 352587052 567575609 702238287 493432172 159244335 550091436 384706799 598955122 625710547 307326406 521464852 152037330 743989299 199806440 856671152 70913838 940617860 287594382 635024509 226069957 197172754 1057160765 686565493 295513977 1021138447]
[873863896 805624719 394017354 383829006 199799189 460337850 242027752 989264944 88020691 403043498 348253242 959884620 99373412 813102685 498194475 84659446 46449526 592869571 446363239 437719942 733625063 551301448 310865099 449240547 509674089 426518145 631032616 618455331 506749578 125596723 97164345]
[525236502 76427651 309783013 262786831 1071756107 227478291 528914051 82788086 683992472 753919164 965786789 548618446 238384777 643032881 252204573 996663507 602013166 537936625 873606103 545252905 239726396 479816250 452882386 874977614 368542492 450965516 273719442 188468810 210562661 82233844 333051010]
[719947440 283349342 710848360 320924067 395403345 394911207 421091493 815116198 247098417 268389612 382490709 1030320144 553946340 64985033 582660423 35101256 717509579 779575467 275227480 801774467 540889755 396148843 361778197 815604239 314534876 710261689 208356990 1058750819 112619810 423157578 9981810]
[866747973 464827969 325529533 974664856 454238128 30142283 419332347 634342937 563610743 558018699 530058450 720700263 620549025 385664461 364401426 63499958 918995315 755171661 120024674 468669510 460124458 205685441 340159701 45104607 383477756 850087918 405008455 1059000544 807021645 718946075 148970997]
[105672116 114482131 857629658 590747892 528493204 47342598 1066519601 990017364 104297737 825871837 926312204 159087625 469110717 111449965 298293659 145216900 314893762 388584824 502670562 278901071 29335579 483377690 266681567 602134305 1042221894 570900398 686786232 218295015 793955416 404097612 294530937]
]