[[30199187690 34232621795 24905643513 17884861971 34129185733 6518323277 31949770265 32484274374 22183748411 13333713751 6838726078 1192501790 7284788200 19989581692 3389317525 21819271199 21401922213 11796397416 7102718984 29547847347 24659522190 1977834992 353645483 34281714190 2460374641 10498931372 29149776789 22383403785 16895896405 14357802102 24825587811 1909603725 23220719528 2550389319 15563570427 29272649086]
[4885175178 25728443285 34055421156 33081322434 410034142 33061242775 10848404896 17974486704 32307167523 8620817076 24777598862 4458840891 32614687943 22777608308 16602665195 20642280877 27657284666 7584546272 13782639352 28174163700 11415746310 19148165467 6716898210 28992330927 30124645029 19053176255 27106526804 11289003330 16387821246 15016790436 7371742963 33614070218 28893939357 12152205851 25658963033 30274820069]
[23526658634 4507749958 24652372008 3336558230 20377336444 20362857371 8380743280 21977304241 4474196313 24267393167 15712858384 5047830346 12698249895 6914338961 4712683037 19742191779 31741677410 19995314564 4334614586 1290321578 29057703406 1784092984 19146516792 32386856005 28810093055 4553324068 17093211791 3030878685 9703834272 21242376003 16191375238 4661088392 17933365366 26698449928 22114816102 1881856476]
[33814840787 33723167436 1131481847 16007231786 26842347978 6077132278 24299468721 13622240419 34025887965 24668495122 13450740180 20895425016 22480483306 8370198725 30969401549 4494386747 13153895615 17596350363 26778506922 15316806358 15042052713 27626997546 1169425124 709166652 10885400526 33117252450 12486593609 8620172356 26777185735 28381003081 11350084846 34223207276 15330773030 3905819382 28844100131 9571264303]
[34345907175 4930464667 4451411433 31461634422 14439002633 173932546 18143487582 5445741844 26095110038 21041983544 32075663917 8041726118 7462234936 27258601898 17959680355 21061153580 9634817454 34206615354 15438583003 21565302589 21246927525 29431497926 10463022371 10125322108 4005378323 22018107143 10370250772 23776502723 22819200523 26006949834 30445755311 19782317809 24405278212 16974577502 12255541377 32859628324]
[32988384141 25726052778 30681273399 26627417065 12501041954 16883910127 29285729641 15727162026 17500190910 5160953552 20674109260 15324350498 31910032153 19214841472 8794281660 18898522154 1703587970 12899502712 32373563812 25192822222 15125330723 26422918929 4866241400 31229392346 6664297924 22325182690 6476312035 763133178 13871938855 16681603444 17845893294 14985745076 4135317874 33936634806 26865732387 421310875]
[6952955507 25763461871 26577308934 8513452028 7712565493 14647775869 10460567676 899564297 31471644442 4805229789 29350169254 23794039547 21915281395 18617345677 6421671540 13762436504 23268011462 18635433332 5303289648 3061059805 6730554097 5426862922 2393356181 31211376789 21578777312 30997128701 26990609381 26503558478 1229498888 6929105344 9320914924 557042431 4354501320 6439895978 12158455946 26046057994]
[8633311264 14041100481 32755592341 2058262204 13275689642 23895490 10237121080 25481924492 19718361925 29760158303 21146834708 24079822434 24647263104 15059930930 24284802409 9242023907 15150022251 20451923194 34293314492 19633820399 27860891430 5741604638 11154699866 25495729442 19651975502 5355470501 3434999884 30251468545 4373522686 571828928 26886768157 13646890723 10512948664 22285146072 25906815405 11802959501]
[24141207310 7399258596 10506373100 4510251955 17595374310 13216098544 27203285703 19519174259 26512057886 23037249454 7923710615 20177256485 26717603121 10524047666 28604885778 2080355555 24142933879 15798094132 8317745461 2490177756 14978922578 18323587347 3920072144 4984302053 27467926575 19589287194 5265732132 8191422157 2983346112 15255875583 22039929355 27743142343 9098966904 27663189205 101113344 2455540284]
[6284936002 26599457284 15137986459 13276445129 8052764171 21851940315 14104000286 33040664540 22532018502 15025247667 650994677 10354558395 34155426159 12424791215 33862812810 29019128054 17955446125 31126360976 31939161087 16429804867 16374606913 24512363167 1699621703 32385986325 3048485091 7165949441 7397898374 14021359216 9099109269 8310276481 16231202886 26474658390 32315955832 13890165054 31134914694 4880667535]
[32004774087 5313526143 32387757179 16144033073 11427716069 29561440424 12402247507 22192054727 25033118109 12687990024 15751498339 28606249935 1795653984 29558966832 10561736782 6651344166 9148626563 6001115486 22647352472 14836809990 30824680226 16702240242 25230012011 352860755 8270169553 17177307608 26295990050 5342820646 7220087312 17625029358 31680061846 28092552803 12918919147 12695351328 33576311877 30219635884]
[8923056273 5482140684 21437374174 14862731821 11792436752 31123404535 15838360220 20689210622 10936982783 8728386424 9059231014 23787047886 31043055540 15633195270 16903612643 5873816867 26646638298 2738602487 13930476287 13800019958 11350466985 6149272648 8265703734 32839255159 10917053812 4753436021 16302633161 15400237066 6512713232 20341098100 4964488591 30212550193 10916490274 875756245 6919678733 9873434476]
[13614483464 15205995052 13960943575 32748482823 25668949846 20942047752 30524783103 13383151186 18117222316 15864961796 16397746588 2314665459 19588554219 22536077876 13821734637 411071908 12250673425 18741612000 21245050965 7375352877 23724808304 24885041173 642009046 19882323041 13141537263 29205350018 17119166324 17038189838 488562966 6880409219 5937594021 25154133839 31649977372 11943143997 7607684764 28441165654]
[18176513068 2283869443 19063955461 32441625328 2905136399 33681320753 17308085600 10890734331 29494450837 8603120374 9165969322 31574001468 137697534 5064792958 31078933868 23915402734 27863444006 25821224349 28360308400 17504487637 17030248518 32119798907 24045039322 4572331943 15779275607 4364002472 18205092860 12110044475 30612868594 7819146723 27502653224 794045195 22531847206 16009209277 8064232013 23024659816]
[27330843243 21220641748 12011473003 18096341515 21807072819 12682035700 32548987440 19125975301 31463294499 21164375707 12644267553 31797150296 24080204040 31044878757 17567766905 5341023330 694851541 21871406438 33667477415 3879824750 6808956073 23621809228 28790427466 18150428897 12946423916 716563285 31347305329 8615903669 11756472968 27077776176 29617181703 25329087866 15449553512 11724049448 12044629034 20348033447]
[17850253704 23651642196 29075723292 787885278 26539934881 31237193980 13723457792 5526168625 17437066255 17112845255 29069248283 14892943959 26439821266 16718388529 23340410217 5458017901 27819533887 23598856150 5466888932 33727018036 14987860643 25580151671 10301246423 17616160310 2432981937 8574104500 7875153355 27863039908 12201781713 25283635942 3974497276 16911384754 34206698463 21014672885 16788654870 1903562610]
[14895866925 26915186219 27255222389 30456764727 4464323254 3292709949 31060123494 1544243280 25449082354 18336205025 28558519477 25830853611 1157949986 16860110001 26134988063 3832248682 28377756747 30552713740 59273223 6441675611 19986688913 16602836950 31518423612 6618172408 24096662002 7078821734 22450899309 14273744520 10063447251 18847923460 25700247929 9076160068 28779280664 11138541283 5445640659 10807046081]
[4633297136 20065079604 9685892246 31590575424 4866455741 12894835221 19872290542 13380044898 22770572139 17767750821 26316659593 14299648612 23628850434 4545919116 20776488722 26269834893 10922190786 22698081095 3209372071 21156200016 16870250110 22010737416 14444036196 157031304 24877660899 21190004712 14582026401 21561575679 33623523243 11223215910 27185092788 24288312054 30910134681 15126422765 12780576067 5150178536]
[2838105461 17108750510 8039449484 22847740115 16670132308 446883908 33493117773 23308918573 2892749044 33174287687 25960153646 34356341858 15547123418 12412934412 9852160811 13050737674 30187912477 8494506934 7964833164 11630872977 17147409830 19936060116 6406250567 20726992160 10535311448 4078953365 32687263553 5117018906 22288264957 28665646849 15474676978 433216841 5622603017 6867922765 2802863739 2796668336]
[5841849201 29021248279 977593873 20601252467 3851919106 5308855477 22754504548 17551146180 17971531488 7108585815 20809985462 26964849916 21050590747 17338774807 14207916686 11089965726 24288801788 5539131483 10992157760 11308903025 13124481869 25251335045 2754546025 8055386458 21868868083 13492956456 16157420351 11313033103 28255013050 24363812082 10219103514 18387640243 26118040098 2942514247 30228904613 19785211884]
[17020495330 10236425584 28540818712 30101686522 22146194918 17029036741 33231331771 31153793470 19678989142 5289229830 18411617820 24308699019 30452733941 8810732875 11451446638 14221656185 29020921926 12892222373 9348293346 32887263240 24517432309 26309676672 22666387403 29332780755 24784901726 26786457365 17647244824 30981642974 24457255409 13850386286 1656463234 13501113139 14504042615 6902433748 34287940706 27589104873]
[9336493972 7331145097 29809690120 34209767488 19743828225 26292488617 26506194612 17632769154 33829253977 9285053228 15886307694 23368278910 34068911652 8957402682 19745236044 24787298793 23969900250 27490913082 5728907468 16992969275 27743495936 408766836 20881494504 23414530752 2895815395 31281263950 8627707468 22277758373 1420765791 5999366143 11519997447 27391483858 18830741288 10585278403 27347751708 3533051038]
[31259231423 3796525146 27563090559 27441983415 2980470362 15148680292 11937020247 17175206589 23684576223 7258138536 19866364455 11544486953 13010959884 19458592304 27233918257 28187633949 2515622227 11379840436 25637158090 31401020592 14812519441 10322545735 26802130156 3931361830 29125505467 20947321931 12083103222 29240912841 19134315440 29638865120 17622175834 1939961897 3241754737 32966724383 1458044682 29491146747]
[25099792783 27901918051 2577580639 14622332706 8309628232 27958921898 27841275293 14541522644 26367322067 4723717838 22728369216 12556443033 13550736583 26321855545 30495229275 1881394191 7097375070 10123163984 7133755222 3035305540 24482888403 11584847304 15436976147 19509925361 19557153331 1780336283 6203478504 19336137390 29749819122 15676839040 28880471618 33314964708 3051929894 30460595959 25051938387 11213049710]
[29903818526 5319900827 18841930846 4578301832 14133336087 8139065469 32402579199 6965589008 29100924019 11584454618 26221228969 12831891122 33386158217 22490021773 23499138787 23214296601 32152880877 9655554621 19078732114 23522834137 8628340920 1454834902 18731218502 29478313985 24528073592 14782347986 4726038775 28671072654 15857229823 19564880188 22191968671 24704872973 10808130197 16013878007 16759942607 29407947007]
[15800113608 23389544814 15082669518 23029479381 32231548844 34155147047 10736568499 1270217225 26928108234 14283131190 33500928180 28884915320 21782313532 6446643776 5552246027 24895686791 7075531971 135932151 21074255710 3947874983 17868552237 25473585592 6538214543 22190832312 14845591080 19763701760 27764210268 1652141768 31855914600 25442958987 21627418224 11603972383 8143742926 1638841203 14410372303 8482865563]
[19041445317 17359363510 31425329628 20350372165 15893280795 6168430350 3586830017 25437236992 29380240943 31083857324 16028295670 3752562744 8317423635 15820552339 18745991289 20964477978 27268844344 29750687374 32079269685 12211710467 6725739198 25272280142 15911510036 12196435492 25378178772 18092357789 32335938683 13567599204 31038959354 34089469066 6238652095 29627612467 20234646586 16868609623 524990491 19596547652]
[20991477367 10221396133 31299361406 12811773341 3448740907 17469238311 2930325642 25305722506 28768856392 341189472 7502006155 3714376290 33873878517 16464632328 10732952905 10442209312 21387573644 5812262295 3109737938 25924744934 9712627939 1792977198 13189857244 2990776942 27290790017 28983059986 2674202205 15288139818 28964115126 3114957886 25982491363 21100809761 30880135636 4939000638 20855478488 22122780122]
[24984378845 16691322812 19736632770 29754089060 13430413625 11075849479 997358565 32153574282 3139107446 5951446572 19129327485 20384784824 10870357547 28204796099 18427348274 9196273154 9515003771 8964203014 23370672661 16913611684 23702009257 10162103453 1947410106 22920730284 19532981330 32225680298 7109165218 7561638552 11632434587 22312650809 14769273163 21754127868 8999037257 27971964017 13753571130 4115388762]
[389769405 25281075480 14643012358 29967270226 6959010346 23347873157 7220255910 1810650600 27673093952 8630654168 27945681964 24152524539 5143919521 15294575935 9217276487 28293504057 11614344440 3937945388 34075012110 31216664465 15801617066 25378479332 3256883334 15559942194 10268358407 8016791772 15830457547 3589270001 3522359537 27971343106 11984502951 15232330393 31134926393 7173064762 6534836706 20505438953]
[2977031068 7070318267 30884609654 30620300221 19862262701 28028857808 25385806552 15494136391 16146430486 1941579971 23301963582 29319967435 7502988360 29342802896 902576321 27021514434 21818860662 29317758821 830369256 7708466180 3998354880 26509694301 20350408397 22420205819 746286170 11520242266 31102671534 24148536015 31061497003 8537610092 4928238744 3090063383 26730776644 28225578140 6119827438 3398562192]
[20870955318 1685335305 15806189139 1529810982 9728933771 5127126960 31078757280 2309076974 6083658891 28102590574 4985004522 23468699096 7346901077 13082099186 14372480988 33720346179 21011097920 19790487949 24545762677 10346824659 20493714947 12455047592 13885688494 31463947915 30095557819 3820832661 18677946950 18836488461 31545512215 8861555253 7063488942 20601237298 21744071807 33875878755 3187304333 24677515679]
[28787209544 34284588830 1436420608 27945410399 28511685979 689617711 13965556756 11810028336 1766315239 32295012711 2869416581 24036674966 7684540225 7390197608 18580353999 6429579807 585506864 33064616794 4101847824 6858566184 13595503778 10030223309 4160705876 6123199482 25249748677 22820025281 9359618317 10596904455 3998216253 17941005511 7494368126 6831961779 24403005474 27293994501 22618254611 15564978190]
[21375331464 2178683947 3741373835 8968505133 2477371080 9791417208 7838538764 10754371821 25443128470 32603926631 1769315697 6326092923 14236155559 29046934419 21401364170 29123201474 31968510525 25209471528 25712160662 26094309088 29705879927 11920697293 15414594288 13842534599 32225055116 22490338602 57008873 17032180862 31543064734 1024041031 22933508348 12104321398 7627017095 27894367054 7400285508 32378484105]
[324734476 14931075936 14080349522 1804697344 2435031206 10730608743 34115719659 26940818047 14184246825 11771353309 7076694123 409840760 15259548290 21099816172 4246611500 31994554728 13801410182 5471993200 23876596066 31944571228 15274080301 5279740896 31142000359 11107998817 21921225730 7645299062 5295633913 28346924754 28058796909 6875011044 33404079953 18331778794 26008583553 30016824724 12991917985 20273903628]
[20720804250 25431647344 12209701115 28924280070 31933254154 27061915965 13159970449 10959405192 30784394252 27071014710 18958063124 31176645170 14086488248 20206230536 11529208113 28239249214 25107636198 12017541929 6324100482 25936184826 11080408862 8841986027 13286054420 15977026651 13003344604 562646779 14310533186 12637439285 6568572972 3436366080 13770270168 5577622650 10612035536 22902747369 18034479481 2206793301]
]