[[57937356362 131266432271 31487963403 85423189524 110477328781 72320756473 85309154206 40037751476 121500518371 62039540623 17108094091 14913091333 38998198165 50913767949 17236844592 76096778308 98472979879 13502482496 68927654695 126136104746 11900233281 131227882079 60919511747 99452279716 135277011565 24571961642 36983127927 120898162455 32484435061 31666432780 130190394298 39595084915 15737109353 28002235773 23762631497 75988714386 53451977784 29065282430]
[17342824282 23554088561 106406208858 31664473284 87879207226 114104950083 137427509289 107411659058 60867154654 62141132995 126188688583 97844399102 53818904773 132893558462 129143948313 67923394017 42436827948 16814404430 43775894744 117377075962 91783491145 110090133673 81678063166 63988453087 69635882271 126443458059 66371995315 28017019629 102584430338 112755653915 55141601355 13245347799 115464708634 11021210059 29572189038 38579578187 98519707331 20155036547]
[99053093131 105669954024 107999616274 53495588437 53033167759 58151868916 52252187597 100132838384 14001719131 131344289944 104326237624 27141485786 55496627021 107391390453 117355690844 83667744257 123811832418 63300503569 105892942193 72328147951 86333196802 37265728538 101626187429 75958290060 74616953761 49024865285 65997678472 15291204957 120869734441 67048836416 79654869306 57926788563 90269725582 135965700257 46084341185 43928514157 32151573972 3038902819]
[127516157359 124225636010 7101377203 17830092962 36770974582 39250417216 99642784398 7249869131 107684999998 86793353516 31475505526 103221934682 97783867140 125525260956 79815984563 56152397404 130560006857 81472246865 75935074312 78208252965 10709993874 55064786643 51241685700 120878951967 106652730640 74786642420 59158401371 118224085734 12118715479 26289706389 1745707917 8298621781 45550530106 106387215378 74570922143 29536532405 65079258782 126317798586]
[52117141535 13594481842 123381931900 4304893333 66492554514 105940478230 126064720621 110028202565 123598914096 80494719552 118690378532 104803019020 8485241833 87002352948 98674648720 2895591577 124369243604 69438836098 76675670766 20520543912 25388420122 6510468086 53364398499 110227590530 77243304884 46694586207 36219825371 74716713249 78212706820 58920723634 90230153084 98643865022 57613631394 11753801951 118660847135 44338681118 111782808288 132387003612]
[92005783008 97044334830 27966670446 52407767816 101625977102 21140797249 44427098242 66018506749 23487965663 54706203778 9877199619 76740155775 28145230456 37197883944 120464131585 42319627302 1047861797 36762523309 34387258184 27128689459 20362162532 14410968952 86692065036 60667814447 5033023940 113227905383 84124600148 28491975953 17622129142 4485394908 25832804903 131513087974 30996721183 7881390610 99653868459 118130477564 43893184029 99192438651]
[27960941033 125817885725 119995190099 62676643855 86985801853 81488323475 9420983962 51234215758 56675622877 113866468858 62171282169 117530713863 123511801890 104575454109 154711713 120682626186 96179418827 39683547141 55907286721 18337622264 84562190408 130325347026 63720193746 32578294490 114211340799 71708439016 52678363468 106615851752 37553219390 20450116645 90281489026 32918309292 123963206752 60470037009 25351309954 59570837192 23152939840 7667803534]
[118540553716 82285113597 30871160268 110724604982 117201442990 70024868312 134914436322 72268029704 42918746618 31134774525 1032449643 59133146300 41831931187 53892564867 112063291160 92306494901 41189823212 93146646804 56598284814 99985263976 136933557781 128643078204 59002991763 36875307115 29968888376 92236801753 91967533739 79326215512 111648462157 29724621190 117091108993 92117746701 9195514204 62077550881 94361279269 133924407981 26651647893 121755008519]
[56279995725 39573691004 98840054917 92078183171 135291636035 96957771535 42453064948 80346667497 135755379069 114113735282 22702809886 3153115146 104459880401 24754702326 80412294176 133395954649 48421553843 21783784739 52006674821 67326085252 43387774950 14007105794 23558845664 72874132226 128533059152 128100298901 104532249252 82271163877 3833164678 73753738386 54274368608 134320990418 109054200764 104826526593 97088409334 33221146333 89451794673 116545150513]
[88827326333 55884881161 16582675000 135603892656 82819829959 88878194057 36445504717 86954396691 90441749648 106784336892 75983930899 116653530476 28369238026 6666147397 123081346243 130816878249 132223634639 64558097175 11780784648 14212940670 75978463450 133121315205 2406742090 33239346026 41896225502 103192380973 44032533022 71723416572 57900358759 69218424560 92041942819 56541981972 120409168757 74196409961 55117969508 41180159940 100570952362 119554252714]
[97315384737 121939844164 918384817 49896980425 4919113876 66464108209 49792298387 77498605071 109395299129 73148008438 136340272526 116520246851 41645050374 64328287119 27368259650 45783602674 15204889811 97123569334 103411713687 118056912349 4839997634 53652553789 72811462093 129442551391 42778057638 58729908415 32461235195 135493266617 35979819696 32949341151 34337466038 29643637932 128975695971 12572805367 118070016157 132696900590 80705750441 30142465977]
[20488447499 116914063910 112650051757 87747407097 137343891887 119249382031 21564220776 94176094648 95836865600 116572593606 132910144723 62340841176 22564951776 81069582241 40194327723 21665281318 45824063736 83641829356 104328648678 51562297001 19287444534 48426168932 123353607074 62568081386 32582913188 66414378690 104911877052 74512261075 82463344602 85830671046 3452554765 126820036688 33317513331 119638254125 33823116332 114175278073 73642471593 9727417764]
[28916728075 12857837539 50054892810 46097662186 35815879695 18078821022 75329289017 66160561814 57456762044 91972634397 49729342030 90870442038 100422158068 73368965190 72348031809 106459880041 103770660809 5986883638 50996282314 13902191883 1518441466 83294440988 19311952424 4629819717 114731518343 93088530822 86731988490 106907317964 69268424357 125981947941 106474231087 93706962899 5695720333 63688771839 122132485721 60523323080 42851020139 14572990117]
[4049009842 2455896282 136193131045 67943071658 92787730998 2057484696 58597659157 88177641045 97548862182 70994262357 136912625792 115710758590 11414794046 117167310768 71362812092 95704312743 78682797065 49199210982 37749006330 60007037418 119506284741 84443834733 63078744225 38419814986 23280640554 94522395376 41907830857 79254838859 22624119421 103100179058 2228272216 40223397012 59589179742 76012498 37721407332 7638960653 21113762707 77138099382]
[20150971333 3672933778 3052642914 27846515507 102874276275 45969826680 2914402990 86967302843 113528499378 48094438410 4960265560 18630731839 60727237498 42216338878 70241688999 49546443758 25390454351 70674153898 67939799991 21109017037 47883315604 27269935911 131922048601 38279586576 98537915019 37886888268 26543753059 57461450511 98828128167 70334088495 29447765425 26867976251 56576075491 28585828977 130624679838 83894036024 61314364794 44455247775]
[131963495198 97083172318 523012530 43005587738 3626101062 3314933327 109445003036 15797092425 19882521027 71489140267 4898451851 74885592011 66658090617 36865529455 98261770199 64377084116 116034359834 100087948005 100188699574 110317102132 65249138532 65738962850 95059240712 125725912256 64301827493 131675549893 54811778977 125848854574 65907408369 64249267488 80737932551 29519634659 55792350101 44057750291 120033542240 89114158992 25675121690 23460317950]
[33217798022 11383251598 84129115951 81116404711 47293693959 94595624039 122558723533 5836045868 111667347818 7360087040 110133468547 32418325524 89945891125 3964156002 25272693360 132530825462 6682902852 72427287360 41686956821 135692265379 60120799137 97711395986 40445609358 67052273247 83614546270 54200291290 6133193999 73353993551 110445380943 112808169016 92729601218 11791926598 96726908981 121826314173 116601808385 99852767714 75599552650 38188375176]
[80325452588 19595578786 37422050517 3694501800 119474275769 44406369785 27824750983 117053782967 128580201688 94636373433 48241817500 96119737746 103206170532 60960978142 14109272838 116318563782 123356635925 40977342370 13170524666 65196039440 38466410270 132698513983 92802389302 35422684177 108714026189 104174925703 6646048977 72396488990 85625033569 54250281156 58037816523 82782507699 136667826382 36750567245 73252981229 75740723948 98698544926 37716595766]
[92470543812 42648022680 131573969034 47789287549 93056588902 78029648836 34289674220 36178962546 70967544064 13232539618 65911534778 126787162509 114245103620 87094550614 98852861949 10062275388 74241875544 11881293006 65198280683 80733509417 31460061756 108260608402 26245528638 100553796418 35519739304 41074907411 52592976158 35885907619 131745991093 45314893692 12446779431 76106739469 70145868393 70239219053 74232321100 96154188284 27611474918 36815583731]
[43328807608 57071572153 123904913743 2657078622 19766309905 57498454652 67176495896 25835834774 114422935694 77177184516 96975518587 68521538603 37368290338 30840852066 6801140710 7325455023 35310792453 36637990489 96368954072 67401818354 51690972418 41435303456 89404029863 52829059344 30011677015 430065444 131369061463 84765882894 33879385778 28135801144 131633565005 2882537518 89398109158 48857556255 22340012910 25769231838 35079137166 14641782683]
[66754650560 106638979565 108098625501 124492903235 111990708108 48971684355 57775680552 128714032128 98982468983 91784555176 134946323617 52681701006 16015220318 82336105500 42141421038 45748928252 109443117009 11072582542 33860557668 88874004953 129294681055 118510914343 95155561731 117266138903 73002969152 110480534269 110594041810 80057110735 23881517312 12086911051 102314946306 60823699560 51290628574 88158708789 127336534095 122031900119 13855887432 8618162522]
[44612278610 42856163556 37877342828 87275766345 20697076267 90560512006 119621136288 69543440468 20017622122 68735736707 123908495801 10511626672 49418888358 101913598938 48371880948 35234373339 68399262551 59588796994 122647830851 56233451290 1225839588 118397535982 103307987255 29798749918 97997892518 94089454665 59445271119 43750672235 120093504238 33768296122 51411627366 106155866375 126182175846 63130069408 16226313398 106021249830 107890834854 79698630623]
[13461157958 132343111635 25282671365 89483430950 7685318120 118039518912 93422022046 127330483421 19018987355 35610597216 127633206553 5298410210 55779753270 84008790430 105880422458 12490610636 135830180663 99482877430 90708533811 46507667506 117224128051 117110828888 30987365593 65004550678 135688713512 122389750940 100410210315 44382370156 62000249825 55779167666 56906644065 105824636599 24759182875 62883461545 7444250692 18643883187 38674844735 77862693195]
[96856767635 136379445194 134729854273 126083443377 77092150026 20395399424 5154435855 6772755107 15471559218 99068668348 92731567324 83878968021 64883992008 88817704075 37164749445 53880642694 96201392786 56116336793 13429726904 101409151417 13966233312 23215798983 72131704498 14570673744 54922778008 115859390743 115925399554 13520511569 46452210863 72006403528 34965471504 135393955329 93241794836 126463413415 117299213614 55572789624 97777338001 15720459452]
[80260051647 76334026832 31502639080 134667555361 68545879662 72442562472 77836107688 98107427510 109900668823 59361887859 8156478091 123559194035 122976086117 134148355679 111657441701 51756156647 18408909921 127797013565 4808296151 77167096343 81383841145 68114783755 19375518865 94853185015 77525588996 75665445647 23663625336 13439797557 119845449031 85186226235 99771981690 55679097162 109938089126 86587725981 47575577376 12097840668 64935153590 103065665061]
[129780917299 106106419729 73425569510 75802369447 59436422547 94029736376 64040332144 68599691012 34028350926 1650907424 107751341892 3959725786 53936491023 115852978289 116490993277 77690585410 20002676757 110996177999 69229518737 117390436234 84144722568 55187818012 85562145397 124161360643 39057805171 110897946018 113484469034 76992474461 110038162234 65369192961 123552393150 14818101760 46747781316 12517529985 62956819590 65221430891 105980360731 103627032045]
[64134068518 136813547450 33012255493 52184192779 2186433256 74824262785 50449137260 106197504900 64268139102 24036444210 2566276362 110378658061 77451510037 46950423587 90994576978 119020625603 36384926807 20054601111 100979640550 93174632049 69645382008 38604015414 69389403848 130700567684 67428047223 106672278033 44396576687 86214003445 102232543152 97558680308 89820887499 56524748577 132694638694 3825559338 10805197410 37382223487 136432443912 106170965885]
[105303651676 106520438022 56911733229 82788031995 52911312368 128828036577 75008755170 130916034236 22481261014 20782076648 117335761227 88851826777 118631361700 128180731750 64163596814 69376120167 92349866861 80760923626 132017593662 125489695870 88023429162 58758247136 127083575668 80216382043 26092452747 24032268494 17559304932 124402567146 134329044903 6675756145 7286049015 7311783703 98196161434 49522767049 37135147514 6838921508 46752836408 49120891896]
[80738181416 123543092484 119612690256 125070676204 13599247259 30579919394 91905849804 69449955927 65100553219 6492377862 134065735700 110785601408 132531509976 1275402267 87326218831 4287243985 50946542592 101491742079 111035664185 5997007387 72178385964 71221333611 9879546145 13984272557 58697860948 3966889665 132421184638 24125702743 27209295406 41560984985 35055271961 73715923331 106603206225 25320677990 6657548761 58615871491 66906502195 59305245605]
[130964909018 109052690516 123857891381 4004310650 79682297851 18163043384 89012485187 14641905597 119959316539 98443887568 87313817137 75087409526 133406378898 119434244763 32436653864 66042242470 104571962187 58567168296 33795316456 56741747708 77372481282 14881995802 92240091381 135485323712 33779857906 123928547925 128720646393 569779121 11178486665 88487226487 61438175630 55265735694 8574089867 77284353696 79829958427 36314028442 91797378539 52998743966]
[74421371761 137322020511 128588493026 29024449315 96971040340 113130888042 76056937977 91987125309 118888070031 11840249572 20539880870 128495502060 36890969894 103937106303 44658514799 115064567182 48860089469 106427629404 12097538401 97895808095 62275308113 30345768879 35916392887 130840315826 107406551256 69905086332 82348090462 130587751810 36691366944 107952917802 63649406450 63302066867 116077075015 90077874550 131655526671 46424992365 115620998601 29120440652]
[135929362704 77060731128 111361667702 22298460354 130070229745 78055700311 91383328828 34366902009 73630555044 98171444773 55520000099 102934474982 169486784 58191135204 110497804591 42668525812 136304205911 11947363492 64370833030 24826832992 40724186844 26809896315 58013621875 39576870779 136362858449 55963569849 88666115180 109074960999 90400280412 74125026209 86296128030 105834658640 33179890147 41280056112 19797642534 71803271874 99451020251 112328021844]
[91578181615 79517486156 57939573485 26371650857 68221121059 41053723920 11188133839 84052917230 66238440311 97282773815 49478015193 134346555426 38791529653 54220025213 72625145902 113091415408 87580286002 25773876646 14211716538 98152289361 109813275715 99720676095 33266726562 26806962165 19228410127 54824375119 36325273678 101855372199 44859783360 73876123801 77523818222 88972823498 113035463879 2511891361 82062539544 85677017601 128771278037 49430309225]
[125600398142 3744851289 119386892552 77336651096 10681104851 48906535542 126075624449 59907170211 62409622324 71994684886 86102219869 111814346678 8467045686 5465933519 6641202100 83452989315 116195211235 109357408793 132205567773 10316352000 78171916122 63256042688 26819863027 100549364867 16543878104 46660395951 64814305118 59577241645 96882829784 61120189671 96408562404 17717801837 52488547345 72244153908 71345721023 24861187122 79483141195 35164297625]
[90032015864 4755195198 1381343074 136199727279 11609886277 87032701309 97429494959 38785227222 132325616792 66212577433 82035404005 86473085514 104486884475 47710616178 10251060861 39239221894 77493058703 32303888604 78037620982 27203888644 114496243128 102209931623 106735500977 99473410864 90688669257 58822642990 48897438606 26353645286 95716961441 32711088373 33812805831 34173392197 31538677110 110647433849 38946120214 136189828365 131055775926 2452099767]
[77148474726 50809669923 12357700954 33955188821 120008243990 112434998771 46672481928 11843886256 33758975370 62952886782 101384086179 50861094261 5250466410 17833947607 29608795829 136031937529 99403960618 65563064576 53457605417 117572249820 136428712024 133301252084 117655029323 59612808445 101269922293 125140112518 72753330509 50729294145 113496618175 54740278447 108655018920 121029893021 133674128402 21767017132 88784277122 2223043135 63358986459 76310583832]
[69032505686 118508242094 63003596307 27244977468 96891122216 22451747447 1329762169 4980262758 136581717011 74682593050 58979365489 90656465332 104470290945 85895617284 69076374660 120631766879 79568717169 45971803675 102738932533 77658561693 92269848652 72981660860 119805352834 62000805633 102628357176 107347821197 14276321678 4857873436 102903564208 85027315557 50102544336 61653943241 32165223780 96246425677 15657395373 103224854192 55065079691 117216531451]
[46302416937 125224380803 15485056609 6774923679 23876422531 114240664921 86501462294 18935951530 62230678900 67061690788 90360159011 23934464483 95965132738 113903147816 67666640438 92392298463 981250676 48029549966 94442583143 62098851269 40217311063 41333779986 23441935461 57830797859 70271930454 53331281849 11733387903 52838407996 12695242824 127315851969 22853593856 10109493607 87254837830 84944939968 100224171433 40170550090 86340546068 92017934878]
]