[[31384506535 6235202671 63465417960 12814580569 13817008964 16657921636 55312911323 29108267314 17975958860 27893454867 19698907265 39207219602 59743300260 50109771989 26602917508 28521080956 29004597567 12783630552 53971945988 50902490507 44725310408 61092245910 66539183797 64060968744 12461428191 20986255245 22420538634 25300383618 64422101378 8569725551 62512604759 9163504508 10567022270 10666440366 39162191575 42838862752 46302873335]
[34148594309 6345683910 28791022553 14053078769 34241181174 58846243411 60960157909 34951591737 12208498741 66529252353 4937266256 24886047290 12769670441 25779487296 32264941339 52955495046 52797816171 28075632311 67237214482 21897576674 28527286423 40596217609 62331078142 19818202413 67800457385 63746608023 58378172632 45783893313 22656111073 27695569106 23488984653 1002582355 40465685027 63770993004 18317071737 61535379949 53541279541]
[41328293365 3825663794 11220990453 64730038078 67322173305 38024657956 38282230674 19843532143 51027955567 32334953762 25046712327 13380493884 56300297545 53081951624 20483275377 67302575473 8383272790 49407612713 44620775664 28346247210 2384113333 17259466198 50994005922 19138490575 63253467160 47552750084 13717994862 68131753258 11007009017 39984102127 60659465527 17162103664 5611609221 24579930217 68607957073 55553392529 42374787644]
[55292283263 14865188039 44229914707 47775115967 11319282006 18990394872 16891135126 3824803438 14350442968 33389894936 19996137672 26965675178 3239654910 38740305951 29020651288 41540866514 1803575957 18291844065 23425311831 6025990563 2073372539 27831468828 37854485579 29523486904 23032894760 31472174358 30003670650 52593213358 20163639894 56461788876 49456309057 33650443604 28879327954 68056448111 6022539350 45922141529 54967356989]
[22132897400 48549177907 50333173617 8451399082 45016479041 14056845785 19759411235 46535813514 30953161438 32741535667 57982005866 52778429345 11379963046 67440475989 36014543458 1441354100 36086069548 23869972531 9095070416 60600740733 32202123659 32467645746 10791163874 16790088880 52505461231 61615969367 12151853372 2926034727 33780465209 21844290102 28255537696 42974913415 66201957389 61246714236 53529952425 15408206604 20413453565]
[7695628750 7513439751 1283496811 4484253766 56938524704 4573735324 3138450343 37516628005 57011670805 66857669768 10453484694 32042978713 66686986925 60955799073 44448844087 54661764285 8390830738 15522744648 27839547893 47390423231 33734357378 56658875805 12186744935 15759816218 41787255627 3198117859 38008404615 23560854568 29334506596 5372274338 5970078986 10693275676 58254788241 7777521832 55515394583 34271076550 56926431262]
[12437033063 58164742115 48466892266 1196311228 28074488779 28834738733 62601689417 29895270914 44471283267 55784205722 22998693161 49224972686 28186421665 17770845171 916869709 50542955122 1237349088 30484637019 66334088682 29953271411 18037279810 57672438691 36854598463 639255944 28949765721 24432004245 37512006475 12340571948 25088743696 47344552667 26532734549 47909244163 22285267560 27997480849 49629355207 67900214814 10316603163]
[1031082786 22987241872 52507549698 39612141238 31401094235 32739294803 3943383315 33663818261 45774695994 52879488129 25684267799 53795485923 61034398967 2647012262 48627892771 40102819050 61227088630 58562639090 65541964824 52407122144 49381568743 57553295653 17119052903 26184714587 60877683337 48826771655 2925405158 47302049952 26236139833 28822312779 1208887537 7572465235 21818384165 66761802872 60078576399 20694373356 30070963111]
[1704919154 43639849704 2212940492 43963456783 56709816047 4322209336 23420990605 38051939756 63411699123 4294556404 65978858504 25115334947 34942436193 15786952133 36879124763 58721264860 68318374061 53273762841 1871524486 44754776834 12053578460 49384767065 46711345171 22775478883 62116789619 40750487736 21450830992 36202976258 391271651 51483118638 256361265 35000602155 46856713815 66680366117 21430916380 47287336660 17035929722]
[59348236323 55245849149 9078249606 31993191045 14480236639 62574639336 33542544096 12786886120 48936241870 37984511833 65044817079 21018343033 55289503464 29165421032 21916660611 47769076144 26743294545 20427912031 38048219205 7023954413 60346686781 1221459347 50618663683 19131961589 37478555225 2033964208 37455794483 47141925577 2825915241 10916628455 62700650938 41678949368 6303195288 5121605654 51525850605 19625684370 37477036743]
[23640473677 5325504907 4439847824 40226831771 31751630340 61001561050 60207824710 64015783483 27386700687 60805101294 59886454884 9113029865 50069836118 16226959145 1012201695 28280514574 26738394537 50736881506 6944583390 43602201596 30283434789 67584973891 3944310605 495980819 48456922262 49939099409 35692800956 13987650847 35280024809 50074208410 5114814931 11149088619 34593647505 16967262219 54776448956 36611187831 41663059499]
[61143252378 50305707691 17989776303 47949011849 51372335370 49711443892 37241774823 4719198880 16801888050 31549318688 36130253905 13006089665 18468358758 45089549983 26044188285 32430771561 14719119279 10153880384 48257649523 59104060438 23197385902 49744289669 20397240847 22439457874 17329310376 14229312740 6374477337 21981999405 38586382222 60603623425 8871094909 53135273327 41109788263 13823791085 67667192019 46023764739 17045864603]
[66964617879 52216938050 45045620874 29153300021 21043322616 24836001619 50489700561 60642980482 21537450636 23214841305 54027620709 4717336681 41880809718 41163768995 40291791522 51127747072 39450248539 14271400550 520364957 8739708551 9137133522 51567541045 3576793462 4228069547 3616014629 60356119367 67730796153 68145749842 37316812406 46606604818 64796137294 51121138616 29119361686 21092972584 38010034458 32126821604 9404401033]
[33633544927 50670130921 65553741943 47720254109 58973825097 11094439736 46671815166 23113537365 14062312897 48179408882 34948543391 20495937385 62158148646 44730044935 66014017428 55654555687 51127392272 51229592150 30653218606 19891215871 28752840007 8547637786 46906517448 8282779826 48290829532 61760585700 51397704966 28452361734 49958369574 32836743102 10613810177 67467353828 32798590223 41134043250 44212467801 40326837062 12859919692]
[38243261762 13246902080 47714068555 4923219798 33628913432 5777714440 28148630316 55214786113 19882437529 63593916253 51718575775 9390707474 62513388115 38847736708 6894946033 15425867255 31698110301 48000895420 42446397288 37123737605 59559150416 63009196859 47019340343 5300814372 2217427501 41561727757 54957216272 33576576673 7346688942 24210243943 52836284564 19863538948 68600991390 3868143252 20908214283 61723202847 4061834756]
[19933284006 48594913392 20809544153 31096848825 62481220033 9363832000 19993303820 9430475496 59745413976 15612909469 11125880398 15186618760 43190153942 68655723424 50391503501 3383666943 24428395293 49065953342 14203253065 33343349514 46814201156 68651581973 2517378041 20857751639 63264982371 1606438414 1994732870 2138551262 68293511937 41121908833 63978019329 52483067410 7585297802 9504298083 34134156972 3654535033 64324015531]
[890627765 59434095958 61737702936 2399017566 38852472722 10136807080 13125596874 48757048005 58463601926 67723662472 2440575657 32267607198 42050799435 58557912310 41170153646 38177948189 65884646913 31804811756 8802632839 51914104458 13443236369 65161338725 40061086449 22212363374 3588147995 19694137513 26921416201 6393411104 25106765333 24118642414 46954808347 34480641694 38154896902 16698549128 27778520978 42230083998 41780819550]
[66045561085 33901161716 15919943449 11880980437 29141313746 14051179046 1378200662 9332457848 56737671500 18621796393 30371033091 37784982339 47932564224 15530099615 20961059007 23768940200 43713825869 23536600362 827675992 19358601641 57798304065 18610194013 58486997076 24162591678 22814238262 57746042785 42141458835 45324564139 12311557026 9188722113 61736290633 37788718035 9964306460 1601483973 7631205748 66879638281 987973835]
[10814082242 55437979420 61104778102 9143492562 52279411389 12313845328 34597712596 7588641113 46556964356 46026350005 5718745961 46203972742 23936423821 14765967827 13828642870 16770164608 37375856593 8933051373 61614063729 18092661244 32023439432 8097495845 45926169208 29976245478 36138505431 29510645712 17002363346 22659364643 10225555900 53833315832 24259018956 51887199841 32444751803 16199798393 3823051397 55597716151 63172194024]
[32085639164 23598186015 27104434051 43589658359 13304108406 42126067262 60736904063 7537570 29828348972 17707127953 35735686058 34148731152 20210242193 45704383047 50859867345 8389774775 34568009024 11563125159 53386796160 54230093060 56011284185 14674677645 41897927402 48525542836 8032533348 5673977826 57517710728 62062622276 12700898819 3002260458 3186830806 62189805873 56029953680 60257989139 44748456821 12513641122 43663092182]
[50056035199 32492381195 39773957478 49772252315 57975476017 65203331395 15414898275 14461395729 45962603398 12394566104 35721214422 27314932147 58419977987 48032683540 24378678779 32998458209 25131250541 64710548192 39717772695 15858177729 8128103485 48677042497 43498186533 67148912671 47150287018 9293931558 5154573816 32273063528 15555688974 63079520409 47249742168 19889632334 68690891031 45169152698 1108555372 26553502763 62259766077]
[33791028745 27754951782 5875333783 3633286793 14386320469 32075024692 3677813526 60102194779 62764965771 10257780166 55282097464 52791706151 53350918794 39972240418 19061576863 48010596605 10862854291 59672959461 68360692739 49921745697 10319044158 41262423325 48325353342 50246392401 15343492432 58764684484 54923035013 51128613624 50253998786 54835692456 14457507923 65952487753 53301936227 30947713440 48415524292 60574819875 13561274808]
[31306487297 12218113077 30725364810 37958012468 46841707779 34084488906 30942573552 52731663397 8887343446 3094419030 61628274631 40029596954 61313750682 49694830494 49813880355 67235685753 9771406414 67859869906 31419484920 36275321290 2868457764 1716108830 65523478467 3200386250 12107993574 41871481611 12304888276 1024064591 20955572032 57958171073 6445617273 54711975735 6430080107 29975024779 42311802918 8895421609 24125601843]
[54734860686 33945960814 52826195467 52619509797 27527200739 34503432000 7318871837 25692938885 44255760962 48787431897 38485356812 14346842547 46112399412 58249335652 41764478220 5837889191 22557707145 13343083431 57487159757 2141704996 576347880 44308353083 22212526708 3854310679 27643766800 12312853406 56480483010 4837439079 60435511488 19011053657 3714211183 34468492205 56139677657 64238281077 41272008753 53432974177 39240442627]
[14238195276 12861776689 12209857377 4400139549 64686763982 45175344098 785955755 16945156494 26303989863 63315038861 45116547417 48904653680 27067898604 68594451833 45855051935 52870807884 37856194551 14134546256 27106306176 50669791014 31607597688 24887261658 65638179477 59599774165 13262063534 58549998846 51191266055 56342623810 17947964863 37250734863 57005938990 12111276871 38718375224 45604641837 54446873080 37537728586 60436237514]
[31638031653 41950368137 11010985970 3316618703 68338308103 29118067914 9563864401 25056676379 23596186653 62836275462 38426467757 45758373090 46411858859 68607996056 10068200740 2955405383 35209435246 44326151875 41831480052 23929637581 33303447270 67941957488 21356791144 54586201795 28286330394 24868487869 8573977725 64493556760 65380041415 33295558731 27703585286 54836838747 19886362909 18675479612 36026239115 49895995925 4293562646]
[29923111180 54924656913 15905246865 49818494894 56975903139 66805881773 21062267166 30697585535 66767468043 41938774582 12533935574 24794280097 17287215494 34723327595 3381358874 53151752160 12759144312 54569580038 3401729931 62976007235 13543919259 12988834851 24991937281 26340732925 4667312193 38395389017 38808950924 13953825697 9074413689 25685914357 47044012260 24236493879 5627165869 66001451430 50484351966 42884590820 619738207]
[8906820988 24876016893 64553912273 56142340311 26599739232 40322442680 54068850088 17952647627 14196509923 66580659659 61743021294 63111254008 48167630885 38652777046 18614794925 42929736836 4629782040 44855197227 7346300293 40454326104 67976313993 67194274002 60988485293 53237973772 5485053018 50071467590 39662703496 3329494140 15334919520 5526400776 30224737971 17906942921 67977461020 50482453163 60455645879 34317031050 10703708609]
[28999629488 15699469989 7955617299 41878449553 49989652677 14074948281 2326383526 17261673445 4436136058 49688576629 34031398384 37305228668 60463939467 49893440391 46804184409 9506233476 13119698158 25273684227 552356543 48992775382 24537530595 6673038227 26512444355 40310546562 61768110306 22182341183 12648364293 19293847236 35976788310 64363657773 59405185855 16606210895 18378584190 30217333178 31482383407 47742586760 14401862696]
[21402610332 16631583997 12825679197 67946159743 9103806212 3703403532 45280947114 2721691757 44614179958 63227007557 64102799902 33044375958 1084909433 5930517820 61665866024 15928892572 43604947947 31864183279 62828681603 32015346096 64142554123 19712338718 46844111589 1659016877 22820925436 32132628241 62494840332 5173514586 45914641241 23952928904 4940208052 15691300382 31052570772 51575365607 49944261312 44954713949 17526430070]
[9945319803 48383511234 20463777330 66389335373 35494814492 42398111731 2437270078 7151999623 16274408045 7587619710 62541079786 25631467914 7651584011 18003631257 66917585641 58956944449 16434401496 5929324222 65101819420 36980162598 22429103800 21003075018 60355890184 2401690000 63142006915 9681994159 29474369799 52190614519 56908017873 57208706326 65135308810 8715858672 57052433276 18738365835 31719406501 2813873817 9236524949]
[21534992732 55107379294 6791584740 30253589873 66929453462 27868144567 64630982621 62942121801 54852737167 61271940349 49359107492 41493148145 1261103962 5589574051 7794428533 29806627778 62875619041 45776496077 38388843840 66364261323 19181381054 19935306983 5426307077 7628239651 59800976626 45320520608 27447499035 11115759734 2768189204 8023368397 17002486892 8673073499 24250155745 65658352338 35296458180 60042673945 25918384134]
[34772776121 68034138807 60787459071 27852745435 16678049834 37779203797 16092187468 41615334111 42780241819 29161568742 37179714771 4437607558 35630266732 50509310630 18299029826 39762612955 36867679135 10632932657 46669605323 10278224634 36935286737 54670749464 37257171715 13388490578 51891071170 45280293424 38988651092 52729491531 2687145812 53722072062 24551301549 29939261883 55099764699 20533670022 22485365352 18245578010 47303602031]
[45198995664 38801658058 6544156948 15734838463 61686880495 46070799075 350113253 55476103717 64295014915 25867827514 36639085006 25404302740 20495242249 42047062904 27212486339 49538236259 25539394883 60593498228 61944457118 21963220319 59037125536 39956478734 26797355436 7721198218 11690780459 41120059104 11948108708 4729778816 48557533593 56531056034 2567985571 67620948698 5992125120 36434093983 66162666757 2963515329 23005579899]
[36334432756 40209450574 38884517873 45161253743 46590426669 58469165595 37742585936 15741346099 63550815387 55917067588 27601124118 49202179832 45080395411 31182980129 21289159370 66079142547 30555248610 44938896987 29381948547 33478905686 19267791927 29006862088 67773213353 4490633849 39371521668 213672948 34479510167 45399728368 46745858108 8085920951 66299485266 49398316561 23506113945 20042916828 15196803189 10682165574 28089328571]
[35359207151 27127872682 67615707871 57259724058 61700264508 57320819290 41987922844 39778459810 40705025441 60240331959 12149847522 13298611652 48454110643 60757513856 7457615429 65676856913 67427178038 30623240410 16979720288 27112473347 41349914823 40969986160 2952328861 43043289926 55418763116 68033760911 3993290884 11724405544 4240690172 53941222418 50173411578 44515207285 65649717189 24377807228 37352679420 41508731304 31865980332]
[57399713725 41391601107 66171160576 45918044660 54213872178 41730791999 25412428342 49893214292 47034593165 56350007227 8787628238 26260225107 18004827798 4171787270 15406448062 21909216737 36933110916 50683830634 40469387680 52078785598 48305846084 24114597458 19113384250 52935429515 16672410582 51280153758 53629296095 33258352762 13693993314 49082824159 51006174950 61146605205 42104653458 61954121471 28967483145 60326400192 15356574075]
]