[[236023 620376 915522 970550 510484 718689 851653 797613 659919 406750 775612 925392]
[778673 365530 745594 640064 39137 115162 869951 858818 446709 841284 384341 206174]
[176324 131475 512481 771208 172184 187034 870183 572402 614436 880777 276168 78192]
[886116 920303 396590 493046 679647 810272 919611 591710 940138 746357 150830 853963]
[221407 114430 801604 110177 959200 53817 916326 669096 646196 369349 244401 136861]
[570158 920438 246476 61040 148154 17027 796042 637727 135226 26895 747726 935955]
[930832 1008338 351191 471414 649096 447261 1007378 201779 720467 488702 1024296 39256]
[45383 552511 416119 593070 1005365 388015 652852 632472 489710 1048285 1015447 500781]
[251946 174751 808036 225396 23051 955750 449775 274430 961517 82685 872992 162535]
[993697 865564 298753 661580 14332 707073 346933 124252 802978 149085 754525 572665]
[5902 699088 220131 397540 597364 516697 863953 218168 844920 581872 844388 501414]
[730023 353351 7944 1031896 462253 366509 468970 91181 404625 919674 568239 886772]
]
0
issc
