[[1030739 751238 25279 307220 325878 773744 210450 463414 379525 600607 638060 785283]
[265678 530598 517639 820510 39283 764459 154506 463888 245293 94640 202585 95212]
[816674 394549 123197 415678 780542 812823 677897 917976 366799 992477 423950 617448]
[855895 158414 114617 679025 904598 731532 698065 591145 1029671 512617 886431 178000]
[489106 254273 108660 1044261 785195 124008 717124 323233 648039 42298 330405 376262]
[222036 370827 958125 242108 171658 37041 788201 187831 354163 590269 686822 633783]
[578736 191921 130518 178974 166035 944200 805642 92392 536414 815560 595428 207044]
[46298 686844 124314 135130 53819 472814 201705 673355 861079 860019 353647 773840]
[951017 657478 771330 714257 564208 364148 598077 1035832 207038 143532 740670 592423]
[174596 634522 919445 460583 297450 836945 796248 551944 844173 820306 96312 907486]
[619843 689733 571165 660106 296741 582172 723901 356370 220228 622947 460514 487717]
[306180 702641 73285 688195 8437 538294 877791 705962 665539 436285 256870 1031958]
]
18
issc
