[[447068 456322 385209 70208 124628 886756 521785 61182 410357 862343 83025 933981]
[891745 85935 121105 957155 248130 222847 618589 979232 9541 532717 550 575318]
[747169 639986 105139 790465 303526 416303 78575 510412 78862 302682 840899 428846]
[8069 48999 408776 969034 228354 372770 1038410 1028935 224875 816409 353506 793300]
[863445 588255 220178 506203 115754 520476 394817 833783 515380 675015 734363 323768]
[504853 1027462 107586 916247 231075 775933 9945 930064 90921 853660 477769 365922]
[668767 1028002 732080 708439 701637 458773 325085 7158 765892 862194 948709 133274]
[677182 729060 968784 906442 669047 1038986 583967 740243 962641 829154 883106 448544]
[897681 634080 666200 927242 160426 924780 89951 836492 113439 145242 42630 853274]
[657752 678002 881289 107446 900707 685233 959608 271257 974839 625860 915042 731548]
[954956 6672 497502 225831 796265 544286 724988 100287 952281 52586 842477 593306]
[490210 884375 431650 860364 124886 91303 88536 1022981 722219 208075 579491 787347]
]
19
issc
