[[543706 261746 949591 409090 654941 95438 276269 451349 573477 340479 46482 640296]
[315446 55680 476197 676585 979834 2496 494439 840620 493864 807620 323449 825207]
[141911 1019387 991911 321583 398217 524575 884176 365636 1029621 331703 201512 81205]
[791347 190289 79902 436413 78478 96159 1027789 393193 949431 79594 211646 908623]
[205777 525135 923193 761918 929480 429393 981111 196174 571894 530802 603251 681882]
[173084 566339 478310 24648 1046398 886411 81248 604874 269023 312118 62898 737513]
[724959 705128 8917 580569 940736 350809 905096 240037 257309 170902 756558 650417]
[292651 372827 695976 910406 659512 486325 941153 478035 7006 492540 636447 318559]
[781520 71908 475533 653985 650897 751402 644517 551633 666617 1036805 571551 483642]
[677834 45506 921088 14701 759334 515786 557526 915908 670031 76535 921079 216109]
[1039180 149445 753416 424626 952409 689014 185379 864561 562996 51737 291500 327174]
[754489 974988 728557 867116 633939 230460 486766 395488 352832 356517 648150 910708]
]
22
issc
