[[488271 598469 907226 293145 245528 367487 211191 318149 118958 842261 940323 960429]
[63031 449367 803620 1012289 161911 425715 592002 93539 885698 387315 406011 1010939]
[1029698 745139 478769 518616 813874 635317 789581 360740 346496 873272 461134 287374]
[818050 326630 721340 553884 371761 37927 926309 474580 427534 697300 838770 97352]
[676756 1045008 560424 206906 802779 85436 39466 862660 952391 247104 464804 347703]
[719188 565658 115730 979942 496511 526798 281224 87628 96220 3431 681050 689484]
[438821 135298 278781 543549 475504 468451 1007381 684541 450707 359055 130774 270002]
[61727 1019340 172856 336328 383126 139935 770324 271798 205808 138752 605248 89049]
[271157 10544 419590 73130 397631 631732 610157 868470 579206 755481 631591 1042748]
[498740 804102 185587 611206 375241 614323 285051 411253 123071 88684 765972 479634]
[805258 177710 223192 540491 906171 903855 846814 185608 592256 499874 977467 681314]
[863015 821786 728441 859657 280824 680899 69803 236081 896009 303277 450427 101218]
]
25
issc
