[[506836 642014 781735 664914 530643 80597 1001876 369053 334043 566069 558367 255290]
[110483 635817 952004 977026 292948 33920 802668 956064 3438 1047937 303370 175762]
[297202 19717 509572 433844 681488 547917 515404 50414 327280 348647 873572 637807]
[677313 726807 438546 268758 803060 786251 526100 37566 449264 385357 487247 705168]
[296448 351757 99258 714471 995295 1043715 9621 701862 733916 109290 768750 467054]
[505371 465003 384173 754662 193661 301625 396406 987429 380260 497947 344030 32297]
[1006305 403063 312319 559473 475941 47918 358638 215230 243802 181900 887811 550464]
[218042 1045385 1025615 436086 316753 17805 707745 306013 657504 136316 127540 248060]
[357546 263472 362714 465860 953721 271332 734071 825709 34410 449407 513450 11172]
[766218 461292 732872 171302 847188 656410 550366 902787 94556 868221 918141 370657]
[121515 271702 29523 921729 420176 305263 314020 811955 341954 861954 656615 186458]
[802279 224665 583226 720558 670921 858891 1021864 599524 571895 50667 747047 488473]
]
4
issc
