[[862699 798954 164836 15206 329185 62417 819343 40462 330002 686795 291372 841593]
[331663 204627 258493 188254 238356 866434 723854 59134 330961 227764 340692 424059]
[68436 1024789 175877 914401 236694 1030293 55851 531628 590886 1842 679406 981334]
[590866 273031 32503 419497 568673 99852 899298 682296 476531 450496 257943 491878]
[389199 410166 32153 274800 976664 3619 1016578 920409 723593 635785 11443 897028]
[247755 781016 260253 589059 508696 779432 180864 293987 838050 805077 921185 86063]
[254954 761123 162082 828495 43505 284928 524489 568292 176907 804978 204735 628376]
[721287 73130 459310 463213 791337 1036641 1037802 385513 186380 409341 524424 203059]
[28683 913575 857316 131973 258349 671492 930029 310406 915315 85477 1012942 175880]
[83391 107529 976144 898538 115750 702895 506699 85237 960855 104906 78241 622679]
[496839 779732 333314 978435 573576 404707 474237 841433 513334 503296 260176 132358]
[437696 797852 219753 963340 289403 93187 131631 670706 55456 754702 290264 538874]
]
9
issc
