[[10175857 18044898 30841652 18340908 10314166 9765888 33245880 12503979 15615483 10192088 24155729 17148357 27337041 2980200 4513044]
[5202177 29205620 18737613 10082312 10935253 2290931 9915443 16902349 18566501 5131180 19916199 30701086 29031131 20026836 128901]
[15090972 21623598 21406651 19597539 7574039 18049433 13642654 31005961 30670058 4537147 4610938 1132106 32356383 33430711 5426714]
[17523928 7767542 9472294 11261354 28526372 11700023 5318379 18356625 10117263 22176636 13127700 23548592 26903076 30426209 778287]
[16897592 20966933 10161852 18351414 12019921 19523282 14819223 5251747 13438602 15661754 23396378 9912257 12665957 340197 2446231]
[10231410 4959772 31952993 32134818 16569490 13574669 26717601 23724019 30699171 13089496 10783902 846100 31322199 10237540 32362305]
[24312111 15643027 12441165 14172515 2244334 7729357 2620132 16782792 15572843 26266462 17094032 17571860 5205760 19815629 30286910]
[6653650 14146579 6436107 11188736 13061211 1888596 6420735 11748630 2016336 614917 7914290 27315797 5562970 31107936 21957290]
[14431296 29456427 4791283 6637061 3468801 11298160 3707055 258212 22449171 31668999 19804677 19485039 13121011 2751114 6636193]
[23251809 21304399 26469836 2199376 23150407 20036626 15622761 23323049 21817125 17918470 25864282 25940068 29506915 20246249 5476940]
[4875730 14753222 33443524 5307036 29298850 33172748 587109 4092057 22342784 20003139 14549921 25569637 32508646 13039519 18707823]
[24826286 21794057 16249896 25664273 1440728 30777775 27171973 1701512 21710990 27951622 19217400 10646588 33046752 20112259 23402118]
[13755368 8514945 19256419 5904166 9428516 29637606 17972153 2900528 18914586 23596465 2018928 23460516 8456278 30389515 224813]
[12192488 2912180 7546565 17831088 31761736 3675150 4688345 25896214 14232253 22343264 14699226 15799863 15394431 19937695 18785484]
[18431065 8529626 5045303 11269259 3287900 17578585 11250543 10361294 29345685 29838716 16553134 29890150 21945765 29702607 12300889]
]