[[15323895 4224523 26930659 32786543 5351301 16722969 19362241 21241819 1315706 18769438 1752086 2875124 2430976 6981562 33098112]
[31883521 8993286 8157612 15183245 5767451 727247 8430154 29905488 11552311 15990879 4414133 2733544 807619 19185320 33074126]
[25636658 3110886 22259456 31513743 27318984 8266589 19273341 8079736 16381402 20845607 19362466 26888532 21907938 25716708 3145996]
[5832564 7626248 26293264 5985052 8945386 20507688 27350712 10039037 23628561 17241468 1460733 18926171 4824557 24383947 29623531]
[28243947 2921116 32907838 10380168 384138 2581562 2334883 14584563 13663255 700682 5906984 5904945 9397957 4883779 13438237]
[17989540 12454848 14872607 30376877 19373203 27568648 23753147 7638914 6643355 2041796 21274615 4534741 3154369 9423943 8446579]
[21718245 22044529 32604138 16006685 21022318 15830274 23394802 16833278 4801217 271089 32984856 9432613 24923559 15849196 8780206]
[19005744 19744676 33237312 28167607 7541570 63597 23132357 1689167 33182203 7778522 15690370 28460171 9568380 26061409 28524452]
[1447914 33210649 19893432 30723505 33333801 24791351 25822166 19773130 22818638 17207586 12809515 27128380 10395404 7057426 24633686]
[19825582 22315028 971972 27391849 23070509 4658055 8559023 11595427 25165028 32150684 18552996 11854105 25795302 30979833 24710858]
[19490996 491122 7340231 11789302 4149798 2675074 23589787 25783894 9185008 27947395 17973203 26783753 4930555 17831090 26033590]
[32393127 23573958 17225610 7464171 7431118 470880 31055179 15840281 26231112 12260072 3086223 20149450 30123008 33166430 30043471]
[20429917 20858064 18189174 22308254 14493399 29308028 19964487 4597500 10796110 29118426 11087150 15647082 26734011 12675305 15032098]
[658239 20524166 25978130 26824625 4710575 27816702 9538463 21117953 9884150 18028219 6786099 998806 16655195 27119353 2050483]
[5859723 9902434 23620701 29062567 2692751 31089831 25490030 31983902 11977201 21969447 28139000 9694059 25016091 4670972 19830296]
]