[[20988875 9849125 5348849 18249743 27822535 25777020 6263749 28292872 20038525 12871313 18333903 25363575 9517605 4996353 22531783]
[20091550 28522021 27348265 15445530 670240 27721610 18447282 5175622 27042727 13020882 16503332 18888856 31007443 12912632 11731822]
[4169668 3989778 8110847 16958186 28541509 6782877 14041848 10732674 23403025 24287205 13795885 22115800 32538394 21560426 20405650]
[3336988 29651398 8795859 18061164 28054803 18181943 13397430 29574219 26157675 2988088 4787129 3277623 22754618 7183904 8432761]
[22738363 27951374 4782388 18252441 7975623 20453384 18493840 4434122 32893191 24204924 19799334 27903999 26368633 33485775 3187811]
[16996621 3016261 25500657 33490281 19616158 11726943 7521779 29304729 6802382 3430498 33412619 15204729 15356637 19755080 29302100]
[29589262 15980240 10375680 24967985 15049589 32775978 19970593 14579515 10894822 4028667 19736295 15681333 26064289 951803 29871107]
[20938795 25721673 32421021 24672638 22960407 18472557 12623291 9615023 10282868 9773340 32252240 23876888 31207268 15932240 29613560]
[18608712 25208364 15765364 8951670 21633576 15084166 27622904 24958137 5234739 16047774 33366502 29624336 17087543 15124228 21424420]
[28121922 13574798 25347434 543871 16315172 30275547 6797078 2813674 7505136 23939417 31824869 32969316 20086993 5611784 33279491]
[17678163 10803572 2492617 7975341 17721847 12261716 18935912 24165094 1806465 12265874 32227246 15673398 33513467 29367752 19873048]
[15059491 30124744 15523515 23373563 14673389 25526004 11209346 19758829 26882588 25686753 29875564 28024887 12609951 29480228 18910440]
[29449298 31220967 260923 3844924 32055329 11756890 32568236 20164151 6485571 11022631 17470196 12619090 9959014 28409716 17242553]
[16878692 29619151 9575799 22456789 10007520 23520352 223929 24761832 5223468 13494588 18274088 11818722 22886291 27323685 8382444]
[25180004 30959109 6424213 31899542 28310924 7618340 24817645 9308756 28725714 27750995 15425124 19377833 21110381 32892589 24416248]
]