[[29082084 11444351 27227056 17579330 21837118 29453719 13505621 7489963 19097457 27150905 556731 29914548 2475806 4845181 24578407]
[27027279 2533841 9550076 33055855 10494033 16759809 15023437 22726906 7015883 9667740 16730368 20997798 3162040 21637388 29492233]
[23926221 28618217 8677798 13951312 7421820 717708 596434 13042244 31963046 3267879 23672131 22340921 9622837 16658005 33171572]
[22101838 1457201 7711 1788530 2322187 18731325 15420224 14685972 5566665 9227751 12981279 26007396 9012950 2238972 12102564]
[22018126 10482842 29027070 31177763 7734613 15487152 17774241 26644390 16656929 21496066 22768493 26448097 25647758 1134181 3086338]
[28800735 5929551 25329624 23868824 25883252 24945763 3027938 16428466 2018936 11089122 3893879 19008672 17507408 5179887 12013415]
[11412515 15788117 19962067 19230217 7283060 30795465 16675459 25371643 15098058 11082081 29832401 15303533 22913062 5862993 11071072]
[26843190 12280782 21820698 4779792 31619438 25774012 33337844 21070018 17396296 20533735 20905015 29240155 30889666 10737669 8166557]
[2453280 2803305 12805874 20479280 33308244 7590474 21784683 25876277 22879430 23488596 20536207 11031725 31668474 31011235 7925210]
[20243390 25493304 24481562 6978578 6711921 22140356 28267926 17769991 1434710 9812682 17443165 23216540 14409290 30619773 8307000]
[9633251 16833878 5037871 19262443 11413996 26819298 25361535 30732937 20134961 16577528 10965547 32288452 16969152 27727063 11470921]
[3647530 23550999 17754299 32658900 20605149 23986905 22868329 13598230 7219413 25704899 29362606 26460296 2502154 547038 6682888]
[1375107 27819032 12998018 14264299 11233104 33494264 15500369 24276175 30693899 22953698 1237409 1957383 14274013 33453250 26854067]
[33306250 10340875 5999073 28367950 14765711 5040379 1790224 1685902 15289463 33444348 27678608 27467154 27166246 5148093 6752903]
[29843 3199595 18135939 2734054 24580089 23004856 12068403 13213437 8503059 21620547 4869034 16951657 11334495 15839376 11048873]
]