[[546536 19358166 28815792 6598364 1852004 8436092 31595306 20915830 19952800 12592888 28200271 17395599 29413389 8805147 15475731]
[407162 20524812 26845861 23398647 11354005 25978384 23150014 6904950 29676056 30203136 19161063 31171105 5821558 17762367 15455120]
[11332261 7303217 18543761 7226376 12594780 11920139 2213297 17371029 9261595 4813836 2103222 23512951 9444523 13694409 10931150]
[9215073 26861850 15912633 9827691 15111840 31840557 15385808 12515681 31601136 18851207 18886670 26159073 20725981 29629803 4763958]
[17891420 2593599 27048212 16777094 9593992 30581690 33097844 1872976 18964518 33501990 18992324 7539955 30470883 28011321 27651130]
[19384876 20121619 19051601 22248141 9426753 10531299 9258562 25663371 3795810 7833848 24287984 23768696 12448988 12356013 28028277]
[30053916 4758129 6706634 30394540 25730733 30053326 522174 17227715 24010665 17965554 10310081 6606197 29528103 25991944 23100954]
[20347590 22278252 25720138 23505597 31964751 8289545 20904872 4588727 7064536 15822735 24749326 4032770 12797 10124631 10314233]
[10612493 16834631 15685548 16032123 19038205 12838662 25959494 14468613 13648707 31176467 16427139 24516802 13559938 13720402 16687480]
[12093205 26009241 30769844 5079263 9208072 6601094 19846443 10919104 4472381 6997671 8481071 14871940 23002683 31877313 30837071]
[25003510 24926023 28456336 16518383 5464616 3696966 30292694 18310125 14738053 16982033 1096612 19544823 17528479 11194767 27517705]
[14110080 20273402 10839568 1673017 21338759 5698785 26829753 6678713 28275596 621195 24065173 28047452 12417649 2578 4440225]
[27787730 15619243 5476408 13245136 18533105 12967434 6217266 26987966 19408511 30462263 17014766 19712517 15389724 4910785 25987013]
[17193751 29073329 18845566 32707539 24389797 10555137 18886957 12155265 19990416 27370273 19350963 29242811 11743210 22040546 18479487]
[23072536 7412285 15965496 16533074 8014161 4667152 20385387 20220145 18207016 30580420 30304552 1495270 2231102 12080365 10715963]
]