[[23964998 16711175 21748698 2569995 27489127 12314469 4377739 5993173 15847120 11697286 7485074 5879592 20796761 18943827 1664532]
[21273586 19609679 32297783 5115365 10384095 23563375 26254555 7997945 31196339 30049696 9421150 19052646 21260570 6004013 20627868]
[23370565 29827390 20781600 23893895 12846089 26555802 15309927 21774572 30168866 3072014 17250049 19429636 11882752 15702286 10786938]
[32044722 4269150 23343468 9384933 7896355 18425692 14081124 21331409 28220906 392643 16880121 23576594 23604685 16082062 29826393]
[12668819 30590597 17650947 3594655 4982357 6216704 16825983 15983704 9111881 18227451 24992630 8479472 9305101 27380187 30358945]
[6199013 16608470 2604604 1390842 29726661 19622334 5270983 1385979 23685864 13891240 2315678 26780941 19584571 32602987 32653904]
[12782170 13561336 10560255 10898102 19775535 16460155 27279544 22419144 10812680 17487070 734571 28050173 14209840 22761025 19387364]
[9504256 872920 17564613 1547827 11581265 14098181 19826705 16686194 31272790 13000520 23489365 11535364 33425568 22318195 18077116]
[11639201 9227328 7295171 22847865 12940203 15190293 10124967 9217022 15863236 18046749 8259647 21331549 1286706 33253244 14313395]
[22141239 25178690 22350901 17966247 13990299 416126 32022186 30287480 19976844 33262571 16615666 13133450 26185535 28822679 18432925]
[712561 11150272 20576019 14550614 9382414 20392557 28373143 396894 3314668 9497318 30508937 6732709 31125471 41539 19707420]
[25638730 20600137 27325782 7015002 215520 1433645 8808880 4264582 28347599 12215520 11611752 8835200 18856088 15938687 9189594]
[25750186 7381276 2989108 11419703 30164775 7086903 18976800 18677578 26075081 15348329 17324882 30842654 31498868 27597480 12851997]
[1430394 102192 33494931 5214025 26792923 27980954 12704151 20238294 11632201 17612969 23488736 8538291 3933856 18084233 12830694]
[7181089 6844808 19953212 18391918 16332140 22354516 23280286 14052995 22614011 21391362 24071402 25953878 30221807 33072382 11625264]
]