[[28825421 14433916 7269273 5401445 6525157 2719275 15479883 18749076 9741556 5906647 14855185 10209248 15630203 4124744 6620803]
[5746775 19851306 30399365 18471913 12644824 30127457 10028188 28131752 15368082 26149090 8003516 32559308 12883287 27249161 11416594]
[31623088 25241012 20213483 22674472 31906746 28764849 23498747 31430834 33465605 18494334 10407981 27971470 19044366 1519718 11022568]
[16957501 5061928 5015653 28270718 17216733 6848582 26378970 14518370 7488022 3303457 28726864 406677 6125005 14263199 1254718]
[24747676 27329846 23594153 26448468 24149639 33270199 22370723 8972606 8293400 6439211 20215104 27523948 10995630 3546852 18874691]
[1591548 7788333 24179935 31062726 3070156 10515887 24651701 11919635 17848713 19409866 12765928 23568310 15775455 29720387 4102616]
[11133501 18377944 23479816 9616915 4988066 17115096 7638462 5237233 21632034 29623086 22371877 14429923 29378899 8480668 4106400]
[28963759 16784293 29832720 26172295 4953128 28527086 2057273 20767344 17378965 1931605 24190408 4209827 20203006 4838140 9601246]
[25805770 12228125 4366592 26717616 4827194 17186197 13111089 2909594 33021911 27911523 4037655 14622327 3327606 12949813 19363569]
[485928 832257 375812 26702727 30582280 27783799 23095516 8180118 7822486 13264603 25791283 28814479 7282092 426165 27950903]
[4506345 7358324 2840552 10340286 11304472 10539754 30712777 11542432 23957162 11811537 9078185 25307024 4570599 13793773 1111782]
[10239429 24822176 17726534 25304152 4490226 13622940 19929829 8342487 30319009 3857134 12885141 13914370 68496 33513135 11929259]
[16976389 26837253 26656946 18064212 9913220 29777412 23979012 30093450 22981056 31235162 21696441 10229930 25589975 6063077 31022148]
[12713306 3924107 25944771 11829491 18877052 9084913 2479504 6235389 15834023 32794753 10670871 6917914 29461851 13294192 16710901]
[31775358 4933476 4854996 27358253 18801365 15667896 10020572 17548846 3533851 8564928 21989975 17531276 32138534 8788571 14243001]
]