[[11536433 2581769 22882759 31981492 27828964 18190459 30048028 7692502 855635 26573499 9079339 22157217 2508075 29948966 13982011]
[28813298 24755063 30721072 18990780 5068208 15976056 4706276 28986249 32945232 22076063 1215613 30417282 23543974 6688351 8677910]
[13735589 23886178 24916661 29565879 3358012 22676874 3512901 21701616 18606500 5078297 5095023 11545606 17858797 13961099 13178990]
[30168257 33095840 14915970 11043550 29231251 6924709 19121979 6063099 6327462 9810174 5321723 1228328 6710155 15246296 26920485]
[22764530 1823319 16639598 28417177 29566430 26228579 29174000 15326312 17576869 28381425 17102926 29251652 29487531 10421222 799598]
[3701684 21875237 22469674 29478419 27911309 16269082 14776228 27993110 20397540 31294797 6049071 26666532 33144171 30662324 8017912]
[14136850 6612288 22083070 4900559 8502620 19435309 27272763 18057987 32872356 7650320 1681781 2763015 31479238 27856461 17437243]
[17132974 29984165 33476205 26472667 9595189 31623502 28306148 14094338 16327446 3038904 32317227 3716155 11153992 28853221 29839956]
[29979847 18645923 26415465 29067413 1339832 27883351 15186430 19493861 4751191 29331950 23891678 398911 22554054 2474636 5543800]
[31707487 20213027 29864347 25365173 7805263 27952499 42809 31381545 5883363 17704562 7928128 26529245 3254141 5923014 25520593]
[1543766 25330352 15509045 21626331 32144283 17146212 15186399 5880631 24119738 32525058 30007033 12244307 3838570 26899138 28335233]
[9850473 12106650 4055709 14677840 4203541 15512443 15767571 12178941 585612 11236128 25052715 30975977 33184835 17527479 2283721]
[2123248 13361070 20266243 6098731 10948191 3187776 29862034 22122086 19082392 2099666 32145884 10689279 8041914 20794274 17786796]
[4901704 1262574 476454 23948838 18646477 14250014 16294572 28748726 32593679 6193382 17325367 14253717 19626028 31989918 12955239]
[17231760 17981392 6663423 18374108 25884753 442020 29702702 22254022 2359785 13368376 17321939 19587238 6465015 17829279 31111498]
]