[[6429773189 343005068 3225783313 14229629157 14257779056 10143154580 4912693988 7749922973 9670983721 2467640064 12973120254 7898843005 12659869327 4317266232 1846282469 17007043667 5031162705 10972660907 2718983564 4715260473 11615735732 5601363254 12648130956 148940265 14846607203 9476004489 322593553 189092661 16555733147 8806531923 14317123158 8800551413 6390635047 2815115481 8390895316]
[4539173829 3003765809 4138835841 5418545495 14962608108 14282936976 16329789088 1912859592 15123959153 7680017963 2569148241 4492565156 2534697831 6522777382 10495629729 16131792926 6988508239 15647029896 7337976300 9883311876 11166684859 8753509978 7751006215 2980791683 1633541397 16776917637 374488575 7523937726 15974047393 9414503834 15341628385 3111556879 16073387907 11580933510 6285819707]
[3382270716 7492320790 16369911146 11695507980 15837642339 3019842918 2947447846 7729117010 15911781291 14116225939 16857166715 1260047573 3247262120 3920115255 9924553559 127326962 3866785599 12608226468 6405769792 6057325617 13123301356 8096548958 4720895770 7632907217 9307862397 13580033281 9636137610 6690226469 9245349580 1903870099 840851745 8358630290 11255811997 13317504922 16187627500]
[4489297249 2999945015 5388446557 9266409726 5095769326 9661282535 420700175 13341115359 1354625080 4500059356 12526079068 8792991132 3180416670 14882621323 11353732566 4883112712 1565405279 12134783001 11709333042 6128309771 6187470828 141313633 7283328500 11519508735 7730268405 4316375118 1199879244 590409544 3351880343 8397467709 10808608012 16657291429 12777890539 14217854903 13731794241]
[10012544144 10519524502 5059834423 5702698687 14991851004 14524784535 13344455621 2921305010 5683626929 14570250974 11010995312 15239568411 1244759127 3787796696 12023695864 8121449408 9298407615 12521123196 8797770274 10499297653 16678115142 10655642474 13344091722 7972462571 7369412940 9649249635 767810235 12986998087 14278701906 14834766148 6098153914 15836825014 7924115077 5977056223 6268059350]
[9509782173 1697847462 14082306705 10810171230 6804689863 12934860418 4901434498 11038875277 3922079499 7361814289 16708680596 13807181524 13633453305 3240941099 3262041332 6767404242 5585058088 9821459238 5234621908 12405154008 9200070088 9749021318 913873521 7266698326 3110927023 565593633 12444143981 2368887544 2825801642 14166235700 4738377354 7244818195 5013885169 5975553379 7857441114]
[586583796 5610359830 5205923355 14239842463 3924117931 11881007411 1512173324 10212625238 14430805340 16375593147 11946878949 7996151936 16209109871 2795839714 8188909162 16824085805 13866746588 4823551802 11103157455 4614458909 3013045089 2694270705 7035955921 3473154663 9501156471 13974953569 4020549269 12093436590 14706958558 9622115909 403042878 7163503236 3291057880 8593564773 6859572680]
[12397987774 11701077259 2376248782 16773178502 3111080475 14343238952 2710985194 2915462079 2793347909 15532536363 4995224737 7137336032 1430792185 5599589935 10432740924 9327621971 12276882471 9074640456 4989436530 2610492733 8529574787 11588361044 1525563534 8067364991 14579735981 16263903423 11676526819 2242876406 4956205372 7480092563 11624015563 9495061942 7227080709 13110041452 9937565140]
[297621662 1179249848 2194697560 12984235404 925165804 6304576530 15800224176 16522788263 7580893702 10331503182 9292967855 11295814786 6154222092 11784425820 9192041364 14628853494 4036884558 2323119347 8903818604 13954786475 6518357475 5603276690 16695559687 12447402455 11807101555 2582385936 4754991036 14518799741 10413879207 5797418558 3697849654 15230837579 13040905236 3435686019 27567571]
[507923546 5819736850 14437551823 11555259026 3556717153 8433479278 6068720828 12708037589 10292982144 5197255892 10335279133 7014033445 1798833306 3194807157 10779811202 11167967174 2950206950 8436186281 14367650008 10070796218 12002464200 1252299275 4918300459 8026719526 13018392071 13059748289 7089767208 16360304738 3230080280 3396706026 11012594640 2500454514 6711962267 5442864047 10005784234]
[5395395843 3685815279 5064822752 15540978722 5435725451 5443963458 5416383323 10661769888 2258546530 6554402258 3748845777 12596639256 4936596576 16999871693 3040559085 10254421833 9532874155 7799978273 13231805559 336021851 12477108978 9726619836 10293134863 470777964 9944673962 14353999127 6821360177 959975600 14164118163 17171902912 7414033081 12748737913 9888520679 11556466973 4320954235]
[2224073458 8264205689 10202057757 8881767809 6064209983 10171218900 15899825525 1850724373 1124890800 10703508123 4686619439 11157243074 6207424322 2501480148 6690399058 820915833 17140085654 6136918072 13214054888 16969077548 2926105436 6411554629 10647289968 10871186675 13149837460 16631318754 2114724972 1338269096 12586972682 4728828656 11962449286 2970869078 4575277094 12553149526 13673315074]
[3675701043 5688914028 2516786022 8749887413 11285315063 13267526135 12602966555 1840799420 4911372888 8270893252 6434274948 3416456765 514754018 1388061711 4362827790 10042184200 6753474384 16534602039 15742795034 7295807504 16651968328 5664531883 15940717721 11053873623 1528836710 11892410334 174283595 4795496729 11974836531 8800269694 11152179736 6047001743 11278783553 2703380590 7765820704]
[4912446135 4294001100 2082354405 8986963450 5722854705 3375010696 16827516640 3557694465 9378958608 14290131906 8635509824 9494414442 5466946856 11205001168 8557634340 5954763608 546997627 3591217986 10739159631 11982260955 16656297452 10496269672 9826912101 1937787582 10747060274 12255002601 1709313921 16511988243 10949777026 669030141 1969769405 13564962010 4583906697 8998350056 13661311024]
[6940802571 6565957079 16644205424 16882491464 671711255 15050000595 10463722506 428747440 15760261115 16546776619 13195879521 6879045924 13109208571 275502397 9775584094 13185125339 2659533233 488057522 6833313435 8647191154 12731316511 16822671993 15136047389 3267565673 1035755867 14928257450 8686483612 3410817106 13869180142 15008035807 8990557464 3199786426 13831433940 10602934639 15465597704]
[4382618514 3022463786 206563390 899937596 15558994209 10677978467 10385157299 5180941080 8469022294 92048755 5563341532 9143155693 2775941046 8974526472 16171871457 7873282532 9256073623 3763325071 13215399652 14517971577 397857495 16459615161 16218956057 9204379770 15679518440 15126891110 6606982144 8097705611 13011452625 10729232447 10619141430 15770577473 925486288 15025582303 6414146498]
[16033426268 13336695907 5707819795 11702465635 5349216751 11200640352 16393256821 9863801756 4062787761 155849808 10028147571 13248121180 5234536819 13267208480 4652765492 16764099547 8902470531 8616147356 415622948 7590240541 11718812129 4304855348 7085200693 12478615852 10370242883 10748477192 12950758496 7325361460 11978980990 2221956075 11662091343 2100560668 1086807635 13632667901 9077572019]
[9827591858 9667112578 1674517503 12215173989 1154642142 8345699962 5111447956 15351093996 3330827623 8500059097 10671858557 2828209388 7568159166 3441817538 8776056602 10948666044 10076947255 14645141360 7954287266 9102871214 10715008513 14959676358 9311028084 2137408173 11194435147 10544926934 9982864837 12470780125 6757278185 503841748 12707617094 6936805294 12059841078 6365156484 5984804125]
[2086540858 14613702152 13267302198 998104666 5249077540 9356626711 14560944905 1858753225 8881412636 9876330457 10708574337 10576209841 6464274160 691448229 5635667899 16303598626 5781670357 5739890248 4888421753 12104037860 2546691196 2821128395 6955818930 9898761325 6767888217 53304737 2725258092 11738160396 10763922225 9508684010 10156263230 4955106936 14314678618 596673839 14646934187]
[3279094195 11121920975 8862640745 6142949462 9687718013 10650002017 13488728354 12232017512 10434066272 12978857436 10558968031 14626190491 5450755185 12566712466 16441398007 5836695863 16751957721 6241014876 16676626261 15315326060 15782269770 8516784465 7807197985 13203559771 3781791847 6796414216 3465259733 2507507431 15356361770 15412188337 949825402 12287277029 10043772942 14063136051 2400321468]
[1017460471 6511435200 7382204748 14655673005 9797478330 16726854650 6556411396 2117800937 7026360271 12118767370 3899686597 2775626491 7690898662 341545337 16693690711 9635660489 4466129809 12151479200 12031600143 15270819498 12065591482 12419154360 4424084786 12918865241 11677696040 1496217670 15412562522 3814628739 9385281137 15605171697 15866950911 4573527725 14570994539 12297261436 15578998810]
[6740700906 3070616514 3644536977 1601974142 5151980252 13299160709 3012240869 8504578242 9778275121 8060814279 4968881055 6646316340 6084327560 213484441 2383810037 6769294455 7965292246 16923570048 13907295527 12356342157 2548688774 17074200932 14261385803 17114688823 10167029291 16756909920 7282726322 5355740109 3983027337 1632647451 9256861376 12022002778 9890132578 16781851379 16745627425]
[3105135185 7560645760 4323639722 4327110 16887640831 13330846039 15898199663 16918399635 13609393268 15693388397 15853038852 75315878 9345427272 14694867313 9088925179 561719459 14537916560 13847873358 4155495256 13439711782 10185049362 14977518293 15457298040 8941682770 9497278466 995437679 597719773 3802986955 1346345794 4307364362 8771823903 4522846595 6561045778 319560276 12284831755]
[765821288 11001069510 10862841019 6079735121 7333459145 8219688776 2067339337 10644174811 13898591433 6781078706 13125402260 2131912666 16966867684 13248035552 6558291769 15870432338 729107137 2986459690 15864523402 11950109299 2266817811 3580592117 14338878740 15879333772 2438367947 7359012184 8718954590 9429322099 3564721521 11549174493 11712820199 17158250248 5601199490 13073066227 15275712861]
[15608208780 6191909905 12430504538 9005458373 7193483403 14600762309 4453100710 14297132670 9331415626 4151090677 5851495388 10676083921 5058219291 10710905244 527990137 9123197107 4403745847 8616219625 12074697826 12782140873 2872953491 7435866268 3208379340 3466708192 12586985035 8756191305 9980386296 12066402708 16733612709 2497817788 14529876781 1917257616 14456179272 2651406959 16344363623]
[5542658314 3861432347 15551054284 3286889540 8621723449 14497481818 11615931435 10709885931 11699578231 16909120999 2388725088 11046293801 753115985 15618197012 4776394896 10206711055 10438848180 17065765315 15343020768 10568268507 4946932837 9427488371 4466982992 15652477542 8213562823 10928611873 12258386596 14380102741 10756625830 5324364065 13453290186 6108255436 13130483444 12695976321 5818391530]
[12571731525 14611861075 13310563253 3575318771 6652205547 16998661701 10171904684 5926627487 3314142910 15471091666 2251585305 685496819 4571866532 5001429581 16677639427 11205033897 11696555031 56136032 4897497793 9778933085 6143927515 12961116532 7991082169 10375008368 11216832337 17139626022 8079840161 9070530552 11756778249 6826631442 12635188534 5528141423 1313577459 5755006494 9549243494]
[7549650912 15422753135 7775564261 5435029086 13451070649 1435855999 17167290712 16154944994 14305712967 2354760175 2655433254 3063787444 4126423099 7336245544 5558148651 4354246059 5720757333 15686986233 5601530251 14017370602 5059521531 10369814413 6676948236 505722586 15765692545 10737070506 13633599462 7302711008 5735372679 1795521800 7385494770 7422494799 5783066614 16610537948 16495112759]
[1124973214 8571488647 4349067439 3609469664 13877427158 16429258553 8819782549 12571570385 13758110937 12035495803 15915549562 5964566637 11335852855 3510459030 5135082129 8932139133 11925651346 10495617688 8597026312 10093076827 3715691737 16484149006 7571600471 16482674993 10654862787 8805296566 4251414635 927128370 8618656282 16133088081 11598402130 407179064 14518471020 7398964834 7694208531]
[9319996825 3280132409 14934487181 1207987811 12901793589 5886722884 10038924774 7363798500 7855851131 2062992983 15226038410 12019581675 11956537029 2140594316 7658907336 10028549996 3303082741 1007399968 11442354832 2908324191 14112563714 16338430696 16611482355 1796548342 10554398025 16975578774 834587774 7244945481 13156037674 15815116335 17007827356 10825981305 7536937380 12368760064 3662954643]
[15890127693 14594584281 4765852154 3460636800 16918488598 16575222723 11604068134 3486981634 8988991856 16396260624 5106659424 15703650546 12612996700 9268891866 9549880257 17046103197 16324890211 2057844574 10273587718 2121580034 118777167 15968040898 2506877775 8988914152 3081778747 11823148526 5895361210 15768134524 3583759085 1161220392 625715793 12969450093 5012549970 4199706712 9748299319]
[7184948079 7495639433 3174771533 1679591574 12802860607 8554485183 15329511283 2728251927 5049061088 11855966210 15972018476 14122975441 6035296878 12345550660 5539214119 14562039203 6516317208 9878375196 7451976098 5212581126 4205056013 8462037191 1368137341 761030566 10756107711 16797842100 14103539039 5835641245 15314190145 7877747828 2022901342 14390406768 322431508 15158082393 5324617332]
[10154156907 15414932507 14571421969 2979499442 15739796955 9078118508 14369461857 15383058512 12709824051 9344301386 12061137435 9997638757 440718086 6456622643 4985389376 8113398614 7201901404 14713993031 7337640605 4803396992 13325824240 14577291867 10851229327 16684080810 7392592256 14748651568 11777226150 2551554539 2794026945 16937642988 12369412798 4005792874 15698060626 14997130273 13744722394]
[3596267825 5231359073 5449313945 16492628540 10197134479 3928277172 15311991341 6792460607 13778198790 14561450756 7472123038 17148451275 7574181177 2352122704 10876164822 13455868877 15626014481 11184719849 9939363435 5539483463 493112363 17118635422 2995980920 172707570 5781940396 3397335158 16392461873 13684552332 10721809816 15200952969 1499447043 10894877892 11005496104 4655212980 11762429973]
[14550758217 10411845153 6082442559 10392899651 15872342 15429463843 1340042197 2108867632 10207062455 11381662350 1313936652 13190411369 9177453068 13763771471 12786430677 9527912516 15426271662 9836455 5648641139 14677041718 12981352862 5267805134 8938745728 5436997973 10911960823 3052950552 11971920836 15209715963 388938488 15591681748 11814147466 15242703998 16883379585 1933356129 481660640]
]