[[8838257359 13842979606 2359738512 5978303407 15182667304 11449765181 11757719117 8654900113 3991000014 7805659588 2350303235 936361167 640296274 6871061049 8488426590 8819122065 9288637892 372042995 3932618748 16584391257 13660773255 16432096721 11862275125 15101952645 10692706793 8047881954 12281595071 2487313978 15669507065 8344810318 762810987 2587929213 12787251569 11664902113 3488139002]
[12441373870 2235217237 3130384976 5059168556 13116392020 9934379114 7159311878 6642379056 15390782694 757509763 15954645858 7329058722 7904436681 10747931622 3690560475 4765229373 8976497713 3666823692 10205110267 14750023986 13890465877 15307220849 9119083788 2011485036 8853592819 9446493183 4110820320 13004927494 7612179988 9431402299 10334564810 13768377871 1886193581 14606819242 14718882407]
[14304265123 2110837078 5029657610 11522508470 5410881123 14982247463 6621740365 16973807210 11504969711 2989299837 6230977560 1980641189 1209415985 1885894005 4290436423 7734002835 10433559744 16269329759 5626103802 11866304044 6553605746 2862115800 11005084224 2536360654 5793414702 2395211648 14868276844 5448608647 16921210003 3910188968 12037967494 867011858 15973437282 685358539 14347049766]
[1203199287 2296416681 9797334681 13026431490 8215543527 7349508003 12970637411 6159827475 15862057708 287295289 17117703105 8568568002 15725645024 4507375315 10395785553 3811919660 599069696 1080832040 4674935845 2293872662 12665471277 10742350613 15912779480 7106287644 5335495992 14126047385 2677407514 15648535861 3636162111 8943806815 6177942435 3496023877 211283840 8931253842 1724678129]
[3648857146 16323411833 16989078742 12732384003 13636818689 5101908564 2774149158 1750603947 11506897936 7832946308 7309947116 4267030978 10459224335 3722209363 4193130478 16214218520 13686825666 13892392935 9495435612 7602553878 4510304388 11000776527 4749748700 5428640588 14804625005 7899469189 3052306129 10896556670 7237326751 16556118545 3162718521 11722951377 7811238083 1564007407 15040685276]
[10993141743 6154929328 5173953885 3689011664 11423105354 867103133 1126297185 7246456462 5856375881 3592419575 14798305457 11138156294 14653406410 15529607753 8512388973 3753122928 5381037473 10288317282 13742661016 2297358567 3695882591 14605881970 869637336 8103614403 3162468753 7883146143 11585909973 3595628258 14408063369 6690251931 4884109756 6319546458 637773596 14677039190 3456020810]
[78632357 10785016309 5734120217 9663758028 3025265586 11883119009 11126100078 13005772603 8230825845 14202784428 6071016081 16379862862 868593372 10587514497 4581826276 2250801552 8428953360 5006521214 9445253963 7695939463 5452371818 10584171078 15465738531 4737479133 3123483529 5797726687 3940739157 1394893035 13793710922 16618822725 72757083 4776263385 3730260722 11282726453 12686307030]
[10195700101 12165337666 6928398114 8793514751 12941066004 8406435447 2321001055 6635621752 3178364600 11586813031 261665162 14440271776 5920770153 1358380866 16301172453 2925707276 16230287407 14257006348 168724323 10498155613 2130686218 4053676960 14185606614 8912366547 5437263676 10372607085 5116473370 13433654884 15067816786 11951673533 11749118298 16211453910 1771559968 8777041536 12084237901]
[16678067597 6738472823 12936555580 3638464817 646488179 14232927537 1294959300 9299747524 14391822840 12236375597 7862787279 8390294894 31066845 14454999171 1288645376 4137271162 689701752 17109491370 15238910616 5928503506 10392643863 15353575104 8165122799 3324694073 8001278013 4044696934 10090273355 11982250589 7499626519 2711274772 14855766163 2207840940 3022634128 5514827549 1169471045]
[9371065484 10343070961 6754627196 3077170371 12065900601 8461077206 14555242036 5751953681 3848147273 12234913390 8138732036 14906087657 13499475597 5800260409 3463323873 11137382929 2370229106 11245529113 2156134008 9256884596 5709292438 3080151265 4206504887 3581065340 16131220477 3675787770 9444998176 1030361117 14916700950 2023498735 8657351211 5180914661 13265500589 6083861621 4511246034]
[14903091534 9956805857 1562974650 3229880811 7032766358 11659261851 3378582947 9037275741 7725746254 16687694541 10870434811 16632048152 4598773370 2592858900 2973355065 10251551867 640112376 1522012142 1525026381 6252015472 2325425144 10241259889 14909367722 10464632326 5112665082 3560174123 1271350506 8534290115 8021463768 11223837129 1974803685 10511072729 2384886114 9096790704 7215491234]
[5970228033 10822842573 6536158751 11162809024 10152683712 15183617745 6916975396 4818486403 7860418868 7532645159 12520152963 10092118654 9363714156 16105024638 6401187909 65218064 6222082349 16384664138 14729361309 8973168408 12857178899 14865729199 12285815604 13955593015 6685445890 7411502400 15501798588 5555742846 5572482001 2850466672 12998367260 10998771413 4527511739 5261723114 17177684942]
[3069587647 15081823610 3600980639 17168897208 1414564015 4587373176 2051668557 6511781844 15760502777 11601947100 12328815882 16873956795 15031369122 13476602915 3280678764 8292065639 4037438359 12743449141 8196377715 2057564725 10087385186 10025268183 9943570668 9094058858 9924151021 7479720621 11492879411 6661050767 7098692643 12184384840 1191890893 16884347725 820948659 409035111 11668531949]
[10749552112 3204547823 10695378951 8699994112 5311817387 12868722317 13393696772 16790294918 10925176470 14354490538 2417145722 15803548679 7313622629 16675611463 13604987944 1500855629 924067945 6295883648 9242139402 14707256267 12222980647 16077457403 10793244451 6720747659 1145105633 9866178926 16947571584 12794879799 15137451516 16586535331 15371974327 11804450314 341844071 4490251649 16901516355]
[9329597717 7802763728 3316345960 4587322787 5890458174 9843860625 14567016961 1475867469 6453741992 5673232611 13120899068 14163362662 2526889056 11137324677 843819385 7772648613 1955869800 8451362041 1956100623 214317765 8631692457 14181074397 5276190752 3394716399 12039487299 485977272 9392623188 6866366842 6491080946 3144214563 2036224220 931652156 13738443651 13558506201 11181189497]
[11703620865 14503586924 12716031812 13603064675 7435164331 3760467880 5719006656 10411909305 7870269055 15062473495 8223210121 10555752319 6214366393 4229898344 6178506420 12740873720 514666385 638644122 10497039225 7018615948 8352747147 6600990534 5069844034 11624547877 11685797366 4874882002 10731158417 7470677682 16514602654 2701641911 1190180267 5650605290 7362112327 12971789353 8363282475]
[6771618975 8004340145 4816733331 7847622560 5699679153 16139703324 13474666892 4880396950 5691221256 2839032260 3313456347 16668823957 8787566833 9891127113 15800064313 1598550015 9627010801 15005514170 1012613377 13679033087 14364623609 17115561915 620653215 10253197873 14348439947 13192830851 14689340329 9985253443 32142656 10063176433 4191674173 10454262332 2338553883 11740837383 15646683225]
[568552966 7569857874 14398043488 14160873393 13673951176 9215142439 5179859571 16122655867 607470549 16155238102 2780446887 8017471885 1959206917 11573757274 12201919710 1220170718 15565448182 13030525321 11001515819 2192546018 16607705123 5065944683 1640360678 14268919413 664942067 6777332343 2694018973 8681754049 2192484718 9486376151 12649106533 6988904680 15946692752 4757039373 10435145622]
[6959149785 10290574721 16487250704 11615230882 15882757300 3399832404 15002020892 9966660598 6054919035 10662830071 567945963 5819984292 1724976725 16271812580 4014197708 2953649074 2833920643 16731513291 662427718 9588622705 15896636434 12911831245 14618127262 2456286271 9504048585 7330107326 5889742172 13574305867 12626489868 7457818284 185170913 14454603317 9669128585 5170757036 715050984]
[10736165660 8931114564 139249103 1892444965 14802990219 14238179544 14220315720 12705580999 14575842793 136377708 5198764765 8785950066 12780041987 15747416160 13995695793 16147441666 7593810592 17081647725 12467923906 3082013865 8231283588 2059443986 4862191088 16109280574 9351702544 16354570402 7776863063 2039541705 7796033987 17155548834 3915927380 3531138843 6916619211 9874932064 8902892709]
[7307743881 16532235865 17141985566 16363904569 14469998471 3590735672 16836681088 11302409125 16676505835 732813909 11791668982 182108656 6270680180 2655044164 3535834668 577411677 8635989627 10305447466 10248958368 5347604474 16228299817 5514918730 212131990 13684469697 776065017 3125543091 13118817704 16250319066 12854971225 242202141 7108356793 10448647431 2951575865 15875223212 14983787688]
[8412233647 2988381641 16839969587 7884645310 11872356331 3281629537 11605887022 12245985655 8352226584 10281778749 10426812071 7480711016 1329700460 16764051146 15389770443 14327774302 9420004669 5130739171 12348529343 9839206945 10200239041 336860532 4830559375 11456974205 4990413780 3011299038 6557488475 3365064458 951353543 5888359321 7927977374 6961127348 11564428802 2629212993 2759534299]
[6752750880 12104480602 2266731387 12483778363 10414574816 5135585207 11274750889 5114137789 10831641285 8715775362 7569180192 12941719859 12847610093 16483026131 2280807126 9715226459 1201078548 5560662141 5632274883 2930425160 10047141365 14935614407 5462731907 2435392662 7551202455 11841803668 729364689 4585926860 15753699746 102106092 11886577083 11917839170 10088610651 6970116364 7686257805]
[6994795926 13480333491 16067442273 11314118796 8733177924 6347816603 13207651393 4986653050 3052958644 10737838639 868339051 4191642178 5424624895 3747630423 3018930508 15007568040 11250938195 16327256724 2269198284 17112911497 10487704581 6595649417 7544262022 676400875 740865281 468159305 16591041963 16527977366 10360586965 1889418168 1926202390 15169360957 12869695256 7489835753 5983430221]
[13575575705 9605553816 11663923613 1100495257 7244196372 5675350669 2312969317 12433383936 3455553587 12433075116 10146509483 8021760805 2023531067 11250860006 8828113361 41920438 16306576246 5892526567 1532875095 16054902091 859906534 3683497411 6678620300 5672235938 11737577555 9311893341 3865446402 12748100505 6147829800 10713039103 2393679911 14298776991 6494848688 4838984196 7006991740]
[8414739105 16080954247 12921668535 16746781634 8498483000 12366858462 15254119344 6834030487 4134820080 15526209435 4110731426 13663661455 9069921514 11381744491 5394105370 13753693424 9984013202 13809044033 15938345842 16357678547 2875888767 3184074559 5613107896 6637807524 2699263499 11359845131 9056892845 6017385626 16375587807 15867877162 4392619471 7586737311 8756984070 11410793746 14499528510]
[15727267562 8034544082 322333085 5627186374 15995693097 4481507187 8470156778 11403033404 7025020033 3628719268 7025691884 6817240203 3730787991 11398799315 4444852222 13800849759 4597738257 3999570088 7439688829 433662575 10855020261 7551856010 5095853584 7586882474 16502064193 5870954875 12902703175 3450787072 6293258163 16338856901 9900924938 14053580676 5253399391 11631185819 4187254197]
[13793051682 1275941691 7077231321 7972912341 15897160963 5663525853 2712503208 6602167888 1597756104 15457399184 12781956291 11825842624 11050304853 5580682211 8868876973 14091410662 4829436439 9838836366 5704690505 8922695019 9198466327 9862878872 2625931818 9328676232 7738016764 2583744492 1112376829 16486257080 218507066 13585178404 135936556 5413863816 1671233707 7741403379 7722443834]
[14473953695 2669502490 11266516707 16286309312 1821588856 10383101782 4920337043 7877601137 7313684540 9433231493 15853885328 1959791731 12947663531 16654057895 7882991974 16279961027 109239417 16906479208 6457698331 8918048563 15022884900 5929240056 6808503090 3143402554 6344154262 4411787703 5433709071 7653919071 950647592 539839353 11222196365 3337850090 10552972417 16266878133 15157631709]
[8714433077 1883322784 3879231739 10250330011 11438233003 5305725626 14732809696 14192846977 9503608533 16406629140 2130993031 3361434538 2342842200 10722587683 12927124037 14786915697 1016805620 14099672937 6527460748 91023692 7701329112 16445360220 15782613083 9931032509 8185976954 17017700927 4370056325 15469407865 9152106693 1039420904 11406069736 811659134 1678551865 7616852684 14607411979]
[7945424368 3701261263 15782595602 9248836116 16152424770 3819865774 2709525118 8416188827 13860979125 4319131915 16183342920 16147646138 15276804302 15353155041 16355530498 11160037200 5349842317 3374094256 12169024178 14362382920 13253014039 5480775008 8930831184 16472798993 15940385290 8716103267 17121135801 3072013448 4756708280 16880991749 13559065916 11278753557 907150740 1617250444 12413272203]
[5334193702 3686709780 66842961 11459613891 13041947123 7753068831 16409012666 401772711 2720831043 1564416725 242217640 12439764237 8835096286 1221481642 5757524519 4214941347 15038819402 16013147148 7124620111 13180903857 9402542441 11430394 10953586068 8872939270 6751270999 33719038 5819528747 1492612694 4372899196 6239989924 17089870972 16612647340 660673676 6326231202 12003512402]
[3167990423 12857713617 4926626247 6473688263 14002760311 2134569851 458195486 8664057994 2325102279 5333244849 12626856052 16744404759 12919427513 234615448 61150647 17116734721 5582651371 3737324074 12676941464 1441935971 16184718100 2947987979 2472058303 9409667560 4006263234 2340603428 4335516775 8508822156 8349388028 10081286102 4697051582 5526098952 16428706021 12539077000 12878763678]
[14869955841 3951311104 14247690584 1064245131 16800657712 11618387420 2302082547 12027201739 11626304949 8740579479 15022673159 5914252384 192513497 3197121639 9821645752 9654760023 8244489716 11188758532 13138019311 16382559096 1621588111 6152245985 4888810467 4437139171 5352713303 8066958371 1599402830 8578666723 11788352420 14646137103 4047618217 14170821030 5541252613 7134868041 16733204804]
[16380692922 13740542686 2258881349 11370687268 16395337905 4367121312 14882162768 12564487326 16009132354 425873902 7044301327 528296675 1241061957 15724233479 9070829126 6379579874 13512579209 15666632538 11932106682 315165312 378169624 5186369394 10071418874 10968984172 7367698412 3718298391 16422334172 68564725 16540932210 16361481458 12118004869 10113548647 6405228484 4028071051 5615176036]
]