[[5934892621 14819206869 10035592081 14659205442 4396211719 5095176400 6529573358 10995770478 16753016623 5845984347 6225579837 8953377820 13291889579 7068883793 1316387997 2669895215 3613294045 2971235997 2520434893 4612465255 1923162336 15109981695 11798432872 2855233295 7711976109 10994687449 13188011846 6826867642 15921480414 9519844242 1187617596 9157367622 800143488 1340960777 9419836568]
[3704973845 10463587415 2563907294 12425634658 13720143784 15558757467 963892658 2750390032 11750531122 9394823406 5841095977 8813560451 10113116148 4976909974 12002530344 10851820850 16679037597 13559200433 9676682236 3687637703 6920358369 3206447994 16501860083 5900892418 12780794376 9324699080 1226984243 12406124510 1573773244 16290685204 10860238727 7917732890 3444263632 7854090568 8317683083]
[7735091800 12189657747 4299366239 11319787614 13837406551 3429589376 12568391050 14248160002 9528910704 6395225927 7070589692 16590709119 725791958 4297889600 11640660630 1391288248 2123028397 9350675910 8031791249 11924428853 15208865707 4932661080 15353858204 603454952 16586447954 11003936632 5387843143 11887666159 16234489173 2278330811 6916251722 3816221957 4476845705 17073439176 8399058158]
[13944069305 5388250848 2901725992 14113384122 11103075119 7653785801 6045041075 9519776520 14262864349 711861026 14999223895 9803712370 11933617941 920169161 6882646911 15262837314 6749790031 1817116369 10436909668 7070436288 1863941506 7361459062 7500477968 9035070290 1709283399 14526453577 6815508396 16933264943 11255128086 1638236272 6889849 13035283353 13034932122 16706668226 6424333270]
[681171214 10401691639 12686464300 13637077665 6074046742 11388614796 5818287569 4911266190 289180489 11791554461 1768871262 7985387630 4475787129 4936303074 10349387483 14671837501 12249559988 5029874576 3404967632 445180302 3213241674 7455563278 5496325706 909077248 15744065442 16584205194 10262978481 6063379471 5800197829 11697452230 15483902823 8040886885 14309965542 7396876690 2836357448]
[11265639700 12694415006 13067368778 2212980972 16316429116 14209834129 7104648278 9748578992 13262493491 15401314380 12079990274 9335758415 5445090182 7278987016 13808416962 12695883452 6337781057 11044347010 11836028255 14239368065 16030505777 4152049799 11427410554 17022217973 14939074129 3753681708 8013998964 3730779224 15300935367 193905550 16981337316 10351501443 65987143 14632621082 465304162]
[15557938480 14752542389 16223937997 9340171125 8708678916 1539728224 5315687580 9011790908 6054563606 3937190907 11124208857 409481316 14125061701 1244339940 15579315930 16086444232 16360269654 17026258203 16300091599 9587275880 848425203 3586149932 14524355578 8785205041 5155522852 3875429524 12217606830 13595492742 9944843549 5726924577 2103368707 1578091249 1257905105 361712425 11779972425]
[8345620213 159745237 13572794962 11716778357 5020076436 4573140652 14442082650 13922649620 5859276941 3441086265 16745013865 17075477963 670294862 3207368956 87924736 4146525877 15699150382 5057470171 16583177850 6322786132 4812026557 10187732416 7449332295 7037592785 10048543999 11173437649 10862310293 9528005339 4975327325 2249486030 2817566366 4372488073 8555622793 805985197 16568406115]
[11403753857 16144563083 16977323606 10155134265 218287664 7932763890 13620530660 12202409838 10864948414 15445851203 2896298197 16770482741 6251112741 12246112210 8258446552 15561953730 6239486855 5521515078 6082130387 8580631816 12991090207 15086419099 1314494314 13086201399 9891246239 9431323604 5634725654 651464063 11207549901 7859115858 14043942683 3851757969 14261677526 7878395136 6269915296]
[2265667391 13992967691 13230766874 16775933250 10242771887 6984029064 123044196 1556600864 3219161741 3106058420 3449585927 6129073097 7342597829 7110920062 4492508833 11566535971 3372895580 1156080303 9860665929 15625850626 13023098104 837790072 514078260 10696836197 8855845294 1253591924 13997289137 16917100257 686287542 5549532269 4942925777 7837067097 2392228075 12225800153 12341285373]
[1870541756 15683675547 11384907719 14811570885 11066977510 3454070418 6454122492 6425148740 11709996194 6602023261 2667222233 12101643300 9592418529 11292535564 13860155750 14206285432 2595197526 16730310753 12210770895 6771783749 6428017159 15934132027 12861273269 11163856380 12986262557 2684527964 4675507698 7446400790 8596051196 6096917021 1804288116 12156052283 9705218554 3038392652 2657969377]
[1511708956 7375277080 629995640 15864265478 10736553164 5826004380 8580777080 17149618999 4717597065 5708359025 5982818453 10293262346 3178193940 8035132814 10825621108 9572134737 13118306029 16432428794 12161577907 5106193894 16673985163 16003227875 1823262892 12078165944 15436970367 11839048671 383660041 14327592808 1947375086 2036024839 4986772953 3596596746 6679268328 11418292660 12683506985]
[9072803407 15912670268 3029843181 8692884900 14492252755 12493944522 1569433372 6744924156 9236902647 16577010564 7255055703 10551726693 5896335315 14948578457 13882091267 3971329233 12021732041 13348917877 12554066963 7907255613 6843465612 13626861508 6421247863 3559835770 8608874584 12715696710 14763431420 16061452124 12752866766 14383719083 13033970045 1298503243 9316871267 11797568854 354631296]
[13486277393 14376997880 7372540447 12480069494 10765238847 2004214452 4638678774 14142118482 3249943198 6891784057 15495337565 4474947832 1344161990 8629922896 12093115010 1524808785 1376264719 4286105023 8839399439 9335051245 13840362187 4717791495 3842244674 72710549 6555963410 5001615076 3671866296 5770330896 7466161638 5640216941 10812907236 14090200031 4078617980 12511512839 5322407708]
[4553857884 965084697 580067245 323573759 4479888781 9237087969 7903614919 4053632566 4997178296 17136378051 10425391732 5930825508 4701400753 14107537625 13804683712 12897386281 7723109449 15191730616 6613513331 9575790349 5870394840 11248151667 6800189342 10122728288 12373039578 2902942605 6133195819 8281501318 1554180151 11355596381 10371212322 9658196952 17079055555 6138988494 4194039726]
[9107078830 9173222475 4999288437 5020527764 9373431161 8362752208 12479877938 13217488233 9618595637 8457129352 8211290088 9745017527 16945791312 15690273584 14900293270 7573036314 4671287229 7518593949 15408607321 15208180083 16458859260 6429531124 10623637052 13735810480 14356612270 4563252619 1504520089 5667169148 5479660295 14567381356 4794560940 13508240679 12835225398 13342485541 16818865250]
[4993416825 6442589630 6534684547 5926923584 13826248247 11767902312 7449867718 12962242304 5415242666 15231781597 6388641219 9790659538 11788864192 891018829 14999427635 7611684262 11910694782 2130482385 9638940929 6778917813 11763096507 1203024162 7244426535 9816843302 6468526691 8470495595 254210104 9258034980 12034253888 1329664264 795534190 4644096887 6942615569 1100090543 7725130590]
[7541543761 5264057181 13503743938 15800374872 5085362623 6932169776 8193998061 4800133743 9674121124 8498155212 12922334584 11525761916 711543782 1191392512 16660073733 15679250637 3026136932 16325892278 6959659626 10017793865 12763303716 8378976149 8725942507 13763643288 9326344418 13993960062 8779657590 8949612835 12899727447 11936151730 14936596689 13459651532 13347992375 15925182688 7097053699]
[10461020516 8787050974 4864771957 13026336833 2711688831 2155443084 16220288420 8386609756 4016628686 9517393440 15228550916 5829493515 4839140563 7328006399 10809641298 8533354370 5668507726 4213719644 672399224 8179151242 4865163661 7395172998 1999854947 684982737 13011108568 16863756080 5074262290 3573937967 1469670169 7056711560 5679018743 1487400891 2907576630 11525486755 14910322485]
[14235037351 7258736414 15553303672 11313572216 15972225110 7811289546 11941473346 5827663208 337334702 10484889333 13955415858 11520904275 16514006226 12231795861 1873356454 4376532226 14192542500 6613829268 13729485860 6999000314 12484533873 10190295566 8049340480 6267137687 2804058024 152568748 14114550133 2400893878 8193613451 2113058923 12317984958 8441578171 5718177994 5799589121 453057586]
[6902766545 11345243807 7155145121 13092867123 3005607239 8269405012 15538420643 383200072 5267444803 2280596212 13775872958 15746690666 1782261476 13017085656 13742025042 5605159668 4138685713 14919969644 4865450545 5460290756 6345667382 9377906044 7415461301 13689905667 6381016252 2850781250 13510798557 14524964065 11067556618 1330170397 15484769149 5431445990 3256349047 2668873859 14902228776]
[15880293883 8061423709 1472054657 13644560434 8430522802 12570964869 7768483397 15946897148 15011899953 13544302638 8789517202 8182151465 12897522937 4502461758 15973001645 4717069724 6117081396 2343407558 1413608106 6678686243 327072038 7871997954 12476462895 14613191693 9386349389 2295312587 9123213957 3947983973 5803899311 7478725974 10453979574 12232476120 6250195844 2058695880 2825529185]
[15992719668 1249978955 8606703652 14565404590 7233880773 10413197688 7870426726 10236866232 93153266 5388157555 9594335197 13642069357 2828028666 14486703975 4609384790 6978892776 12305683901 6222270395 9825103161 8003794571 13060135816 2878825993 4765754468 2117712264 9241916444 16837889323 8495172447 4414013206 9162844615 12122590154 6315004691 2175708717 11142694425 13834717447 7052768752]
[1244076264 14396317622 12568171465 8697279814 11298929516 6781516859 9483984228 751853064 6698162593 5366490866 16606000842 1214301190 2463875400 12891367952 13941987947 7290244824 13989962665 10711079809 3954649230 13558994487 7661341752 9771506876 16492407049 3414913886 3645249640 14930064563 5272103723 6467118169 6497549806 5431900551 14671461130 14636663858 11725423206 17109826732 15796991903]
[933476858 13651551098 860729652 10726423842 2545323629 3887015323 2237358568 3295333967 12729721886 17128857521 95389135 11100976956 3743787974 9557180438 13631728358 12403923271 10247602284 16769447674 7689684346 7932881291 13893106105 12038718578 6322694318 16867502315 2958169656 638411039 7159326122 13177874953 2834809620 16206139096 3913834162 12598607807 284897094 3439513073 14218962761]
[1758969593 5390573359 8532420253 11671070202 1901975748 15429483038 1161972430 2998569668 9020478429 2741445019 10122792143 15709772785 8813356400 16556630816 10883299225 7859183075 15522004954 11753162915 5307871242 2917461099 11188220107 11083029965 6371472011 659375251 8137234796 10909942123 15740556966 12382407188 15187714233 1095611860 8539218268 7657702268 11392348770 5034108125 8963991284]
[3774478251 15011011964 7785604713 15578029922 15126539324 5260843442 1092918503 16273357892 12497819057 4365594826 6225228092 2788886195 16692268654 8294744169 2958923994 15722524815 13131080310 292073804 15049383437 2061100077 13346170387 10428821031 12661706488 4805462052 15995844863 11391833768 5243122929 1229295953 1622356517 3049259890 12157326579 7061344488 11757633630 10632202244 13593671739]
[14741943790 1476233371 2627190836 15296985268 7158292472 13425372472 958648775 16598450796 13479018211 11644900525 10615325699 16719262805 17052651634 14193003451 1841787389 2419657011 1960925685 6632811860 8460539995 1094457991 544110751 12598958290 10231404625 191246952 6417973043 10576114713 4938245392 11977802973 734942752 12637794832 6179481666 8121359297 4795467538 11548805992 120280418]
[16370413882 4700700010 12150439717 14758067542 7051661851 4404885804 9769925900 15197334716 4492831228 5938303252 3878255472 8795650992 15596818594 12001143694 5072893038 1253334837 1126458399 12701763196 10773955611 5679486557 5237023905 7750916342 3824714383 3744897903 5163061805 9477736927 8505797609 12943377047 10785251421 14543153660 9761196861 8267359855 15981674640 14550999434 653506633]
[7861916105 9504601408 11706371530 9539196134 2751790635 17048953884 7355647935 964084093 5795470364 967182145 13922353023 6249801739 9577538874 10665554552 5115151145 26351343 1330496757 12977131524 11566737662 15318164420 11760303278 11865078028 13083416408 3506569276 1202804200 9999151849 2372496529 14512304209 11449761928 4665627918 9798084829 15232752295 8612144335 9837402457 8237075595]
[1233018830 7296409199 3785737081 14170095730 16636247480 10488895246 15978363555 11796126852 11248877852 7329717696 11208457499 672078335 16886781617 4239915848 15989513599 7895547466 8505154434 3502845161 13109647537 11657767091 14209398545 3328065554 13779674583 126767026 8938226428 14141216583 12580491312 5163964270 3774356902 8256538493 16960824540 10213950200 15719729790 10696075818 15512372250]
[10261921827 639570464 14596686471 9327084858 12057440506 1831918430 8719984690 1229842570 10103461805 17127878490 11550170615 4134368629 11471590140 10477516491 16863183157 13628978913 705261983 17038935972 5798147778 14913101130 8385176415 5341820817 12579887955 7356492458 15920964579 17141067510 8971962098 12852053624 14111774933 7926878538 9135876337 2501734295 11993355561 3013217929 4057102357]
[3741356353 383453758 1340266912 815545303 3039666863 12658186429 1918315385 12566552064 3254020196 11680603731 10558906916 1152255241 9976991134 13902370283 7684225323 13611890600 15523220944 12476952008 9053768832 773705645 11947799779 15804911729 8814775700 12656893676 15004858514 14945127997 931399748 15468055948 2210434589 7386161416 6054358712 14809254190 7782811895 14799570051 12951407295]
[4634012355 14057421749 2937494006 1419912893 12964297616 16629602593 8045304678 2915425027 13287165656 16837972666 2884060266 9345475855 9972100024 15599673985 14630459853 8837325602 2965021218 14303712912 16981446617 8829270582 9740692573 9696275658 6245564794 5732091109 4508086975 4145106115 8408505076 278813378 11331841778 4323491978 5047010691 16115390289 3035213093 10734959668 6184240673]
[5744964035 11084041320 7174080508 3218695706 4828569406 9943985248 201551240 12043986330 13567258020 14744934433 12100791051 9521001047 15131758126 347783073 9240891245 574972750 5017704592 12530166392 14802976365 12788375754 14176169752 12166782996 13482231679 14051283216 3013772961 1273383025 15020196703 9436075168 1790105225 11303658676 3055127352 124932949 1836687158 12153336745 12187534141]
]