============================================================
APM Result
============================================================
Matrix file       : kernel_29_76.txt
Matrix size       : 30 x 30
Prime (mod p)     : 536856223
PM block size     : 2 (fixed)
Deviation level   : 4
Minor size tested : 6 x 6
------------------------------------------------------------
Timing
------------------------------------------------------------
Matrix total time : 45071.8970 ms  (45.071897 s)
Minors tested     : 335462400
Avg per minor     : 0.00013436 ms
------------------------------------------------------------
Zero Minors Found : 1
============================================================

Full matrix (30x30) mod 536856223:
              0         1         2         3         4         5         6         7         8         9        10        11        12        13        14        15        16        17        18        19        20        21        22        23        24        25        26        27        28        29
      --------- --------- --------- --------- --------- --------- --------- --------- --------- --------- --------- --------- --------- --------- --------- --------- --------- --------- --------- --------- --------- --------- --------- --------- --------- --------- --------- --------- --------- ---------
  0 | 212523999 430005296  98306504 115291931 356445123  88125162 429138533 462108208 434346134 436694747 118237593  27068550 383109378  77259566  98114055 424696679  13988524 247730102 263022285 416008174 172806788 505880459 327693924 430942167 439299619 429736997  49027754 505750394 111662881 325379773
  1 | 212145640 193825105 328587058 144627397 323874233 244450381 445161063 242971769 307737029 480884650 336363000 244850909  67046619  21688218 510928843 424404628  87866506 384855243 476615064 450895240 505149652 299021014 423111191 308905166 287904619 409822326  17563447 123051773 501551899 362911667
  2 | 447956782 306083192 308538894 350429225 123933624 352562417 275296586  42680654  54550452  93380693 180479764 156484478 222348823 191252707  27723727 218960132 237194964 167594181 294500858 348107159 354264465 263758226 158927587 189147483 111437177 285776655 447543849 263586511  35090422 504577807
  3 | 439444909 230479394  19654497 210846029  85061645 162643416 498982378 365181456 393661950  52055808 118498424 295432362 329282642 340150025 516092906  91567169 420822812 173601113 458869773  70157299 379700264 133332748  94979102 114298007 502733745 463223299 140363924 373039974 278156684 296228416
  4 | 484977303 372213779 468291579 294557844 149416505 385510927 421027916 233148257 442012641 483454642 373271381 367915538 227752149 358581101 192352700  77765811 515768690 236707084 464423686  72796822 134914423  55783809  26845054 247511587 287637889  81299353 287086097 101676500 460273469 302948414
  5 | 424381539  41850210 124837749 275613736 427993763 393192615 419280862 154019996 203973280  68975093 493402111 508238270 266210151 469188741 304885039 259739954 378452253 490727514 146946157  15595693 400182809 109866998 108627032 466618261 520857877 315378784 127251018 495603836  84318372 182120532
  6 | 309308843 351880161 354183764 459781286 405481254 474570320 285318958 157001018 180898188 421974848 417700336 355802377 370318613   5696828 444659081 216223497 299167361  50899091 176603218 281344156 422262511 524592089 528280420  84417089 525105728 340022510 333360842 238443638 355023166 224945423
  7 | 356462206 277702835   9534170 299091546 166298957 287836119 291541542 340778036 171356547  28993312  48786430 415584587 359966568 386009365  44004643 242366305 121446592 486009126 290876906 276973219 484240013 140890145 397067642  37752682 332095209 198389568 298509756 152129593 452745585 394954786
  8 |  11690244 486162750 303984678 528585473 524090864 474182278 398539948 397588743  61861191 250574622 480581829 490440150 316729477 529418884 300487144 108104780 362696844 129474395  65470662  13729599 438531475 485538692  85697369 407850393 107475907 375407008 503009259 144732918  38716464 338330623
  9 | 381356925 204793941  90023986 172687151  34201073 215914707  36888477 293742879  42564749 343433915 365214742 123571753 340479193 271601537 101224745 240706583 463100965 404582853  95891468 176218951 478743218 400396414 171586048 445508900 302976186 340223064 221599821 281169687 289841319 407707472
 10 |  79434472 350758515  68199454 182455314 191533801  83284841 222868048 280990953 325611519   1475953 447016606 505106710   8174177  12378313  73528474 157686341 199399363  39236970 504583657 315750229 124733644 218538597  98435328 228452616 194990360 476438962 111174781 492790434 363773691 409251987
 11 | 490531758 126914922 322209040 284786108 384152497 148538622 265411108 320534289 474678051 184900035 238961871 233948167  63923433  73595629 204590371 200462112  47907301 249958869 447646416 481091367 195671700 272937767 420087161 443950039 111815854 226053167 355191373 358920690 508126965 253295092
 12 | 359882185 536754122  89558757 392233290 417670177 504606855 462774049 462112061 290550830 426554471 201099224 153827393 125290858 423046364  95079167  89926482 514184980 363191338 304409406 292731366 302598242 110086342 180299408  24583981 368162921 271823104 160997272 404271561 496804088 290351878
 13 |  70281309 145729660 478467846 435063465 428513743 142851712 203034170 153679875 290119871 178574181 112994284 457370519 337174063  89542384 514506382 334661381  39154721  48038440 313156446   3636303 308742324 305270703 167781525  92520031 435101941 499829484 408777717 320352658  52818458  46126681
 14 | 398606696 448187426 470505973 329499666 234085600 307482500 193490024 251322562 440973201 309841456 137738120 418756617 341455583 162984571  67976295 443481115 499165569 294646039 526392323 314013945 354797584 303924593 494872863  48217462 247310307  85409258   2078912 359925172 271791033 510967044
 15 | 129492203 231930080 394688600 423782836 131732874 424149089  88213893 193631461 107175402 424079717 461495468 457937809  96113750 453278033 456335029 390218063 499321961 402692247 302495466  10990352 163791103 301430519   5939127   4052436 148243755 276376379 413892632 335672731  92114199 312739298
 16 | 417176428 110129863 125893837  39302140  51070681 260393425 533037356 128776164 397818551 304876507 409998940  97387879 115965393  56174699 494618281 271252174 503169600 198728845  23269816 281273648 157084464 197333009 284258837  44572970 412343252    740630 369121251  13790982 513293337 431959523
 17 | 526714841 177803882 184936611 231830084  32641318 489092958 133865808 167128475  87057128 220326238 243648998 251282739  68022039 418401876 288492747 222805029  58331130 356228494 262177407 418248179 210757067 158313298 495895257 275157809 533162258 303747931 188368642 169716764 316783974 419105128
 18 |  50633776  72713709 114772601 248090462 509268048  17150797  68136922  61117934 147049343 418387032 354646501 129631114 419504112 516991180 369728460 396316398 207106668  19153761 390678372 127577020 512013821 403382912 290300990 117281812 246939391 513392976  56364583 384790025 230386546  19273423
 19 |  59671297  74215739 449726247 425382667 502734067  58454573 530317061 334039235 242045254 455096294 150243727 148141406 359228801 127395034 507871211  29752773 151462568 418198406  44086313  82693188 314876541  30274204 480431091 340192172 231383611 291590962 320094683 129026195 112442385 448014754
 20 | 168849685 287745209 467485955 415463006 166368064 254320346 246549745 368801989 171711808 402278173 276234376  72980319 307090952 299891743 392156266 264781229 331679082 434578245 520939425 335144040 172968331 210687336 534117614  93129152  42486570 327703827 360142484 384368528  35722016 472803628
 21 | 161276977 320460496 153008854 306345510 347174813  68024909 181363740  61522718 179848879  87566496 419246435 227807463 513706779  89118856 383791669  16566530 185085815 341338634  59519679 289291663 345167893 306133147 192681769 123982999 382561605 337626406 260787144 489215648 375974752  92134331
 22 |  74722681 273332825 193506364  13859091   8943724 175269248 355343321 412802444 403375489 490827093 382256429 529457685 531831582 486895044 510390893   4634929 460594324  12488148 409169966 402265311  70521509  23377749 159472814 161551975  71678605 218648068 102988396 314528841  74535173 300499351
 23 |  16591295 330459955 251977679 377653319 462344291 303811755  25986366  98041791  67715929 385887101 138439246 315406187 280068937 427296452 160801826 286271251 349369133 515236629  69832407 427723074 420935122 427606893  93287825 523272091  84286741 232933641 318699352 168222848 253373365  57155664
 24 |  36797693 208856530 323381120 108176164 527833355 289836464 515067808 101609177 490834069 214658446 193814624  10484834 252183847 364179291 526417684 531301393 172056890 445665635 503061182 111837503 152594513 474087462 238625183 193306066 490642423 410883543 238277741 314360825 446074168 228413516
 25 |  76919815 217325822 502142205  60927603 267396943 251166052 197320200 254177281 367294386 458857688 355841588 437080009 311373637 272733320  56230362 122608351  45305223 333732256 444796217 132756970 425041633 164140393 342638804 345059054 126550642 152201073 259427218  12166439 243076215 329206042
 26 |  83319411 280272317 157875817 312989313 420838370 452039655  20319709  61055136 285919287 523919675 295985330 339948632 176585138 266707637 291644726 138401337 358782528 389128765 438578412 146711263 442843176 141657445 410472788 408885479 497054856 417278971 465482249 109112213 354438028 475917910
 27 |  45943908 210600719 468427892 341565241 216107398 105657266 311464248 227736500 114408970 283557953 318661566 171342798  82217102  39658501 243552030 144086734 119174719  32047553 332551004  17200030 192922997  38356245 136928320 123779378 268169205 457226506 496973549  76681674 532250809  51403222
 28 | 509440410  82773832 127016847 337737735 481269172 382549134 429184852 344365585 353142585 322832242 210405879 314340148 391601312 172203715 370556084 319580540 379224984 496901847 450042466 188241617 226188194 361524301 231429534 158824602 224039791 430700464 516470809  62180071 402897600 380797753
 29 | 148507121 120377128 305274318 410902140 532874721 189046679 159112296 383122732 153739483 455774679 448529049 114995415 422070625  80896672 417114945 483324640 394864484 166454716 500339210  38435763 138459606 286376504  64461404 440392614 354310616 193064931 310511684  15225107 331939529   8682741

--- Zero Minor #1 ---
  Minor size (k)   : 6
  Deviation        : 4
  Principal block s: 0  (indices {0, 1})
  Row indices [6]  : 0 1 4 14 15 22
  Col indices [6]  : 0 1 2 9 14 15
  Time found       : 45003.5491 ms  (since matrix start)
  Minors tested    : 335462400  (tested before finding this zero)

  Principal 2x2 block (s=0, rows/cols {0,1}):
    [ 212523999  430005296 ]
    [ 212145640  193825105 ]

  Extracted 6x6 submatrix  (det mod p = 0):
                0*         1*         2          9         14         15 
        ---------- ---------- ---------- ---------- ---------- ----------
    0* |[212523999][430005296]  98306504  436694747   98114055  424696679 
    1* |[212145640][193825105] 328587058  480884650  510928843  424404628 
    4  | 484977303  372213779  468291579  483454642  192352700   77765811 
   14  | 398606696  448187426  470505973  309841456   67976295  443481115 
   15  | 129492203  231930080  394688600  424079717  456335029  390218063 
   22  |  74722681  273332825  193506364  490827093  510390893    4634929 

