============================================================
APM Result
============================================================
Matrix file       : kernel_29_48.txt
Matrix size       : 30 x 30
Prime (mod p)     : 536856223
PM block size     : 2 (fixed)
Deviation level   : 4
Minor size tested : 6 x 6
------------------------------------------------------------
Timing
------------------------------------------------------------
Matrix total time : 55731.2681 ms  (55.731268 s)
Minors tested     : 419225625
Avg per minor     : 0.00013294 ms
------------------------------------------------------------
Zero Minors Found : 1
============================================================

Full matrix (30x30) mod 536856223:
              0         1         2         3         4         5         6         7         8         9        10        11        12        13        14        15        16        17        18        19        20        21        22        23        24        25        26        27        28        29
      --------- --------- --------- --------- --------- --------- --------- --------- --------- --------- --------- --------- --------- --------- --------- --------- --------- --------- --------- --------- --------- --------- --------- --------- --------- --------- --------- --------- --------- ---------
  0 | 252397692 240502583   9236589 292968335 242417365 218784649 290892778  77336219 470798544  77976004  20600429 455402010 201392000 420103462 506458420  20280008 406994239 149039586 449877681 416808734 532974120 163284817 139465463 273849621 173675470 417300184 106473814 451578842 265742409 159202547
  1 |  23671787 105673739  72797528 436920091  55818189 383817459 188659166 487295018 394903855 294991527 503583917  22723008 138466529 381126037 338482737 135934226 360125876 530149041 518418593 430683525 315191940 345509144  95406416 128466064 220220083 314987445 277869738 322347227 113307050 256341093
  2 | 497864721  45103205 486620714 141707256 115430370 382116204 450500192 312038163 213689518  53755840 125322120 528269032 194067557  49469391 289337156  28155369 326741681 157884234 170563247 522064651 257306650 172483455 228453350  96929215  26347309   1629397 517065091 282589251 152700063 311248124
  3 | 235783495 502207576 194788723 418469666 404075920 288818341 137985507 152834308 460502375 300957339 256317078   9915982 393929153  74095894 175896491  73969589 176000795  56804827 524211714 205245730 292856121 451955664 318286916 292399798 252208041 250659608 158667801  70296638 122889196 120825886
  4 | 422018680 176538261  87105944 487545916 202429929 311818742 157959056 325262150 446559658  11366400 337429599 392011412 289779225 186319199 428253545 279617540  35318399 172449968 105316170 146604278 364590819 115045300 502156177 516779928 241722452 529747998 382429609 257807376 208128403 456927867
  5 |  72847641 337765872  11389589 370156663 272310922 183617680 513223372  14854816 361408857 202886550  94069302 161288905 297428998 242612957  63797359  12295588 149476110 136433612 128780616 337880708 321529524 116183946 315830236 435350122  32264457  24723193 394665718 328479030 512523486 406406787
  6 | 378246452 136615638 287449464 128879536 332999983 445682597 496054705 486107157 445071191  82224988 342188005   3991480 220431261 269322924 150581538 150449421 349121559 278417128 144356879 362131829 261098664  16560903 346756941  31866536 157673548 391711915  66591449 460121232 154318679 144617714
  7 | 264887412   7062858 414259702 470437169 305092795 350623082 283704897 512912931 253711111 111565654 372237088 275002289 206959313 300711321 382313317 142473673 234980985 278315334 263931293  29959625 144293932 453759372  99109357 516535670 511989147 152054300 407853028 449780919 482252155  77180354
  8 | 456324926 528729851 475704784  55450595 281270582  61255412 335521781  24229380  47677769 489209290 307488215  24747023 402005340 204655979 147651792 355931492  47346102 468280192 353804901 339566032 211786897 535538801 316780894 298400392 515497230 521085070 420043798 514201748  47712028 506417749
  9 | 109146892 163574833 138837325 301485056 362943705  64349092 403776344 118704591 336934553 455371119  37589899  24011600  71382038 416914027 224741067 347574764 525325946 211252949 217357872 186037399 485330533  39484449 448715141 314109238 225838952 502969466 530826785 417774634 477136719 467839889
 10 | 148733065 441625925  71549111  93071666 363098899 511074129 213711734 121059217  36618258 345470069 360438461 506930323 353638721 142538756 270571121 159902347  57754704  74638328 520491658 224521143 441913406 278767768 464496007 126057785 164250804 175606276 441792727 527674764 424960679  82261303
 11 | 188496521 213224669 338772664 371996962 122667590 474420575 459771498 477938956 314775273 450546220 515952771 200155155 250483549  85485241 222159190 188169055 110041902  84157489 522660742   9086428 473767456 256581265 168954850 310174338 296708960 235921411  56354130 274775361 272216330 350934842
 12 | 272845182 252329731 408942028 120239879 137455024 471938783  78532133 203955244 359817309 354890235 220461486  22478266 387919240 243282703 258062891 329406456 283246572  12931007 138856810 102570434 452444912 382827618 387459885 191786180 130755087 515464838 194657852 256354070 236924461 283449022
 13 | 298546222 131069984 462518679 304220571  91277109 254185177 507384038 535545627 150325416 435374331  70557878 319854011 183949167 516528952 130581560  58439939 173360512  12891713 275657113  91374507  53577206 128569960 438933581 417987827 367995797  76384125 106590301 143657512  21172987 207963860
 14 | 444170966 336608022 299318499 524436402  51436578 140164121 224642969  88596987 421235686 439224290 440232376 159436040 529875350 286063104 169286128 121660767 465289148 178359071 243434107 238263212 390085646  39811352  80896409  47837511 289305772 477663026 338588782 229982273 474865040 313298068
 15 |  97560176 175830334 215512574 310539754 417428244  47254512 117260181  41397698 499864470 258715775 476056205 262252428 439180560 346658081 535732026  15570305 484710375 363251675 487519352 384591067 203339369  25062327 507927487   7750599 190533371  76515297 506328039 124605518 373892452 411084001
 16 | 421234576 317657159 191493633  98669051 258886818 341701883 241944401 182093678  38034355 536320408 359230494 287300433 425185887 287781087 497891050 536108730 118313292  38007520 167432128 335537914 225610128 180347089  62174935 376188104   8857520 431584750 116148900  74742189 259281838 214633138
 17 | 479998335 160010828 492023783 134938741 382759969 113391964 109550041   4930263 432728321 492602783 364654806 499681364 454281683 526468369 319221737 132850642  85019498 433659473 183155034 464891854 245065692 207338563 449148212 119090263 532646722 201264245  71067059 453435662  73221929 522834102
 18 | 160633943 123704899 430101332  95848992 241513712 453415283 486955511 370515567 290326514 266974620 294493108  80552332 277243969 279813509 324843943 163944960  91952293 202632214 230448438 257761497 512019032 340694866 310052624  93365845 321882019 227372266  56108954 386636992  49825604 364988942
 19 | 504314803 525982046 161525101 344034581 444738572 251449733 274733972 532244825 469951879  77909183 437055172  80232149 471826783  38542294 465389034 289269584  14493022 456900310  14332330 492194640  53031042  88305474  29465710 216030244 230986862 459774992 296979948  93211840 528745460 352943483
 20 |  63787239 473221456 320402425 485395893 360630469 215727835 128311871 103814889 370158364 279957897 110643685 426729398 536237471 211069112 245101630 407210237 133182869 209429305 114249414 410135238 177133929 234676892 193952593 343333783 188270952 397344015 409418155 183063797 289020466 226692191
 21 | 113517045 309337530 362136744 445795023 473375419 456741708 467881245 306399490 324121351 204239707 368761006 159289282 523871971 331947047 154010563 208290078 397587205 448006474 302805768 328906198 334881736 403293091 394969392  27446328 120685918 386681194 371744789  46660873 297131554 499819377
 22 | 109539525 118601418 352788512 521451562 425863264 183894968 349618679 375408405 434225144 131211448  60898146 157927827 227920678 359938709 244056643 180333677 319924307 274298071 437312181 445541341 473747092 434265453 461978622  10640634 360707756  99148921 149777262 151008165 487924300 315209308
 23 | 336474569 173591860 494708826  29926055  16984184 496483550 384954297  44683300 176494739 512866615 212094467 495908420 147859166 245064473 452077974 255131071 385919740 239388276 501894889 338824771 486060902 433412969 358807645 400894125 385496971 201282454 527392956 193490054 379379411 127126860
 24 | 333092574  94086790 392432625 428688855 290223162 503497411 395714479 202552601 491420438 153852710 313181077 405140395 468582217 328030684  23995743 380050927 413786187 221874733 468235063 103785125  76381654 166516632  58864226 152984985  45601857 323019116 170660148 205009314 209977277 381766340
 25 | 533350663 454222221 136172139 238818911 264412637 500012361 153408144 123588999 305913631 280543707 330375753 143456416 413408698 223033189 179974429 513118299  85780977 484363360 246357955  60748512 336876252 477827423 158518694  58775064 335576256 199151713 106064504 367140792 193841421   5958427
 26 | 363977079 459863616  11202723 496991570 354941402  75851963 403557177 445305517  55681228  58193482 295693522 177529395 228030926 525553807 399649651 244008624 233195034  44775645 476547496 217173119 367924869 414721639 356485581  14642393 475706498 310367989 503494106 115679991 265363069 239706400
 27 | 137556599 317811866 283584403 324191224 335290120 339199404 414694193  90179114 536044593   9090477 243210839 357037999 433491781 199705245  18229957 495811881 442848257 106643479 205793081 429700082 281149418  12543101 309955185 358821904 464648018 157411378 202453062 400069493 428922635 435696830
 28 | 440904181  51658513  27615874 296422795 456380683  24518557 288613586 469876539 435645048  94261586  90733176   1896741 523664889 344569219 287827797 291116154 448298691 411589455 314257443 403243054 247531424 110486629 459559647 211095592 323604808 444510449 461084510  49622907 163624711 310340451
 29 | 363031932 177036931 420363189 213521715 251219374 496597113 318139285 208513830 409775307 337336907 364662011 367650541 349010892  56167232 517583120 418890327 208711313 304074157 406869412  33479959 396478272 282434698 442931736 101530231  41972641 505060043  10384931 210504695 481902016 204840108

--- Zero Minor #1 ---
  Minor size (k)   : 6
  Deviation        : 4
  Principal block s: 0  (indices {0, 1})
  Row indices [6]  : 0 1 10 15 21 25
  Col indices [6]  : 0 1 12 20 21 25
  Time found       : 55711.7981 ms  (since matrix start)
  Minors tested    : 419225625  (tested before finding this zero)

  Principal 2x2 block (s=0, rows/cols {0,1}):
    [ 252397692  240502583 ]
    [  23671787  105673739 ]

  Extracted 6x6 submatrix  (det mod p = 0):
                0*         1*        12         20         21         25 
        ---------- ---------- ---------- ---------- ---------- ----------
    0* |[252397692][240502583] 201392000  532974120  163284817  417300184 
    1* |[ 23671787][105673739] 138466529  315191940  345509144  314987445 
   10  | 148733065  441625925  353638721  441913406  278767768  175606276 
   15  |  97560176  175830334  439180560  203339369   25062327   76515297 
   21  | 113517045  309337530  523871971  334881736  403293091  386681194 
   25  | 533350663  454222221  413408698  336876252  477827423  199151713 

