============================================================
APM Result
============================================================
Matrix file       : kernel_29_16.txt
Matrix size       : 30 x 30
Prime (mod p)     : 536856223
PM block size     : 2 (fixed)
Deviation level   : 4
Minor size tested : 6 x 6
------------------------------------------------------------
Timing
------------------------------------------------------------
Matrix total time : 167145.4539 ms  (167.145454 s)
Minors tested     : 1257676875
Avg per minor     : 0.00013290 ms
------------------------------------------------------------
Zero Minors Found : 1
============================================================

Full matrix (30x30) mod 536856223:
              0         1         2         3         4         5         6         7         8         9        10        11        12        13        14        15        16        17        18        19        20        21        22        23        24        25        26        27        28        29
      --------- --------- --------- --------- --------- --------- --------- --------- --------- --------- --------- --------- --------- --------- --------- --------- --------- --------- --------- --------- --------- --------- --------- --------- --------- --------- --------- --------- --------- ---------
  0 |  27053816 403015848 508386466 210805650   8178069 394540323 353805065 504582809 306694927 240046557 175574035 112916069 511737140 497736329 150541603 151302661 200993067 103950139  48180525  87688271 383114835 284327480  81788031 115442952 149038716 254787070  35312320  80357152 215606652 207688339
  1 | 510678416 481423163 499493414 437087427 444172250 219478501 282102181 293446805 446050791 323105849 525270532 282514844 105811290 176701211 159845962  27128151 509995186 247124669 285596165 345740560 444966748 229275723 136551307 248099214 323040554 172783531 136261301  97338748 444754797 203657360
  2 | 488547467 310517011 253919832 175574170 334261131 177223476 501249693 212858936 152871536  99789729  65206839 327953059 232888978 504756679  82422616  86621187 217789205 312335004  19653367 331462483 443639367 432598367 149611445 385837050 401456654 412653644  18390643 273880455 471160606  89456763
  3 | 274760283  21961808 140941094 238271337 232036049  64404521 193606728 175405225  32840087 121261463 198438301  17491439 152090040  45323776  58304540 373738488   4741443 339063659 503745082 206856635 205818090 367682608 376053682 114199533 308841466 533802073 518772845 226444882 115231278 116910575
  4 | 287287466 143019542 305259753 403126015 481986124 490922927 381680558 247532300 424328837 479982744 340076254 293577884 261507593 135256835 319329282  66717881 389426473 508897117 118323408 423097033  11566690 489722968 271826041 160507523 210542747 427398195 409066936 130765103 143769199 321034962
  5 | 148262028 358097263  60141536 345210868  97797477  73469233 261110246 443077106 225788607 249035702 461734872 350659799 104355675 445759546  16114366 227400094 497599456 515720646  88669973 333013169  54982810 292515159 239443070  79373333  80432700  36636769  42484067 187299048 434981054 536664309
  6 | 270506824 234287095 345637449 147505301 386270276 450754074  98253883 364197651 345412889 132478785   3095959 344550711 454304177 108800043 418114933  83540714 510809279 194521424 111915224 480350560 351736335   4785264 383902927 394645618 160409828 146389344 221241621  40009843 164335000 385984259
  7 | 471217752  49636051 235855881 317875727 336068008  53213437 376343652 168798179 455329421 443338826 348387504 165772091 287625059 416851040  71573964 170526564 190957535 275828380 252428553  48225695 384892560 360143626 122523314 437215051 177112306 334509877 296109182   7940159 227473410  33949120
  8 | 387551844  59225938 470597347 428473457  33615496 264014404 228602883 430204362 319595131  90695950 381197581 325790211 161046534  82328424 434209819 475805208 312997651 386578329 351291911 304121596   7034050 366072611 376801337 108616881 415053524 518792037  37739856  59934271 391816466 123968111
  9 |  20879632 336847806 256375492  26947492 143001809 523346987  48154235 297908254 169125614 313237206 424758807 201024246 405500748 262095448 107532001 531969545 112499723 264485928 341718824 185426335 299899472 451631187 232118155 166286483 238045122  21433597 405842149 506697986  75810889    207737
 10 | 243498408  73507657 181145645  58959799 426907922 409652680 382514674 505401753 374834039 202636645 386442845  57630756 258489538 466763716 407348477 530059950  54595763  38143832 403064768 526981746  35402016 470519223 128668473 321783430 401158150 376795867 239520447 427383036 181633445 391475628
 11 |  41227904  14712379 432601008 402163362 436021502 477105156   3499211 336266940 483718343 351849392 329013244 195425029 379855180 202568296   1421090  92289116  90222104 331975849 271796338 522370523 122097521 246437188 367531808  77722156  82855920 112981817 163643727  40023671  34115996 255827734
 12 | 391416917 453746769 259612821 318378667 146729697 154697928  40674377 356528454 127791676 498986009 103577560 251525528  68154944 411871060 248462056 322980814 281491677 329208068    791384 440920208  99049741 106875147  81775808   1677506 234851829 391491052 477835961 184674826 120648873 128268766
 13 | 396731076  22356809 197883204 394529107 508649056 413612558 219266152  69973348 462147114 131383096 498083986 295140990 506084468 445640202 428666645  20949134  34745587 325838948  77837149 105378439 508993321 498678613 305567151  10292953 166802812 111607818 270717950  86828688 294439877 210032445
 14 | 215824152  81223880  69575099 413935299   3154390 158927737 246833069 107974958  81647926 245815166 459264706 511869352 348346011 399921094 266264299  46637091 490445691 396839343 528698983 181515285 458916538 469153031 198258424 285326233 395962240 254759336 109967443  76994943 417872003  60909862
 15 | 294416026 182033743 261181700 532033600 450794671 269451923 412824035 512288247 262574310 176895747 286354412 483517204  27210829  18767967 456388965 307756220  38639083 267249159 261831576 230956804  38717570 382884534 132155052 185648431 335327321 463672031 477575174 369940051 314306549  48507235
 16 | 242049596 178929954 473821237 266228719 114024749  67659099 401267675 348449512 385677673  42504240  43845891 338249564 342512165 379539760 213811557 285044766 123976465 285989687 133988365  38242331  25233831 104259917 535773561  85702610 387864815 117584710 246913649 127838220 280257769  67105705
 17 | 469746632 376148654 525783468 195520608 329081563 385251464 280513735 507340130 257118705 249093305  98343898 247366203 276049481 523113673   5314448 157667996 347787594 420660124 397591160  12668235 168441600   5169349 471430957 479519161 160362420 238609785 428984091  73209724 123261423 294562248
 18 | 254933386  42438920 183012756   6276898  40105240  51323007 497453359 118292741 189558042 374095776 398437484 113938919 474987538 242421632 153731828 238453824 277774581 172620301 281706311 338758705 124190152 363680941 359980425 525435088 291089352 502499919 459094753 143499621 332988855   7286397
 19 |  68821519 146409325 351391883 182103802 389139807 257427250   2578374  63793371 400394173 215941059 386487347  38095267 295725165 172237136 351484348 218972885  10072646 471308822 281701226  16983182 116344337 157796720 411565533 267059867  88909092 179444112 369060701 370510553 287841847 259881520
 20 | 419270769 521424625 139913588 177014886 218004056 276141033 490918308 385115929 230699763 434100698 320788554  80850107 370775659 333395637 364775617 222567374  18052006 383417817 339977716 362306853 266203961 380126561  64720336  36721587 273808563 234366240  56466577 472340938  59370198 504903667
 21 | 187460967 148247123  47717488 458762952 325673994 236328026  83936862 343881365 314923754  82253787 536440724  64829337 336665797 374854510  93166465 166861581 210999457 149547767 422729183  77696215 310197334  72369404 212632754  60304329 339289592 509171243 196560878  95985578 343223346 315616858
 22 | 210773528 164884846 164759948 325966589   5840788 233300333 383920207 124424855 322389654  90462994 267892800 172359539  39788436 527005816  23987898  84872163  62712893 268179476 513795520 340771710 460302817 126439279 480395484 291962487  51737923 516641904 123540577 298444787 534212577 444938163
 23 | 462235670 299278142  75418458 461083412 333757317 320235277 223060993 266139794 197408099  93382427 441290322 457706783 303380210 512770045  46511020 484394846 215368290 434588734 116495872  75019226  22835077  81193125 139132298  90953790 181823267 203298292 178147151 294361303 290360860 331154595
 24 | 436874009 267825948 253691599 365309650  84121694 259391055 166542882 531763188 499758670 368025380 106468419  12087806 321938400 105001175 513418889 451308101 451188901 182925725 330392895 239570209 107658170 181857309 303179922 298968172   5396994 384213993 513684963 464756606 165121258 254996120
 25 | 387172730 370174124 447289599 376366780 480562315 461201349 206304623 191644093 245985779 148665961  19152935   8662533 471449552 354490021 248411741  51660579 119666930 334856467  60483612  80484169 241948005 270452463 336782891 331115522  27590670 419973014  61413777 469916925 152073551 111566829
 26 | 472804617 159002598 154832238  27816894 219760505 434292404 277340078 221742757  99874216  39246525 518383760 142014139  12586737 101671739 333160614 256216205 400074437   5382213 397962583 299513894  10744781 248043244  47354029 398741559 428665869 347319173 223157126 273897673 356246937 280376886
 27 | 476703820 450110029 524823502 461621407 253033342 205139143  65952324 384572803 387874411 287032483 299362501  21612490 383279382 376371378  48483111 162339975 229731076  87356007  60703484 120065609 305321535 282473598 229483763 407720653 253178947 449295438 425544457  16362973 228104384 238511255
 28 | 507199503 266302868 231104343 291960514 336216072  76425934  25019565 282238547 355673509 435576884 211652053 422590939 532395655 161207344 332743098 157476104 287890238 231644431 452832573 110250494  76502574 130733885 156812365 251931850 138784866  16318632 284046468 224495694  83110502 111524811
 29 | 514134288 349520519 503713799 417845988 420991224  25100597 188898758 512973375  39146039  25910665 516235149 456995360 529020418 513174186  27850109 299472593 433063057   3524535 253644318 366007054 242534987 126067780  96502109  16807407 328223446 156404482  96471473 299409555  55818738  35162223

--- Zero Minor #1 ---
  Minor size (k)   : 6
  Deviation        : 4
  Principal block s: 2  (indices {2, 3})
  Row indices [6]  : 2 3 15 21 22 28
  Col indices [6]  : 2 3 20 23 25 27
  Time found       : 167125.7148 ms  (since matrix start)
  Minors tested    : 1257676875  (tested before finding this zero)

  Principal 2x2 block (s=2, rows/cols {2,3}):
    [ 253919832  175574170 ]
    [ 140941094  238271337 ]

  Extracted 6x6 submatrix  (det mod p = 0):
                2*         3*        20         23         25         27 
        ---------- ---------- ---------- ---------- ---------- ----------
    2* |[253919832][175574170] 443639367  385837050  412653644  273880455 
    3* |[140941094][238271337] 205818090  114199533  533802073  226444882 
   15  | 261181700  532033600   38717570  185648431  463672031  369940051 
   21  |  47717488  458762952  310197334   60304329  509171243   95985578 
   22  | 164759948  325966589  460302817  291962487  516641904  298444787 
   28  | 231104343  291960514   76502574  251931850   16318632  224495694 

