[[128190004931 111442084216 58646414403 11079171462 86554680813 91438484934 7634367928 96203102962 92642943931 126603923417 55509752234 7553071164 129599756439 112395193799 60152663061 30921955622 11369233474 127567275635 107526604740 102895551682 28367637606 54115689520 64232477075 7737080529 51146793597 124958756911 130213564783 126639141374 46513505895 90467750742 87882850256 88716147936 128460108023 22051228121 24635162667 61085773290 124335770548 64909235492]
[17370908668 22713099571 32733763232 115772536397 96619933563 11749185639 71826833694 124821920491 67359878865 32010601249 91102451962 23293483927 1999121810 60369264912 121546293094 77500550870 4711803128 104170264019 113957879411 118858312278 52392500950 32122314105 86853206821 44162858112 85234585374 128252206518 114408690951 108084168464 114862369761 73014865597 81405821141 20331547365 77993457521 115767338826 25232339778 127050647806 125522666817 90356746021]
[44342335834 103526685955 23575899282 122704109649 82812061253 57073050831 44093041870 78386545254 38887376032 127064109032 2923981255 99528182890 97787512926 135093429625 20241469386 117537223839 7365106713 38549740638 55733552123 100931200417 102397304885 69433115614 137056074043 9936532462 88908089634 111819083777 69080205796 109994980904 3998270568 47546362709 55228239452 125707201126 35351382759 61017901755 47650476365 26697514235 11975517921 10908563049]
[51334059702 109124540885 93091530296 117545211712 26520051720 125384117150 10757414825 66609241405 91088951425 120729458749 77040218385 124595315610 21819771315 4331320531 20275180661 114142013008 38051559125 94389932842 44505891942 89871279690 137323883537 4026888413 33543510220 79273220823 104522884338 119791372289 24471582161 50074502588 115054049643 107329076548 119135281595 68361912812 20396087628 44938331924 104288618713 27935046707 1363589483 79862611445]
[105944816465 62925738022 18252891 32856881179 44648286678 97477370779 122608886500 30654855959 67811462717 105191300435 5406750082 70092701349 99731540883 81709747910 21451103807 80137515817 90521929109 121002427122 120994571987 90789542523 33957395805 81577894115 26371099318 71473379110 14467860184 106384608172 92955382789 41151718586 47665248460 125479764066 84850140296 62467877591 84937762459 119207733846 32214716728 39097405838 90117189652 133973566500]
[130260839198 53101711712 136529006520 125216358051 85649562577 43961899949 3675948651 72798160345 127926809081 100734128010 101689617981 44756812394 92479471002 90000255206 111236037160 106056320065 25180268728 14342462948 82372162304 56598716596 9421719011 126805165141 8819160886 98310361793 12405511873 64391011668 111334285329 113699190373 48332401388 91945118959 90953971658 134684192870 97697190133 12464602156 50917515522 131455153993 38040182340 98003587473]
[73278499401 111335997985 55707154913 89060836787 131363001197 100693099687 129282994970 15182378404 19124661341 18314395743 106702980894 65812406226 70320595110 57113151663 121685251248 17999619598 36720667305 53578345871 57648694619 116017039906 101724995144 110678882595 127677864401 85235735458 62305188547 70885682607 75776875672 7237392693 104389828258 22571005642 72984243098 116861675050 5561119322 106470472111 80810515626 67041242053 84560894192 105260559081]
[101769979265 16308492525 387338800 36242346030 20956438419 119397393057 93590466531 108028761238 134478517224 65158459339 115525997285 50150376310 20951866380 41578574378 84460465295 14890496160 134611072731 5644417977 131550987968 113705539258 85200194012 5160894999 118125494214 56600359665 18082075325 105575560332 74295215059 116499478185 23987585007 53388689178 60191886113 5180053256 8639564568 23745898928 54406418743 86380916376 52448376683 69507432644]
[126263281717 49393169915 24195354096 47438220039 26358284599 135361396826 37185017604 40068515480 36554819384 72528312278 31832133457 112812389593 96643553689 40277438757 5959669444 1269143555 44964734389 21480682810 678933333 119568540572 134445188224 97821148110 116760401731 99208766664 104620431632 81776256633 121116319896 57965277660 132528916155 16866264238 137215467945 16123332582 82882237495 86728492357 89964739166 48283380819 24847283729 116499698202]
[128674976266 80008249216 66168012468 66114482553 9677252019 10753191823 74758905792 106882678176 25426905321 50967905736 37210689475 131437260994 41940271197 28142626178 18498291273 52728180957 102215677083 25962614893 73210037884 61978481351 66570428734 133018052679 17629071134 56555360445 8465999335 121293161445 44990337101 108408106539 3277572198 89603438673 14453755254 100197643209 120895484213 81119466181 89712359362 76613746048 118729527278 12336020752]
[10679247468 116518146036 35769292437 117258430513 102033247629 128299860781 26852909068 127957366208 109735518192 45223080081 21298775536 82133221026 36306302259 54017102818 84283138191 73432802709 28315864339 37861531820 34312529669 35604939044 21216305923 133408663548 77910944954 74128814132 20814316616 43170363858 33650110748 71708899048 99558806416 61675393166 45133627555 72024521864 52830010386 131836443827 2934504140 128854927302 127755280650 53756039992]
[69752152654 19845419880 125517755646 31773312061 98628493596 12519157642 68329791751 8988348840 5545537610 118525868259 61719003778 43332427167 29492609720 75170667435 116702387176 104289207152 134598054279 52125714757 40140546877 27944958286 28857717560 128042100345 107615836312 25792356485 119242751244 127617540904 87324328557 116796760257 77628822895 41684326813 52931992231 23830565930 34281519066 62790290423 18633458254 19114421320 47795135568 61203430410]
[74654857533 43986266377 32755643786 23071505413 38564680819 123898351255 32306645381 25604135378 57533705917 24275627686 112866634976 52307001752 73621688136 43132148503 70717941906 63920124878 88807619202 64480934957 78954606006 42276718673 121167779276 23719584059 37877481656 27971547689 73019071057 82303150965 107198166885 58963760722 13842321389 52700457056 112209735846 83533266796 19170270543 133415191020 107664828485 94144778062 45119752308 115740608327]
[27503012452 54576135613 17345052872 127885668842 94960026404 9975129884 123509292638 53230482466 62212370517 29503442962 87759487805 74106269873 111397517824 11096823901 119555124933 131481315681 129234276285 40068802066 51065275745 61007653078 67674164562 79568912934 103829561763 23427599657 117268976777 117326528830 15991110551 3020189251 110385716348 130231901435 73950880639 103503422976 133002536161 77322264583 14729913823 2245503844 107074974302 8405400155]
[28286729551 99001102224 15004092854 43459889761 36031778363 99981335152 30512639083 23298954288 53398177782 10472334369 43631200946 86857252160 123458178901 134949302410 37930498194 30997377170 28302934037 122034070767 126370279809 53537217464 90381763786 36127350870 63320532185 87685801105 70105225183 65306938314 125037216696 32848442239 63889263775 19607485589 39762658808 99145941421 5139334285 96738949876 30497372177 81322527473 35052463436 101078457180]
[95042114674 74896470748 37502721056 123389075674 13553171368 86194291778 107329554093 98064624458 136211079543 116469587599 78966680883 112443193538 37240483623 97818606 46498328129 22141764579 42844729245 92848941431 60857919820 2054632039 37592911445 132067131229 40150908213 1239985679 115407720286 94305939010 133255923578 30520221305 45451807495 104507679106 118077193619 9386035585 71612193846 62698844288 3879295434 99211156916 132160499125 130490593944]
[83118812098 128516447101 45204588489 53957422649 115009056370 101929481043 106281009362 50054906272 84246340783 136650740569 163418325 123638524977 31698950180 4497379140 99750723090 101188147226 110220465004 104851733790 106695746732 13359218384 31935629323 21433235589 5601016315 120410456161 70824326446 55656860009 52628392040 63438025080 9708286433 40065106810 30797818873 59102534728 64832831094 115439662238 100647871900 93123682334 124421080981 3600956548]
[78510417544 49948934112 13485784301 137258619616 78790155829 87273224096 78047976936 98615892167 51829017631 34984201612 82997376421 133532699604 97704392116 15647995313 56610374659 107400738904 69544335383 62294524160 34806257673 135657305486 37249920279 86059936078 57913721154 98758684349 86476466537 46812585129 84399299074 60571634210 32723300271 54303253887 99510228445 35242240539 6207724904 3575741135 119675683649 87277840155 8886869579 11175944246]
[91105511437 89839673587 81920717518 43485774668 125872940905 123606551433 34591509160 13756608913 127422887161 85195622332 93269878078 97454035409 101772491560 33916925489 23666673667 3737717994 81716474799 85843163280 34756926756 83401991349 21393412955 37069117655 80183737058 31579132294 127654975219 111109232677 13057050344 29670485998 29554627727 90991810786 81014625945 33877517839 49572069099 41897219690 28833548867 134406850099 8103649421 89543017825]
[61672734454 13480963149 74458971566 31285390767 27854410494 104933017989 50273845050 12589022420 91534574540 33682038974 126849260201 84384915064 109388399794 54857825481 130585987108 35115405306 106313503406 42446316035 91054685108 4460666191 9926379130 60319059190 102685088694 132305138237 113321677820 125315509376 2973655111 116018281107 119440978970 20130863597 100437347610 90086119383 67224378792 98885048595 18373867917 41407135523 406490834 102182739193]
[57941710951 74140898944 64246374421 75297512297 2187041685 116218283208 79337975819 11272339981 61221685865 27334324633 60285310913 34312314871 146108402 96741053819 125705853901 78294407005 91614535875 73600875001 55445024717 71693302529 128796602511 25094879905 69886478413 10920382208 66425667940 58400589035 56248249603 6189282457 26215644896 120153983847 11156098870 24014437600 57208767351 102805946529 69971713838 66866505867 26754874186 2791679535]
[133060034502 101150841036 66952482207 108350853654 540215106 45983323599 91119451096 56909090448 33317251791 107579103971 104660101474 63256228507 69808344547 39992207444 72472522870 35642330276 85268998586 37399451224 74418337437 61526044494 85831741681 32583607523 104940205766 17879165322 113834486491 126044146816 13767629195 81556360976 35448258712 20661196909 122828464216 112460606108 14788387015 50770549502 33075263474 86525795034 128199013924 118834827882]
[58143155977 15775404460 4483239127 119712543715 96615364174 98940895705 46691665191 54531747654 125104468001 122863847907 112927499637 102831730284 25560667347 63302739367 135656112298 129817805937 44895379270 132470257072 126986544089 3964620218 38999238634 9722939612 71078464815 24962849742 116342411583 19493399377 108939935435 135945158790 117040773853 70467348109 85730452590 28170130858 20240006426 135089972436 130680813488 74473698921 99722928074 16483232570]
[67988591641 111966572035 36947412090 7042026573 61999391776 35746469771 131446307193 93957645979 85625527491 63443833256 87929712717 106092013844 37442396518 68412604525 114069970640 134046285760 41682954902 120649135332 70905802440 29082743847 22480410138 64095082233 58450572707 71527406270 45617191402 94188736734 104990620225 23240686420 42688299325 63834847501 99235469129 115600186011 11272608181 67216475897 16005716293 109264034796 20092481643 72236617444]
[92024508398 21360244126 137200672682 102099503308 36513117636 135562015655 113697496222 62585432981 22061519283 50200645897 60999077144 106359586983 42798543268 23638567504 52183853719 33727620651 80516252394 62124402681 118358721217 41752449954 120481631871 118579401510 68379198016 99196787004 94143231716 121958422667 70764184901 106487073705 26223940511 73448175156 121267918601 72316471447 35151925099 69818446602 74989882781 21800335530 125947242548 78325391885]
[64812992820 62779418159 54965038258 33589316812 104950608657 81749773526 24409456738 119283612959 96823071528 65667383781 50745793480 46273729518 62159314816 13891379239 69633675180 45198548188 99787092389 33363784730 72369706885 28701588721 92070017746 35078036243 69792757436 41689662580 85798997920 47080988672 40173670574 108720595622 82724472782 89395936707 27709421768 19233673878 101616219715 137244380266 17916227132 33684007308 89164263454 26557215979]
[128787317688 28585462985 109518242222 104490138123 38194635896 120159703294 13092117725 110308623993 91208360261 121767892249 84041430103 86732445748 52086867750 67880090302 50866614209 90236954362 39719243042 845707433 110140299704 92404877710 11563648276 115086001887 50697164823 72920638588 12841737146 26371684675 132815388830 132590693370 27211278322 33160864445 120641650796 78610964296 102336756670 24267221075 34811533707 108151259463 97062089534 99108366765]
[14261929262 103664862955 45925175270 68461047259 131715745076 35182666972 26491138464 129229119156 87091827111 136895331478 96522989148 100521404155 25875657055 128832129309 69722089928 127207350739 132768994845 40551832841 13629893447 122255454498 5356259955 90671386012 116228896201 122950470687 17972849204 21427515753 120756518003 120135004193 74883123698 16688690255 64447399824 103680864991 51940982757 87543437875 11537186660 46685268961 48055772686 25329377724]
[40474622926 43896616898 41641318171 57012733805 131065037173 76511705731 28285652764 31939333152 51031609006 79852755869 36735619115 42674798222 25114861239 23879948237 12498112621 57913464764 63446469216 51754996305 113343730276 76383364212 112012766047 88285989099 52755511849 42993082398 96237904067 119615681860 46492848880 100853100340 62520790420 112931007582 85660504459 115546151420 5217864590 29186932312 75231969540 35049003928 26526712217 5754226786]
[121112575013 24067122677 123076924964 132164510207 54070937689 75538259253 50525183371 105228863583 11208744227 128514192489 107393558675 15376457313 120330430594 126781016621 27142754540 42257424109 30263404944 72610899338 100085965696 25132394840 48744399431 29053912387 42075115799 4400462552 36843226015 93442651016 15321831826 85417368153 102075992973 114919695305 41852765943 28287289677 34276761019 71326320651 51487073612 96555062665 19067324807 127391114160]
[85897136690 130745846466 41306523101 56292914461 79697720025 950753024 67304614255 51081522708 115662483536 33835672731 53736574822 11903768808 109877664661 122816318410 73644131863 66096807348 25009889897 87534346605 97035072037 30803718807 109063195092 12859972776 106566399119 51986178843 89481313589 30600277962 88826785382 7599918097 46984098416 69714433376 57207988837 16500164592 40867689648 106835061521 121905452706 63121684161 78322414848 101413053033]
[133891844247 76186137522 30042482116 15641781789 37105814540 134286951442 111670718425 103259512070 72293402413 129231047001 55431928274 5498093850 96013214343 113427441721 54718385130 97968092263 122564229011 120082199436 54646544722 134984394287 70448804993 84802536167 82106072613 101675772206 118684100895 72600971192 117884626498 52279863579 81919264404 72060049914 97702341928 65062392084 47219327282 33082423980 91982919337 105464906858 61109736399 74487636235]
[9548923968 130174855283 28005579700 65783611442 137327602458 107447651578 85053747136 29599136682 26645046350 46242461828 73785834424 55409785857 13059159894 66162679315 131863531154 53948305704 114322308241 97162471393 92283314198 53869310994 78794994310 85197641029 31210602651 130179634407 41476466362 132570466306 105594869540 31839828670 127215121373 13802307615 61992622533 2313944510 37960547750 92959924169 29277195648 63541217347 14911574777 117757750463]
[98257896251 51508260741 136962126205 67793662910 74934819507 99791955653 23447962275 128033446352 66238782510 101768250451 31373686662 67811702205 30563059743 88928679001 85047462909 28110475056 40477994206 127410167357 26791929528 92873618837 100448095411 98260572214 120926018364 68466385618 97417121889 109623588988 22803607452 107484044593 123259747884 68448030579 54120870250 114357707071 63345936727 106355263660 15282208921 39586542932 120324166385 29222742474]
[49678252758 36050601587 82798712660 116714840630 72009132827 79774365322 33208630312 41404379271 32387347778 76831785471 25245947702 99014423008 43190277334 36128830002 92239457165 50060760321 114497909603 28341982606 85353011967 62036710878 113947471820 126946419975 18775225513 15288026073 125057199759 17401432571 41390976262 104638779170 10789666636 98826111161 26997255466 32369598175 60745961317 60071877918 112408243641 31813981934 44105696846 21378000206]
[63223834309 126414524527 1191075391 80471109808 72632835987 3516029477 120942666554 38018780977 127722383519 107636280373 85559417715 55662495358 115571208595 6044871808 78184642491 61163281886 49006187819 80096707881 16537616018 93708686665 32863083917 34113318639 5067123516 11890677901 84885381543 26342021337 69674348219 18545444426 52119625266 130035731803 100945673287 80849740880 37884361142 56625245778 99757116169 89453238868 3353944899 73309021469]
[26157463483 103673031026 83958871298 136054166570 132000101344 43231316096 97014476014 98010818148 32185821580 40574703346 74397092736 42991297926 62296566242 118221015341 6070388607 942146145 104529234101 77988263237 37539474981 49034686318 70784581069 39382933858 54451678375 109104217991 18819048038 110375802021 18273600643 44620962493 70914190253 80739403862 4478900790 124504178666 67336409023 76527181080 24263148095 129288733590 59953232602 82589648541]
[48640173506 96693569181 100616602825 88055135984 57422065694 149853399 49766470694 101676215913 46947166751 76841325122 83110231932 126988401882 43181081821 120926300353 119278611938 15552608950 112767503065 54247966673 80245789445 75407082539 118705931062 24255693162 125137493079 53592883888 65313208067 110668777246 84912908287 21016596398 81089845679 123155908691 53446990093 125331464357 80448439635 95735854520 49425043270 87965912987 35090169391 51212474541]
]