[[78260987115 136037693624 27967190101 123637971113 113549360149 12688725937 130042524223 105034586270 44847875262 104556334638 85042589396 125974062964 126448153730 69251817668 33022831634 30847573418 63037699756 32927429212 134010165853 87126429605 1008231580 55366217508 87289183829 42214288095 94872920215 29958348416 94925760852 16121014552 122446873319 115672535427 28325726949 43560914377 26715086522 62889985314 92252531871 110841795061 15807368399 99285412357]
[95024844269 50505036694 116914411531 61077594652 88688757758 61819769219 9570683811 75284920907 12440065958 14079548726 82592733754 116277109633 62019589145 45291245914 116552641624 47478468186 883498971 23713286760 92505770475 77769808590 87012530203 127824358456 118007344731 137106273258 118473805980 3205320415 50006782154 71151765496 70781198938 114573726343 3465152306 63193917520 123165567588 36142259022 134477216502 21082552353 114794875168 22268485783]
[71298288081 28498779990 19633137161 53539847791 87055263402 86447067527 131344930274 135696002241 43602604716 93552080419 125220980745 26090293103 128695714525 65287919893 44833118280 5601796163 10887138376 38975905022 92550244805 21669099937 82642692281 137150363440 100740562555 94366179176 91756246394 123518056895 106148074832 52977033403 75077257335 47732438017 64689854118 68940348147 78354235052 21538485949 32523058850 111846610521 83774774477 73344083168]
[89458675244 121401527347 27994622643 81075032938 21878484760 71055434083 46425712354 8774900282 115919582595 22447735051 51431978995 113080603567 131165428331 82862028979 107533338849 130883818102 110346670099 89331253928 63253035718 13981746684 37271507572 135252427564 89936493202 51962088126 84914789425 70777279152 111280931220 122297145247 6566874624 36356120421 77835817691 80866990079 59282510733 136262016089 42029835438 78871217143 129791030210 50615053902]
[85120122196 30993995988 123250192073 75882522988 36516305370 53775118973 99965095346 46996649958 137242522358 93216090348 72795338392 90532565576 25831374464 1663392117 46190112696 116693626276 107475183244 131951843170 86984005268 15553436473 9689618701 112324014384 133732835700 100752265420 41270465055 20873987717 39277993637 47863029830 63978545700 81454105392 91327826913 97569480743 97935714713 101688471170 12541126829 98776932583 85504104879 120207556327]
[60216467840 9395847237 86614954625 127308009247 114743222359 109339893904 61523024816 74824124764 124379980428 45681732693 69827361261 131905326442 37804944526 128523853265 31576333156 17432740533 18048093381 98828661715 59784952008 100236295717 122522997056 44695711097 91429641845 87623347120 92610213582 31773558691 123871879569 22155431889 58257316170 7245343254 115666709061 49791185558 85731962057 81706654909 18752829630 63945952169 82505183910 73787810730]
[1515895236 134259045127 71166159915 72672822143 14881518951 120461577870 104018456494 131519362335 36712134777 50450137630 11006680185 75385147339 49532312269 118340167849 26518598367 129623624625 75864144945 112932678526 73458839438 103355610415 117065554232 77409808708 61727647759 52161098347 81184843833 68391764941 125325665278 79056195424 108867024278 126422711111 122572227142 54442787931 129203224062 7715598006 92263801796 38127934888 79210934116 62334307618]
[75847825251 120005708602 20743736427 102734233576 86930649504 46148881196 36486292989 59385527708 59512397102 43618699527 44181432058 31968935090 94736673746 85240360119 136434754807 54510139352 133535165550 49619978572 52953242908 130461222232 93562910095 40838291391 10511828171 60507552450 66135168809 125682238103 64711210846 122967621787 86550867176 28492118020 70666257244 10212197033 36229372645 18670178948 37693168217 53479817631 5628088996 72459050996]
[129381796565 132376448703 66331496999 16848733360 89765551027 33450273754 96758457190 57295041571 104152308393 98249426813 46662899404 103289300131 100272059978 69821330441 13487845994 40781890984 18810653902 43442377907 23881918420 73037750251 109445094315 107830021577 30264264934 33165143661 127708665421 43874485087 40250094498 59453360103 63364616123 15127316499 126252422938 16314117931 76349465676 23431234023 126127812581 47532068213 12345749726 90106425170]
[112122293346 11153141422 12766677146 51453948904 53066739223 66586565138 52799734540 136223375794 32418831420 40236193165 12302248501 107365359403 85557607809 54292206684 87656756969 84342169433 100771845452 99961491811 74638123536 36151078979 87289437820 39689913902 23229451966 79597603477 15537937131 67534108641 111670795860 67279586464 69237147451 106602237900 30965590231 22869590773 121025025798 109169722870 53577131597 83474191348 96431392686 84252881696]
[8922740273 121822317342 121302912671 76057335645 18869857490 56831465200 16436482060 35816857845 116388519968 77402606032 24932818088 116588385843 98258758827 43826908604 55188912722 47047854313 31624910559 113786168328 65524125329 71475773043 67742752538 88169942363 64114528599 108479752590 127614925280 19598506276 110025581122 1871394648 25886219975 133299115494 33534871493 134207513100 11153615194 116742861065 123368688543 92988090052 86138327553 43074703726]
[111171302583 110451894921 23617341799 67620762590 74946078284 45034524029 68139828714 31799802771 94625073016 100691361164 35216729021 129299751073 100429374690 20807307005 98211521911 33736133653 2778823313 83470100345 63115884688 99335086701 93218961686 82331114628 127170092730 119450864303 57697141171 96991688039 132087362270 44533588769 39433801225 9420223106 55390008396 36966692957 115532851244 73049788030 50302246301 60587441639 15095186257 84520190803]
[48856419237 31178062692 31802115580 27583840030 62883875670 59800237082 69411387922 131679884387 80659087478 3870833500 43435538414 65693686291 56772019339 36755176475 35309493772 64595486881 19816272540 69206392086 118077979978 54486836636 7296490770 7544471925 131590215814 98580883654 46006658455 135496230403 119997343046 81352198998 86942552575 54152434020 33741734029 63826617030 89820190931 72728796032 66974378096 27320942399 70044241993 7831593332]
[135240139239 71423224337 72682378999 73426575119 64401918077 32929321344 51696256151 50827756591 20305139318 46872850029 114526839055 92165442633 118036515914 45476110843 39835596135 7419548101 24133786220 132792379422 37330154449 77055501354 136233481969 120351804398 118846726258 28179521831 65188627416 42829233615 104444070150 76979128444 79558821119 94323619930 27347444199 1693334437 117664225495 64256534712 125669155718 13229128828 89578849517 120165291184]
[65444559053 63326030095 12872825847 99717326311 54989404366 77023964601 43441756113 80924329232 8243862660 10845246976 22014989892 102416239562 118648916727 100839047257 46706809971 92908103414 130534596719 36696240388 105527678617 12840802888 36127544844 14171346845 131839399557 136915008913 14565390605 109348893576 33626117687 33340970512 96698126537 53297638145 2767325694 64952605778 7243120562 26294088108 131914568797 130163420296 97327463333 68627395892]
[6215780572 126329850970 5053028454 70173159956 44770657655 123179087327 38239506503 114606509722 80213531378 91666986561 82652240395 110964496831 56088842363 21374445194 13881234408 17785856862 46997668625 12190077221 54762058023 121920725237 111205986927 27563639344 81660443543 126169437177 106168580172 135909282611 9190542939 10557943742 7324940250 77389911701 106651351725 55438753205 22499837971 9448494172 104415064844 113456969131 126450762846 65144867466]
[108747357612 53736367843 59905415891 118303100808 10968637941 31361154049 21595989246 56522880847 84191462208 15452926702 31899361548 90634229169 46232645880 6657361152 94247968755 131870600413 55168626342 106278959561 41218044287 78364504746 3504958421 109704703421 80855098986 62669001044 70957863760 7589238534 33719269025 12927004601 83396749494 18492466423 114584409187 10020222108 117499125515 59862628049 78214739911 81743252808 2303222161 28654457452]
[5151341027 81880946523 103223570118 47899174783 66196989253 125639105423 132144623101 104931621996 99628371942 49236992966 28585878486 112496122114 80368365541 66131990808 46245069714 79280723234 12163953212 123284004636 79936773554 45060224062 117062283924 7881733228 84644557108 67179119031 107648555563 114710145144 117606307099 33259716218 88985767231 77646524788 128286041620 9664961894 12287331413 47482175153 72315087070 121958132443 65710584698 54688415859]
[91419328575 120917203643 1081459001 69763296332 70971252131 3999103349 5357654937 123212190539 56706673008 32007012826 83849048067 85065710576 75393490388 43270926378 113032335325 2007910878 58290193537 93345433639 28258915599 131764610978 112518800962 125907178225 86795703011 50333702017 104981386888 45120217009 32287649382 79686896845 77187281832 84871975870 48915221211 43418232363 92790604356 8214778161 136916610984 5750598479 105187370072 6329984875]
[136966219006 79679601416 27906091669 89298719681 118280134826 25716415103 117292060633 120734172975 124256181923 85137312005 137150451078 134063750720 31835437138 79451815830 42769788555 95206953152 67569493534 72327582560 67294163429 8170668634 47896560841 71118365113 41261489504 2472857270 35586680822 52409854923 47567693005 118235240531 125295723708 118256182493 36884374406 107913555407 56106358153 22180346825 35145872450 64991746098 85395621712 42013456236]
[131748057387 61407141979 41765036345 5354864928 26998422701 102534049618 91523357295 50282209509 9930515587 41283170563 123203787663 67478722091 41262634069 26932202884 45471161927 120353556177 44507302158 132059663865 25688152270 72640559899 61215511014 134499586980 9294428393 1772627003 74028013891 6567153694 6873339288 56887741417 27404349786 125170560212 26274111227 74768537406 129935158739 128702834070 61740718311 35515274169 18467805266 126506820526]
[29611187414 89181219290 127607417943 72582864530 124484212989 61147888638 42841438720 120509755196 12591912385 121762766869 17661938390 20488536547 66138055752 75360232039 42348652525 59429117687 136921650047 28077127013 116673215666 78085062980 13283030465 54607677637 125805518491 2900384772 71281287119 97621989606 74307381222 71191982295 5800261312 18525102646 29256443764 83316070551 8164024576 90499326436 69276367939 125128833403 303566475 40588432047]
[17418334576 11118479373 110904474392 134631116223 96125661749 106410733248 121467199903 9180843946 134699970066 71879039586 19304798856 16453736239 135468312518 1558101654 1174998583 10117217754 47174955555 71119056633 7329703397 49989752992 82130379866 14769188700 50772470927 124977511828 28315835596 129166740709 30692869113 8086621249 114729456701 134435694433 79409307873 111240397622 109454325019 5905490805 22224126179 5280573530 7532167494 21281584373]
[51023629225 17255806872 75694832592 85561887274 5129475978 86254435228 50128522722 107649612900 2648218462 104940862572 27882227303 126701020108 128644284451 10705726696 88809831560 8897496477 7701903606 32317301159 80853784421 11742723036 30056564206 116378557928 28447723014 57313438416 48843456370 73134624966 85482619497 38864755976 55294770161 88786587480 92335570631 29977320564 60226628091 62525714583 132229919767 128431619660 101470926367 16507581972]
[101151279527 15725717375 108895819661 69230173206 114167269429 8008259771 14763279544 121780002701 123055647847 59736149888 8628027347 77275463897 60621278087 132302999902 56819815045 135317821002 36435054922 96003453899 64624061797 92939589086 67986387114 2922189010 131175968704 49228038817 17873681991 66709789766 5562210197 99553899353 135344460363 129703206098 119111829698 21304900729 122146274934 54148609430 103826096024 41306823158 36839396852 130898201602]
[44284351061 90774256394 44996283325 5963040488 14736590242 72426662977 116512268780 110191899342 95999922943 66835670542 30756526505 110775369139 34693307222 59010555184 121584735019 68276409025 56490371221 109605696164 53705875319 119466452389 90850365213 18784294521 63961419932 60448755588 66483174413 80426573892 118183169956 33667428858 111637866541 24961210346 833143271 130687916532 34103292163 134501338563 124082384281 53010223851 136966931877 121008375060]
[58402394444 78127849301 64341544483 9398285584 131152243896 650599155 102935436450 51642986559 62728492105 67797326827 20810011461 93272477705 15120526258 133390729886 126699034464 56396848973 13676655878 130477799947 63580315401 23861048322 75982391111 29359820834 61656029978 65295140935 18725901790 77786713950 14977519637 14233633146 60836165624 101561975096 128979709643 136686980584 31019773516 95088305594 120982634292 42182109008 21580098114 130318737898]
[135764206713 4583532128 91527860324 21264594838 133551064793 63843076628 26305981586 112513942777 58872893643 71603676522 31066080643 99880860025 66867042422 107605414995 59344654139 95343084999 5842121803 22616808515 33746404021 72169280316 54065756796 4923794722 121108266965 85344900252 57242354308 10310597777 29233487400 48404333791 104810510569 79953521050 58132986875 29822962802 19238977004 114006689489 128147112265 97798608334 112615789364 54511697968]
[4476045752 88690346924 54431144836 25994358399 115344359845 79070656460 130214335512 106869308129 4706241166 77478770162 127878314606 94814675611 55730565643 66493303109 76682915303 7555138602 32447103864 5635839793 82656900532 67547167854 91629092853 70632907340 110915083350 84032208088 103104404206 77787642335 21866449798 44138190408 117666405770 21613684716 31339309586 92796929527 90664816419 69794015426 132984942400 125053448683 56672723074 62723335354]
[65569359791 110290339492 25365314517 122704122108 25092617296 15564770428 68703892307 94222360542 113083205741 39528031608 24451502500 52139100802 98925319078 94664309030 82668254620 111708331238 101794609823 70490585640 43615109270 24917276366 133945460404 135600240750 58263322078 56839897406 117058794810 133436508282 48274538850 5196724433 85400934477 91521794056 6835987097 76019256413 66755780721 21688751147 73184751500 35427043835 55072318752 6741091670]
[129471851493 119316988775 77624191733 117317547860 32615421164 76240322666 12923723610 53967571222 769399325 114430670122 31232822660 94490848508 6146296694 26253300973 29292495886 59618603822 25173531260 102202104870 34052161486 50382638616 128194948297 109885043841 35970923782 60899596132 65114273078 124514074681 134375412173 53155802287 108232566966 134480574824 53497587563 98432843318 69432809224 17753197615 1832074292 129411385709 123115676111 56513603686]
[114100908344 103652327786 12469473365 118949044297 78958711583 83099153314 48502490494 52729793688 4764842333 94124122716 127471136595 70071540588 11900211466 136777744225 5812651923 77426809627 134941539914 37535878300 45458978487 130090340685 73815205909 51826102068 81126996453 135033436351 132270023834 33720299933 44822393477 8516809500 133724879358 100717906562 111816225985 89916614466 20465458928 30161839503 121773818885 23267428105 32713889667 989160395]
[56333916767 63427530519 58250634564 78559479438 57444645057 128285577743 7351289060 96313703000 3019136641 45716888832 20206610004 32780684741 37782439304 18537741257 135324770534 73612393790 54603713695 94146442964 36647824883 81443633328 86472468536 20797656939 102449396460 131837005173 93141527309 132239270725 108384756183 67547608383 110445499878 88059170880 87841422112 36127580402 57257200561 108664592780 121213122536 104774718807 28703807588 98140842565]
[105136696723 107259302953 53656167645 75233750365 60202240385 11660055058 63098702927 68378477617 75666150225 94636843636 136714473393 133083421270 115647715138 122501468496 12533670285 108279156465 80672501960 24660875140 112197374329 76525092047 51878944887 96428775852 22938942832 110652079441 41280296701 54358150158 105085552304 123380058757 65579659059 120140735793 109168879732 72427698731 60777441413 85025981723 53701324334 93876088929 64156600459 13701565941]
[48849421759 52860035944 2319621231 99971997979 88009411409 95277257710 51891582587 126736349340 99675743162 15031142781 27029558580 32209996748 67115213437 116052230647 23744557943 7582258351 37690452006 84542602646 49778700533 85200885605 58686046229 108516328074 126397804876 76146824945 9163390995 29841856158 86795880222 23874795306 116037938698 83940441143 27997933021 91734885539 119819315415 68548754090 77154017335 70983668196 41358717156 4600769639]
[63906999456 85759217162 64521098834 77070123976 120411195654 13978022763 271241813 29908852647 73408475759 50855104674 59800614393 52879869083 133883989792 24115131083 137128808324 50483965655 43177716363 37340584428 40315971643 113619152797 66310112879 132673771651 472772851 89264848653 59172771243 51832613582 23498717980 135218037084 68434226937 118558657533 130077654368 45764570112 96357074720 46991541411 63306244887 112308740286 94924375893 7096142926]
[117244194997 59734784163 39529417588 101846904176 48154505410 123784116737 120274311388 25649927181 117487795131 104989956284 9237695602 113689397539 8503083146 64086435153 134589004301 10191303023 49365422550 15815385621 116520760299 14334481858 23069006433 137322192724 62779753025 128838465774 104169174554 55188340000 126574286046 15648779061 13697033695 63730248285 4631913305 111580940847 97229924786 115416784217 120373531328 20526109149 1455754742 42378631303]
[47983680280 119818599922 19327029042 27702768298 45349924085 137073444364 70812396161 62659773277 131776604993 92623362095 64589135566 72570429962 100204063936 34511554788 89889257606 125386535813 74223356293 57739989143 34284258483 503734946 32459446401 132155274394 91550615709 112189318130 87060760351 9100241237 81730327262 90600306188 89933441060 107904841822 15077285979 14781847035 127109081614 26854311384 42876586864 79239948035 21864485988 40399636167]
]