============================================================
APM Result
============================================================
Matrix file       : kernel_40_0044.txt
Matrix size       : 41 x 41
Prime (mod p)     : 1099511627689
PM block size     : 2 (fixed)
Deviation level   : 5
Minor size tested : 7 x 7
------------------------------------------------------------
Matrix total time : 10081014.3252 ms  (10081.014325 s)
Minors tested     : 969571333458
Avg per minor     : 0.00001040 ms
------------------------------------------------------------
Zero Minors Found : 1
============================================================

Full matrix (41x41) mod 1099511627689:
                  0             1             2             3             4             5             6             7             8             9            10            11            12            13            14            15            16            17            18            19            20            21            22            23            24            25            26            27            28            29            30            31            32            33            34            35            36            37            38            39            40
      ------------- ------------- ------------- ------------- ------------- ------------- ------------- ------------- ------------- ------------- ------------- ------------- ------------- ------------- ------------- ------------- ------------- ------------- ------------- ------------- ------------- ------------- ------------- ------------- ------------- ------------- ------------- ------------- ------------- ------------- ------------- ------------- ------------- ------------- ------------- ------------- ------------- ------------- ------------- ------------- -------------
  0 |  162581634178  885651413874  254492731068  386561952978  408187243409  600892944621  891955827785  372421786865   80096874492  539284080503  697640346745  237702786844  481295560041 1020770500687  382385342937  663498059210  539833327519  866839211258  406537957010  523165072179   16168758026   53421152450  491836398840  782380806623  507868172052 1034806043003  507527651941  229340785874 1078126476881  979107619940  291043174468  756577758472  476216990902  114381574496  319981608213   57150925646 1071974001526  123870050576  728661935472  682003837762  831213557107
  1 |  732295972220  159480980898   82080023827 1084729748402  701800468043  430793929518  218993043012  776457770094  121029705390  822193856222  883398741074   89521291594  691457330506 1071311619499  353335071879  672792967269 1007380594635  319779844678  547353352922 1023343571829  660184395996   28887340756  535760005484  854431619981  494534190803 1080257838450 1089632942727  361019588627  869041264768  694334425783  383105171368  978059424014  723010526782  405436718408   78017057857  353123401903  984525158116  101291977505  742387163405  937265624314  871346318136
  2 |  547129864773   74277537099  740362295626 1068896549762  416896664801  960433202365   29654613133  673336294516  386596477895   73540007213  496991776292   55804630977 1059283171531  149313709840  346816108571  942791623037 1031150245991  153497904324  756113762376  945573823616  598097806116  802937897800  600629874568  908452820402  641666740657  737577394751  806171956877  275672143912 1053603835468   44796889988   99878817131  679615396908  363913118755  959535872266  649801522626  334205301173  690878412746   62828122076 1034784543800  959362434087  883958203572
  3 |  931062718382  618097539616  980797882833  511147157554   13826180530   43675444671 1094289533456 1067689985256 1035884555389  411512317863  165633475177  833193374055  999752891666  421129243288  634442538306 1061134657232  394410907649  424792055757  718343000775  692038647592  521242214787  399571096783  143724011423  211199377912  435385745358  244156400820   42917715132 1096529038404  507117115124  945626687312  853006699612  920589931881  822669780059  567465784107  528020658889  316590682908  554941471105  107763184925  685505828009  425191956984   74756619049
  4 |  643653442290  321086455935  107378168899  797220483544  678636771886  502098920815  117533319118  163889273613  425252140649    3229644831  328288867804   66761307106  839299075807  651483171273   96218125253  607799419082  202816031729  785293731372  628024075002   29926043394  210078391885 1067867776792  108903438660  623480455413 1025786719083  741016136945  910360323764  406481178280  827405218355  854388852512  821418186961  871192580620  202829517256  421339062596  845089150082 1051995520083  592062039675  700181947091  595366370126  955910385443  533436266931
  5 |  419176360092   58427074733  115999120219  451489889430  318255531933  356200375060  356443387776  942002269556  270829751549  882361797757  256941654634  246060568285  269215363346  704452153436 1097848246691 1077308383194 1086194725612  323713556735  381522144100  121089148819  227006024379  224133749620  847991439703  635739890441  898434463870  947788158118  116176289318  175516634200  811308969856  961199777977 1023368165167  776310508506  918651176872  233813940261  880220122320  234376761416 1030424074236  396015273292  836157586202  888290018908  307538413085
  6 |   77217992986  762776596163 1066831154331  159598609459  912158661105  480770262395  902212001215 1077734550816  769255402234  171876699973  286523030803   25577768838  914013726049   80815140288  878348187494  272436891565  867074552408  313860315533  145759112528 1090326345444  907922677368  971760480411  468589037188  755256572136 1043954585534  877665307412  475576922291  237985083006  925833808704  746668123038  589719928161  562926727949   77750350380  580264926162  799237067178  406165819413  223742828054  926592023588  891967607498  422662977228  597812154085
  7 | 1003645024290  344204173026  984478172907  599525763467  102156113127   76882049288  423414308445  244959284402  883066471326  446933358155  170163460348  771633090453  262662168238  806819839104  851445211637 1090617586205  747288411655 1031201874567   64894249435  619560714703  760603121343  594507794259  999823194203  261228828165  350884191388  749660445143  379506324304  600827506858  296721494944 1096094607649  561714778473   12518645603   61614368926  379606767329   35620563935   92352210691  483865960398   59502130538 1022673705555  209585718650  193164718667
  8 |  118560137878  991000396936  873159463043  396259286806 1018729461335   63052435336  660548157879  645688508215  274737269924  387484775675  171010186799  531055542444  502658742685 1041056998336  187100068711   84852268728  847531940786  522442557071  155141407380  754032371610  749751496547  727269206702  456183093689  157031715518  330629468449  824103114953  742643498541  547503412278  339638694473  154002578050  560626308497  396277257080  471347588913  788955379338  209060193372  491544836363   45335792331  410419272959  674265891256  641065678821  147269148445
  9 |  485762776358  999302658755  379598906054  940092197933  969184936590  622131873858  817222340876 1023304709820  837991470671 1001760403104  938942776828 1018050934133  788036538503  471943702516  148463044370  342132270132  881107391456  811680229623  803306323110  759254156715  536360798768  616687315028  386599908045  294371318778 1068011625779   12152766308  384701845385  291706675144  554713359728  122625365202  717758338430  591206773480   27619082447   80198911252  863958296591  213986542397 1089037301859  730685418752  225152965137  411079510314  674593922531
 10 |  996660893775  344204251084 1009189277699  825680101438  917949241852  160579133982  453226892898  187139557129   78319136410  306127773007  359513428993    3934590036 1091940218303  151141148897  665094232693  689099181190  357447989514  270905059826  432567791595  287174889011  586276640800  308410831553  146638661847  615724939403  441905974158  160881299915  570953049299  449790483240  117187796111  758584378581  787535217190   59824272087  225362837443  679327905770  918912847266   18490779361  185333089097  125355311837 1061887480399  109493875489  751383039833
 11 |  431258121037  586458976902  433119521238  773400463610  201286498816  226243665338  867656477556   59668982673  556721408770  427610839141  497764217398 1083933621307  760771360447  681202071646 1016228201262   90586968013   53270371619   85476971798  134079302786   54527838100  307365759979 1040472214567  124735134194  230257274603  245217784582 1018046360384  897752082064  204351556802  584172188423  236305898293  252469233799  796177240647  885940367010  448497736408  770331441125  709233406059  701808453101  366323711677  233813649053 1088202974744  804493180337
 12 | 1053618970949  255393746327  318425300585    7875542244  359971065369  471579104379  962316380901  109847637622  393515345293  154019270946  384399799668  113602549818  850056088815  898240377019  634210814783  127960045194   62286503731  132123509888  859012501239  596339312024  639190981831  506718339553   82988888273  647517721211  153836007991 1091899533645 1001566048378   18902075443   47068211648  887266110152  875302800620  408495517681  888601118735  517040852854  478814260036  161509258603  679250016842  483710755347  460029227831  889996886841  788713844519
 13 |  443028604187  656485371616  646931554353 1001398624102  397936958590  832858224899  665029472962  622721834473  472302207095  229231915902  173620232177   73426905943  676513483162  278408500041  393459862525  406715695036 1017290153624 1092068800411 1095051047832  764463897491  161911467574  272684743967  609590043938  199599244445  152722323611  102045050629  984217510731  614824818874  553971903534  607687146274  420796924366  541006776088  534184199235  679459852637  237722729316  639096720318  830939257724  437808663949  376374497974  469062625879  414404200293
 14 |  331851016932   44998540748  715498033607   53306764972  744303808111   56789973413  659344820543  889325334567 1066253904106  405904842283   34633836606  417283139776  779607685859  387551236665  125791248959  747767160913  906343460947  532472102469  357780585565 1089255908066  302615953972  589581410067  146011145169  360076151339  888252741659  888568636230  962886821415 1073078607820  741701785961  376762549182  202851660610 1062152542572    3490232445   73506027335  175669840941  246695066605  392811052802  240950659821  204403143448  447409310103  974491442309
 15 |  323371459462  335958382755  410860040178  853757028284  887042227624  997456052878  127276702498  178211802773  963336382308  618518272964  809458096327  734763066174  662029317516  294703355795  951199197664 1096803016895  550327062048 1051780796616  683913620888  667953511261   92436786745  262593950406  856480025431  970572777911  429390807544   85612885170 1096534376520  592081740483   85289373895  520866436326   91666736867  388601824110  272931716764  484093094669  456378231599  474570582719 1088750080209  272895456449  997962328301  739503777976  762052685315
 16 |  598077901930  933943710919  320245311811  385078775657 1041153034279  907064176033  644276419482  531395719257  120083159529  993613979352  749370426445  855898029283  396590351703  763791382026 1042188615057 1007736493014  985894022301   45793994474  228596822635 1018106350192  372047020343  129833079743  980590937435  975838790107  388877887124   42203573068 1013985042775  995967489478  633011680104  627923846244  148712152401  670817422655  871203014444  201092725650  354605291222  161774978852  618120420195  437689458891   51579926320 1041254916320 1036720196583
 17 |  440366558310  669483128938 1081280456186  626731061178  855037887955  475920091526  620196446571  703532656950  726078130359  747446557597  442795679916  959675060304  613727260682  496351331219  274713348576  249234209150  166172826891  663690081362  767967172432  523108712156  563246850982  690346806837  476461706992  958451828557  582980408752  236744762589  151271521266  173481945721  979333357804  259609401661  844933812878   83578924927  502737525802  564496000156  360448938575 1026703835591  565215632091 1096203630500  994606476655  985607007362  274757131713
 18 |  775188963870   64056814363  359175031708  363213409192  409941452908  878616166331  802433672824  199102818650  278645412652  900625960054  722899070206 1092510466924 1060152743013  597795898159  130576551625  275785992484  816476201447  125025917289  229603556146  370696075131  173516514536 1007386769418  627545993396  739875323457  740099773976  387863338193  387987528801  934179346235  159355901024 1018342207780 1066692879213  772900135046  893598440806  684768362615  156700693442  723966426942  141922373119  788250191378 1091134124550  887852022308  352384533759
 19 |   80323130470  567178446054  319496354789  863316908768  897285926448  377899191185  102612400402  591910175140  174610423620  115486858604  837105351213 1039690122455  991480445089  927629480080  650500834825  952302988741  543328554178  964132080621  393945725381  614299570412  528878156299  791231052715  922024171114  942797518489  795384733371  316444829389  498871627291  137104337414 1006725948134  270537557347  770779988931  320979050457  174097992433   44021802464  477654539105  604483896042  212359038824  828180377230 1019126604629  629665775347  119667339192
 20 |  681006910742  200344069915  928724758754 1001155135234  698043276946  848277155910   60272166698  497517548638  113781345233   41286957500  690173800149  442627476813  840999733075  394135339672  516669710121  616472068134  530532652462  606831083834 1071583601888    8250859842 1007913160943  613960211361    3179674154  197909726646  544778230923  334844452551  331642072293  414180658098  163995045471   97858095786 1076069395499  797991021702  564578823393 1086212235057  341407831156  836057601107  494146700495  261070048362  877123006327  511210502251  277873314572
 21 |  338907509681  294414215252  121242144063  370402945749 1040805276595  631577101210  483010362739  380898647681 1042069867736  911338726370  198478342200  148003733978 1031786051732  609519505655  375521561909  758068983844   60156104389  167581267663  391146706630  998672786539 1093751152025  992012819381  122623811092 1067028703186  801190266656  618823602862  305925189033  235395750053  643092757515  106868944520  253744709775  522907204323 1045728597709  748546999693 1094773507908  529741042612    8611411884  986835869091  887459442502  453710150047  741217118873
 22 | 1036220966535  355929886764  291640292913  208859101002  496237303823  294158324992  634086047610  453872043518  294429527764  284833402551  708495188240  822001519834  378403801809  120012326713  801324533378  740194498143  659120071888  734529542144  269465374699   36596671071  638969797179  395714690564  137026486401  823940805556  230348458720  399582018600  473981535088  497366037328  449061875713  968431648628  846583661763  320046737955  420709776196  131278232046  959342006726   26324641132   23690732650  974507646080  373046114236  958427098284  813438517874
 23 |  411378372669   57436970721  999782109247  975645759295  804755908010  111695932231  105842633795  480832287250  742388710547  356912237682  223196913758  459011703537  264570664099  714846031410   45595079438  355283396487  412435482993  707891678958   99068960367  481898715669  934598677987  226792047576  232782143194  976607298544   56632485170  493714140990  530976709813  602901925614  563919492693  520260052472  186264610300  660868134156  302978844574 1034243747600  605391776157  864432328694   29663234619  890522989779  761370450460  770328584183  686441919230
 24 |  532054018469  287912783581  972670673471  653674791578  865741202094  967610688743  400254438331   47275025038  356783383426   48532507790   66424970211   42818176783  917445178260  407323237304  235346138348  900606597200  999532288478  779182232555 1016003094738 1008713646024  766619687148  236652196745  811166920184  781056072572  507002268708  716551677281 1062949214713  667791483881  951914159381   30943130576 1030041634841   19724719854  313887618571  636951046784  680217222705  755909263778  338882938913  436111355520  174433252018 1084761645953  242004841628
 25 |  983309667788  450765719338  483846180116  760661203760  151388939244  468046592849  416593542346  621895205815  136466507216  670916770390  100412062951  692810604113  534384215671  967636729623  322325475554  206401338282 1058657506556  412146419092  797583035588  672876379584  924647689916  717812692038  542820907133  532930511264 1080832871989  736279485159  462097064340  332118669126  152699832288  870773389892  666466293872 1088775477607 1045485207371   71787383833  260213398426  177308089376  569275859054  312745820072  966493031913  606721896168  699208485618
 26 |  635070192994 1012816290173  900959618744  203901766783  302953036413  932922174150  624443606962  321718716596   29942118653  448051192704  881510155399   87292792511  647112662990  952006237909  712456042781   11369240024  191943644105   23268891054  225496716345  736531032912 1046058064388 1064227282870  732848387061  656695788905  888491647904  600341365444  400792598017  457382011127   35356579225  738480787346  437557094828 1069228492768  916334191000  175634896000    9358907470  719393010441  655346723277  587635895784  587573402456   51534052181 1011873784940
 27 |  835089561003  726778370869  467862948380  917218404855  972371741948  528882839700  476256530455  624643166664  579336105652  146408264129  932569013139  975191823561  664051462895 1074474742047  769586462303 1061141140294  913163521830  545657867009  715776736247  435368881547  828147328182  366759910608  872201237347  641395154472  560741418162  262641423204  593636543898  861992236145  904209839513  545180765436  533181882418 1050371573390  997132843091 1045852296819  822648985581  698090313756  724404937173 1026007812525   42887615134   13619263457   64802009414
 28 |  438837647750  323967535635  478753960399  367002654894  443604957774  851535705759 1052227551827   73609214264  602808086849 1018568660197  820585036599  895555082944  483165003897  285752432291   73051786744  480326261402  179423733967  311990364671  607886944194  417001715750  442659120771  762189597814  790281431403  229813474003  967994651408  416499483156  341559568420  159376854093  486320243397  439377482845  884258068723  814831731232  784909952610  877716908754  266477993838  940534302015  363061075604  434762566153  800387626804   19880446005 1027300154725
 29 |  971116605922   32273444570  126315847644  249725866718  404742161792  560134258918 1040006599765  744921473011  313541738601  832482523585  894915856703  931204611163  649154269769  366520677966  233976842597  632366898412  536462776633  362600885365  302225823824  610681888127  500501139595  419459164830  640562907133  695305380787   31424998237  462702396665  152677253500  273640137517  640292786133  823725910715 1080051746078  737680297417   73607940948  255977498650  748834653031 1044613104498   74407733171  895519730909  974032737756  815685424649   20288188605
 30 |  549139934268  321045817480  355635039416  882687167344  936458426105  458171690565  762582716993  456208085875  209631119221  464959340404  871778947357  847649609214  807234889749  541310705542  224367479113  368836423935   78063686809  484758517518  248319361063  665518098167  213164665417  183654263493    9858724399  137230528646  214561745836  831341484390 1029095256470   68771580903  166903341061  190484938471  558815883567  272701788245  315799796808  293103208001  430600180338  886326162726  417093628591  818227213962  576063571410   31436016435  392209450030
 31 |  432555859491 1034423040490   46846046115 1019681995748  718238333173 1029475648995  647936974864  808408369620  603143285954  204770373419  304019069165  854288696536   87072500571  876242673979  255075139394  504945135804  154265559358  885567979590 1060359854118  483889326203  941003610008  220116837261  524314482031  328168186813  891373612031  302784496217 1026275756050  453332241336  181491074112  232808584148  454071250458  198307326660  588082480357  816029539990  793850546767   87507147949  261369441028   99168696466  299650985396  670330954524 1042152116985
 32 |  699722519425  558294817591  258643222347  610489906290  335314929466  701843680542  182484055812  779101589587  961997065769  258373214100 1030962395467  908421796136  144919109923  390598367674  736149706044   20247422402  963972526830  174229372920  379350226567  473662294176   87508881463  504260584722  821776513954  670355925951  889810789355  624973602766  537693251112  114974843615  930601301689    8886313978  208751921488  495084426480   26804350640  568694036289  385625515008  277400134389 1080674803578  471912451647  850955341878  425813266307  100092551309
 33 |  437580253988  367200570520   79007430342  637531392319 1041357507851  726686460440  841433410700  303273527320  874304476500  738931296271  372486474020   79106498748  253908057849   15018335599  367917453610  187272380035  520544642725  759933681079  326697845150   46142223517   39903070659  139109634440  253516987561   37258907428  874703481189  965984375491  246644917496  834919759383 1077455018260  678667925990  939714140453  743366154645  598381405055   12172693886  320371098169  264498190314  580071677824 1058739365359  546738880407  592783114451  359371215559
 34 |  119130200625  923699649157  284598731060   87541315557  768695965691  375815593684  481898305820  873232712930  301192592826  916991791335  384946014777  306748651684  166357183011  315872483713  875090634191  298676524399 1037373601174  138114438452   32449701250  346322783677  471654373525  361422857608  243479029948  113997586428  317396522240   61231996760  540590244743  914963655873  272041389142 1077300453343  595483186393  485063842081  333913161270  344642447172   69105156509  951668518782  576711877905  260023130947  100282615323   85024447550  825324775031
 35 |  723893826879  800960345964  659678577096 1038669965809 1088825042435  565828771964  130339480230  448272505067  506132420438  185872985073   40506491388  812668239307   70269920148  542436348769  511215391849  777397657201  334179079761  551944605986  188470437204  393321658871  913801650001   84411510500  692789021896    2309148887  227741207915  427281069088  971567400206  774153611244  563685309584  683818613412  642790087635  924008035816  386526012419  666750102431  836449103270  163154409790  524045222738  752184282475 1080911416287  668585585969  626577402198
 36 | 1085605012950  459109975545  613502272082  293280136711  752617567018  737832079427  599884011732 1006974746611  739653263828   56561546670  579559439884 1076715733732  490673307552  560525253751  670802658300  362869574242 1057019962873  678090789721  199044238155  850471131687  253954424908  766590311874  503812730885  206776248641  122553581934  534474641724  807616724339  629338138433  131206859610  280666473171  907566483988  656167597147  275241922611  965770088365  484857849658  165705035870  100960845215  984950656846  321188136451  599055700836  345647229691
 37 | 1027128699725  747501702547  271323229937  961860548865  267480695846  231932989796  877660195587  765026156421   69555801610  371570152206  905735149346  637703354607  504604428225 1065200947589  163701899200  367290970450  967183245596 1017031536386  581937332114  260150621071  679067171734  643725014775 1012872365329 1018613719567  553507770497  174394890984  202942993216  631532293725  112686244327  779109321049  167990572842  360922101803  430294498735  638990321368   68823917624  538222188984   11528867422 1055157990561  373998511778  259395876499  340085993692
 38 |  683540588625  649495615153  776052799558 1022471888653  198321339831  900317594032  642029068850  188828424234  529729005132  372762992654  720226447983  518495406495  222185294931  392502221870  900689868954  734026095545  507382537392 1047622475698  684618997888  187951092254 1069647639862  100238085515  563884544265  765171563339  744814217021  439674226626  557266621612  233608339467 1086478794983  409780391389  877241526923  396522556738  115769165011  811351055962  992477187071  535544018018  886157237898  444873842722  650864829424  403455459743  213866709377
 39 | 1020317026112  877069239948  520452936732  703301671795  869858765219  476925348151   51440886799  468663071008  927234672611  546980175992  976486316320  247436426948  301085584604  898699222942   33229060486  137904856027  732671350008   76095222679  742329161216  142489043952  853727252289  990126832628  359122141674  266625399335  943559537014  456321011257  549813810089  334652890297 1077923061771  140980441108  772638286076  164151318771 1067417629006  486894430495  568799024320  513043721414   49833158155  684975704383  156257883140 1081771038213  321767399483
 40 |  611127190909  932354148374  613093730058 1026224131758 1020664452432  135577318911  989883395410  712663040573  549567716758  597125078725  696742482948  224198055934  678209638752  785819392827  341997746238  425413629299  731246984179  468892097868  284453749132  764966699009  628555637241  233610850265  757466805257  891869872458  955864265270  611705577532  429238491915  389837855445  582979216659   76946654327  361147972261  382058407601  965061416206  949361158594  918056365304  326768182436  101958596550  578560563328  589770638106   60161631507  447006335855

--- Zero Minor #1 ---
  Minor size (k)   : 7
  Deviation        : 5
  Principal block s: 2  (indices {2, 3})
  Row indices [7]  : 0 2 3 4 10 17 24
  Col indices [7]  : 2 3 16 22 32 36 38
  Time found       : 10080993.3572 ms
  Minors tested    : 969571333458

  Principal 2x2 block (s=2, rows/cols {2,3}):
    [  740362295626  1068896549762 ]
    [  980797882833   511147157554 ]

  Extracted 7x7 submatrix  (det mod p = 0):
                    2*             3*            16             22             32             36             38 
        -------------- -------------- -------------- -------------- -------------- -------------- --------------
    0  |  254492731068   386561952978   539833327519   491836398840   476216990902  1071974001526   728661935472 
    2* |[ 740362295626][1068896549762] 1031150245991   600629874568   363913118755   690878412746  1034784543800 
    3* |[ 980797882833][ 511147157554]  394410907649   143724011423   822669780059   554941471105   685505828009 
    4  |  107378168899   797220483544   202816031729   108903438660   202829517256   592062039675   595366370126 
   10  | 1009189277699   825680101438   357447989514   146638661847   225362837443   185333089097  1061887480399 
   17  | 1081280456186   626731061178   166172826891   476461706992   502737525802   565215632091   994606476655 
   24  |  972670673471   653674791578   999532288478   811166920184   313887618571   338882938913   174433252018 

