============================================================
APM Result
============================================================
Matrix file       : kernel_40_0070.txt
Matrix size       : 41 x 41
Prime (mod p)     : 1099511627689
PM block size     : 2 (fixed)
Deviation level   : 5
Minor size tested : 7 x 7
------------------------------------------------------------
Matrix total time : 5475334.9780 ms  (5475.334978 s)
Minors tested     : 529593379497
Avg per minor     : 0.00001034 ms
------------------------------------------------------------
Zero Minors Found : 1
============================================================

Full matrix (41x41) mod 1099511627689:
                  0             1             2             3             4             5             6             7             8             9            10            11            12            13            14            15            16            17            18            19            20            21            22            23            24            25            26            27            28            29            30            31            32            33            34            35            36            37            38            39            40
      ------------- ------------- ------------- ------------- ------------- ------------- ------------- ------------- ------------- ------------- ------------- ------------- ------------- ------------- ------------- ------------- ------------- ------------- ------------- ------------- ------------- ------------- ------------- ------------- ------------- ------------- ------------- ------------- ------------- ------------- ------------- ------------- ------------- ------------- ------------- ------------- ------------- ------------- ------------- ------------- -------------
  0 |  634361819379   10104809366  510092597724  270368169035  900806753822  457896398441   50798561094  502634400178  974374637296  682132783587  946821066314  170764954285  160762635342  156025001410  361708581130  427937613463  350348099010  279370638701  656778332520  436089316805  141955216512   96913867755  419787610051  560141545447  611534233879    5462822979  209983807300  491627215796  254672929116  861929393574  612563942208    6925951627  785990535720  467529932561  990395914698  995399843425  268606427135  523904403973  154214753413   63475064679  315442424883
  1 |  365902870830  275836824824  279741855473 1051266218939  229618756369  773284859780  744540261794   23891961473  921031774227  131091557877  608338092777  643894104571  943068312185  228549030916  461159049482 1086603216977 1051233758772  237552643775  851496322201  707584823134  792199644670  571103248849  218218767695  562682880128  638470780672  910924079343  862242089817  278875094506  399255223396 1072036320009  185310616061  886372397497  392208908755  639286519810 1002095650782  809925266196  320072406391  642874889699  111893192500  376628809853  353478142846
  2 |  832252848984  956479815536  555397107083 1034887201511  571687620332  314429298662  988369288146 1057910388296  293264254660  665576147212  314095450030  401521448409  789779902290  141175856317  352289169397  787361931806  637772126210  717189277462 1076557373842  385700693115   29506654414  859014969034  932090859887  279908346980  943240178405  348332703701  383505697186  906481187689  934057522917  134555920859  290536493871  262242769521  407901226351  548132172811  681580411395  422940159455  558532675021  814451173181 1030033993500  230843929565   51122839136
  3 |  230311697589  678859858456  464448544422  627158303687  474607371632  155378298852  708115320782  691037392055  270162442463  656959497735  355250603126  242832911677  639147021202  894271208312  107467960891  845366400197  624543595612  407848212247  779807026719  302370874452  903569138741   19217139487 1034725862944  978401895118  781293438293  376943685597  548440502200  518796804529  352901964254  524280103375  265849005362  511554641510  444860487478   75578103239  965917249180  347184002014  950552450677  182848339426 1087829323956  687748546032  786902490354
  4 |  801087456240   39474621691  428697311283  523728628103  116816363604  422931075428  630224279221  611990718180  833506670938  703339111332  797141527983  859037527936  704386318533  494916568452  988279733334   59123956133  633407412369  971964348544  840849566419 1088522155219  665881628158  828612342701  190900197329  968688259758  413068630347  746510514120  269170417017  655764308853  793617752208  730610869825  450621277766  918123189922  679706402920  325465396350  159116188467  561584777704  687047985658  860714672220  596215480750  205499918368  792712054904
  5 |  795547674228  819145691589   73033526634   77916520914  750915696753  957070986505  433362100843  428155006244  677136560556 1073575815639  483525233894  158535255802  410861028104  549122111572  736488869873  256100393821 1082957574747  388236027127  537420384102  916906154759   83100344373  333125977200  927679414961  381978046498  864817602176  235280169946 1041993414641  613449924728  293049117396   25661850798  259830454151 1056987116358  993056343883  688521458844   34357875175  253781047532  570518740576  670610338342   15826278154  869145100471   35088820867
  6 | 1026096869928  422241985278  980897184715  444717070968  441350714713  325234088572  951025987951  520119786963 1072464089537  569753950045  944329439164  566569090952    3351514135  196304293441  577186287116  677586319725  167797909781   67825648021  709692123584  817206796607  693473439429   97674755098  140441600775 1008923782166  343056499046 1086520846806  163096883974  909800739957  831090190975  472367751983  621322484410  294534585543  488182300391  925370171574  473758679250  491885017454  629945384867  937354880385  825600957668  909196993859  439417234865
  7 |  223875280031   28958135324  675347752376  666261906438    5215216096  769613286664  718215314212 1074221116090  918098002854 1025390236667  984712670080  952254023067  768367027675  980209130190 1060813733412  742752403919  530775268179 1093515929633  397335009704  441762404723  391427350436  806758455973  964614319512  332437279025  981931205280  904388458179  480138895830  110854010215  585404381144  880227086167 1012222607160  138558547041  339660977512  753237629817  341727653087  378688284329  899737521933  238424876480  228683866841  539036283125  647740923086
  8 |  353214433268  248530249245  477244673943   52505639841  471141067474 1078579451567  717302091291 1017497045912  193914886711  585638946528  752866024902  195795171655 1054247091096    1572393113  177771811371  186617131703   87639600691  119745226450  224064453849  203186731474  260432163119  214680200261  862583229822 1073170750820  629275070393   79688594823  994111830988  255856476058 1072262578607  596557028486  817242261794 1012917206067   17545382097  735416539469  276480522369  799169194818  668849580229 1081214953038  365099956215  771350108705  632062140703
  9 |  841734878996  294326950672  585463566223  467009010471  730368113800  746399068667  129121278037  444855406875 1052438169675  641614147747  604814445312  250652496621  360245890755   38217182562 1032425655746  779726020923  593208350638  604586528791  685859425606  176650215036  926333741497  408304110745  799446985454  420394043263  957668975057  485231359740  881714968774  296846521972  847823174491 1038278097328  521580059124 1080103364096    3350588005  893411574968  786454174476  237759062341  392181253505  344034919570  580230941726  440960843018  756958782333
 10 |  373500502308  908633801829  497909682401     844614971  361789438693  635612615170  729679365113  664509610672  716312110233  462994042871  815452561672   12519823452  940107354077  599393498912  916572278682  751488278963  808282508276  311342164064 1089964927901  390625935249  659352075266  997970768705  859664784633  703157388595  565513862356  329488687854  516901506494  454052219422  121653245655   18693262547  818416499576  578568203713  948900575087  458593830902  679046931087  851518273837  297279004863  510110162251  417189777732  826347407758  599883960463
 11 |  682165187584  586928941074  737063206797  784288429931  802454069960  654428180629  766005842847   40680447684  750781579331 1031647473185     463418916  864819193301  275667098632  145084345065  447311071728    4009964059 1036031208822  999175839489  236475011498  271867841953   88099291108  918981939245  639313876211  391554146483  774440961205  282306549851  903297114351  545182384889  712000101394  290971322932 1059006178302  110695862648  754275365683  439033829071   35807451784  451539823173  322610351021   86083512406   75127359330  677441923046 1014944470034
 12 |  532273883041  189129195141  434640203798  222452218585  321493631908   88889601939  833706978402  796652034021  594293253089  440453377705 1060090487738   33615936986  447909327096  896182249622  275573582008  908102103844   36696058303  295065588300  873386538114  594239450568  959582488659 1027217884834  907871027931  541362328620  638788406623  475619006653  608144047928  333532408728  842495468571  127242215450  230291142130  905391229616  593839871498  799379521283  362067646000   23763939514  916742635053  266019849218  919456711186  259481962763 1075495367399
 13 |  502149606668  997218254039  563741688538  771922833914  896363419083  495031075581  140267251214 1047153227007  527484419227  503405818059  655825270292 1092957989534  239994719004   24432154423 1048455796963  251196991632  438836410244  276089950270  898682477193  446633770822  199892344031  604867125099 1039638180035  143234492517  613030511813  371290836520  101947691767  230239290505  219927327853  146808875514  205928582068 1080366711722  984461023204  179798647032  707110381028 1063283198241  875547225602  353222801327  596908281088  280914080983 1023184216350
 14 |  992333817253  726582264877  515999936956  882279344343   23257857785  134127613508  965970406924  940955242369  914069520691  486475837595  333258536047  581129533521  880139239969  271391752447  902766710826  594575373554  446787497506  291473242499  358085989014  649864365976  818778115461  499138685262  904877870065  695649730536  941097647300  937976046728  399220027123  948426599960  177915038002   70974137549  507424452576   95890535889  199718806798  146551554975  734864945328  770501779292  265464036089  561870737538  540498623978  104197627881  447723913705
 15 |  570726022948  754245987602  941526050416  463701887481  495866401656  888879251359  417904635665 1064285152806  304266064373  432443882719  664251410203  790955566563  875103759332  285549045224  372840723583  767960127305  475289007412 1059405673026  722716395772  197379196304  480631593188  373678591731  986485202319  733984017850  556536137388 1057294435654  513748101684  967936567369  559110700972  856943768128  926664952435  253171695720  792486238179  318377204146  935022463521  648361568126  318216909270   79420048116  467534409745 1031123872604  619524002071
 16 |  441491876469 1005776588689 1035030633433 1050540519617  442189196660 1015602306820  535472669955  558024213563  416578784048  391105883758  355595563902  495449990241  269260593845  858898568819  360196783573  846162725935  740878513839   13954485331  189781987060  349698343402  668819041760  322694199854  959103234349  255717853415  298077704895  279274125824 1065228263650  139198007924  344251029318 1091581419714  560172488622   72181273671   22859961067  434020918358  649571221459  467154067530   58538543649  944010074959  362144120603  708171025421  903290036693
 17 |  536107489485  338431434476  146513161193  603562392551  320439214711  719462245361  371190625825  456879793003  302161887211  108135883814  988700747593  340173501142  452898425767  290048806165  539493627848  269507057196  216820363581  983402779283    7587098026  180207043140  156362632199  171196650550  657583540670  620973153432  217799519223  478472467692  171088904611  894369247943 1001388803806  826406728772   23527987454  933565090769  328211860574  437688844118  396592916914 1081674156551  802071430472  219253626764  462022706322  401254620915  365016361010
 18 |  586184426787  564589287413  227060841255 1042129534828  480781768306  143230505471  876491006485  619225379025 1030344745658  939711640850  728352443654  825744214678  510857847018  711487193119  517437837558  426057981553  552124755787  688767648200  974922153340  182467846773  278137642497  483503448978   55095942331  361653928425  553335441991  952211852075  809359280736   67993743190  155931246425  458987899785  277984695255  157044316039  453713726438  620861591955  271437687089  979255630655  114175597910  352580426199  797821559375  413501171919  966747127551
 19 |  594113855350  933950459431  930968148080  483627095049  278440350822  197337101147 1041663342337  396119275330  475179295680  777886928676  602282824596  130726770211  684439303274  187568629875  534776466449  324872120455  428562262427  605125227903  819705015116 1024011142003   29938813891  998722823857  569507861372  293452388088  292936496435  607211485063  932159214264 1060178864503  450148881635  108544948276  957523741216   88792247190 1003133389610 1051181144460  746137867860  235484644995   87308870128  440426198437  281349896331  235162392247  875785789790
 20 |  991945041824  531345907365  755942655568  649784750621  569866836270 1034624053551  251927298797  897464712209  156020828291  182273535432  838648867195  957461693893  627133099809  864340896130   25394627718 1020646075454  403161644167  407977342862  124611784189  600378647931  260417098228  502600671520  409286500986 1044117114622  448611653183  171135618622  938399696742  758256857367  173280838377  330490416330  969949398749  551189100338  933136199734  741871588166  351512155275  217605348777  787392519613    9177567830 1096906634553 1011069190704  597683733887
 21 |  693890340192  788752025681  148398245336  748409952738  876895119962  337524870301  248200229444  224858414134  776887299387  698583696459  672167908365  402061317703  589544190191  260850763444 1003207044062   87332950188 1088331900045  363929961883  291307752057  315662386684  711150507331  575909956524  357554191444   67038721168 1057171139172  939553760140  271854002394  673459648052  498823827135  712444707154  679609967634  591666827882  634272695638  714617069749  763794469415  202491454497  416656598297 1062566724066  188459529296  387438430768  425439272301
 22 | 1093049947943  744667006595  117450361446  476371847732  801506061072  700595934346 1003771717012  414407582035  323710246726  231198350537    5916460298  129942014218  772645821474  685092876026  429154024536  861497136603  974441264560  145117928596  703540910362  874686317416  294880003484  357713638639  378542528168   40910818826  513113238807  215219621596  190539498260  520525853145  622625229356  230281484598  473052181693  539107466065   95736683858  642817105412  675362305585  700569098014  406209394944  606235862103  771026345717 1085691398253   19429529645
 23 |  652056435096  274540669196  530422412209  961697887420  810802003311  881358468122  819769972249  550439570944  949286772720  254508041613  449445067534  517741111373 1024812766470  652939855186 1035603576766  897803198373  593341652926  316139132193  119075532028  544572890863 1033861717511  659634047132  128968296589   79734358076  545216089138  788597568133  483791871786  356961989104  237570047074  472836479852  963513517907  818654972956  969912758728  320774172326  366422481168   62359736934  217588311113  110454895997  312793091407  365334501418  738726216554
 24 | 1034983322505  414877347712  317327898281  801472980135  383792006837  340586883427  967183517799  753391121778  859131068453  191041919837  200437578175  559698800622  226252820484  874594867140  652753994576  861381461918  346945359346  572169042228  654286527828  882757380322  640259257691  946325741219  674412028074  584284400856   42652047547  516341568167  693331338135  326851460126  225133055602   13274902867 1077846792664  788432380663   67405071122  897841759742  794476339485  554257959303  338808650007  851534317488  501267773684  254898355120   79089565459
 25 |  237023346364  682658742996  947282982405  664010465911  514098908692  776153415321 1052802116835  141262534191  708831903629  428915435299  164350066385  212560222350 1036578795306  218030909168  233018008853  429606159152  529951054162   94246306312  984026688583  542068365082  630217806934  625478091627  508826119437  163751093751  662923104537  621048405546  341741429916 1018322494241  860618914765  995153056641  524669223834   44549291899  738417988863  318421958383  592609946812  614338143057  399995367566  984191732003  837254068831  833619731103  875029541223
 26 |  352497155814  311890923489  689165682752  925148518462 1010181987734  607729660458  380366369409  473166615714  388060268028  803399802081  440234704636  228764845069  551294945372  314561995437   58510808851  452189885965  306681697779  844796376335  304007003138  671295542536  403479503072  778447532338  395401866628  821925494429  794967181642  523926807092 1057082647988  815746419932  387546449965 1031249885611   32951435792  357191726224  509843990162  652550357219 1008004509081   42558210255  520027164344  999287980420  527480708624  854431803661  416352149250
 27 |  300794154738  598839643663  774114426763  124933016806   27016464150  132070324728  708790653771  836462568335  905373997799  657335443838  904407595596   25032849447  775547747796  787908197210  972306103498  587616493375  574408831006   31422121450  600773504443 1016418016323   76092056469  460719008679  423568928180  232912085418  107185423416  583050694229  945847765236  800750520970  562574767193  532328316381  453547610998  940784652963  793809175385  720943220182  330032222578  868014664131  887764826338   13809969485  332627795241  553958823162  419468947599
 28 |  408513766164  356336357684  297907829396  883247064527  244831183382 1050010499036  641031401699 1062451955372  501600367046  606294271408  461210642652   95999457885  354439749683  670043927683  469869390042  233361128753  599670502093  643330366427  121643459949   83037136603  625078954025  192235267907  908239731555  559412422595  988520217109  769126990598  916949064735  453337760349  885678735918  131849647780  385029860988 1076848106549  874423240511   95200279247  165745173150  527160812732  772514925398  580202685035  210592035397  570514496385  887793481266
 29 |   45613773775  147184396169  325882127088  486087977540  147153983196  206035716413  752152921660  710246988319  121961239620  385784262841  454145858073 1040485944918  872869686575  551325360048  399087628010  220328843165  357058612101  265865731264  518150799397  941003088425  636027020871  945481534912  401135511321  164460135638  607007496639  258554337377   77379411008  722468609994   49655940655  468553045265  813132846071  411839422420  798503771821 1046714926855  979634142138   48229494810  749628210481  314610717752  736728750868  955483041326  751226050627
 30 |  782545947300  842373833503  926227338059   32072476310  194390043560   80515739511 1076801206334  458820054688  625203924863  389678663908  819702350270  949993087704  837760426469  441966729087  316668244532  122761006171  173980667334  750606134493  624129136120  556697025385 1022817707902 1076875061867  465456589440  548426808086  765227556858  855767455339  866326981308  216489912390  143122227196  781502171031  816835783649  261621098763  352807242782  555748515426  524825509813  230244665987  420876066530  888144978291  539370043432  769258175313  451060238445
 31 |  119039077321  921152863661  827768214324    3637333179  476194565620   38188646209  659724387868   52659156458  117456943672  870914493696   55990734781  782954862324  979929089523  785670392643  741411866394  454527577660   47733180163  562683825569 1043565682699  355586638563  104761793163  788371579916  706697774602  320450085523  984395760957  625771353978  831371816872  811155490121  153668916876  972983430872  336915254667  924585040548  547908033589  368720143169  186567143326  177120630786  992780626411  508280196387  123902166065  115091017876  459871618883
 32 |  366765370815 1012513904889  209589021000  464846967656  500798088271  730135331433    1806858719 1023572334264  784364534711  781082473465   48311865558 1033595503953  360806253945   41476437429  108551524535  611729750190   45946742682  843452604646  411261663335  479108236890  895134111092 1028979166348  556037330431  788675115818  827647756204   53894283406 1060097736153 1051235210604  145741621916  509626407250  166885373399  192966834922  101503704969 1069134785059  747239214497  520546122035   93631099816  421834059859  207331739947    9166464814  213645578550
 33 |  938057646334  540397415480  405207004163   83693912978   84095844586  185847261550  548998871754  859322385172  851007657072 1015606301114  654897661949  930365938243  509360274286  829824313355  177801603110  272319860643  746363192842  968802058309  354780120602  375789342421  969828250760  117962635654  978532671350  835756945901  816539835764  920506668233  406824710985  614851517068  547240664015  841188316013  750691844048  751727471239  215539781270  969726106312  540410026357  378477185274  471611045083  171483545912  329893534539 1048636923550  999167687620
 34 |  742960795542  772945242857   45795041155 1045902482592 1052048888039  125503671291  552520163526   91154186027  469159811395  758961381756   66683342385  985418990090  658101648425  814969976032  237249415081  160285743350  191144386023  342517164047  245051176075  895493046235  323447027745  489572717725  293716487422  577134330163  124540558866   91697389194  483144317604   16184118874  720621422169  535759934193  776604195320  329379049424  933569353925  456974799481  350040784688 1046092433024  680259427968  433954943462  636629033144 1099200748632  131821919285
 35 |  753557761614  923412289885  239261909907  879446105094  648466736612  137957140108  709705520866  976005342749  717349144631  596636863665  353915578538  359785399434  849789736198  233311523722  998347367585  631183638958  224092607851  762663302262  543634747692  871620565388  797780260795  140237962775  957820108392  852364988644 1095400744115  344240957197  250424716376  885123339931  715873133167  980372213046  503993411898  511646028779  468018157542  331183211446  638894617833  166979109053  205373786170   78293435026  669996143920  170829813255  420237176334
 36 |  438377185359  672784370494  872012941906 1004905497718  845068848674  318957680680  603613472588  480785463819  827815493988  638818433395  832192734377  184251974060  354154656958   52791969554  294624589189 1050120195857 1058456832164  199547486379  290052198962  305577363368  603115874645   80487103195  341228353888  352508217050  782724439460  499015438930  117372561895  596261232855  516259787884  722761869471  757414194137  728153367876   63514491423  394469961539  223218395317 1049518333729  300610488669  242695234594  673045531099   10009775168  529692869206
 37 |  171951572729   80663894237  316081860957  502095753527   18794478425   23981579761   43329280691  812384326083  142150623339  379525423119  675365057024  323085686337  320754004659  117954911783 1080623455527  162065132451  733187437797  213807056614  124203329497  676291515691  539165977801  765236186951   10162789276  984299864559  664821302272  607908050409  459888742037 1045059069931 1002249289535  226642156818  582578310819  952339110336 1004902938324  882514331420  392467033786  485869884311  317061952455  854380145496  211321013893  152665771643 1073043091655
 38 |  185035654165  763305901519  107987846143  910900884118  569100353597  241926569127  852919652241  314950251159  207812099795  411095298239 1081779078826  333223569170  410286396732  210951272940 1090941201839  846633529802  433164044821  609155120501 1009704521411  427144142129  517331174874  176419492339  755306457329   10673013458  190080152918 1022214457266  918605618732  621953193687  918913276870  949144388725  488566747794  226341328955  222739003830   40711750072  223460114583  779430337500  748105629873  731827381209  882702352763  313097120576  116622234122
 39 |  328284891166  331434298556  284879269110  383969308153  805691126952  116528791651  344962134734  286223028889  695222613604  850856911568  350638736170  243664131359 1068606713148  891982914127  232253356195  422511833096  303323691178  674163706155  182602540950   95290157504  319288244651  558910010891  602443212024  726892189831  306826369326  468272744391  617794271067  497945494510  526851579368  383777983094  106215734542  464455789046  246999898622  724593951057  409568530219  228415014788  627103595620  478542512225  662076261057   54218557162  582343318646
 40 |   67825630422   38454901468  860043424434  146849650856   80685770687  471825820217  910553611077  910886166482  446214993448  578559982256  443870955431   70055418842  673321341111  336785217478  750984501003  493116801757  202369196454  931378770351  254718442940  181243271399  778099758641  442659159491  780239832405  582029266532  379332201909   72861134209  960461910493  285098176376  422032014494 1043635697363 1089150718996  846779005559  269305945832  421453704666  396607660759  212476726983  565809777439 1011287226527  180877458193  646103749392  150223589521

--- Zero Minor #1 ---
  Minor size (k)   : 7
  Deviation        : 5
  Principal block s: 1  (indices {1, 2})
  Row indices [7]  : 1 2 15 20 25 30 37
  Col indices [7]  : 1 2 8 10 11 14 25
  Time found       : 5475303.2180 ms
  Minors tested    : 529593379497

  Principal 2x2 block (s=1, rows/cols {1,2}):
    [  275836824824   279741855473 ]
    [  956479815536   555397107083 ]

  Extracted 7x7 submatrix  (det mod p = 0):
                    1*             2*             8             10             11             14             25 
        -------------- -------------- -------------- -------------- -------------- -------------- --------------
    1* |[ 275836824824][ 279741855473]  921031774227   608338092777   643894104571   461159049482   910924079343 
    2* |[ 956479815536][ 555397107083]  293264254660   314095450030   401521448409   352289169397   348332703701 
   15  |  754245987602   941526050416   304266064373   664251410203   790955566563   372840723583  1057294435654 
   20  |  531345907365   755942655568   156020828291   838648867195   957461693893    25394627718   171135618622 
   25  |  682658742996   947282982405   708831903629   164350066385   212560222350   233018008853   621048405546 
   30  |  842373833503   926227338059   625203924863   819702350270   949993087704   316668244532   855767455339 
   37  |   80663894237   316081860957   142150623339   675365057024   323085686337  1080623455527   607908050409 

