============================================================
APM Result
============================================================
Matrix file       : kernel_40_0081.txt
Matrix size       : 41 x 41
Prime (mod p)     : 1099511627689
PM block size     : 2 (fixed)
Deviation level   : 5
Minor size tested : 7 x 7
------------------------------------------------------------
Matrix total time : 57243116.4312 ms  (57243.116431 s)
Minors tested     : 5537409735312
Avg per minor     : 0.00001034 ms
------------------------------------------------------------
Zero Minors Found : 1
============================================================

Full matrix (41x41) mod 1099511627689:
                  0             1             2             3             4             5             6             7             8             9            10            11            12            13            14            15            16            17            18            19            20            21            22            23            24            25            26            27            28            29            30            31            32            33            34            35            36            37            38            39            40
      ------------- ------------- ------------- ------------- ------------- ------------- ------------- ------------- ------------- ------------- ------------- ------------- ------------- ------------- ------------- ------------- ------------- ------------- ------------- ------------- ------------- ------------- ------------- ------------- ------------- ------------- ------------- ------------- ------------- ------------- ------------- ------------- ------------- ------------- ------------- ------------- ------------- ------------- ------------- ------------- -------------
  0 |  497128534181  529836959445  624676866545  186969355147  465896266574  597075274902  379170979349   96452427020  557927344643  118068352999  187085724920  955388264683  633258365482  234011354960  810103257201  748186112348 1015037906812  492933580191  912054205571  213850662794  315342785184  646962557214  327379706701  822612001842  886226460411   58868528643  628458360717  728906930256  446604980762  344774212507  229946108257  280095588164   34135063686  948853670510  288352000711  999386781955  407321760544  225489242385  502450122458   97444798517 1021398451983
  1 |  159615545633  524977143293  407257758145  174255439712  894394339122  962252873706  199108076458  161663213464  628839591738  821589204896  342174328620  290828412266  270226189471  913308594818  770229007568  737145745647  749456122997  377766976821  916182180291  169763827201  819550750859  281282027578     642372088  712409822050 1037639132112  456546128061  495673569893 1011603344266  180501501685  543325376898  820644369720  287558173473  120020808003  847964032477  595303642511  978045779032   21916454639  316241581307    8346320071  108498079290  537375104521
  2 |   25072028805  326785726847   91631016870  689279476121  571279447335  566852513085 1068632167333  273463609821  407369100878  627305461253  851775180261 1059821682564  439044669694   30210991062  151747637401 1075466572166  652670465486  801604968480 1092203080277  349902834918  464500367497  275884334866  492226679785 1056440162054  764615660315  577142776858   78683609439  598843663142  962290498816  710200278348  783412249041 1056520379267  856663209201  180718836830  281493528871  896281351917  489628466964  716615703278  828839589153  497483119095 1081187910214
  3 |  697932205058  386468998322   67353921587  762649204449   24697396017  108165433085  271169724821  617276214413  145210026020  771992068551  346076798096  513683295223  392433617696  589320065710    7015254881  399631075815  580889171469  905765832896  612463874600  465535424911  316056498265  311723245372  780281375595 1074040370808  253051686365  941432067115  469785810966  351064549060  690918576932  993439595469  925237510022  346278580600  756869505321  925265383953  798198740193  362804317833 1020443261523  106279981684  990942207553   48832391030  453058482729
  4 |  741530474895  532406859123  741148932601  510067822323 1069257163201  206918966546  981505776113  132619058650  592158656051  946525906600  448904461352  782277988574  166236171710  223974383442  341444177623  335762522555  438951198608  614610454841 1001881673664  630020406001  288533128672    5660787322 1079289029138  999690815170  412142304567  408552516537  307820799151  886500740932  503983982391   80125346775  930725581349  878310800546  111876490112  891671557279  286006181476 1051569069137  138099190141 1076279700742  666112636060  818342325271  765989352432
  5 |  936518211337  304360631935  523137899426  462819131247  581281565032  360380082140  539716570573 1025745011365    7939290003   89003487917  196586856531  918828713281  643171140161   95890242475   28166383167   90656712504  883045553860  356957362822  405987716310  797083084041  240600789168  486061840238  860655070171  207302288995  294166205682  970451944528  168171207663  684462953571  300277691461  664009312815 1047375420723  533724442686  833599128307  559534936372  746884853830   14172807837  574210967955  358501242494  164298913008  128912346746   67876742836
  6 | 1017259381966 1015406250596  391469452086  871710846049  362068191478  116465420001  920340177098  816008083946   75065361634  976524177465  990368890803  678085719709  986305054947  241149736064   30582159528  985739458665  530917696186  434691968358  579644555167  838120842139  613819353137  639593474931  361076352028 1077684573767  641622972011  490122351532  227955529786  897782031740  105734821882  816701048255  804953601216   54202800081  505558322068 1009204771592  987846666930  118756164947  870339896780  260434775657  562781886762  752022252730  915365428060
  7 |  583945288838  939714398443   27937352522  900424306227 1007477081668 1022669937220  223897485498  706352487777  105532398906  523597790831 1026336628097  299947028313  652425489244  927633296424  795478203364 1074108789449  818333171885  697296616778  573923145827  774621790062  277198199374  739801801191  290585153947   24016846830  727139241502 1096170927984  878955503718  437302834057  977783994969  388746105480 1089759958661  227017057278 1076426625928  392719364461  659862095239 1037311130735  316964738828  649106184397  414958893207  205745638413  377986811667
  8 |  871452340249  409217704506 1065285874889  570724036652   69922751341  365075705868  104938473318  315671313060  521154186533  318058602724  212817684463  367794290754  547427430977  813816651574  702969115453  391640727382  812201691828  760822566624 1062624304024  365089264092  658596526797    4565419191  817427725796  802303512689 1084451387948  804483906622  683502449745  711135483623  640613399835  463734562145  952427265677   75626508830  474289861315  262995049696  852872050893  978433804660 1081370034707  746728893783  930482933535  410120775103  230971917120
  9 | 1089900699369  297029135840  611372845279   47937710685  387269667306  892705513048  558499602614  603632994449  422351470990   47604270276  794122858875 1058708266954  191396862163   32277541596  858573423911 1050391376044  640314626420  562804412479  601179938034  456213535226  835264707341  821007554807  934749571496  764119800079 1006519411244  148232141970  769128442929  518718139540  223188101461  878090926601  274004940881  487007538042  808430232859  595356412395 1009860299886  132961091891  993603882009  271355758545  849997982009  862375783802  802064600586
 10 |  141350043945 1060967835869  144845649669  729208081954  542452460022  321427135600  480887920925   17882967779  493671685877  127131574957 1079898435703   98250506344  650057302770  883847756424  524778235024  809149312316  259857202050  307784708684  540083381998 1016947743355  979330198931  262368195594 1009814067169  312781142667  853879016973  998097192489  124966277198  702901763049  806927526528   26917210997  793464266955  732704674994  743626283933  585920048416  193720462523  955871266900  634077927016  471996028529  974414056636  833602935515  850501520466
 11 |   49880893655  281920872195  299570720534   64952768997  502253304726   83132570225  918177246323  943689688781  268773432756  116702692241  634360756374  534477258601  925819700187  584683380059  313873878557  703507571843  797783320916  493943493454 1094359145899  702699481869  394190151173 1038533405597  185391770179  172533124906  404851231817  971995790476  166655895674  409466805888  935496354799  822742119236  960464075049  811229393878  510141576986  398275187770  391572988121  740893330155  527196666243  140884144584  168648977823  425154056129   92033147994
 12 |  697413062538  143395176092  142529314029  559015508832  106250570919  998949344247  138863671732  764735268318  280195178925   60626186425  995293366873  827918221048 1010386615892 1072826403289  471020304280  186519226775  647793406123  993475835739   22919961761   33516076205  176700927357  715574880267 1017232287149  269078633992  987353576310  926561914890  581624643957  696774967316  985215242598  494364939153  149129155853   86344561162  798842513371  231495150855  197980936384  117919546216  613959627618 1090464110448  887612259187  208875527851 1027170000704
 13 |  119505489873   32891281585  472428306334  690553416142  707934654764  584207235788  125561077863  843496521791  153005265091  507601950912  850800886628  846792050425  818008181506 1022847300738  664601202337  510964043032  653123267045  466496868574  793326197604 1053443948775  125555842115  202815251416  918508045524  266963572540  383414154567  153406810112  817882293796  492435407468  590218549753  411878343451  176339009062  287257875858  756427985400  507876965055  527284670252  378450586638  382983013528  805129859325  151524024425   48812501550  265064013497
 14 |  768700823851 1050903726779  187800574362  236214180822  685447347223  217125731189  657790812308  688574205693  688864290080  271398299515  647738814662  267003385771   10812894642 1089648189451  576775356920  393465655174   13673213016  790552403536    4390563308  286442759924  377276665450  665328367907  733682099265  714512675500  447255959348  702090641817  968727401076  548562851579   96586075923  646010059766  740417226948  937313619536 1017016855009  477225830388  908763528935  227921792004 1032528987020   66555375919  658102205263  865567247698  843833655997
 15 |  646511990912  212440652611   25700393050  326246810542   38427342668  703026899377   64708981334  196130218425  366281261244 1056134748889  556401675730  924951245604  161811144134  135960673182  315820183558    6529040714   39858297979  997460574152  986518614876  703829724140  538931786077   63291933116   17236878553  291524109529  620607990592  192176336598  386178072577  100234567896  839067794436  350526089444  376318973802 1024248920624  422355456152  935128271918   95098162532  693670476765  201019945500  853994846948  752071590022  456280699160  463039798801
 16 |  931256622000  384137035871  969554693099  683339353156  901083828695  158431656879  195554785705  998221537054  956573619880   30906372595  868253092161  665031884673  303957175757  494098276920  283202234364  885973158576  551303927130  591311802140  667076226934  699283068338  989271828323  893318523379  696667761506  323526826102  988176767976  989520590766 1032262787442  363396361789  439019422281   33142357338  560171375812  567201520518  295455686404  946210480000  856645147536  686277564672  643203341212 1090631242270 1072928698369  372701037797  177218699050
 17 |  175297251425  678488216433  805755258740  794843221399   28690625762  302919971225  214395864477  197479996127  898009739975  582488086866  965263921163  862197495498  789489973554  153466157651  108395289731  265193771478  223906961907  405985450184   86603275331   63599337710 1020963757809  568296341718  190010610553 1071202922356  624315463974  301175163796 1047841496387 1068850713511  834610063418   57368906229  143438702004  823410537870  644263789050  464306238777  421426667908  337077995933  227020810236  388714162798  284950210636  167092529868  394439773769
 18 |  499786674710  119005693832 1011329664773   46432349326   23955930111  967749999607  413919200100 1076695854051  263223779703 1093098603669  255376193012  438357125797  644148409858  317946628296  188918938218  667840094289  895182240310  895914274039  142339174497  663937544297  271297852551  213566563532  733048239860   31300128068  181353046948  545257241773  190744014477  261299640304  352305510109  860308763501  217922158018  617856886635  695064008684 1024255868451  976823889846  441999741952  706423998387 1089604699837  237569329900  777315343357  738751641194
 19 | 1066268295939  542596526439  428927195499  281637465855  798519648469    9623405562  683729276664   48131088826 1018390104333  682275606358  212049520871  665014140099  723987859169  683506044336  292631547446  809922725304  371617291161 1085648086471  768881072923  319065101659  863019752706  159862520066  873894313544  430825106520  129045463294  234735011476  924987262861  332205292273  598410840610  203009955115  331065395812  921220946188   80887281503  633849629060  308568907646   34082109913  524587515869  256568247753  905541842586  806219847079  352777186663
 20 |  452174503635 1014279858764  718753773145  708011851530  881267966103  390154503173  585776367746  234206068309  207792072631  286284050786  261011085378  665153998103  248393918813 1035484515808  455160143579   68240704639  371190767253  387470819061 1083373260993   66412345046  975662988220  866263378175 1022058971498  319344374855  593575977994  827882187043  611744261459 1052061600413  379251215228  452992691825  969989185058  728176083161  230326491922  854947793788  708666451955  883452740122  816360206125  486930235211  149831836251 1095018147907  131911943258
 21 |  785636425645 1092946069305  276419238317  982976821719  936341680093   98388182266  997861809988  329272168314  382242962643  376024721471   23390354997  301730008174  294441661711  475163946320  947170842579  592489138359  921085865526  921739177443  327227297128  956501786446  299708536051  879304132145  484963782706  662339310444  563803724236  103598339442  432623141210    2722463519  218102441167  754600265323  889973564307  376733062844  407131392931  523850324168   14749553349  207333626126 1059378558167  285344020175  906300911151  826941774048  870753573220
 22 |   43475197266  570507280803  811184922137  351552477279  424161072388  800404683514 1023696591881  394444889376  829752975063  354122256374  279956119931  178333318074  789223665007  509114736454  327021191618  387920375872   25285969637  535697491949  503309450136 1072183534701  972844974055  448123181439  900170104807  227854256261  376577320026  307195386554  453039362411  272570930754  667561015100  984102141801  698546203139  482122664660  272640767287  832344519580  937596718113  304121946123  527899803619  310450562931  249465920956  708966816785  625815415104
 23 |  359169754527  665709100984  623159372986  755736089471 1020737205225  472772375749 1033726877108 1051575654144  684930796181  496176514082  298449914469  905674264743  976037641673  760850566292  962420675398 1064016064009  988628156011  714308167423  554150658498  781273085401   59328951156   13958863356  155377643558  636861603859  842229924503  608614596779  782926224351  941618238572 1085406501666  204504324112  564243543099  476958343129  687924742269 1031884531343  432991248319  347317651013 1035598905582  901812614916  573828732837  476221257993  478867103624
 24 |  913059858496  970515524713  234130578310  896860825792  265874824144    9069699841  763524707224  195785536368  337483896662  178102061562   21783444096  237160041566  409853529987  135966919175 1080754637979  868745483657  719196709308 1072594171115  188956481993  178860528181  680547142564  308423085647  232610439214  902071971560  969536950450  626156613231 1006360840135  564910917100 1030410389351  294093656679  434928452088  720109342555 1088342814623  509957776925  231816608402 1017089463493  460784428375  777323832417  220600289190  829783221158 1066334805460
 25 |   65526451951   41957187727  187386774951   60924884490 1081750770232  230670889906  886876548330 1009305192599  624679587691  815537678567  888894376237  496987982223 1086013048662  679491595631  976659764432  896376257277   69913231040  447243544269  331003529164  778785487990  440602403911   76025692213  505693813062  752254389651 1002053007986  902031933392 1060628227149  974189289100  260886346765 1080675680100  974716106931  223385061190  407610751011  880383434133  523376012770  975690435359   72776649837  195786971445  789337279280   10744512975  481881759102
 26 |  455913736349  893282609306  369722198887  518966501851  405488531881  142413811249  927121318106  202805793986  668384505897  945402624482   21193486478  715154987148  730590341075  642143743296  498113701078  522329716664  345719016831  912181342916  210974445302   51451445773  853315503772  346999573132  659693550291  524799522428  879698050112  159904625415  823974063562  133469967468  921187320088  945135465146  796038787529   77093649961  702797204538  792667485444 1038783401892 1044857412587  842033587217   68009777050  650867114107  123748086299  790081133086
 27 |  790283337037  656836299527  101414387572  406745722004  234224754426  639286287235  436546762600  318767208135  627471286244 1075953763209  889996603623  579322695481  187417707757  595061522544  262122357001  902016937799  161791653225 1083227596613  533554987475  511288132467  793196401194  149790648019  836739032071   21897317556  290688279552 1098983987829  499277943867  998604368532  394753110508  943211064810  939701874248  891986300866 1068990715900  831299576250  651281973819  972925588079  148583507508   79685445184  234220854298  330338006131  717084209178
 28 |  532680594616   75998061651   13356193320    6561017397  381132025325  333078182720  588525158840  729342313590  583405030765  841191370763 1033121855441  696600366482  914993052327  283066155382  761695300829  294865766283  539933660376  850720232506  974137270207  699530439555  327671645844 1017902900072  547701020506   11507536685 1012300252853  579400548120  443865469390  729882283442  316013469908  919658511713  827651949596  129008283705  288586236226  475592402064  613561317011  263330926822  628187568900  786023408595  728124284158  431358577929  991669762626
 29 |  689031678084  678732592082  209730131594  898988989220  805544280258  455773002324  967637028534  708091157709  226319955902  706725861232  695147571824  250002378656  298516834676   44104612434   89350229914  101614204024 1054886917684  155467158293   73354078667  303587643701  165115178778  357595038069  196973723501  597361829121  409653747788  546161609040  985572266688   38373124282  295716544723  293126018734  687056961397  366676908746  136242190920 1072439537840  539285967233  194427715826  817328103990  583554198415  914649506122  998882529760  622366613885
 30 |  732517766609  535475555029  862396900137  153122351762  441764232263  408815503129  503062558468  882736235953  338410443953    9662734241  349668701943  736530976512   68921289249  725528041649 1082873261217  747608234538  846672106612   71471048625  828040997828  494635468220 1037502034827  666889164478  270821820842  398628232113  826733595897  819527883670   79012193553  870654041466  486898896147  771828034312 1059663588643  944639278491 1003752852684  144609473954 1067643471960  763739353266   97290938110  791667261873   48194316890  808900929339   85153821744
 31 |  820626832705  402089667639  942257592421  948149261860 1038059278928  507529666075  889441994786  150818651484  158287702895  880105398465  696303795051  786442976313  731693264694  557477026776  688194703231  471071086992  354125216300  521499917741   39041330127   22320842856 1016151535701   98923895690  696233879919  107645064366  811440766987  305577088753  500333282344  626784717712  346896170582  105874811742  462297187878  703681966641  238842104568  865860428200  188528128354  813450063938  219276727917  138942428216  532444420003  468304845679  910851881297
 32 |    9657766609  604576887714  693968387439 1058853508101  389510960678  582770474774   86349235980  806353646961  407767299609  522896700306  853626178575  718333315596  704551083335  125382607759   64754818771  709752699213  637866169868  937264278840  236724790280  915824340507 1008119949070  283822164512  248815142427  638067561878     164593007  537021832838  869741874222  409792507047  383625520451  889939149937  128664980728 1084429328756   41555919465  241704779038  935229974984  773198215949 1034954499294  715632542066  711485161102  202853656090  842469821093
 33 |  199985174064  270887461874 1089161604720  876938657874  271833198520 1032317755464   76890665981  587760622271  189384021273  958566430901  899039760571  117987879553  368814049714  544251115341   49336427866  240948883376  476661415447  111276060961  602061043888 1042697781044  278232051610 1060610536299  164232013130  456288420961  829376258616 1077903406454   65696982416  231797075734 1030433430216  758170180808  334061438305  983702469743  570405566866  566865703562  540227602101  632838971992  803814828090 1054711206538   14147423660 1011061332372  760310478304
 34 |  125313629461  193917196768  944132901695  830907604607  424359171949  241727369592  110232265579  559318441415  215758607228  618297544729  566195346169  414299376877 1029020194343  469974007174  378876765986  127698535796  291053180882  419970059198  801011263250  165663072801  865140169215  207692156287   67407738264  391679910085  943446235487  200206216858  380026548369   97264611588  788122131095  959195248976 1045544774850   31079881776  987025740827 1009305135869   29741765081 1060295519367  140513901581  600172861350  601328442944  674987824763  643612696325
 35 |  122080380551  834761449548  921727898413  480155961394  312682552156  495523287196  459227030325  646183268476  880524088738  989774200848  472825319576  633970104552  299533839626  958643201245 1095146816183 1076168022305  755255005652  717507526297  209199667730   92934015129  353364501014  602570904527  478126785140  377765640531  681976348617  583594486806   39363605074  779395163363  194717481568  475923147982   99862893174   98509236849  397543512513  191151917150  355831550231  651686371321  261264826523  688635478025  994613189552  500587306761  313354871348
 36 |   69350742204  447575534146  459723212693  207754714805  218755640800   86117777958  359788922892  329891068222  292177337671  339795503109  878532738020  784099555565 1057279782534 1086027592680  242361104570  307432784113   63507186455 1063086580925  349192450261  231414231211  682869245583 1061448414210  564381291307  446972712575  597134014880  391294274972  732095089490   20640008720  193099230068  305296520975   90211530004  918300063833  723838876507  999519355802  375772581351  572210596627  633774545127  425984956424   47837315021  183206847554  254459609296
 37 |  652365174473  219026192550  359602156753  583462100311 1099200316134   13475961511  119203468372  701531987917  969523859214  196206500622  762100988328  455584693158  509770552321  112844089305  620131547109   25541456126  317364722794  381848673810  953692683389  467282422922  954001736580  879813226076  239639021793  610470725715  627759418644  556072708929  922695639542  816260347652   81750860017  860118352622   84492962033  676999382620  854336559499  591435360346  465175984578   79378736092 1080865375516  143016767181  525673524998  428468594269  556326959526
 38 |  864035375475  550033159705  745655064284  367724882191  804489605366  159741346952 1046765211566  558744324423  126172424801  876557286578  297777943750  610156053338  296884993774  754801156816  913933698357  732219154559  502765433585  151558104801  983881322379  642997463962  709714340646  497571491503  809937958799   51392879675  251644684593   51720531015  769656850333  716082279226  921906006877 1029287437046  288025282576   82785309511  302784068676  936299147603   87761209261  505636460010  772595681841    3697801649   37520420642  491305912885  763141445273
 39 |  862626506776   40963751274  859054866819  753892119966  574237189067  384512256869  115399919970 1041381343128  199719308363  122883974335  636750275681  174739085857 1098316524411  290965906726   82327112052  147433180637  251456078471   52054240536  717568635496  539829251537  958203585323  618643959349  291179188573  138308000981  729120105749  666675953303   43520019655  333843408924  447536624760  498387265310  170925830411  681768374972  318013070613   83766179140  169867168098  281151167499  945579906247  844157333968  900339609341  114754537356  133895345715
 40 |  364146108598  893780072047  581064638582  500867875517  484455707572  943874826686  446185263311  730342307229  704289493068  834014888406  557542892266  959365096364  417937376055  328333094219  930309466577  235440099600   70635191618  192456084502  293046531820  184496749751  592461342290  864064745299  458088175293  810947444313   65838019150  502861688923  147273324041  212924858723 1000686568766  113407500500  992136073551  621135060025  492951795123  680857178328 1076618961907 1025093135359  433660649983 1072959071979  751748245148  309995513840  140724868217

--- Zero Minor #1 ---
  Minor size (k)   : 7
  Deviation        : 5
  Principal block s: 16  (indices {16, 17})
  Row indices [7]  : 7 9 16 17 21 34 35
  Col indices [7]  : 7 16 17 26 30 35 39
  Time found       : 57243070.9502 ms
  Minors tested    : 5537409735312

  Principal 2x2 block (s=16, rows/cols {16,17}):
    [  551303927130   591311802140 ]
    [  223906961907   405985450184 ]

  Extracted 7x7 submatrix  (det mod p = 0):
                    7             16*            17*            26             30             35             39 
        -------------- -------------- -------------- -------------- -------------- -------------- --------------
    7  |  706352487777   818333171885   697296616778   878955503718  1089759958661  1037311130735   205745638413 
    9  |  603632994449   640314626420   562804412479   769128442929   274004940881   132961091891   862375783802 
   16* |  998221537054 [ 551303927130][ 591311802140] 1032262787442   560171375812   686277564672   372701037797 
   17* |  197479996127 [ 223906961907][ 405985450184] 1047841496387   143438702004   337077995933   167092529868 
   21  |  329272168314   921085865526   921739177443   432623141210   889973564307   207333626126   826941774048 
   34  |  559318441415   291053180882   419970059198   380026548369  1045544774850  1060295519367   674987824763 
   35  |  646183268476   755255005652   717507526297    39363605074    99862893174   651686371321   500587306761 

