============================================================
APM Result
============================================================
Matrix file       : kernel_40_0077.txt
Matrix size       : 41 x 41
Prime (mod p)     : 1099511627689
PM block size     : 2 (fixed)
Deviation level   : 5
Minor size tested : 7 x 7
------------------------------------------------------------
Matrix total time : 864773.0190 ms  (864.773019 s)
Minors tested     : 84898824192
Avg per minor     : 0.00001019 ms
------------------------------------------------------------
Zero Minors Found : 1
============================================================

Full matrix (41x41) mod 1099511627689:
                  0             1             2             3             4             5             6             7             8             9            10            11            12            13            14            15            16            17            18            19            20            21            22            23            24            25            26            27            28            29            30            31            32            33            34            35            36            37            38            39            40
      ------------- ------------- ------------- ------------- ------------- ------------- ------------- ------------- ------------- ------------- ------------- ------------- ------------- ------------- ------------- ------------- ------------- ------------- ------------- ------------- ------------- ------------- ------------- ------------- ------------- ------------- ------------- ------------- ------------- ------------- ------------- ------------- ------------- ------------- ------------- ------------- ------------- ------------- ------------- ------------- -------------
  0 |  219562961467  336551639880  331092873867  380975129842  210328764863  182498579406  336987019512  441191405604   46556753284  806262302253 1064123597008  780381634086  325898562081  312242490200 1070028191943  921750635866   64781212314  454721783860  578510977280 1050210828305  636561589750 1083171656034  480759949878  833753173337   19989175482  435885057157  956648681178 1004547104733  641184025568  150642133734  261901183438  982652080884   32137789116  372130394710 1052247780053  806761223433  445001050143   49483210410 1040161360625 1092592891097  419564166683
  1 |  597278281588  220681570257   67618914100  985459921031  650571268476  684198593731  487809934057  293518403242  725321101671  286240396546  777923613954  692358635379  755170523085  825467718323   83556887401  340359473649  851122613613 1012270986047   36746437867  948098128858  468026111598  976942317432  106680831773  204241538818  321805547362   57231463394  783274040691  622093032490 1040708666496  390267023456  627429165890  197447072011  386800948439 1067896438742  939791762261  304132491557   62997891694  131830853397  509554877968  617218911700   80037642742
  2 |  649702550063  317049718354  947425364971  636250347744   89092928647  934633647104  126671267483  665112259162  632492047873  968535512606   63643454347  594660167419 1062381799304  840620868412  611026206112  568557236221  343678656632  131024458885  192460375861  826111198485   78931071075  933892996906  201774305172  177646276051   41118285857   31735909601  108167664634  350175752579  991009190440 1071599897525 1029387621257  612966051567  322975187930    8347679606  719443584035  534267920106  837976482303  110770893591  854449838606  537712795920   25910772845
  3 |  983606429773  253775476782  306166929365  424203316251  181862748429  444029867301   24673983573  987854070611 1095921815769  326270223627  951483230658   40516100568  965029201996  892503160276  534665145887  572772882605  755196302459  270321496286  979812940912  946467700385  384594243499 1066818031144  365248491960  594925992839  996677498012  442090766087  899169663710  314733954221  974570881700  318504583646  406927999007  288903972884  213471512439  322310108355  170916892807  816571420966  516919018056  480107406232  681404808124  187080551275  959965979085
  4 |  301785935126  931732715901  297188907841  671497050967  149828654807  855000617938  396072397610  188840452922  669833784199  861090199360  331689664236  572745795309  580659768688  914027073583  962061071280  920427652598  299668244954   49433131469  453261561887 1071979928092  959153821261  969109600612  752566626379  451538675992  723614295603  585292121717  198207710278  216733363373    1622308875  610916031064 1048845703122   70998266987  966134286882  842609416219  696714825067  570028249785  869191329203  355459302038 1094183206063   54774668826  630852068056
  5 |  495553534752  433291565076  468684110619  293098096178  449317370549  149570265103  431336794620   22110675775  220518236455  623834089916  415651951349  715627426277  554463771084  432972430851    2015765845 1047516394184  358393625455 1049420794630  399943297365 1075674189054    2529335823  550000635568  842354596785  519304305450  125158115441  511478947126 1054991638162  473030021852  334522695334  797309069653  148317531824 1076871834848 1040374872711  651700520984  419440044126  564334880262 1063701763470  477445220759  773073309129 1034964968855  175123612061
  6 |  328212778281  120940328959  397696439572  710660599968  918863603528  447365214081  949124375134  336290093262  721646346642 1010414618463  845680738328  135851843866  826043004720 1094417470636  276862974846  612793074722  552760267556  610875754437  303416160141  363258075497  704247933502  662469596636  820164004082  804064126190  199899335789 1030199063010   46624022960   37975736760  228675203422  739079666432  620928530482  197294325216  947239764367  652029940685   10928992959  437326824551  708400624090  381754004898  712852602947   57846881403   80081129461
  7 |  251469691133  308477911716  393720184073   61517448616  768045144655  459202750627  636695838791 1015388204541  284807913778  926503096285  822176323196  179371281412  827643193683  747257403995  560762536981  835838605984  320248587331  185196222480 1001761564754  182939216698  386748196334  239644120337  891331050818   35126624071  174646995718  161170820887  583621338977  786675278010  539146556760  762645083215 1053883887390  486496475660  644391833075  297181276243  298016133431  602445891065   60167287843  573204270129 1090225905110 1003003843220  875685756265
  8 |  247107431819  746517520485  240339319622  848712563323  256004844966  333382537698   13035077188  512956931651  537299116241    4089891976  830570907152  472604952399  560212788256  784100877902 1001976523657  582286023695  644564327253   23339956927  471156095633  508036062814  854474335168  430562379450  414052780093  220561577672  633590575877  404091791478  178135836322  493900066479  656109798048  487005380815  981765954357  466392442430  135944963343  252662366460  818114420206  311392871225  592347090902  815274521897  185238021225  211078934820  475367582943
  9 |  885602751010  413707538778  313519005104   59095576138  886296015094  880733134002 1004525278988  228785346954  855014822815  380813514985  658554389416  919989199263  593987849946  145879550902  407994822145  642175519948   11225900737  504985160954  673358793219  630919011654  491825968287  382666644637 1072653423227  120378999998  759199601691  348334463256   89155291815  415084585010  319253338448  892248661371  684145533988  933672076890  391242246327  720734001863  853430222168  934175121281  220975469559  162969107369 1068588472517  652004737708  457137822873
 10 |  392955277629  819396225574  471500398292  351674967190  269945451364  779000095584   44346161912  947912109659  723558544315  303421676187 1050873461324  369257487799  498527698212  283627816786  851095557568  839804671719  918177048422  362325567630  116603691634  166475820775 1077636239994  210761831394  794444490820   50299063238  449629166170  101816895028  971935743110  300860811734  674409671331  975864643125  600410876488   52157366667  287231682757  618290526727   69024252093  405085686023  977500362763  882160065524  184739222284  730519173184 1039243309614
 11 |  499756716446   89015842223  699454152406   98511020557  721563681225  698157873626  962613848734  270418171268  198607588499  890771684491  598660521347  875173616912  825808225248 1060220440692  878434371044  736985913924  675426281648  349164187475  884242997876  406441817620  884285676451  195827374242  634647368889  550373920225  638735329663  975285903513  475750211203  591008432042  680162245194  861288451655  849390084762   50433393624 1022351672031  377497892312  399333399440  795331381412  974118805399 1008323374392  565396816471  644723217071  458055822301
 12 |  948957793963  683985851882  477334935817  592961026741  298115076359 1062538767593  461203255610  285383196325  461121310362  601775452047  194760382670  148761278113   39568826141  156502379142  840777795007  874797371341  884146213066  605400146279  225384270935  680079789801  395210478527  605783279871  224151905792   75945637445  331000046712  793646646865  154239661789  693207348161  417614892641  559852358822  185555571252  116646214368  154818517292  329682776748  243163732978  995251956182  971280520673  581870295284  436630078662  911855497881  307226093499
 13 |  434059175193  517465058999  317615990670  882895184278  235722416957  139865939741  653788716029  203913868109  973919870776  715201045984  166651432763  806314690104  538888995302  951487297443  879883354654  738526281513  301258387452  323272568997  688807932643  503119052167  657701673091  662847190438  216690779525   77518862127   61847854221  870277415527  210456532446  649987855882  359373618775  449132906980  608955882887  617976131682  407399819251  681355557702   75286700382  545789353843  251734764469  369783844442   75678689244  480567691009  153953688717
 14 |  639242533083   68370262367  108581037395  539552327222  527347442588  402736567225  865386591977  249217183552  154317217073  833202299703  442633668619  960880339675  295415900138  818191675671  101187548371  789922594922   36729483916 1058540193280  635181464594  177226631098  108500257096  791323574095  777280552206   28039314187  508618212516  651515593513  795393506954  762542516522  352386626137  998035813015  691446688188  867448989987   47585731688  775949395639  969236882787 1081341149933  861088185127  534051208526  704200029443  408704827837  786752071768
 15 | 1070498747737  680769491443  639160002202  518599057011  103362349522  915755077872  677364313597  192712409345  895128730378  418448542957  257349479161 1004297205826   96720780889  832398677964  806026865795  435039878861  773457986532  878430245161  947742839085  745300443280  972753359235  629822319319   73494500669  230939548893  770976395009  798999068399 1068641096813  374365162597  719153983334  284326030773 1095759224900  690201145167  512502187490  943603407582  117436613483 1065231363639    8346370453  538672835393 1038445788349  496917187406  723608822217
 16 |  103510200659  198185402188  431585960927  207429656715 1021833512339  192492524787  496415461296  662711461909   90654094069 1017333274944  527714608243  826676382056  814627274159  352314157735  232523254822  696504804421  219185725328  986148658154  625252961374  372599204067 1066037071603  405054016117  465805324768  346175726358  160229349569  811856661641  582596222048  689692100730 1097962505550  112330386203  856163831169  700600242227   89687005602  397825269638  867978563994  741989047254  574010199041   78417075639  428775853656 1012879183719  294994424730
 17 |  240829476293 1094443405892  566297440511  501962985157  358835689498   64911925859  818740504397  718885216050  177800937009  894751959777  404547073625  656221773908  124108707098  266992844774  125834517901  379902478699  567195385096  617437858827  740799095978 1070809484155  962022197085  759820966761  704862205154  696858822223  932513479419   81448556549  913149749415  490441924924  340753986264  143645182905  233671482005  543521199889  928346305462  547125440709  583918698161  546951593178  839355220648  919382046678  646305318615 1091973400496  115761481529
 18 |  396000551716  753345174180  902289625958   43276373099  708312489246  701464484341  994606464585  998346313948  942712844801  730920104169 1063192049036   57178951319  476802846747   34816640674  695266022011  127160342214  807774599836 1005810035372  807517272572  152509308962  479251129252  941704509241  369555955326  523216271430  784047449928  818197890150   98711833232  446938577893 1019002281610  301361154989  201815583279  836298069026  570115647505  181877329736  466281847862  768807023350  445461488848 1069119605356  417052985887  895687015593 1076981545263
 19 |   42722907962  321975027525  516632815899  336440451239  770330576632 1080532767657 1027839303023  590772950866  314064769209  964908244618  432015837616  878105511971  345239423625  927509714907  949484976268  923562377667  999519267609  791983222858  587587105975  141881372134  839858985445  862850179161   94805484260  250299855642   39411514577  998983884856  280689553982  329527393852  245360477670   35140752718  931674676785  284850219378   47925602291  400368594235  713876820855  159035575896  937547397702  388662647971   57006022661  232354961071  208324374118
 20 |   31239185465  459713615971  436330939846  393539588906 1082269126583  442631075312  871539103250  147656328066 1042267056297  910741683172  798639207058  948085965450  787985526939  265821540736  366659691577  512819166160  560253764509  898609343755  849480438629  590504224068  936109427587  111603204107 1090240682338  854226231856   81824724914  926240899628 1009990196555  127415550926  703305577524  178400530837  448251895816 1006539740702  148942366779   15789828074    7795783485  583920290067  730805652646  764465704804  295860143757  543544631741  423457354535
 21 |  135761739716  420637291057   60046490694   87729507770  406751252372 1008682134363  852004873016  248176192808   52040647470  869256278886  279035990482  686265171407  884326411361  543181500119  689517383987  744738559556  787533219913  423682873614  948246966794 1068323846561  422269710742  194445982795  383400473786  186268677072  446233533907  721444629440  325553441912    2173498256  194239219671  576288989515  326589064622  143075622736  990001279483  273824068774  640818705317  969660624023  187322401124  435391673731 1093778075505  204092376029 1004536877501
 22 |   29294388763 1085333750238 1082167004204   32042783526  748381076174   97756345515  434999621251  480764077891 1032112787664  299877356548  828333788878  892713919007  390338231342  146682804679  175248901331   27029277692 1002753780413  844156968167  996361920439  691488358390  521744072099  166215847891  707181482963  636223074291 1047208349772  351736540487  492478340295  511669353525  845457964274  453942547248   24739064261  704860699771  776262327027 1018527123118  438006580095  482184166790  692888668917  142837933658  562317876981 1001179588096  491114540080
 23 |  813018174219  851737429481  559812132103  627824502347  169483171672  379529016943  283179842959  570222279982  842414324905  484806491022  872420210493  194659648974  304762552517   70816474639  220867546622  817943503141  219421410910  530110715063  126821340383  534681560832  656566738771  324610165370  183038952342   55222138344  530895921542  905475211478 1048285202787  481529819847   49609762406  304698447967  832351346309  880092164319  629080730573  909033412679  333242485141  831039122300  119520291039  634469677340 1008580506888  780525280677  362412940263
 24 |   69016341208  766565164676  654462571351  887861466076  591897162295  715049846768  195228147593  612970436044  713960115912  191003166357  293229619981   99501747261  424126403391  793179500042   12822145282  513185037601 1068470893049  595257236483  412457399067  243728026975  508461361395  752963539941  750634111087 1009526718104  492590107520  743951758340  328252589139  300459445722  125409881289  731401645545  829175832505  899082753648  677095373874  613190066261  373855099713  780834756994 1084037993494   68886060203  671252420810  821375222247  597219784746
 25 |   50079499414  141059189092 1097933649378  994160650964  538782408062   56911979846  277544281564  317397951820  246998336069  413992230655  172379848406  994315447565  882621429564  730479199302  211303287030 1096514929392   70694693136  529210389061  770193072205  860771780356  760525051527  852418489195  546984892046    3101587050 1042822216568   52490336303   80759162003   92919193473  483025229276   77233522506  683868362253  418211163480  746709346746  978293648211  855150127691   85494482445  147121802752  152778443179  561742583574   72394550032  441937420808
 26 |  124100062152  396235968049  953726765835 1000228465033  925364674230  175760699101  878974569597   26135292738 1057940675943  611875671702  939317093747  143205791746  537887257020  860941596973  152441709630 1033527153262  283111106114  514542436621  420956707213  850724327937  402529572880  737162025133  822751612649  137244130950  860405893998   79873884202  332954616020 1050512031222  629550373935  778230806644   33023910344  849481588279  494233174575   48023486849  243045644288  527489152544  481739652300  525467266724  862060879558  124257706427  311396305789
 27 |  528673899038  232466065484  708074723041  425116355847 1068810356975  792252530748  726790524772 1095100097214  610149019194 1093147353515  108236994484  776815591000  675762650646  768205202793  453067715704 1084301961380   73165614462  388348977581  464223435125  162347717000  112012275148  247445989773  319255524341  817679285092  469200127990 1002505423487  803424125014  974145514966  756087287752  755450904355  398959489208  654714496940   38517635367 1090698623484  378421194897  671968567329  410886945480  695507437486  668443391203  173364214519  829732900769
 28 |  829231307922  977799763757  403113623773  574866065581  315219117832    6617501694  102142910897  415784280445 1040938146219   70183071882  158373664023 1066286131392  891059181850  267978456284   70323836578  290383068786  523424820417  197903235659  363464700199  866632948861  272953959725  369692077276  483859898070  459644317050 1010606487047  451519202477  738888354890  425789977386 1072279575791  672980154923  570783588976  711681049755  585020596378  366491371375  482425422007  892881372825 1079904935435  263767946638  706646812229  158273840074   41774233122
 29 |  512664908359  840651784099  373771091441  281543158557  810583219622   14270125261 1008041089969 1049706102290  405042242704 1097980532623  138996998560  312608078487  502125235025 1011620156127  452637573760  437624583800  918607191013  226781536503  702188905862  530833157909  917960936715  962923526988  816564288518  545909704147  486619977428  979988164965  369344728330  992796274557  815534289005  428779908651  192586959482  340551301523  226185632933  253899928896  963664635820   43469354122   95702800827  758841016108 1083876280661 1032772534263  516492334820
 30 | 1037185996914  553251508050  967229025675   31721877391 1067897443739   41165005961 1037886809646 1079889201656  372153057671  757211230301  914041269438  885974539187  636656006025  117481728043  588486293083  782596432584  499069285125  577701451991 1093886364216  419355491577  579658438323  535477091043  695349098215  238640522558  816354551080  360521169605    6415560739  201576374952  828269232001  241476631460  585328789832 1032756996555  251965289878   48222796732  331449187513  987576831847  594933220120  948383486597  777708838137  340982431831  758469226039
 31 | 1042984314409  577195439376  446038430544  275371415008  348271022079 1001184577313  178057986208  137677715942  101712868816  259266258870  776230462374  742917651829  782660052945  847492239471  326324168285  991068450307   58521439707  922730098892  929224609987  290442167128  575044779745  800672297201  160749239098  953654969309  355607692708  116618749606  989251072012   96716421509  454031942549  216708460560  781493664740  291068358484  647409629571  454706789338  592774318500  893361442867  916329984050  467037452201  432348604620   17348122835  222116369076
 32 |  792170726402  857108384412  830255724419  786509114539  162551093274  485221131900 1051052989752  253215140098  824567926469  512491904502  809071511081  240768982852  355774898518  958375025841  431844755856   56171943737 1009701624890 1003100190065  344619353897  270370343973  426010802090  965971241633  333872086176  230091988087  950274831294  406305978518  190105283592  348806679585 1065366354848  996899415247  192184492919  181118359373  568975878083   86365561001  595703115145  864493857740  365963908027  970479140333 1073297583809   49288233782  823373343347
 33 |  252843272506  686379128217  857002905958  474402583492  142921761833  874217285717  590664392033 1053956688862  563134739850  448134751417  530140423191  443987809500  819008362180  231544027446  597573339507  364636662789 1039644113567  795790717206  621846970710  356842861017 1063912142701  935447806610  995837609201  890729404895   79628120392  486973553369   97554344402  413625693370 1098396436902  689986538104  616469875113  586190503343  676073641844  390984046586  297651590444   78276430200  842258349743  992813045010  858591084767 1058770138102   92199894249
 34 |  634473791309  192989890036  767614581896  307999385920  211864539282   80929243827   36415613570  910719133472  284179141326  257884503010 1012834779619  536216603648  158565616635  814966764216  218381236934  891566904365  597705563256  343255555937   30407495332  293714845335  272352032073  123689969987  817886796183  639079691339  796676474598  511792349524  633363845726  275336239277  897003449163   49670824281  797402598105  207944498510  914994241166  634874343608  247034567793  590281679063  654519349022  713696927082  212932539858  858448770310  917395284996
 35 |  155536464114  806552599037  835843495560  211300882320  571568581443  584122875809  395759369105  874788387466  745549737065 1028401461828  257292340104 1031445980678  955015713368  852541436107  791841262775  993663951712  375554480041  209591800993 1026134231132  291704796643   35369243141  315241039617   57272855138  360915888581  158141558536  871509683325  194149426238  148786023868  434603508398 1047397828043  551948248321  882292031288  218543891207 1077931530216  694910926432  428414252043  266156724071  657018929348  885492153249  188445799378  773686007242
 36 |  299406294291  282889254241  325954378350  226254301961  219563700111 1099237418427  329005665802  916204030989  165848860500  505892743057  545996744162  502272867577  931202348542  156449612293  829337189624  244226647367  681902047621  362084164938  668575618209  728378719208  786798278089  768170541371 1080834523240  416733973016   23162646152  463668152215  133606092122  214137447883  535482412013 1053445675633  492183104002  413410443379 1041254840588  563549118906  160653350990  572961806920  105701921866  575337225901  451651794057  715612133267  875313637319
 37 |  639465764459  269381769710  426924425941 1093044274853  200730164039   26559111362  220055909449  592573941337  139942373425  441362578312  488544524424  103474366318 1041783213917  772021175068  202135597290  455080262673 1028251586497  362505644052  126925347768  492750953828 1072437284413  450828065155  729266061560 1071154711588  474413195908  901246678771  262227090160  671939475506  709971230470  327613514595  200564802174  473225866222  913404353409  765531993866  194538590857  927229999867   12349256270  924235355945   24498063416   62622397935  644640531098
 38 |  376067111815  925379262601  360893781508 1019831792908  306294166039  476427466715  381943130165  291548248362  676474622337  588217888921  879800756517  743753235240  680709141556  657682523504  761489660524  978891747580  752802718164  113953657331  624897201649  797755993659  993063216255  775248935026  587840364191  473175995087  483041969025  822222228973   37063945527  129017198051  980613467326  106403814195  867050712835  444765054764  201856225738     662556448  380183233315  307029162089  846884988984 1070734685528  555407335314  143178783827  497696641140
 39 |  325651646617  289541128033  906689867229  917482540092  478475046907  629195031013 1019833018620  939011292858  485663360681  153674314159  587386969641  170963638002   69548143403  401449755768  650934864699 1058836642532  504548250739 1023084374857  587787317008   56250314822  343737822574  204088875005  449539410700  957842536717  600093242325  534788375663   10172278052  150963616068  828568439945  276168474744  257839406446  348892794730  775199238082  434544132770  435985325732  190040078021  988598722069  587078220088   58077810452  637993481278  192223239385
 40 |  637628066931  842614951255  272344569225 1073451779895  573561193063  164181437662  968242795342  235555140190  163137946781   51243789797  678889494201  835217833440 1096012756005  167339969832  735726283434  244350044938  725845436507  322291879775  594852682675  557141951665  956936243877  517906032120 1088306650095  889033163714  526258320103  253519250339   22670028343  549900606137 1071879583564  369294370781  775716149699  758378070693  210816385650  526370655744  816115288959 1069897798646  668307457709  454773532270  127557336841   66554933561  208202252651

--- Zero Minor #1 ---
  Minor size (k)   : 7
  Deviation        : 5
  Principal block s: 0  (indices {0, 1})
  Row indices [7]  : 0 1 4 9 27 31 38
  Col indices [7]  : 0 1 4 6 7 15 19
  Time found       : 864737.0320 ms
  Minors tested    : 84898824192

  Principal 2x2 block (s=0, rows/cols {0,1}):
    [  219562961467   336551639880 ]
    [  597278281588   220681570257 ]

  Extracted 7x7 submatrix  (det mod p = 0):
                    0*             1*             4              6              7             15             19 
        -------------- -------------- -------------- -------------- -------------- -------------- --------------
    0* |[ 219562961467][ 336551639880]  210328764863   336987019512   441191405604   921750635866  1050210828305 
    1* |[ 597278281588][ 220681570257]  650571268476   487809934057   293518403242   340359473649   948098128858 
    4  |  301785935126   931732715901   149828654807   396072397610   188840452922   920427652598  1071979928092 
    9  |  885602751010   413707538778   886296015094  1004525278988   228785346954   642175519948   630919011654 
   27  |  528673899038   232466065484  1068810356975   726790524772  1095100097214  1084301961380   162347717000 
   31  | 1042984314409   577195439376   348271022079   178057986208   137677715942   991068450307   290442167128 
   38  |  376067111815   925379262601   306294166039   381943130165   291548248362   978891747580   797755993659 

