============================================================
APM Result
============================================================
Matrix file       : kernel_40_0011.txt
Matrix size       : 41 x 41
Prime (mod p)     : 1099511627689
PM block size     : 2 (fixed)
Deviation level   : 5
Minor size tested : 7 x 7
------------------------------------------------------------
Matrix total time : 3309470.3350 ms  (3309.470335 s)
Minors tested     : 323087192064
Avg per minor     : 0.00001024 ms
------------------------------------------------------------
Zero Minors Found : 1
============================================================

Full matrix (41x41) mod 1099511627689:
                  0             1             2             3             4             5             6             7             8             9            10            11            12            13            14            15            16            17            18            19            20            21            22            23            24            25            26            27            28            29            30            31            32            33            34            35            36            37            38            39            40
      ------------- ------------- ------------- ------------- ------------- ------------- ------------- ------------- ------------- ------------- ------------- ------------- ------------- ------------- ------------- ------------- ------------- ------------- ------------- ------------- ------------- ------------- ------------- ------------- ------------- ------------- ------------- ------------- ------------- ------------- ------------- ------------- ------------- ------------- ------------- ------------- ------------- ------------- ------------- ------------- -------------
  0 |  233061275381  658444801263   40018821510    4956007061  832772694152  460649746972  230027754532   84215391277  476051011636  879774562295  128247023816  445371105489  144038518004  564059950352  102743863083  104781877301   11171913061   29592299522  699349169796  277476163385  988845462693  550543100746 1005792070058  161467242739  560363909639  726352281510  161819863781  950612617717  438755427201 1047598686617  217987813888  795801952740  286296087658 1091691913377  844884739417  402168365052  468891870583  462131165434  657590010434  762573908787  774257461204
  1 |  144643216811  787934901207   28975517090  783475568020  114252166957 1045713557266  948073125900  649233659960  327762775431   52270065548  966641874723  382972908742  677464937814  403840535116  607643100488  377347355692  193490144660  812209824906  594841800453  195908256154  960817601781  211657427509  838962270358  179283226244  938130865913  966881105412  402786836891  484752971315  489091844100  706198768326  913695766697  920178258347 1052966629522  527341312487  246004010761   65388879388  859822619704   26101824310  964813097541  423005340185  700601801325
  2 |  795708641211  256662195254  444536602692 1059327954445  297586689116  851710608912  934920624062  728649807897  571998580728   35290158275  823592942375    1723756116  307134414055  928637471370  695341134718  657277035517   77495675962  666188565098 1003814091446  384165249605  585348235369  960119734322  579663677224  976916737236  302532001810  344626906003  932690231998  891061788473  115654142686  443747313458  624781474202  875345538893    6764558269  311125503355  473979972202  258661992322  352340644030  756978612940   42435109410  557677401095  744185426920
  3 |  616901069827   69778141874  743282595804  386699171611  984776355529  820669959563  417816485068  120561601345  516669041923  760984950703  430539110686  716683402303  799266511586  723887569731  922257061184  638307045103  368517444188  105172900536  801548313465  101641346840  915793528352  584813213094  953647927201  385554589435  266244556363  205939426855  124313801109  969329055121 1074193538988  766881674864  473367625020   26637130024  836260495903  511410425964  116508007336  786998971668  172690418201  675172659260  338337960147  560551267944  779312155722
  4 |   29608725981  972021829330  390843900122  640156260743  480670143061  787817144474  149258705710  692991460321  488368644962  403234068739  866068275992  815013819082  957282899548  447460030119  858752217689  682071417272   15215977958  930005569996  784187366986  972358997211  216976848574  810387453274   48452725023  185378946962  921872447080  442412203281   48815250894  790901518006  915603471580  480675787185  992304332358  232765617903  931204987885  132774633911  679625023458 1024387542576   39408843401  566318996906  357591325831  340292573967  308523243113
  5 |  584698868074  813770911416  514898923796  305540572764  328046363173  108924291472   28253850641  523187745433  616194896370  384485512240 1025569131461  769607664539  571853565013   17202112057  276694606356  454304941382  429668662032  858058859400  733781904189 1073772311292  577711266271  977539822757  122220553830  914069151255  661747579878 1005395827926 1035894143875  888105398071  203938022533 1019411025636  866284368142  991355253138  237825591718  588185869575  773839845829  820591004454  989847854696  388703011773  890813237273  502181845626  365609532818
  6 |  501024943823  929840921718  926733758404   65025239463 1099217136092  304170825716  429221587800  670536976278  568111983238   94299464730 1054576181582  286810788946 1013239697479   22607721940  714174309935 1097980307851  460726611263  188203593584   94553635072  214391024841  948797055268  136498349875  264149249692  775996123526   53107254838 1038007923578   68833136471  989568353189  993995326293  763572317520  186399798383  958811498015   95486642279  470240644718  376298197852  929108224373  163209882313  342241656654  642782532191  766144528646  301031658981
  7 |  685339140619 1051746619759 1093389932201   68620825233  921501423625  101264030442  493523826724  789520728848  647596891043  360326136230  237121173198  328097579650  411612837049  958743601373 1006083101102  823095787223  319547763136 1099321596487 1027574372724   45970697149  577319530301  974237631614  358194126891  951426786478  347711351212  850205072637  194220542475  888883113117  148904996018  568380061636  125188763013  698822423637  176083996917   64433306743  502877411817  143904223994 1036980805276  604976342674  672419660919   22619566517  169350564787
  8 | 1043912674988 1098477603017  780329606321  486446232829  503757967919  776218566065  573957267719 1056709122881   26483228711  411327768895  673192067447  366519778266  430937190131  519746690211   85281441004  902108355743   20707438716  250682836796  626617907266  629094174751  126168145320  595450810525 1086339139221  683749998291  878562412559  322692612227  898250098709  870878087925  234494196114  821519094446  389985357928  415916572245  731509899485  245382866158  288387446018  557741386135  844489276249  991553351123   85462837387  824645654385  676978308033
  9 |  302096656629   76121612439  621361551621  524590316963  451094488430  295842686188  986241290752  262688322836   77183819742  841067850465  805733132166   60650381196 1054882930183  479106208200  912558271435 1001695196634    1411350091  411606024126  294990211380  982796983801  239152466216  476832952147  859682269216  951706644070  263083301242  811083715225  921980604442  756637951787  844429512314  825423739152 1023210445214  234435239644  439900944234  266627870636 1051142238906  945676395885  214834432570  647117664246 1034842417002   77531816565  409150693671
 10 | 1084206784269  459535791301  628867104657  457614043531  775817978045  947128633603  242161433556  459008767948  633464468615  421309313222 1031760589153 1018035843309  268426898465  885245531028  125852482156  218847751412  325078691023  709977729912  774645036178   23088963128  672739586972  922802071109  429159593658  811597673097  730171500098   34620386734  902677536895  419748161723  299720997004  297823174942  310949987359  457883928479  216160036674  292183134046 1070698814799  735426821666  265111806807  222142604416  129286905885  455841661061 1010467246639
 11 |   32490897029  668366891771 1086815622063 1059062523981  127416042111 1092917794162  267349007065  331641204140  744692986538  742931440164  563022248686  503297106767   97868073503  995828019449 1002286525143  501554552142  402438958472 1086306440408  980695108941  258205227244 1052113397747  469680155107 1030346641431  751220852862  372872758926  670299390857  412004108738  924992876944   35446712573  850604826655  513532757332 1077127686926  666934314021  967319416521  460703502390 1065091044211  264859693898  898620684552  563120835362   66227225052 1018080286655
 12 |   78212827738  348208607687  832104375010  765972682501  721643185412  832069679200 1069854658134  346191872427  490246225922  663832373347 1023581293001 1077983066478  534111905618  996649906269    9011926157  140842968609  300358882211  504592555686  812448629502  814540422172  275524332534  964543397916  368125447234  332828879060  554777871499  188254151968  144590003643  586880997504  111403399601  662311890055  322322935974  559180554290  893320032864  848697525925  513934020455  454255570291  479676455962  451529526944  259742358750  268054311107  565416613675
 13 |  223824254082  720515525201 1011063535629  469147243249  243026852984  132728964774  213495316123  248091094424  777330397098  762902263335  886949480930   95602039398  747606450028  696905492276 1020016740305  141772951567   45568282321  888126937609  482178063525  211408228341  253013634996  476870268209 1081987470818  500667840339  954416102314  112281288751  348908778990  769855170634  745675611684  351991283854  546898958511 1084336138428  740279247929  120658073766  379062237157  578404535269  247379607435  957199150666  768570986637  350774238851  396717228116
 14 |  124623023197 1087635297926  255877100744  694846757802  286361837810  948033384367  259874901963  848705983600  272207858357  415365695348  504592817941  968170377651  562925569490  134832565045  505468013209  759580253673  118432892875  916995054377  120956976853    7902673765  315992088618  859350185346  477395846783  776365522270  514837115928  129202386837  626173197085  131072477175  933478681406  383742335447  109450798142  615061935044  717085720548  962295467162  237673822338  272154928881  552294728289  194221152230  125967646200   18282787688  472575249125
 15 |    9042477933  682929312122   99586741922  316798183629  838874690931  750847275205  261832631004  312682303831  628207320583  450416368481 1029858051920  564577675426  116004534172 1065551307995  675685776113  605726112478  755438714779  128678409537  278588935658  480033364570  925956743110  774356616883  416525277951   31108196042  936899699746  808878140243 1048584096390  956326703047  925088534037  175738778742 1054894251324  732752394090  951219955252  913583688161  507552117844  100462239523  572147465320  673459245506  292491061204  223224482436  340682965039
 16 |  767627990424  227584281157  357058307965 1088396059943 1061651332966   78448000903 1057776237009  141893892203  700928519578  638827444795  657843046792  207911706831  406007464350  823850661254  847931614851  701322243844  620007585781  629037915300  767571599174  700320231301  292665480737 1005707417390  713809230930  720714527251  638374371242  660462643784  627607784979  376585281631  143178979318  990554547375  297471787762  472695396363 1070603065994 1060449149089   53569300345  395251457728  171923499808  940829797142  646250304270  813322525024  582191895201
 17 |  717416809496   12750942706   19530015057  595819011592   38467051143  232526992245  888113596408  552130259109  253854422265 1053662640720  680202011851   21645541912  619115397475   45091633987  626751831441 1028552313743  429562830451  397941959365  706606928318  852305792722  318038666454  548153625699  461221172431  787415098852  837713532013  279433432645  684869556142  565559895312  535644114136  372561118817  178444633816  711750936087  934802378293  355001065976  975634468185  655627633148  135362389904 1089202796757  187630904925  869911467110  377610933958
 18 | 1082190684646  413292381476  485483764236  776776593745  373915909377  892215815838   36869214420  909803952870  495409489795  139394089019  518528896292  466055676392  749264644454  468119208037  847033216416  469011241732  498487821447 1028028474204  461699863241  613816402124  605430226489  390228142040  502091494256  633592892842   82128582163  135145771357  738613562267  146998042582  835798263340  810678890070   34881236100  627600531771  667418500383  164122767205  115972568772  103200324686    3490713251  280853820842  215281708444  848393360168  506129048526
 19 | 1061229497648  909910338952  543522487630  200881107289  371558365713   51935535443  294287537915  928600486997  926228976625  486990198950  789296667887  660051306329  856164445440  902159634950   73704705917  839179466560  550784372605  922463858959  865906949970  247227050139  125445460587 1021627164101  479159901792  278790471693  647505603908  966538337307 1088966010104  286002178892  690204853633  542297610086  581746153468  970801881393   41758726567  311471082187  611198438114  262874300767  892217547086  905461321154  572784771779  283699291380 1088488836632
 20 |  269364444492  137180115344  589399034978  415629947846  887832799914  932643786926   61999963520  503776997943  830772082220  618348368519  300993038256  822760983613  550039860106  815302184134  403037009385  581876038539  818106551627  301370344832 1059141579711  529795161532  755397608407  875547137599   58637287417  300670018298  681181257095  812059528928  762052631483 1069507287606  640827834221  661413196566  166730162370  887558125270    1211329960   31539537439 1012979052120  715391962866 1092592427742  579442746918  786513622037 1058841624368  528582641526
 21 |  285026016019  308027197068  961207762458  811640659687  971600286900  138866539425  710656836285  882054635207  806689234752  922579454678  872707274081 1068137170966  892531300138  480470337790  601149980535  757590022163   91367418712 1028745706449  471877962811  328507331311  179227002217  589164276191   57317659801  817746497534  527755235816  912983599231  828685853072  816237413023  423616067255  199103783539  895138390617  460652375663  759631010593  742837935187  427032470081  801262647183  170689193527  757684748563  655696692281  260919709318 1068359733067
 22 |  178437193078  493558068079  918905444125  872700726906  613910467215  803443481792 1041882686840  207119518796  120150245069  639149443874  738182439532  997342093945  413483138424  510454829823  642242952037 1033411742618  372347042557  366619941968   38288496931  857863878013  558981154934  152256201842 1011332562481  584354629402  715449687654  263468900922  331667189970  282123535556  701040158918  553826026529  701483983963   79502425214  544671405427  483879130948  352186912759  802677788394  308155191164  675363395508  901828066272  136442310800  109938771823
 23 |  272485860366  827102769673  269837483920  635656341468  857674729113  365926798007   91052700490  224829696327  374425872678   57282440871  519339219404  552849718976 1002595846970  774171744535  160355176909  337628863928  738731861330 1091604725386  735272390312  414871900575  173570297937  540141218840 1050465671518  679290010277  326791737003  754507639555  192623889387  352142518326  150355424040  838064592293  920480680071  250930191255  177826521549  474590624394  369535694826  670089765911  395683356964  124428910968  779376115331  779575253253  340275625401
 24 |  152922920323  390300416830  886277777930  767815340132  279455890906 1013837655905  316971142260  791465996005 1016952088575  496597149867  456684097738 1049508325979  470115643867  671175334150   82019159784  647369657074  233145100995  665777938641  141942773603  650031337338  829822239782   18739555021  792063565119  113218016358 1052297198873  997029739853  165584685286  871910316638  403643591682   15638457169  962141886736  965462157942  664205004910 1043564645216  752893770933  856723975031  979396577043  935316909256  686646320483  920256190350  775630806675
 25 | 1039314151399  690546273870    7686702883  157735806500  160789548430  921196190404  793630632925  444846181783  599525934830  246756438901  221724364676 1062104205790 1072650893085   20844458390  988442426612  795903780060  816461809050  826991515784   23316714469  150627706949  224682484063  144127759483  134092560130  981875119114  932732088698  695072203945    6954389920  861424058536  138229394281  384257572427  622820379792 1065201011371  461752710030  222807906774 1063601482250  303805671477  448956892444 1052216642730  313320494217  869248487920 1055497474087
 26 |  783174460286  230733965712  389817816126  972227795937  585076821658  247945060433  763167913445  907406898794  605701313607  497050225204  765929461038  335672233515  754710437696  472800239536   84360982753  429889836180  305540481631  416692243248  351475739630  529922821546  652879744220  864995742710  444329813455  428645167246  626622649145  686872775399  360773286829  794585819213  185673445122  337004983172  568515257706  789150143629   75914250676  577637882612  830420864787  290913271483  817012628296  163379706120 1046745596568  833500970126   61141646867
 27 |  470750838765  677313777496  218864836600  626314955111  565099074154  616483802247  606002573421   76962461394  744034683667 1082448933794   11490269057    9627569964  798486684593  725776026684  412067983027  116046748040  383309803106  354716468196  851509051568  753054084976  483466569690  914662715128  828548082530  906995315112  596672690458  282335031899  739979775508  387054620801  539005873081 1014780712751  348057877629  277795110030  591283999149  545251480671  358353767001  342669392893  159720407350  623154476864  707636948279  533653682300 1091538338030
 28 |  354706285681  795937282750  839262218029  107327155883  502428663865   97313097935  141989735091  928258516566  853641394339  482372024913  508927969557  528527478856  641120068399  938693741137  216494042600  134638427867  440747730064  995911515078  118560174451  156193143006  549190102366  459293861549 1096706172239   35862298146  517476728443  778945370629  426342434526  399010404385  947330455794  170194621706 1019157777223  337422168371  336491586549  193418285584  272125645978  476730722232  155989989048  558579806560  831017884437  388752558831  297290153835
 29 |  102916473978  993083077125  219683419120  201971657801   34618531727   91480745260  967826091562  381132979253  865273956245  748295066238  165859050895 1003316923885  352345945265  728975793258  271861086629  727632574832  265571662710  796680245522  215166297703  784769792722  118521485651  482496341918 1025841736071  534237843229  509653049447  444764876211  317476881752   95462196570  266324754965   16320049072 1000726026623  784521907685  223317730327  930523966157    3238941317  168178955168  977705284763   16016178478  278286821776  154223341690  132121178808
 30 |  726235457192  506058525860 1061845476708  311179182625  248080378234  430650312645   18610793296  309266496201  199874421529  183871780845 1028496936492  870453856365  148120500072  926427620852  396396076146  230071377559 1042622108606  230460505875   65545041655  823615829366  627373797259  375660952693  580467900216  245832995459  609436375702  343813043350  296874407390  266556775557  110308537029  868822731750 1003668302877  934947596803  931068847407  371793034399  993390693725  230679292553  815767724260  302711946712    7250494532  729310945970 1040251431494
 31 |   59503147375  697759079278  762145397304  931952723756   24673957165  297915803598  441880206208  987402164286  688886853476   43113888044   78904644991  345217351081  282701227393  890245348173  616073841697  264747179206  318652310013  185429004630  299922323743  974389560348 1050918657670  144800625737  572068968696  422837044638  801435426797  266472441105 1092229630930  788912998723  472764223137  977983335632  845306656553 1035159734131   75546331289  774792717483 1062410605043  837503001681    3159040162  174112280125   63142286525 1021026637148  146542689562
 32 |  896075249103  846596996290  622982984937  203801308587  787375973311  847466264334  351702625611  224619314281  288080973682  564383874322  489046516724  107053116111  478593405442  347373226735  219433097818  851345583815  742643507782  736674348745  928913037166  256150413396  239086609052   79505600726 1029002141349  552991633139  786407941778  998765619893   75415589217  386011432416  391790913752 1078804735734   61197982854   52897797395   83421214631 1057013664074  949187749765 1042995786679  647177341238  227552286631  733130648076 1045796044612  538169492757
 33 |  170271030686  689596091850  625255474980  493451721930   29267856679  100890792655  809462263614  773529586111  333217189938  904919276213  405716122904  763674625543  366028411870  568032076816  261495079849  437523404788  108573099203  948858643497  640008848291  976012596542  965020807698  307064622382    1776829548  718390689161  325458491544   79256253461  554543315748  352584551657  471622804132  782261759344  455324469886  180812997464  194927465929  464546809140  780640181686  616862186666   73539652598 1089743257305  324130396671   79165269373  352565522255
 34 |  336186873556  875541317821 1004976309980  473556973627  798560083144   25732678256  574574680258  461273081851  807882528997  530134987358  478573712527 1056574553476   50382868496  196595593872  948895350319  979750319570  444328209452  641141958405  921135879038  511332966876 1073618594028  835713996021  118889711005  338833744696  554305118442   67239081486  830598000020  281220799139  750971001091  325711323506  658738882988 1021967599875  773163460057  739260169504  166977658258  869135547677   84170973497  914174831806  407753717468  301688872026  579864594482
 35 | 1014885530071  463392972465   53919176503 1029983340066 1073027370812  657303291439  885405665695  896048109334  203741990278  840608368673  227037416002  513571335670  803268702459  281313265869  717788258680  301662508029  962619009086    8072555692  995944837650  453157497438   47062502428  864412441590  110600609411  137724829134  397288746129  835606868681  699280754246  237396318935  956115835503  384983905861  540000715531 1042742174986  838332926501  234886736591  239680877681    7342590937   83655655973 1048573690613  235050288235  625073482734  587800563348
 36 |  478884013311  736808992142  646389821497  418395216179  824015819723  901239054155  832441906333  218637283911  158217923852  978578239583  148799044264  867215516307  279879178913 1088769103962  958381906367  449071929225  352411753086  613722688659  658772278169  910731043707  823474078980  828677354009  420639859160  265759650220  473358197134  605383824795  887412554561  878859836553  284200252540  619369258013  804146857780  159521955424  287955563911  567911848811  372670531821  913916585724  247689343365    7195628196  442649761150  564610091921  611703607528
 37 |  147286940155  282673475922    9937404407   44816479381  691253003324  943696011426  908131577798  118142581054  662375313211  549787147857  994725282515   23019522600  954630497332  408651147946   78351847847  969896574259  276099688841  414416747592   47387062647  180527795449  302817670927  947839506093 1015477041492  312426656655  696482431997  863611641617  886729555226  202322546799  450948472924  141270685243 1003833654817  778597878609 1055514189566  136414991328  245147972699  168102952742 1062551477325  454246828822  835301532724  896716699716  401535884177
 38 |  673880362926 1006924429168 1089280021937  601369283362  233932242875  672511627529  243768458553   55894831592  116052280182  110748127291  939914027689  109680138499  355974947562  339616539135  777392546337  596611526290   38118814661  129750792235  281250237607  477229567331  939533971440  223250669823 1025968201494  227333153170  636032120626  440618979706  561353863423  286272306212  483823891576  635663976222  605946322426 1064157997732  207662819054  963529215931  454266314963  644023478166  164389369444  558312601239  162386535819  348184997928  738785110310
 39 | 1029553248995  702480442594  831675238106  313231443837  840008835782  575741160719  474961413279 1096052188444  186258339371  396958661650  945036532796  963442409876  437164959286  516641587844  927126223379  735868091602  633506155042  735943613832   34290814609  771765927400  259955392025  808188836539  894372512795  741047864155  237302901809  578196091912  761251136669 1024740233986  973109544870  468910788395  195478021340  412753704197  368823266583  293984773165  296205440045  526743492575 1034450079848  697618716716  893751295059  844436060372  205966865723
 40 |  997727953673    9718851142  626257073829  525997289072  284324250938   95623938464  762842439911  302230184608  210799645950  646234224311  294837787224    2116682210  258334718575  511254638595  901129175407  795471274409  393062764578  836084629085  159606591298  140904471003  478729535614  215145045070  843697519007  577627357101  862226910820  520945879216  643078018144  827636429727  401133671089  494904717501  118664994712  957067299183  551660681259  634011924510  838812303337  971205971717  934292764733  554521318228  976594796998  747218306695  463233468342

--- Zero Minor #1 ---
  Minor size (k)   : 7
  Deviation        : 5
  Principal block s: 0  (indices {0, 1})
  Row indices [7]  : 0 1 2 12 22 26 27
  Col indices [7]  : 0 1 20 26 30 36 38
  Time found       : 3309450.2019 ms
  Minors tested    : 323087192064

  Principal 2x2 block (s=0, rows/cols {0,1}):
    [  233061275381   658444801263 ]
    [  144643216811   787934901207 ]

  Extracted 7x7 submatrix  (det mod p = 0):
                    0*             1*            20             26             30             36             38 
        -------------- -------------- -------------- -------------- -------------- -------------- --------------
    0* |[ 233061275381][ 658444801263]  988845462693   161819863781   217987813888   468891870583   657590010434 
    1* |[ 144643216811][ 787934901207]  960817601781   402786836891   913695766697   859822619704   964813097541 
    2  |  795708641211   256662195254   585348235369   932690231998   624781474202   352340644030    42435109410 
   12  |   78212827738   348208607687   275524332534   144590003643   322322935974   479676455962   259742358750 
   22  |  178437193078   493558068079   558981154934   331667189970   701483983963   308155191164   901828066272 
   26  |  783174460286   230733965712   652879744220   360773286829   568515257706   817012628296  1046745596568 
   27  |  470750838765   677313777496   483466569690   739979775508   348057877629   159720407350   707636948279 

