============================================================
APM Result
============================================================
Matrix file       : kernel_40_0016.txt
Matrix size       : 41 x 41
Prime (mod p)     : 1099511627689
PM block size     : 2 (fixed)
Deviation level   : 5
Minor size tested : 7 x 7
------------------------------------------------------------
Matrix total time : 4899406.4819 ms  (4899.406482 s)
Minors tested     : 475352464041
Avg per minor     : 0.00001031 ms
------------------------------------------------------------
Zero Minors Found : 1
============================================================

Full matrix (41x41) mod 1099511627689:
                  0             1             2             3             4             5             6             7             8             9            10            11            12            13            14            15            16            17            18            19            20            21            22            23            24            25            26            27            28            29            30            31            32            33            34            35            36            37            38            39            40
      ------------- ------------- ------------- ------------- ------------- ------------- ------------- ------------- ------------- ------------- ------------- ------------- ------------- ------------- ------------- ------------- ------------- ------------- ------------- ------------- ------------- ------------- ------------- ------------- ------------- ------------- ------------- ------------- ------------- ------------- ------------- ------------- ------------- ------------- ------------- ------------- ------------- ------------- ------------- ------------- -------------
  0 |  470408915358  336360273406  712608022250  301729837228  462207755670  733966014629  796012771067  705173081257  961032803381  298384647623  244899557050  993297594147  755318658380  597336799185  962697600261  824441442666  653996039151  403986840019  425638928461  794576248785  655374203767  322125463945  956731072222  200659195591  957044086873  264582689684  408792147646  879580879655  654792517975 1098794541217  296852723635  904322757439  692876785824  492070434367   93281984646  813573622685  492638333514  350970016944  226417654881  170837848405  817000334143
  1 |  769607662746  574098907867  787045283971  207922323709  921297970893  431707736540  217694067064  243258729764  188977193603   60193067940  443616468272  560121815946  507587438753  983842350741  368610617323   36546920709  868366594282 1002285562819  811210827419  733586623496  896063086152  210565903123  883663569252  866735326229  933948717332  976605791956    6836634523  341973394794  228362878436  409310803536  447209178188  661797958540  118051209880 1020399790848   17811860764  619167563585  249737053377   12543161947  483458318433  683319881583  164166362397
  2 | 1053203836994  243866312256  727473752063 1025226548204  723554695665  641446552386  706729121104  538629188019  883405940843  891523395946  951413858759  100091482562  292317383322  146835102760  592709853158  344702840049 1069495005661  188559138533  486005797311  288772469272 1021385128308  706800792924 1097138685409 1037384635485  594538233722  689571429703  599268955227  888503754610  324588840900  469778894557  490648171636  338041241635  580521284831 1097043215977  325129090888 1023750235525  551652889398  610605682137  961584531597   28985601487  347348174980
  3 | 1005068758988  209367758157  431985746648  224965442663  106282003725  888648390258  515543889744 1007975228031  403490651694  816227449621  211211637991  374313842382  495797685094  128329209587  843333303785  184981130308  644974694730 1091684813288 1086861302059  112459398746  849204295017 1097341522175  900750586040  336704715060  261191266263  499656942184  995301072217  575656175422  956793070360  357428327697  360739171199  855928077598  653937480623  716702818950  270853390004 1074078384903  483617963897   76751976987  997965342622  596500609472  590424923812
  4 |   22918946530  477673233280  571646471634  821416909428  848387143559  238068478419  289661581271  993233837770  792991020791  622121014022   44655406931  857308916244   75096257840   43458496404  364839700449 1064196589642   53481892593  178387454338  132314707612   21469933509  794501261299   39555731984  141405662061  573644179315  240985995497  792601251020   36778658598  567761825208  547635844288  275895875113  172788510503  664761075844  131658634090   55792659185  609049584295  688411466480  491749124993  583001485048  750779776009  237011231902  507168346030
  5 |  145493447228  818810398302  641069298129  209542369114  627890408105  852150253225  456195507266  828051344408  473311451066  523362175187 1056584731819  211727477396  962938593262  140892489689  134445781076  166153096646   51540522994  808718827396  475273433539  798383232153  355288825307  105139942603  321064950809  969010111925  165809702768  103444649196   60002302154  856630339748  200161158168  705163746861  363050481472  210092061084  961332875152  409504912818  539944755488  834567956188  835455744601 1074384762343  743228010240  845377739314  445178625870
  6 |  837640212321  639695386920  423547171542  903465980163  672622715401  653855284669  666680393005   89087416917  175070718251  945412809644  713450621491  696675025976  797125736090   50229022804  183377246460  439188580710  770588021196  863599855250  357444906134  135416251288  885795255504  846397112279  133993957782  283859417882  206724840043  329296476861   29645122389  587962798512  256134174109  694395914708  955767617619  107173317451  173886135840  356767232948  730068017222  174012594976  252328459270  564093603607  472268918116   43471136831 1025464865787
  7 |  836984496785  239863108144  883520310406  670562507949  563023632348   89835350598 1035991153841  833517384017 1035394158482  725348211455  171620061874 1022023707393  497806147832  232556624346  596961620758  606231174291  543187051655  585608797356  521089086246 1005550425379  938011897873  491217340068  222033549688  796408746164  511675291341  688725978515  164083459113  378352565651  123594855751  210585081453  119869907933  869601721251   73045509981  822851991814  988064631368  564033004991  286238968475  417403932205  910515325832  383598892217 1022178671669
  8 |  338173179181  392726587300  927647957009  735326018640  949430145039  780676043699   74743241909  298429030708  454211904478  346963184295  308249820664 1019592375947  554018030321  557893663771  698607072782  926713497629  656267063220  607586524209  668393242791  162782234513 1042855287959 1049048541357  775081455080  621350148811  755704533452  279880583950  768824220319  916413654020  655961447443 1004454357556   49006697870  953263075478  442211850990   17364014581  997497566165  639228792067  306187517532  761677230460  362287644982  366178580433  846139943728
  9 |  614119853355  832026698976  665417588949  563992604743  568788691734  554082354142  344792046297  773588813196  123264026804  649514259720  519173565321 1006656271803  709880143822  767415433757  438204574949  942749491971  234224663867  184347056502  771210342801  363612862286  427652870903  194063112478  599229572131  393785579667   26453939037  413244303849 1055236986484  758846341300  411642685964  166493074031 1056887203397  970841421073  603622650079  220607317438  681422679021  565680197196   33990012883  694971497937 1048886290885  494783892463  509578854276
 10 |  291380084702  177791543042  729253201693  936500145026  615911961685  988960435408  735078792757  503413270352  991360115941  432394812855  489605109455  296838793389  605876237384 1062459133334  718360137324 1044117109157  361671824038 1030002205932  731306978589  959771774893  735493618621  224005421269   83438037521  262571762475  442438349451  670984268621  776346550795  676128347988  965253282376  455813584227  886679433389  882768026877  612245985691  219765544757  625118576423 1007935148160  970040871154  265422599485  607601144624   35980135066  571196691241
 11 |  244861979911  266037556089  477703518901   14593452015  914473839289  373189717883  381743984013  933839079598  807228772787  212407835290  103624114490  773728639708  756835892771  865863297327  176818953267  858369327912  929336032844  988491701770  560665228709  410904862655  225503217319  888021509619  228559256387  987904464659  493514813556  343524692463  442068478440  440547575902  710020493979  241418215970   70690454741  558781230258  547016783751   49061538032   83162710804  610008565889  893141113950  498375893559  251564925631  595392480807   87841765302
 12 |  592856449562  561759706692  444932635979  723540157493  775149570907  665992188660 1090078495496  480153894840  877464765052  810682422616  363153902631   53862130894  976890429908  318246027016   86610140943  274422681358  579035981564 1087940254013  936349399477   18955299570  368392983056 1048962483529  455453310882  326578602943  289394511527  267908324343  272465311996  792817626686  100401777508  333914209828  190175520764  390003315090  106806365105  631213497256  445843069065  887862171308  831692710684  685438680814   45235549379  455407939053  727495786414
 13 |  593657937827  877338989114  630875934310  855251620179  101906360965   56777066173  819141524228  340631438916  949888334793  213682222125  597022681313  800406961549  739455866746  969558830787  937002926728  471841384870 1074780668896  555856924464  948353954085  727663731712  158588221929  918339132334  373732291673  380905724645  354967995380  123862973955  964786098608  310653664110  967221129937  183383876135  371263268336  882864283276  149068370874 1085937204978  386908088907   12072581073  622726297515  246538444814  200518301356  449077871425  701752349983
 14 |  865762241856  537769531337   34187531000  326786107268  440335964149  357585593877  422242321093  801524915298  954138908271  481556508095 1071619658019  649075264975  261368756898  470831376437  592453429542 1012675514215  271756405036  226288655361  823283705162  678781557218 1029478773081  342857175130  991051013924  297348000405  870331311712  554855471411  525893219220  676166404942  833884777777  999775296948  611157053628  391489849231  404112593681  915167566335   76894947539  892996244320   86574584647  258401229849  357887571510  895741650232  930299032516
 15 |  103403340361  973294671116 1025622451004  914167951899  473429984642  605269044836  638500103236  242176587563   76701411774  955649070772  548908838757  906101350532  626840334259  901448793521  692174692851  676298714589  807283191665  430984361801  286122529905  633163124283  838767459641  717762198533  241723671935  272100898456  707962749603  714411977961  294731758793  533460637188  550123813369  908062137170  980539314013  517526911951  403871919494  850298596845    4209132008   77875794817  514308611068   83245566162  932386496963  205912342161  485343586229
 16 |   20727221835  455758062596  181765510873  203505971025  553862048435  975112803862  677093534377  396734902472  377745456349 1056671291237  909849068081  678555463412  514106846057   97677672629  175192495524  803161279782  895740628059  912273610807  504652810095  528368918514  775342597503  397976941225  363280383485 1018734657190  584327920973 1082273249868  553734797404  251476309883  411005440347  197548690949  874837304876  575775433038  414795534222   31622642133 1043205614244  905564760695  182955325367  922826088289  707316625874  711829854010  514808110312
 17 |  543044350098  288479350223 1060665446049  822625607030  677582359392 1046714737272  538868809045  583761771507  963906727266  813304961429  616776113552   31509465499  353552865159  444433362629 1097783585161  607797660867  578890042792  989305456036  916858987904  502440136890  616594717890  687299705956  356211168580  681426381801  999685428566  157660720534  207130665971  699962924479  763981342959  292322704723  708408363857  733784369927  974770501084  128708533702  321436524222 1095458709199   80460341585 1030666352893  163193076571  103935016505  948429030639
 18 |  567593220528  260996191452  497242213493  649767391221  395089344190  611147860199  388283311338  845109459812  539112621007 1028620256440  514731031425  940917266325  210734814330  844225546045  655181663063  415027047408   26085590290  213393102777   10743316402  177724011494  407833723520  908077072454  238482238868  109727797508  731431199635   64368072111  299217879127  549420787286  405545593410  238690900240  225183285418  150430982076  810102221560  893480219825  616906011242   35533665206  361711974660  590848692174  814939044501  805852254650  520362936252
 19 |  905742144225 1041246047870 1074678506787  417726310007  972133808586  199927814199  610487710412   47249695155  434617762457  802631985903  405312157859  626346347922  830082208551  494257366314  832645378365 1023462688627  543086812198  630000757969 1030711820410  437553565895  298199712322  851061035322  855628207380  693175850174  946724508190  859122938648  126114689283  806771199722  386412249773  789809065030  705930352272  454866426545  416372934710 1056110516558  231214729741  673461970188  964472282788  508516718188  304498765010 1024595368498   82315186620
 20 |  798643446662  456639620270   34277181355  862155796570  865057073322   11715683843  327372511444  246941207993  770241159441  915440495111  844618291186  677455512466 1027834120939  745701481394  686857733444  393964116259  287527653830  557637952799  892576016722  767935027009  776077599261   33311404755  377943407418  897426594583  621223518749  498833647980  571386790035  529337620788  950806097568  624420882943  803233139718  101501887952  781377571869   27302905800 1056323436363  474639127724  671572227417 1019106953490  501100046032  548190880152  873138607219
 21 |  501574013171   96144930836  484129295610   11331307399  323431366921  210985125596 1039669446038 1001620851539 1034262539158  706689465287  584353577958  821200562988  167602840129  814938566175  175784748560  559449956959  571921975117  443569310137  412786906964 1063785921351  648054640493  267428942275 1005028878187 1074367420399  140452615796   53480178125  402259599398  674118517149  110887216925   31548417238  196479032021    1040687223 1003168716653  860599960923  219535305133  748689841115  129377082763  223694081451   36849687453  692247560447  132746508818
 22 |  152247756214   24666989066  900078684995  753158584007 1098048296048  217793639408  758365061949  481773522696  729684876707  338400862589 1081195006968  181536096083  633912240940  883706249175  166170641531 1086896991608  338382980529  255281614789   98521368903  591522405522  906077850149  992217832371  414026568020  863231416891  649888269571  579272070449  663575861728  673180782017    2358594036  457310071495  377870219686  192273603628  261027017572  710221786077  182383934322  607477610146  415296425612  984457298870  216488094327   48913864085  794645107686
 23 |  272734415786  793513856672  267694995999  970542424067  373830934676  955177524310  394234033189  772064244261 1084471668181  584607842382  494776975385  180699576097  289457749750  237194082510  379451036179  403937539739  234590970938  819421942573  266902950598   74739556035  254431487961  818440319842 1068657201021  846299129260  931888496457 1036528750353  419759252026  505115977259  104733784989  811400080331  657827977524  549053366143  154159767048  366479992740   17931971411  209456987655  322860441728  980265512561  939696540309  591670495428  846021139642
 24 |  242478211446  599778696160  307886532679  462988012901  516239079297  834525355369  966380726961  378510554452  173987501733  681544560626  835065029675  228361680238  830112781265  662976012015  911881094955   41575797819  780281113852  389313782469  398133712367  557014476368  414492067741  865697539903  305387618283  182516317445   81289265043  958653284341  108012297627  959975371040  614558888186  958235784211  689770671350  217176407759  627848895025  633571619107  319138340702  895738316017  867169554699   61478580646   74808712419  128256671369  128217933264
 25 |  196492082185  415151329594 1093902911640  599081207848  844269547391  250785116078  855527039653  215754886785  120297942195  703647494186 1029858756123   11106445146  591582246140  986019554892  794242591013   23493964852  635675291053 1094682236652  452988056839  833064312544  514384251689  231494912125  386630221974  764904190458   19853245944  438572119810 1010690174622  203714410430  182480116418  706005778993  838978726443  574899932444  950052042161 1022381567286    6281983111  378486258147  556026409740  615368291075  341282760946  497427586769  758243759652
 26 |  255503830868  963871838283  437427539133  159527441861  152287999902  110287386378  743202657883  225226884553   39088634320  795512566811  697130545750  469864531906  552169460202   54543638171   72332589400  750134871348  439475611300  587235276563   90952796416  921849369090 1058865590069  589988294011   44596444403  971138450642  106379222344  818281770169  342007428410  821384708031  199632604606  342201982658  212206832276  228169333455  551203044684  115776313999  233105375291  473415555801 1034684254857  719234456556  674090321488  651988064742 1018238843692
 27 |  251213089835  579025654972  146026364174  955282860947  245601816737  634382066414  114803370209  270052864553 1096727159515  561625196764 1041384340598  463667208962  858208970681  869812341597 1058768666570  233648641559  739323604011  711465062406  462253330796  797200387470 1029422983467  236984003599  298232561728  923990554360  870079995113 1016588414447  475761983370 1068027085182 1066064751843   92629709888  588259024791  975680462502  186497783461  276120735374  733390821917  808040755142 1014401727233  304017127793  336999136234  779774026184  540956363699
 28 |    6166577797  685647929205 1039008863683  889792328718  774924020328  648487737097  119231303569  162385278619  336318681706  769732499457  117635123669  412705561532 1034371359237  789760224782  996818273878  983490481887  971111725205  683054856584  671833338275  715330801170  895507109491  809242162651  801566596628  934573577450  564262756520  353735908458  707408227542  635014611013  566815687894  426452905291  774793595665  586453354392  970007197148  719750305597  344293443715  210704470622  455539216395  637316261535 1017732378559 1007662708692  993171278171
 29 |   16782106856  426799798435  427402796785  460466650995  303067338820  804189773216   27959336146 1091634484425  992591290866  672342038972   34617351113  365347975330  908803335843  909459455340  330656274567  853395839240  635115554792  676262290782  852423338015  766095423448  597185857874  989532025402  732034645098  657517167433  673800974260  980447550237  422954645654  139831548202   16259091355  664014583433 1068844193805  439817595763  727906762019  765226832496   64130845665   70752763159  293597022573  820027633891  191896628207  894379017960 1055975892315
 30 |   56005153501  576213947117  953594001426  660046148007  603344205870  212239420279  404388728948  810300489181   54053403637  438763212973  874060222519  318501254511  636139043890  778527451137  307832035434  888323200421   51420582183  239775784671 1085222877120 1082312293494  524310968978  751789392071  550536372353  232490521080  620958443635  727793046582  120695066394  404177367778  417744219237  684076640372  583661507772  680603202195  150501397465  897845862918  365668014598  253445602417  980221086425    1587060268  908583686488 1040916771264  520707110442
 31 |  690843358830  516833574271  792437762423  381069091809  698738084286  335176232650  181101236786  673377934835  410793882155  180531735747  201951040017  879300029327  810622311219  377824749852   48734766984 1065616710690  513134128370  516557047698  836280443544  369448033329  586294794619   75425184355  225312411121  327196542818  604905655382 1089026559293  471696278918  952014213920  452317972433  213024009678  335739420511  779068496723  447055836796  516356903719  848000425844  604846373186   83598027284  966086418092  843970267933  500420181883  924824677485
 32 |  410565753803  317627537341  850882870397 1070293378570  553193816023  234178168414 1008162814419  249394323274   27774683105  139357416395  427460073390  520659528305  533947318594  593352886869 1084291500897  312477010496  715040939921  285052664301   84451815257  336052731075  448522852134  219595736397  591470296660   72641569691   45634514128 1052330620550  107414674832  111515179859  553809625831  659000428163 1012925128295  272961223693  817785293562  184145669331  573078267699  784062500115  542162466474  427776295053  608764837998 1091110200079  151127723384
 33 |  921341418726 1017495515351  370938009174  406111219792  161579742943   47408253986  249171869229  926286143882  320732434183  911430122892  958188814515  978513397225 1098227228102  999802020221  436029450616  573919261926  548220891487 1062739566485  601865568437  615706852760   81330436516  524434014981  367848740912  888114796307  801661915740  331654577740  244428498156  746595170186  482173997869  373242524667  662548702933  452244011374   72641917040  653692395541  736034148502  148011987923  715739818687  912894874888   94545564415  881359142328  958017611603
 34 |  761386565351   71432748705  349108912541  572788475948 1098903079076  325426506167  336218979918  241968186414  644906600500  790409630151  818747406272  778915796989  199950832919  537911838312  883896204401  156729989871  613344462559  708437175818  541020750672  519105298221  776295924089  661343455601   32554146556  860053075218  723122925029  260597782275  743893919127  398363775224  747337327102 1004852973821  676944307285  697771389728  611180552844  310380081675  316917649196   79314112229  124552048405  122862341825   67952359971  146884231385 1034769469972
 35 |  394216144569    5485439623  958922088716 1045644574274  877623398525 1050361831314  938021534186 1004778769977  706860584632   43662954780  856073359039  870919969328  751552024574  411308194126  924505949549  331438050704  329072565084  613337824337  141073919962  375093950124  995566532474  134198225992  136813007651  343925101658  399606726249  750990350823  733282843289  303402428037  244271761858 1017620345416  106906774611  414837875366  900002476175  625320659906  822163994720  509354105503  704624757150  280440366531  736036146510  797889770454  232819001363
 36 |   94535298385  296315403429  834995753278  478199730329 1013789261797  745337066398  219752847436  463303407070  392849956074  879603654548  150912660362  883397543362  108320444397  485308212895  730718665793  681529543774  559888087828  924213516919  703852011494  786819958736   71716210636   34392639577 1057772491105  454654297227  979712351602  717252274228  176307479194  722956956951  227386243984   38073913207  589928972085   88724434557  213606488669  989345377533  378535272426  935955259995  222782940554  304709652753  927632328759  970593070184  954519360157
 37 |  305335146674 1058296129241  283178680829  801000324295 1010113297232  754337791033  648396968724  583262104855 1084144915986  209319483481  556216320692 1009094837287  655363512700  824286906733  135171106535 1040661453936  665594199642  834506648190  559833091766  161912996800  708865041796  337953140287  436087678915  525208236732   15129502898  832506314737  815717957667   43677090170  939764251587  956529787348  349925676636  863028426577  271998087696  222210497942 1056153151686  679107257495  479213211258 1044427417387  227724983613  478977733409   59884401514
 38 |  828845448587  740349177393  296198343416  284225279131  649276540975  144034033840  429048947272  503745412419  536517912347  899476649183  262945793811  429917889808  122672277454  333776226076  886015537644  253913965313  167376547704  854944062448  101504886040  823440569560  638782996931  505265800011  770529228175  174216090232  961932382314   25947769344  351342077509 1069631034633   40114849497  660875151902  161984759667  332418236954 1010399600607  683955768777  572163085412   86522250399  536859251231  413835472771  484864317651  341238324876  839440474125
 39 |  911742363244  617610046230  207472132242  634893834044  552970993772  831920742688  625299657742 1088393809650  770166524675  491406911185 1085801153256  820628140139  342655485964  529670041891  240982673743  132520273308  421956893731  601807256938 1064838905797  576748373335  190166758978  659788073659  554908510510  504846989702  370954287103  768911670775  788516314902  157778428335  848472433970  856142686190  970443493299  512955229686  435992265836   59973386060  903113183629  152292922563  303687105937 1024617152820   65734465775  506907413378   55590504881
 40 |  886593189416  437640990561   45232102023  611975052264  247985014280  850173470869  212617374186  945649523044  280392474850  406133229971  940501126308  156368133359  718628720344  263637232614  530168705234 1072096593589  895904622469  471820934551  133062286996  440454080025 1036612717342  591227015388  628344830634  397802364309  257751832407  867651631820  737336276349  575376858665  422792056435  294837693382 1094530179327  557136736559  209724498170  926263117391  273318339740    6079628743  632370489840  539545742748  474358395473  480345762721   10645873176

--- Zero Minor #1 ---
  Minor size (k)   : 7
  Deviation        : 5
  Principal block s: 1  (indices {1, 2})
  Row indices [7]  : 1 2 10 17 19 28 39
  Col indices [7]  : 1 2 5 20 29 37 40
  Time found       : 4899386.5669 ms
  Minors tested    : 475352464041

  Principal 2x2 block (s=1, rows/cols {1,2}):
    [  574098907867   787045283971 ]
    [  243866312256   727473752063 ]

  Extracted 7x7 submatrix  (det mod p = 0):
                    1*             2*             5             20             29             37             40 
        -------------- -------------- -------------- -------------- -------------- -------------- --------------
    1* |[ 574098907867][ 787045283971]  431707736540   896063086152   409310803536    12543161947   164166362397 
    2* |[ 243866312256][ 727473752063]  641446552386  1021385128308   469778894557   610605682137   347348174980 
   10  |  177791543042   729253201693   988960435408   735493618621   455813584227   265422599485   571196691241 
   17  |  288479350223  1060665446049  1046714737272   616594717890   292322704723  1030666352893   948429030639 
   19  | 1041246047870  1074678506787   199927814199   298199712322   789809065030   508516718188    82315186620 
   28  |  685647929205  1039008863683   648487737097   895507109491   426452905291   637316261535   993171278171 
   39  |  617610046230   207472132242   831920742688   190166758978   856142686190  1024617152820    55590504881 

