[[227762273 224740947 97834010 139161822 174041689 267170739 219610704 13203696 137879923 158451180 204006770 191228183 163945565 238099148 134665461 167249619 166055107 147164919 223849959 221228881 196991541 209621499 264314103 104573933 70521001 234572710 187698487 157471664 144046194]
[26166400 5375585 196470879 105406264 107932090 104029663 212076699 75722740 188658277 234653738 206799813 6902243 16751489 112348515 143773952 229255003 781475 114608936 66424949 132161930 6547479 3189896 229376974 103521708 3659727 65592641 86432437 22360227 74711311]
[129534047 124039363 125150599 150356392 230483335 236636822 197689045 123102470 118444751 224888564 151449394 58131445 192963207 8789084 140169391 4996761 122019368 141791134 234653396 103547708 266474500 216812748 188250807 27114443 91816318 115056154 155366582 64050964 108197030]
[240971707 214987201 58412457 253409410 4247585 178271513 184471112 187992573 252933551 4747115 19145714 14506458 119635069 249917987 259987642 189907317 86549779 191341496 14424199 140326910 257269546 4692437 245055639 206229944 36813345 105262621 37019327 147437450 140165239]
[151349682 37875896 265734353 23333576 6293100 221197444 89188008 11119321 54778575 202176472 177245135 80854745 107138705 5230587 222382811 153435883 110567656 80557583 71760649 152993909 122358478 145028689 43773463 8769931 152466416 236670106 184870155 80959828 186796082]
[199464475 166368612 193261216 198089997 175504246 68011417 214746294 115896360 54507856 187922902 17663207 195800667 207870781 37481848 207408901 253573526 137891514 213477058 191216566 254027069 266032213 68804705 189393235 69735050 113350189 133324152 31262558 212641367 95514970]
[174132558 213095835 263156852 133123054 31842975 229285108 31113812 107917141 256130970 127145833 48328010 876567 155180908 81091821 153502037 155260681 85247851 91617770 148398554 243273828 203704482 3754073 124144789 246823496 44761558 47036063 161738350 257751799 202152691]
[163264486 71540835 40040868 82170572 6213128 119315862 45561684 82184278 86742693 171397111 180322390 203763423 217560558 39777068 75246540 250439028 143554360 98028949 236587998 249981566 121249903 191825777 196097666 252062083 66485743 131903749 177869840 86009991 27280570]
[240935071 232667896 172054286 135513399 186705822 11753648 9516341 195858581 121045470 119761074 125797108 224705586 86853386 167538627 225301381 57550027 22530980 136831404 77314358 162215787 89189495 43129412 36219370 123852476 139721738 90247204 191001079 1959052 34752127]
[223148140 20180921 200931417 161934023 563322 230897726 178711401 183850423 216503911 72592391 13468412 184086827 264505958 142456997 158208645 246421362 7152426 18692838 128897201 90031877 238149566 40724474 38426865 86180957 164376375 140085710 86110856 200025449 60574531]
[54061625 107764087 243446872 147454266 87701057 182470697 208351013 131432892 251553302 193755143 172669054 220236785 146533603 253514403 246008618 147329571 80587496 66413710 40353383 229791653 69438239 158878448 50298111 113477957 232806526 239922887 82895112 24209174 129585850]
[161167312 55981446 265998132 199796210 77198575 211434987 143372819 207805651 243727237 76892002 49695807 243915986 231351377 120808687 227296786 237318499 156218933 133926176 142283502 258118569 29939463 4139311 180405965 261892429 51844612 111597511 209613167 40410807 143764138]
[118297966 164746910 160798894 152015438 27552015 136950566 217464747 173775907 181164655 211484380 155643835 99689758 126034043 170250309 124750464 121311924 89466728 75345814 212557605 61944244 86972056 185443070 159495976 164918494 192385152 19811430 63080960 120337122 6418613]
[84722020 117464872 73988985 130003974 253602884 152011320 37170602 266838419 247370084 196360761 230188022 55320226 57486409 185852927 170214628 238513579 185389985 30604887 263646682 178382592 37847983 221476892 242641315 32159398 154091359 32776646 142859830 203963075 112581979]
[8193929 158232893 65011937 77809254 78988616 267340682 110121456 118956845 43409539 111472004 126099467 190351340 133163798 125492805 40925387 72831919 211871703 174210918 143924649 128949188 168618171 99033639 99052555 211052788 41842158 129700036 145336869 69437369 205010940]
[246747214 199023316 227761382 235521743 24421006 79025976 254779631 49571896 219226432 223238991 41720296 193425907 47899316 126251262 144918042 101516993 254733047 115005969 129186903 176100274 94063549 154443701 207470464 263696279 169173093 140993125 125676524 261426816 166107090]
[151906210 85870520 241547008 85658724 143528947 194812182 131853629 81192277 224629415 187712708 37106425 246217691 219098509 219733086 46949309 150229905 123195688 163329224 168271804 107968400 228520251 145600320 263455080 28186687 161169035 5181101 101912848 247044720 81786430]
[190158492 46536001 163362038 94790706 37962262 261917008 128279830 22481667 198880122 106953772 108044532 17723832 241723562 239998901 37313335 143984444 116461459 39290233 2701657 97554636 11284933 252459216 253658001 10158020 256791588 159063649 198418837 199268327 180486544]
[58719155 204598309 136777103 230440017 228830409 254094198 254842514 155794809 72507779 173321765 6946825 194589159 4571218 98391211 11545194 229443798 59672498 263381777 265324375 224233500 113486860 248923 21251927 248766393 55835697 186142409 254285363 47066634 144603754]
[113877819 141702018 103084068 121835800 65792750 170336253 111907347 111682258 181905497 228404894 95791860 182299661 161509721 58038738 196186519 24438738 53433942 106344737 51572341 62460953 267592142 60021556 53993066 57326234 222056389 95165297 7211696 241645691 216135129]
[124121783 216332708 235063489 92456964 17845303 63195251 247262037 61569766 5854769 155668396 204882249 44370979 155653040 139203528 125004028 155712221 2563246 168053282 4019082 253238141 61490927 163665983 68659698 168967286 126031743 40138982 53714669 87086261 101825077]
[104992084 265674613 128862298 60316902 89915579 231631394 181930341 207864595 217683847 170872640 45683005 251693666 74533600 139590379 104475197 16998569 160470826 74002910 104421382 6840575 108058128 242886269 35652913 76582191 201220901 49007141 221797993 121817430 169742275]
[178373504 194359998 252863271 220568774 138148447 119901653 258628907 146844791 112657049 48689344 248367894 187137683 42205131 105258972 253463616 51779725 250579267 111777312 39511053 55924194 99767785 146109049 218381631 68067099 108725300 210608718 172455300 88073825 43505764]
[105628994 256789839 93097216 228061663 236439472 267042577 95550379 37736626 82061046 91232724 148839490 221192263 72820910 5300588 44959506 46422574 49789977 241699581 168978014 34364595 45895137 125023926 217488842 16757741 164639480 221718248 129716929 45940979 110652240]
[80236020 68541616 184698075 9905573 66376256 35496691 73446250 88623257 190671496 257400254 141007270 256461372 227802088 201513103 233239187 50534267 178487855 223006386 88610459 158541550 196865549 223022542 253734223 166386849 231733066 10690764 219265922 157628314 192868504]
[193463756 34485131 189878033 164985644 204350302 41682957 226963732 8765268 11989032 159083981 64408105 228986094 77366049 175869762 18089203 182360030 175707141 120006428 126989146 62460102 115912277 82961631 118993291 159267125 179288889 16919420 119169166 164637258 110835387]
[178111733 129047944 28313936 104082778 259903399 15223747 262729117 247314860 37713717 127515202 182817668 247172822 252433004 163616178 123789548 106406679 143299553 67657601 202065310 62126881 29191780 171369682 25784564 119402926 148944974 133573737 150692004 189027371 89909463]
[34304916 72961746 257710069 248427924 265848727 206707606 171914363 268250459 142706316 137854511 267475000 134337244 70915925 97434282 120304554 228795242 24880223 125576368 193790402 7254405 153568672 152164757 83818189 84375884 41370258 207418114 36122736 19796283 78340828]
[13143595 167582056 49561497 151119478 246317738 253969006 44950309 12563983 112552699 99556310 243093584 214165778 63908105 131094341 129948251 98627307 15754938 131255368 146363864 106045796 145713048 5885967 29285035 34485642 241501173 84038977 134744061 255041521 123971822]
]