[[29637902 33117179 36269571 29834307 24740809 15403939 20149190 43570639 6135989 40682081 30387863 31319467 33580819 20525845 5411327 21539286 11158967 9644912 14095280 35987195 17463531 25703829 14274784 14877373 7463515 28781615 10768935]
[17669213 27233417 2638860 35748473 2164629 43774170 35732392 31474092 1213933 5081005 836464 40234060 21023638 36389642 40627148 39606074 13495552 34774192 7902216 4549156 10827319 16828157 44654093 23375389 3082228 32846096 35066607]
[31346877 24637365 17588503 41516385 44484321 37734471 44068840 10701408 15565769 32625273 3881438 5754064 43909556 9716690 16532912 13598058 809763 5753209 1104855 6596278 6912786 3338596 26116424 578154 8359892 3820716 2186627]
[16643397 4135848 28436282 24416857 26868144 21891247 34817148 21534650 41084458 27976081 839351 21510104 13606156 33374981 29414625 26455784 9456011 33127055 10590097 25312810 42613962 27991130 2734236 21390365 20221748 28259765 21196882]
[9801850 6025522 1557587 22287879 38154482 7201288 42540261 33678302 20555496 25359649 3934313 43924027 5992298 21904140 10033925 7938050 39073067 18032101 32377483 12311868 34218217 44851679 22789037 31515253 12724707 7182348 741469]
[3506064 40907625 14947040 23302342 13122859 21670093 14747280 24440295 4790644 3983546 11395002 39965421 40157285 21353903 11934827 21352692 2027911 24349723 33024560 43324194 37600968 8306552 40797957 25736272 43325727 11282140 28624489]
[11312815 549841 17723630 921378 1175340 13236395 30535352 9687800 42444497 17399614 17705609 33878799 13057314 19051277 27311712 33063311 4132420 3860970 30727702 10147378 11430456 22513016 6280896 30493480 18908058 43264917 33604573]
[27766209 16193068 21449571 27095030 2841787 12551738 18904028 18603893 42776548 15653771 31177504 36959573 37598622 30889234 4228098 21170133 2428994 13280101 34284340 2456161 12062262 34286516 8182119 25996796 5587500 39878815 31811116]
[5084065 7042975 34626640 7466877 44540866 15624898 6190751 8271879 33029552 40900378 26559814 37541703 40423068 3300414 19687308 8821022 44707719 36661805 44287979 31240072 34000363 26171247 10946676 40287662 17590379 2443426 39237644]
[3584600 31540389 19469662 35269202 1783024 35730697 8874988 6316779 43635497 31879584 27249880 4065219 26076378 772743 19315080 20236905 41423758 33044798 22298875 23047180 15266159 39494812 44459876 7656702 34105732 28420410 15654605]
[16504250 1557677 10647158 38025847 9021206 35112821 17818339 7027725 44713806 20495288 22217825 4034035 19016650 38678501 24580962 28577988 27993922 73751 38120919 32647865 12541565 35213134 41936905 25807865 39336428 19464691 26300390]
[1222075 38138857 20417449 36856253 1667235 13863466 33263687 10979192 40518478 15579910 38641695 19192835 30096453 2161072 7320582 16708314 39244909 5646999 6241452 19537552 18173208 3530826 22484366 2433191 9296611 6487341 1754995]
[42203311 17929408 25195349 31747539 35566006 23609113 5900570 26555503 26386331 11371442 28307388 41896745 4047048 2683885 11091862 42625265 3500227 4928525 41870328 7616673 43435183 15628385 10649310 34939362 33344029 4737046 27456262]
[22697443 23769167 23273522 41221027 7027170 38529993 1519406 18713176 27113390 7543862 26676140 10691833 1417599 19687291 801247 7052448 37641041 7032137 9276052 11389126 41513856 44162684 33229995 13796694 19795350 24388312 37373506]
[40856123 944475 26062999 897741 40992998 4629595 9087884 41326155 28112935 42330356 1125343 11373301 39307743 35285848 42654013 40950862 27985127 19694658 5293443 21080564 21361945 39131333 24474474 15482905 28940592 40732398 35085653]
[14133792 42414666 35542880 3370146 35940862 31433094 8755567 20597499 5296928 10108630 20482675 38147469 19792250 20411951 35563401 40592087 18656568 19254965 28510365 27625225 14640860 4736114 18995599 8063640 38506529 42371549 3453186]
[14295490 447333 31485017 10489406 8718869 9050176 39275443 42454540 10334109 26832714 2435037 26587727 19625579 1585632 30285394 31137050 18150084 7931823 8585395 1532074 22001855 9840322 29661050 30379098 6408375 18356502 5288410]
[20158410 37156865 27570167 22051837 13342043 36248720 42732442 27825867 19905917 37906854 37564045 19068564 23711368 4414777 35470186 5886033 12529178 38543617 31405159 39907253 44282524 12261137 26643307 13248335 43919059 43386748 13255189]
[19415364 2334364 9611683 42655629 16293814 32326478 21100290 23959617 38602581 30251446 20349555 28322964 13568567 10169744 32857989 26144195 27445567 35699725 41648534 15347644 35248605 2671561 43534316 31613739 33521739 14791839 44485736]
[41799322 3817201 33548479 9587322 1158510 1305378 13327679 5057002 30418515 6252336 6473544 34113983 30284005 24601434 33239882 600386 32561796 6561219 40266391 18999165 41164512 2766758 17090008 28096059 23607184 42771828 17535845]
[20937325 28621724 23430995 38838735 42584343 789977 16591352 25499841 10957210 36897610 12314372 21406813 33750510 39179641 23500419 23249976 44701024 27385535 41611468 22318863 9278870 11184735 40779671 13679074 43518674 23510390 6052474]
[38620937 19545959 30748389 31198144 12904896 17219639 18561039 40020396 19393350 18839940 11174302 34770430 33941928 10675343 13309470 1366178 12984010 36324534 33641487 1035803 16980745 18121662 39947884 6381616 4153576 34764932 16594395]
[12923687 13282930 19029351 32112987 1902113 969723 35544788 37034964 27252866 4869804 29114655 15371074 30448208 31703127 26242533 24478056 32790729 10320879 23385994 27398949 33690958 35762092 24360178 11676489 16363626 22705577 33800268]
[6312964 16332595 28349319 3855367 16549998 15385048 37094225 32329110 23700646 1977401 10937955 31699431 41844117 27212509 10785416 27076798 30544628 4617671 39401127 38058125 23604340 42411330 11286752 26237686 17654811 18158125 16109374]
[20530184 20608133 36726611 37439230 9623740 40643560 24862277 11956897 22720370 4206215 26084675 19690784 26168367 24114785 42264449 28333590 42347286 42853439 23314986 22807753 39541072 2151742 1250337 27973485 35623263 39856133 27692334]
[30486694 28647973 39428576 33340154 12683109 35477321 26096539 17637928 42202737 5777444 13561141 27739312 44369044 29854697 13680308 43501132 22555443 35750558 14979318 42436919 37008244 13725768 35976651 36288313 15583471 5857306 23099721]
[26263455 30389448 1264946 1547424 38655501 34206270 39824242 28531475 43129704 556058 33320125 7874756 42807454 23043296 9088808 25072617 38288599 15468802 22290805 1847295 42372560 34661503 41448977 36762696 7965532 10775707 28630378]
]