[[725087957 3846576245 857032200 3444466103 4059775699 3576652930 1399274980 880719782 1761009258 2525929295 4125942500 1480748418 2637485677 1741373470 2000795355 831569276 2098591376 2759051898 3080110327 3412326120 2593717190 3334132308 3277686290 1997897925 3952232567 3757877573 419784933 938594582 2920557012 3901047053 3081202785 4121534240 2902930943]
[1938170068 1385821834 2292143987 4178785205 4277510858 2682928925 3442183578 3724747504 4011774422 2221917663 980839240 3696234703 231659138 1492067659 1690022241 2413528148 2235376882 481553910 2146421635 947987463 4281074460 1100482909 3784799826 1023397674 3788243725 3412864170 1704241018 155013307 3319316555 2213559376 4145329593 3339180267 3698954006]
[2719093502 1619693402 3843993588 2429487551 1789876692 434159232 716804879 3289173368 2996329952 346251094 1378434156 216229104 211184893 2588623097 3051256204 525698951 3880786796 2845132723 714205026 3937004923 3788309385 4210858001 1873077818 817639990 1562766953 2770720655 3092748399 2257349526 432975156 3479618920 483571123 3233704110 1899993150]
[2494800529 3002298768 1145783413 3880907651 484234109 1984168922 1115006519 628556970 2617678986 1205145807 2631923181 4004109984 646640874 1304310142 231919171 2477772075 3499278490 1077978672 487159851 1303794463 2918274722 2525059707 2197665529 3339020754 1715917269 1397862994 2040827696 3871005917 662337175 2076831745 4001906980 516261595 2355095054]
[3510895304 3504163338 2182424556 718009130 3606030623 2516143247 2381125117 4050564946 898851190 1435739118 1177385297 2044288633 2105631847 1233938226 1289061290 3451740417 3170795927 545119973 3068524000 1994772926 4040673665 3254949526 1223378056 173680690 4127626873 1868406251 3962114604 813623879 4003647879 2343597816 3578023664 462842048 508995563]
[99834575 4013957213 3386187150 761490373 855497966 1458176118 1479743886 512922290 1610318031 2934000499 2146254984 2454654634 2706525996 1742764943 3807817589 3401448295 1497375842 699953643 1844049900 1225033420 2345771712 1696090487 524071899 3376863509 3263830213 2650081725 11888984 2629316827 373391841 39761822 3554986109 1578499971 3188364528]
[3181796216 117489314 2314191051 552780321 42043495 1044352099 963369137 2992050934 2493908158 2138176010 3674168363 3720836327 1217725548 2856302166 1995278398 3316773533 856315999 3833125814 4035358976 3271587903 393429473 2517123849 731318804 1399631805 1254769065 2294073800 4202647615 4009911121 2908971188 1848108405 1521349007 3183296405 506165160]
[11629120 4194220083 3915099888 976119311 3762120252 1739442269 691512616 3827718904 898463008 3504903798 3908520562 158564918 1737705135 1068089883 2930333223 876997347 1588253954 3972091803 2925436720 2918078802 3485891511 2443711172 1157068155 613129050 1923904291 1923254656 1737645754 235942076 18311758 1234139435 3037959220 2338017930 871519022]
[980718421 3936797240 1691218626 943620162 688791089 1593579211 394500237 2452822838 379450520 545803003 3155043749 919965058 2793450854 305113911 541454546 3930295729 1107002673 2122213017 2741007749 623750091 3012258983 4129270299 1136335232 1787431279 2758431424 2938549688 124858651 4163759751 1307676042 2359311800 3893665079 4124898314 874779838]
[3741518803 3010475067 356723640 2278448813 3915900815 365581161 1633301061 2916249994 1105772142 1005423003 2819811507 1741152216 257179699 1478603090 4230982998 3767917572 4229852565 2396729396 1643789085 489390194 370708285 150854920 3395612217 2607668903 3696147420 1483760248 1514457974 2832340269 450244156 3309051852 3152732426 87684450 2780058275]
[2651273620 296631492 1496520967 382036895 1319645068 3959462994 1086805535 2303758284 1447958806 1501342792 3254279624 419191718 1319052233 1156705871 3307089643 1415546753 3732874112 3114329100 3667273003 2654198673 1718707216 665390017 1957597360 3800841750 1985330641 1236275173 3140542688 1103337383 2530063807 4030697924 878247152 1266036164 4285958177]
[2579972549 402892055 967461664 1736671381 1909811034 4138062276 3740033630 3359237876 3519742404 3096178676 876170641 23722470 576815736 1741730127 3669859604 3319391636 461844161 2718878401 1124611578 738366180 1418398357 3283987002 2108222161 2344782288 131411020 4287188958 1263360283 1537611735 4128053614 3106895700 3898180651 1328196781 2992170818]
[837804469 3198939490 746886331 2884717792 3819764331 1090630482 1448348627 1349809910 1980229220 2893993532 34014356 4182970781 2685605848 1959450906 882350343 1692045539 539099287 3059548941 1724977472 244367748 2652319775 3301133571 2380753998 3541026272 1568640458 1555985468 2242468442 1264440721 189198222 3914938177 2286463396 890408902 3606637147]
[124189410 2292014343 2670288968 300878220 2522791339 3832122789 648030012 3006724563 3468315546 135326067 2719080461 3241373600 3970771220 1996176372 732207067 3382643774 2516691109 394593413 2078023263 3978798932 4176429787 1085296238 797044046 1397731827 3889241003 2172595935 3200886841 1160072805 3500195238 3173342382 3932425224 3099925815 1060099175]
[2296277872 1742471612 610116660 391234661 993763467 1756842540 3319993340 2364289182 1773793401 3624470231 3132071234 336052051 1709785926 1890576523 2322636643 2205558296 4228720002 2033339907 677099685 1791342973 4279177388 3012146263 1868233528 1784021023 1436008936 3168382637 3462629644 1800711769 2549503236 2557580606 1519325743 2891745189 1574576337]
[3317147761 143467516 2568276063 3197041580 828564549 871720413 4007176738 4111400763 4038503082 2777393043 2161227124 2649938734 964618632 11805214 728654865 1485410308 1586548828 4191783209 98421927 3866482487 3938644315 1296448056 3725378765 3531397746 1987890027 1118614049 1446372499 1282887057 131014799 3261262494 1341350733 3167989045 1929391415]
[2116996827 2436710384 1596181432 4080573460 567040928 3297705857 4029854782 1779785239 1316779152 2716919059 1344577336 595334795 1091450867 1793963875 2345524267 1193631072 191967742 1593728201 64740695 3716815126 560722292 1998416962 178804902 2478118883 1660065149 3953886368 2205199062 1995175604 4055569997 1833774563 3860493457 32180485 4229545182]
[191038035 766547250 686274269 3286646180 1700995035 241765485 3119733684 4163008347 3882846365 4005404967 296086765 1240723890 814150686 1665430749 294996421 150066259 2776680261 3725047515 2894047368 1283232329 2455442014 1328982063 2426939532 2281145775 1863625139 4265541547 2625124590 3671647546 3924027842 3032880580 4112818538 823771975 1534639823]
[3685850235 2209312964 832661152 4073728917 2170472232 4018202603 2374679382 1047806428 269401122 1186873483 712592503 1636581928 737921903 2461275499 1303570898 3895978456 168129133 681374019 782385562 4183815398 702738760 522747859 159127427 2844513297 1219085913 1902032745 1160709267 2618497957 2433605864 134675503 1460278155 2013328882 2898506014]
[3294412909 2944275073 2410390854 1262816631 1685162839 2195433781 3017941581 2079195019 1220231957 1728140510 2192168289 1058638061 2476290129 1350202761 4003378406 723352076 3583231982 284320445 36291200 3229028829 2711494894 2742203044 191314894 1382639534 3220183926 3049511291 3455495231 981214953 279208679 2904934879 3018206811 385664602 2453116204]
[111150481 1627979672 3748345539 773165658 2038980522 2995702525 704436717 2998442506 4139017308 642462631 4026252664 1380301280 420100275 79087439 2659668457 2099563995 3289250064 2118181603 18586732 277886006 3058243357 4064363267 1601792007 3212398680 3543469536 1634219379 1626219001 803149566 2142076049 2236430541 2242199689 1241289949 2868096097]
[2835849544 1821833348 1032405823 452184448 1406338911 2688715680 2020524656 1462203183 2272457257 2829405404 2770457605 267710043 3469457754 2509763551 191706921 1109655055 2603118827 2564043180 968413020 2549872760 2489970545 1853036003 2696761213 2071561323 3524178530 2796099302 4225407992 1313264867 2089644503 1766329314 2676819591 2309607041 710282153]
[2298853386 3979489903 3910309738 2547273982 3804131792 3052572245 338960099 1949854457 1237996642 3676347267 4034954310 1936580102 619741891 1326401516 1062543886 2271608044 432230531 904503775 2336996047 1251387339 454517814 1437775362 2209045998 4190816293 2311215541 2527114056 1510936538 1650662321 191570231 357618745 1772261504 1793338352 2374558026]
[2018215235 163260847 2755548962 2515575801 858435605 571915242 455631651 3570631557 4287877624 528760440 1944542074 3685624636 1409736473 2506816796 2568958481 3433711325 3681681235 3479849616 2467284917 1406425146 1859377312 1707129551 3960168365 2397973941 284467203 1442391033 2652438631 1547404519 2020637904 1153318706 370414539 3396139506 3924512149]
[1274663454 1854850297 136775679 3675621277 2009729233 3478312419 3163669373 1516760766 2015884251 969061492 696657623 1970013755 4015211238 1193957678 1576147123 2385119197 2572578187 515607482 251361677 89820357 896127753 2505393392 2913627790 3175628793 18532784 3240870950 2492445653 1970790834 961215194 8172121 2547692665 2834417370 2136845139]
[2093052711 2877568072 1502320803 1511701130 911965100 2350651631 2697473725 3503508439 4025769697 626491362 2276254026 2081103220 2443214347 3347195648 2772450045 2344398013 1372946672 3873385928 2310029863 3910590762 3217555493 803121115 2117473708 3927502759 3378681129 1710273868 1265083751 262897627 2913341642 1499187494 209925091 3556003286 1326770676]
[757972655 3139827060 2022028282 3355454784 65309979 374639587 3104078207 2931568133 4188071109 1765664236 3448853146 2184302340 2919568050 766008851 1005420910 2034661816 964892961 2689049222 1188449960 1566734673 1759968859 2452426196 2004168787 2139674358 3872703249 1555633985 604615744 965100775 4214454965 99535418 1737477018 2789259158 4239974864]
[2670433382 86841142 2808826616 3732329910 1096038858 577038413 3593939298 562712055 1134470898 494465092 4011842393 1314046498 2777127821 1892131821 68235615 1866387023 75812656 1912944299 2877865416 2843288061 3523241109 1572735685 872151928 2533816061 2386751289 3337713367 2367194106 2592857050 2904704056 3448939370 4144364360 3626512041 1630660864]
[2665289589 644952691 2151589412 290210848 3270961274 2226617379 1896693319 733119009 2365851032 1089298505 1286161253 3115978180 4043134772 2211977753 2662674816 3257173409 1511082365 3708416465 2379751166 1076755737 4055922290 806594173 2857223246 2528584064 4115025782 2889935248 1110562204 1101674432 3395218870 3908224400 529232198 2869211836 4192988569]
[1340442816 104901756 1911695313 3507503719 2162357912 1447291868 802173199 644853360 3966142448 4073190160 2702962376 2174129638 931594073 289990437 2762364628 2214194308 336494363 1387122921 307607457 2957227201 2611145013 34513274 1379070277 492767375 3398341858 2553151180 3316828214 3899976075 3772439230 2006860093 3075014380 4246048752 3586664798]
[996487480 1097394414 1523203050 2239201878 1958770550 1455074611 3301563980 3951695020 2438831446 1917698993 794405232 320941925 3342687878 1211316966 251920097 1469256584 3793290432 3876759482 41753323 1920494228 435421420 1689908760 2221873629 2163302725 3097968635 1728970956 1350900503 3224228699 1560363656 2902471275 4127173515 302606992 613911432]
[1022297422 4093039408 452997403 219528690 753321611 2582059184 3687785939 2324293968 124998719 1302660007 3111787601 2681842180 1700662896 2557393331 2092380615 2090366323 2272935409 2751778753 1977348719 2005077173 2928282073 819074234 3705730050 211889143 3779856637 2471053445 2697370130 4052922720 4179035003 1351970818 1062173293 1652084272 3936670726]
[163110829 3024855472 91135578 3250993173 1989075328 2878987964 2929770072 3531452994 1009815767 1684465333 3506764681 818030897 343503597 3907182979 103412647 2741878987 2924261695 1800651215 2985126170 1612546260 944563340 866161213 2903015754 1166218507 2858041087 2513301413 1308639064 362080509 3146402320 2553770501 872819074 2105171053 696720976]
]