[[4135546846 3504556142 2461825659 3837312217 249405900 3578039797 1024166185 228707763 483566206 1366776121 1451245451 140522396 3531026509 3229083586 725949344 1503342051 3227968787 1529155051 3028317856 4226069924 914676454 2295612415 4062652806 1350210673 431041887 1956607373 3029970882 2014900643 2853841911 3397255441 248681593 2454286774 1789487015]
[3194971093 2196836723 3870895726 3713583541 3157011921 2177794297 2149902773 1362258706 2772217170 2891655360 3734291548 1290952476 1718733533 3861628458 1805797400 2151983151 2247797120 3663608467 3824365832 4003637209 2306060160 2834827372 3833182574 3763651331 1719100801 3048941281 3875188677 1545194145 508212578 4062879606 123491033 2338023619 877237619]
[1283486186 3121133470 950036833 1040357680 2227595828 3462749346 2502450600 2688685548 349010777 3645318027 1102855432 360158259 713355758 2643856881 3016506888 1879000355 1239861499 731942551 3759687084 3272546109 940669235 1302831055 1453597787 2255029620 1711663550 3984798315 3519591349 3939918698 3866815778 3449050214 477683302 497376221 987563506]
[1074255059 1259858503 3844565637 2740756055 3690504156 3000061644 235828254 113757285 3569767560 2431068097 1999606721 1612900447 4290027183 3739597128 468430721 3535813924 280132108 575268272 1316420532 3282801977 2731767597 2011592434 1710888744 4099407859 522649389 45148931 2848369463 1253252146 520183938 3554258713 4125535835 3338886587 3939034758]
[964987522 2301262933 3959649240 1279602076 2012571435 1504281153 1763916994 871444765 118577478 4118816120 1784596400 3981991986 1970533418 2554511047 224335682 283911886 315889116 3107721396 775311896 1396895476 3335947289 1300721000 3640564365 2000476345 116073747 504798623 2450796249 2015818491 3583422770 19076581 1605270831 2640034096 1178237797]
[3858401626 2145650143 1888489155 3696523994 201243183 2743997066 3940989803 770982832 3350043121 302709983 3856639176 1004177492 2480706314 1412500668 1691142023 2941793955 1800346083 2176719144 608184847 3640938404 1984168938 3401440241 212739281 2741412033 3555526077 3922218397 1235175909 1375525342 561609059 477697442 1533472753 3929384680 1632001789]
[1110276853 3250435655 2961476981 3860187050 1837787228 2906408611 1663319083 646482631 3092420007 3536905196 4168529183 1576769457 3761511715 968884203 2901340526 3610504333 3739919921 2437323334 2238110549 913199367 4179074673 3778471601 3154791606 3022951587 3193847903 828936293 2270776930 667490066 588040637 108884373 3226714496 4267739697 3828497517]
[3543603583 2745889267 2251655439 550259447 2196905545 1664066858 3565440172 1146836688 2471745042 4274088046 2243113736 2896926960 2519484519 3502497608 48668928 3961504617 2461301694 2392446190 1568482030 1505947801 1116720875 1432030704 1091636976 157018156 2889063445 2840142944 281306447 2359486276 3264096505 3325571758 2075950577 2927193436 1745137740]
[2982509918 2740618902 796591540 2509695318 1742808918 1162874271 3541274178 109659011 1698910489 2455766306 3018970057 4235341139 74712591 3428087181 1733947537 1886819346 2655043981 523396061 505984609 1174508886 919704499 657722825 3324822654 2121997654 1353385595 1663890563 2192061442 1797999268 3337285926 260718618 1203088535 3325143052 3024786395]
[2719111489 3031796855 2042833493 90802175 638658528 3334398443 1159608572 2870503374 3395763642 4248212275 3054362874 2379501471 2140038460 4096710411 2604205843 21658725 1270010921 2304996172 3007510512 2057383920 2849181984 1171223975 1951345411 3350920930 1777519097 498459479 3099206266 319882604 3108533215 3559928215 4088711505 2047705147 2107711029]
[3815173216 3513318818 2233866145 3551163140 1087574893 2335934107 476490433 2050805387 3038368494 2730360805 1222996125 1378968082 4096050550 2377890268 1070231883 1308282557 1037848037 410954229 3404193538 1556072639 44440683 464096314 1486350591 257861230 3974349378 30605612 1959284298 3419031387 2731404955 3410772621 1455768032 2058994688 3581144132]
[3408083118 72758897 867894801 2239132222 3838712102 1378139042 1558564811 3835008800 115579643 864373335 2267094036 1072451871 1941019722 3760637166 2227505516 3244980368 240326219 430784144 8333311 801225448 672383560 2751607667 4240858671 2786236841 2544954897 413974370 759300558 1992747288 3826707442 4170235062 275196810 2488345308 3369254707]
[303716642 3378866421 4040943706 4129547201 2928019143 496339247 1496454436 482140703 3843310390 948208976 1034649579 2164512985 271867111 4047177752 627533193 3902897288 660031747 3796251612 837992785 278372035 891461307 4223337417 3816412721 1811579095 1855184271 3661641924 3925054005 3293766685 42455921 2799198269 2647821790 1460354095 2859300393]
[2403351274 569031552 2366447925 1562900932 3212432790 3701284253 1248623874 2953948797 2627741905 3336470897 464629661 1555118053 2757733403 3429067321 3353070901 3343965049 1485024313 958365609 868795226 1148123204 4063111995 281574903 2929670959 1697818844 575675798 280413037 128084261 2048614479 3397407919 3789126850 2427977879 3591389535 3864091484]
[573866935 2952720465 2785620218 181912349 3525276707 3001791077 2267862314 884974896 3709134829 2732548945 1662667648 1199295941 448508393 2340005071 882988377 4023606643 449753567 445326005 1901488093 1296443303 330604000 3506482142 3833660010 461376709 4198541624 2821086095 6004634 889417374 1127091943 2329557271 2452676295 3476600703 1889518763]
[1331740083 622389183 2696643858 759514741 827523631 1345114447 666065106 2532516664 3812609680 1010534568 2226283961 1699109441 2429713572 2318270367 1112742526 4164874102 1337798586 2962050133 1643995769 2974069014 3273730863 758970122 1546295985 2852946959 1147397730 2078493250 2387375223 2574216236 3636801052 3795998370 91406380 966004219 1607359514]
[1732094287 3256906171 3647746516 288939348 1745603564 993810531 524340912 1703766865 2141836806 604078188 1575414430 2142224636 4052924457 3840482955 845238005 2555653788 3219283321 1315828404 2967086388 3914127008 2291174253 1760804277 2686509142 56324139 3846092223 1636533567 3156589228 3204297302 3484848935 2448113736 3518819249 4141840812 2184762320]
[185182611 3880859887 1356256276 194485652 3064172900 1744691310 2817451224 728875459 578661310 3669331877 2858905357 1576425886 3531304799 788408980 908709864 2213056466 3771982509 1462893190 132991211 519169870 3239975127 1390358812 1628537694 2344993407 2220309385 1091573762 34349313 2765701214 227961734 1166310346 3710727000 166820270 1658866531]
[2642898236 820604485 1290112689 429060466 599394576 2155914021 1021568931 3377386915 1327629603 1118538811 4224994528 223126659 310288436 498187342 1199303765 1193844651 4005131584 2618310694 1415000317 1428814128 428714748 4287701094 2448528189 1265598881 1181101234 660323419 754728333 1123594278 3542866540 484259414 1867109365 3144930581 470009758]
[1575415464 3056306155 3856561361 2275666915 1175327651 1309798766 488627326 2865681217 371577118 3227535941 1156350002 279995732 1184027475 719548718 3315723020 108046799 4192026912 3790224154 792254936 24395980 527812342 434424036 3009076380 3445309999 616648506 2901994546 3333143368 1442296311 3294696806 2693061658 2793928860 3297029575 263921358]
[641626759 3094598067 3273686455 2400920177 1739231520 114544496 3921639575 2309780154 1074134050 549437390 685610466 2395091526 3541397046 693596300 1337365811 1959090246 2884253491 556225305 1466147470 1689288300 3811917085 246262909 1786432054 660487633 417833203 544354595 2629253823 3396825870 209885911 2577964985 1174821120 3226661471 3396893876]
[2586303507 888692838 1324488325 3217014593 2057582209 3121543997 2354019540 445842977 3188920159 779867422 3932594570 143032860 434676435 640908454 438193424 659050262 523883826 1025651859 767158582 587129003 88936769 2603212559 3500357463 808690884 2076595865 2524901276 3255646474 3053278864 1837328191 694630618 4194179498 2451548040 438620786]
[706510416 2703145902 1134570911 1080749474 3438591168 1285239868 2065889625 3756801816 3838280290 2495224170 3601377779 1442827524 1938904501 2873678449 863559077 2978849264 4222604054 2907481381 2573425533 2369701470 759715669 2194632027 892531946 1927084658 2661453021 2728185724 978895997 770209821 2955666496 3431417879 216109174 2025050472 1126082653]
[910945451 981305978 2769042471 3903706963 1178434671 810997967 2779678530 1804430441 1702718041 1335239473 3163691981 3340245510 804206786 3863210327 2327842591 3717270305 4257881571 1211625228 4095448166 3839943097 2919225566 1337295085 2144081276 3859161050 710934456 2894217732 221841091 3418641958 1723804128 3464967149 3936810461 684940629 1965372659]
[3582298276 788275257 169360818 3216711168 3880182390 759201744 4094868190 2960888266 152165422 1405987291 1670810544 3252728954 3840542255 2808565401 1748948257 4018998546 296652966 3590030298 2169888308 3939359773 1471850100 2493025492 1607437461 148301700 148110443 2901259438 3120833616 856554970 3198364953 3099354897 392027300 3601475369 3631101116]
[2761299506 1049687741 4185617156 1918058797 1892084684 130545536 3003196414 1193616004 407022089 2794231941 1114436234 2979021368 903958502 3093593063 2931400168 315103831 1482708414 3170032100 990491871 3295623594 3819010562 520715402 574222303 806543607 2464773064 2917235563 815513652 97545914 1588643869 2156467653 1238277582 3354811555 3551036354]
[796652923 2070915287 3498481031 2544977570 4246343452 1784369460 2711508871 2889796869 3012342258 3613064506 2943998117 1156070620 3644030494 3809264568 1236776235 3482170070 2058711113 4005811184 761815470 3616474939 789175883 988601329 523979672 4030775807 3090837482 4100023943 388400216 3255613315 394665600 2808332668 4023267077 4146787336 867742155]
[1293702371 85159993 4016390683 1357612508 640034626 3545728535 1862486220 723708288 2723836815 3565742622 4037728603 2539177899 2914560124 1376520400 2725672553 4256225606 1282971306 3516250819 443490398 1439400409 1192525001 557699571 4007738396 4256191152 295992271 3434260177 666002253 189494801 3938340874 2682452936 2281023153 524552687 2153067968]
[3929582813 4202778616 1208120843 2446872999 2144487475 26748106 991544613 1668000139 3047644063 1134486279 4274577874 2570971556 2219558389 1862253412 1978615580 3685264337 595953687 1918824653 682878831 1583815257 1652440697 1929265817 1314984372 4164557959 3783205015 2201733431 2274020039 3308993137 3640860173 1611914219 4139434046 577736035 3268216432]
[3824216345 310435657 701115464 3213198778 3909593370 2053835383 900228333 2840486161 2852285815 1265018989 4254859111 900828177 3481590329 704448034 3470032471 2787165711 886025123 997522045 3794828867 3517147210 879797845 2480810770 3235083128 2725174468 2185961303 1248920883 895182773 338408524 3500850046 1913149452 2087207836 784826980 2793157038]
[2402626592 3154655618 2902876102 1692444062 3940705031 3264845527 1470260732 406275190 3187127414 3966214599 2047950825 1512266506 2011976760 4050599074 3662796501 4159069020 492990375 1133925758 2203239979 3775806358 526938583 771347777 1309420537 3436634297 1400317027 647795163 461287480 1470090411 2229050855 323756424 3134179920 3281539555 2581956965]
[3406664041 1636001493 3706657816 1200435146 2006722213 2892676253 3369053898 3826922294 1146530533 657224992 2723577050 2045476605 3901564811 2857118288 1014207403 946302049 1762052871 3559854570 3410206180 229783425 2235779028 2654822626 1204486601 3439554546 1723335698 1542982195 3987012046 1914916506 26132436 1581004834 756057752 3460310248 2048761189]
[985847475 4066497126 2436896087 1451460835 3253578423 78752565 2394625368 71063936 3468460909 676117522 68957719 3396137309 1154725537 2811771997 2103017539 296799217 507116937 2116493590 942915461 2168984572 4182209999 2596603470 2290021711 3282346731 3378611111 3746616957 1756280491 2115029518 2319557039 1630829883 2014752709 3980472172 1893504927]
]