[[108492654 392232818 490906040 49212318 200631336 487054493 333368267 478695359 8188628 280271529 45812944 420559726 304774454 388840637 81232651 25581931 286747331]
[187805482 277503484 344597872 281560273 368157962 115931624 319198097 43426554 34437327 355070678 354753857 2614398 375807634 222210363 373694123 387948032 401955072]
[164561558 390343015 213465459 229455086 280831761 367390871 468324431 447278088 100056005 142507052 324756621 506066884 494493482 260691645 90328345 257268741 35690572]
[445978196 338664988 258968185 431025662 4454232 17020730 479089329 262513766 349602369 211383619 252196800 228971825 106686822 436961375 515379896 283431573 237430787]
[140326664 166423283 271328654 507940391 150890207 511935848 404585446 470936217 17422974 7167795 491294389 35757233 396435725 471014205 378840916 189580717 107222119]
[272657616 342765847 211699278 196668810 250462779 154068204 310127492 535851927 415271763 26190552 412426085 223387542 222575982 89409533 152274318 379335440 217761164]
[205397771 515864074 437998002 222175490 94474145 23901374 159003339 210729279 126652792 412958141 431105697 323373284 155908553 516135105 496152704 469687103 158684682]
[365596306 176514948 457970734 206240239 245565685 227947008 349581378 329935751 290752658 364762866 280864062 477819201 469236884 482316515 66641164 73326859 359804269]
[177388829 293111921 111633154 342870569 32390392 103477246 96619029 460224941 75826878 132664137 506509969 236188353 268190599 267821202 44930782 387322014 306359407]
[304889634 403271338 436421232 286907263 171651155 360755113 461157787 13452006 368817408 474673744 432886370 463768999 375784764 200611886 280444996 327822475 37334784]
[129974845 337517737 200256356 128778783 255590889 195655929 288238093 28668812 328683904 302934408 114302069 440785279 109385348 403202608 529391038 513948237 218275902]
[76344045 48858177 258929897 31923768 481705172 420302081 426619382 283073569 498893350 90405041 267510352 459477769 304978720 359014451 147859566 317327010 346668247]
[68941317 175140828 299790009 336933100 60659974 56061952 154962802 525299046 205466448 331445592 47135324 162750069 209280961 436460578 7412543 530552567 93320086]
[306514656 331658888 85427727 290235326 493404875 517371953 474792594 412871438 517082914 487299994 259152745 302825905 321904522 293874968 325251778 224579116 320070598]
[80969730 535558941 433926494 161939897 383655710 48215067 444183295 518722549 291354164 69414203 152586982 165795760 113647872 452409545 241011543 203460302 462277345]
[321254675 378712812 427846050 35487967 102692654 418916646 280464264 186233834 457652019 460136640 331251192 444118999 463643257 1160545 256519011 533038188 366401149]
[125546248 367185758 396879292 358191603 327578865 99746899 492549130 367489177 386056439 81178010 254709645 210830174 235281152 502054858 529682644 429377904 491048213]
]