[[279418532 61934407 88117974 408654240 5612570 525200613 207877569 188624396 161127387 159745973 179643897 120258785 105181107 448039964 170709422 516991595 468259076]
[369798656 439089288 332682362 408473069 322048913 484209173 844475 344876261 149080712 401192970 204110776 245820976 532667120 478171262 319040290 261291221 526639952]
[358419843 314191508 91180434 270521107 257765808 509544225 262941153 250288704 274540567 403531589 508033295 175315973 291586889 359375465 44574619 442263913 358002691]
[531329902 185948429 311213090 57037166 183393212 519525864 86454512 393430964 333471614 463890418 64793300 361970602 442639589 260021449 36620815 20733641 236203058]
[231595704 422875638 338375984 514417190 268445112 121996046 128452067 41085245 156567716 157383787 32669179 291560816 284992967 334738989 82378938 60017714 254915831]
[330635142 266573940 256236810 109060368 18804576 162022046 344097378 391540119 190271997 451425877 327097567 517709102 453326021 35184134 78181314 266631752 317439429]
[89590812 75923077 134567071 462094653 267435970 370930820 101755283 35068013 501147383 215902482 260257437 183510433 163357736 351749082 92676200 38386360 468234773]
[254123148 68902318 50953859 321494205 276284813 176116683 257185395 75129637 66213942 195641249 39401666 26125832 187210833 348373579 264941716 418735601 357717793]
[15622159 266092890 249051813 57585196 525482699 291798829 141700060 186480848 308037351 205423474 481843571 275755670 276768265 55361376 86642361 190215058 228708984]
[41885997 171814833 130640513 164046252 492715557 460834735 188326770 164708490 51382758 292033839 510217043 155293480 161942022 100651148 189621111 443288325 40870116]
[466848081 483440293 220390257 112227281 141455071 437027597 177822024 28893469 72105133 438661799 154938082 149415023 68187347 70999354 144563324 214999015 82496962]
[277258996 307907447 459219782 303398779 159820642 46417231 528789783 134453837 365192189 317272730 247841640 159418989 369537911 457122286 126465352 241717206 136938098]
[350278107 464174861 109337141 193554983 474393301 366983331 318228806 144041390 112832963 314259034 348034375 505318709 346380484 527741871 385737225 278142776 473564604]
[51604325 429653946 158990914 25365862 388230345 38056862 128073169 273250407 434331460 251614842 202297113 298673152 509240573 481293354 14995217 198265317 491528731]
[483026822 440035346 332374072 86237394 8753756 244733913 452770413 511561367 81950386 43669630 356356733 29466442 148692163 182829070 228273186 107454718 304555029]
[155428263 62346278 16703135 348071495 263668359 20915771 194114129 288795155 313002436 519136494 386706016 332761940 122879372 520853725 153533799 147427756 352283075]
[513486352 357594686 18426440 413586395 107954563 412142687 294046699 448967785 107441991 368463295 169648883 458010910 58263007 267733513 292882339 6491452 458597715]
]