[[285947258 475992200 507463604 452963561 208896131 177004293 32066057 409889804 73126151 295067520 383592335 448937328 71242710 298166353 371834117 276736142 523757047]
[336326819 393072874 190037596 287727094 223763012 133711617 362630660 77608484 483186936 285030637 189362333 78456473 198489735 252756308 203186756 494357761 179671529]
[52403956 353820643 191551942 476807098 210515225 133647795 198713887 248329541 374873490 178710224 107404032 217955243 303564796 71402348 430647941 74413419 412727273]
[481988042 102393520 324090296 294454589 466080409 325094411 3749272 117081409 252019375 419793244 138870304 531775004 516846408 239752480 214310973 212387795 281097190]
[190975376 20749332 392901703 499683819 122901623 128540171 344721627 433416511 187015243 144019491 191294196 83291985 163093701 495196620 125702787 222821731 321692958]
[30794312 182294274 331166643 92401456 358585901 31140464 53107844 209078111 80056999 197793860 130432304 308945680 391506041 402072576 364514692 353456923 536706414]
[196891769 29625566 280599596 302015421 497157402 376341170 131463682 327656303 353403010 154349058 420733824 212705652 127499429 303704894 198441031 302830656 124299372]
[207246646 248923322 45281598 201344478 399811271 411765849 333871766 408653527 269003286 306789794 209701182 441013907 6974259 135710267 506479413 379203117 294038869]
[405284325 409111615 202022376 293250197 64248524 428022582 439231117 188201369 339533248 450509366 245946738 144651963 187635520 60559354 423071726 235268023 475474604]
[367523883 351787777 76387299 387713952 325737166 58522497 85683622 381295484 95260938 218923746 108055825 357065233 353378778 432080303 383579363 43697035 341719006]
[94245317 431387215 23931482 482741077 13558672 171325547 215472018 160027479 104298374 302604430 140959860 92486460 463682053 412923156 415749437 266764342 298823572]
[331477598 432426267 446785523 110020791 303556153 167586134 208994478 529820469 415765347 465907915 533465818 54095259 496446142 96303571 330461644 413092427 404349438]
[46269264 12693878 88779077 21735276 369161018 87036638 175410781 307245218 33464296 200933213 147131593 519962139 190142291 516013373 229026731 442587352 116502269]
[86078383 386961788 475856804 267496010 288988974 346022255 127873399 366755762 284387451 8314271 55534215 353338752 500137589 275023193 318753264 36495158 455846352]
[252393076 385736193 231683887 205889821 312883749 264680245 512143043 371781242 490726867 279485070 135704826 274751078 276702989 309025288 101152692 237472842 14293336]
[38606606 105237580 5138573 264324288 116221605 382066902 285316561 471665851 368232055 88011769 431613189 130426827 259575966 29590532 354578540 494129343 449840621]
[515263224 381600256 396143616 264071674 187553947 453455498 31641571 310451342 301408882 212927801 453373593 232954076 491391349 511563977 511755036 421276992 421632489]
]