[[177605605 189103951 393429096 484376764 362460539 393680794 151602944 351101719 397210188 202384447 153885294 101416745 513113487 35766513 467817219 45671723 319722386]
[502591381 296477741 55887002 43238218 498476530 398989069 345115963 395092069 56187179 198433367 477297542 103538067 39288423 284311481 320975474 499340632 298704958]
[255916822 296028204 258929441 10556359 239468512 234994925 204246107 194520200 96902480 245844114 33683218 300799811 483752337 390317422 355359359 329346960 236275076]
[382391413 229914174 208678332 41871807 296920975 435439188 35303492 150482252 82412668 222922332 359562749 125575292 23820691 88291163 495935446 480676636 188883897]
[300005143 461011627 477491594 135895792 40325094 428350671 136774209 239210094 489568352 506172669 254150108 401640435 78586776 77119478 244516280 391480130 50519541]
[378186236 492328504 141660566 94134266 299314464 220451764 37305045 2122406 506408118 280688290 193305604 328564682 178617489 188286320 405378713 322873489 79995282]
[122096781 438146272 383104368 92721502 70676267 123500221 479497620 380859215 268285566 190999447 437989246 89494979 113065238 19589671 384061868 15582469 22918411]
[270185527 388829740 18097185 348898320 507608500 304418624 282057322 195624154 337552868 84337000 150760676 256400620 41183637 476633474 210001772 269667855 264048693]
[215161370 199444771 349558627 90635609 281396930 217333363 321174232 370210706 87631413 126397757 379348993 351980270 224118522 335054712 104261940 370216997 57196042]
[530444706 410498075 516303083 279919644 60255501 119877803 498354150 409537381 403237164 163326976 348903348 372542458 440059642 237512326 459539523 319092801 380643934]
[432655889 104345792 129008141 270116137 301049227 8538378 336999766 186198173 427494052 307941445 51861606 128892580 380817538 407324344 358851166 242013971 279434231]
[518637763 518379599 111634767 437166992 507939156 532944611 295967470 444286309 467357150 359902414 238751768 197428729 37392762 408017779 494703741 48017357 345638795]
[201852362 208485723 370402377 41599032 355048125 156683765 145503857 523525524 274623105 491339914 25116735 338873614 15885028 73942174 305790407 102799311 90904635]
[392241934 213860618 508630263 215890683 337158451 208357289 20418467 401738161 8858492 242418801 309855742 348986578 237337314 77776664 245682885 518283550 275063325]
[102631350 311889612 344439755 129020981 149625199 14463597 451325802 131996080 413718136 428514346 180073170 220139828 21370689 43097410 166451791 129778644 528527889]
[251647453 349999624 254016794 148681092 130744797 62831761 503373609 240957023 396026020 1679010 429746773 15817427 178598208 253831553 283981673 513196035 257506588]
[134606195 453264782 261682181 297493139 376769332 162598939 50688587 40934457 451146172 21532681 287589638 475602682 227277921 160016043 159698962 70823874 52773386]
]