[[473569195 5661254 346759781 462903063 53726331 85958222 42293040 467153512 235049954 413222312 113403268 494423327 162436382 403797712 130669496 81274715 142801112]
[205097128 252934454 377077579 435611042 133885907 352752839 511793532 31669108 521642988 210762627 479312753 308433679 94576868 446584602 95222892 20561137 278515177]
[320666739 84957769 526541579 428780849 389736836 275086413 190824467 91374790 128232215 195778183 32736583 291525712 380083576 15724793 385362628 36343505 513300365]
[315077537 291487394 168827235 388222673 286784322 198305268 32876069 57965776 176470947 417391216 530115439 305041800 197662005 305636130 464133938 108411598 508586186]
[194905258 269545116 191818994 223586858 383117570 463515655 81354685 165134505 310554232 12790518 4860241 142561840 378135705 445648327 198700462 6055516 470867888]
[24547836 319328690 26022743 373817126 411072523 405772580 515063037 352778288 153805877 135206635 257573040 57040493 23797625 52131370 442061531 471770991 484342652]
[465316942 62822663 238383445 358969444 69640363 355474407 424412243 436923586 431138202 489313573 82776693 210206855 293124098 394169821 332888230 503184542 504668620]
[91294814 140072601 358625851 81407495 326300147 285474078 160911605 18366025 501329817 100049630 131129810 398634234 216648392 306019983 212936282 451052149 325617664]
[180625117 302523645 474375078 100889059 318782018 517929312 464875625 125793387 507859623 59440294 326617029 248313043 219789644 96496076 240909125 33464847 487767343]
[334620787 167336976 246004482 440419001 211974432 302908711 490304024 157651153 428456237 323528014 70567583 105027704 280856131 446619603 306829966 438842895 326159652]
[372912720 160353926 16760249 424731476 465996011 46858648 8906599 34503324 197035904 364304355 496536605 127997366 323280964 344863667 519006588 262446908 154603041]
[341326424 176435615 63709848 155703024 438171269 405918965 338371432 363976358 367645811 223729632 291325485 103739307 82708206 265314932 468919226 235983488 478876643]
[111832599 510044567 275833988 380250479 156844895 270886629 486821460 104174541 273825 15020844 391757074 71968111 328162456 185100988 153948604 524565473 344876899]
[188885059 139349974 94849297 271592837 182443425 458461336 265423757 191114284 61771961 298244152 481268558 408050764 139213707 86415093 217987377 171456857 415005958]
[85704356 251928636 251073555 444446513 27685748 265140043 173334070 382994872 106556820 165147188 493386287 466711838 313518243 83726474 390832534 94956918 176510861]
[62455969 404513531 12547981 180476778 411930745 395356577 113450968 496469618 223090862 298854060 301196174 10808695 20128236 199705118 243375002 49512803 192358180]
[208428498 231992973 221727720 4298297 330992463 399423302 330299873 23363485 344732722 266114285 48191820 411343618 389704912 521604444 260673282 56724267 219902344]
]