[[128661941 211313337 310450201 195474066 272450632 526765104 442611216 97337580 134199549 161311372 56286849 76224468 171456879 190815530 273948700 101114237 132909485]
[356988047 462106861 423541737 513992422 334077427 97931467 381330326 52177602 168139709 502522404 357904210 223112233 398948182 410807252 346971069 300171925 59878020]
[512017282 353801258 354185629 386915084 130808740 381295637 396751648 443950419 8610936 138258281 211187220 130919956 458186753 417018448 109071173 366376794 60981333]
[396365322 512664358 186053099 223126321 317168550 469125352 534602688 118989721 446012575 27319422 132530001 518075341 187477994 96294224 123937792 241178610 384891810]
[403854531 355915571 181929132 145317017 261968879 429412258 139105423 150841777 400167848 531940575 397399422 277888454 329960664 292518592 209898264 488739455 383634355]
[367758722 157116837 293156440 446031035 335985604 135087901 435586459 531535726 88650917 294055633 268307062 501381430 102669199 210618211 166647321 376931329 231851793]
[316370961 335579330 448868566 516406177 362966046 244000135 204506896 14239330 257224014 479594721 237869752 248661757 514454040 58312717 192240454 441043241 98732612]
[405294570 361690175 212972906 250028490 38562923 262500691 102742814 433927197 462096261 220416999 120571498 397171636 364352780 70852701 99380433 71692180 452273861]
[236928294 309277711 252285785 147330600 48343294 373435882 70621430 223885460 285692238 515099580 182347332 460164116 131272102 171877616 136546709 46389160 337673333]
[351525698 23379680 157980627 69130783 296832708 442399019 493481732 116428743 405425056 502400891 335290825 222801890 35110150 526812886 417632513 227960065 84828984]
[88813031 366300823 207696440 91090444 160471442 1613516 444862735 77842000 126432093 61867323 124057613 245654120 325335526 504323991 242674287 76266276 38767145]
[251636607 322570509 118704546 279413223 4357493 212042117 358711025 383144475 100311267 125173030 159558791 380110593 263193913 453062120 226432132 141834615 165946419]
[139441863 276133772 10555569 394846839 382399776 255536339 51553437 310855789 32415820 272593635 65952310 265662121 480389315 401156705 433693325 445930702 198026279]
[437770639 374565889 81153419 19729707 25854150 100754806 507377361 301909160 394695206 266719982 92392430 325341280 464018276 98211096 311662702 196442683 256014942]
[510040802 109271381 89476629 383523028 153469350 259899960 5756904 513354723 34094010 55159342 448979028 71230311 519325552 334462329 341946746 456860857 260109927]
[294401602 137387052 73751824 190206836 354756645 38252158 21120471 495362891 300648777 53173037 56709507 525868210 191484137 183871156 408874804 124208252 502470460]
[351565288 506295315 37278200 452013236 509720565 85862185 271206884 225151985 327645186 384622322 418821853 282520958 201657565 85084265 383075772 471314106 145348606]
]