[[120779689 256421696 183869296 369699216 12514956 207343898 402463615 188697412 224752745 172854102 345153577 240867542 157616310 55546301 475944944 88981107 173727494]
[523312100 185581531 255732537 508131709 364582650 290958292 82184105 402733139 280283689 165184984 386012211 108840543 125937710 407460494 465647074 480796055 489736541]
[491382040 485079877 99667674 471818876 329383511 387235788 389755056 14526192 386600980 167094192 106923173 159718189 395427716 381411849 278777250 378732860 150425455]
[437929382 185941060 444761567 322680795 302304489 286586127 468165980 242900342 512317667 356724533 398060505 397513187 516846771 320582538 446195124 118251594 213067924]
[473042328 154733972 288746904 481889518 69966043 295946461 104127909 409700940 352374587 301134595 72455393 506173873 442870461 245296228 29420026 127032420 329861846]
[3971816 354475632 420204187 224230800 294343110 446578619 354390581 357427162 258276689 181894626 335801728 395740945 75681787 339909942 152239273 4226940 275027121]
[158997866 365751520 11109534 218089791 477831269 350310009 171686020 402536290 286742700 339484797 338772570 424833655 248069892 208700077 412388002 233825500 275574529]
[313165955 403325335 483566992 328920601 12004124 454742903 201716597 131097966 162799448 148796226 446729248 315155047 285726151 279615889 258875452 242639130 165297821]
[279435005 160747952 379029768 378803520 45359746 317656960 260480810 369738158 396600020 165092931 519677509 37277184 385651835 329967525 421197205 304713818 499264905]
[484131947 408206143 84552107 427971901 266694447 207343185 176063740 91411878 201411163 260213694 198625316 182211545 510184899 349210616 128677899 462041411 436886318]
[478257702 432109926 286243665 365565331 363232993 295260124 476894338 98427908 247448014 232982505 46740096 213280262 392075323 413672393 140525896 60789497 323962733]
[378747774 278042480 522835327 470273882 443935359 506271630 397835191 286593478 329146964 267116710 525844075 297565674 268430530 362197821 197017716 321929556 122443196]
[518913839 119820102 181211208 377833698 74482274 208503518 363901485 117457220 442157365 373322947 140883676 443565929 224787287 11904000 29964341 210953049 281403488]
[305314897 511160626 19980449 122885544 162018842 473471124 229872554 515069777 371366922 431026347 317597279 399700243 442601573 371449112 467898284 373886574 530701025]
[132966779 69924747 94644459 396178993 452753651 62136629 274084588 182820423 211476809 313974401 134883829 280553008 374689723 456105448 25753290 307896259 7986480]
[423972266 237676264 330463331 214478699 141379610 466221302 508574869 39969526 16144979 127480241 276624682 76380514 248763800 349099346 179922992 166183638 45124521]
[304564201 195720858 348985439 322043401 381250946 134280649 186558607 147148435 184367816 195909393 477010655 265861125 294218398 265566346 39425614 534109592 2613101]
]