[[102183480 203255282 532948454 40739080 74810385 312101366 296001715 523793808 485319745 206440909 319331316 288652556 386623657 427362767 394060977 534464281 365020916]
[179579725 399486032 469631041 222368873 428276697 392555229 300965248 124210199 450748070 479932493 108375167 284800846 290047355 205412933 332860808 74739287 418172643]
[491709821 47844614 30808154 19797103 401249592 340019666 328914332 82653710 29364447 90719551 520930068 18787485 266694842 42960105 411330993 288498268 317186661]
[184322828 339907772 124735638 283430595 247055058 270008751 364550854 190784065 507664830 150597943 313255368 258748143 90678027 319268665 363977043 159077520 89250611]
[182321125 393881926 199936161 480123367 356234647 326196047 512454804 184704379 4849390 441633375 363062058 349267163 419550553 104411050 119423064 495381584 523519218]
[453120351 439882778 148136476 352849938 282034852 48135250 31168641 267789310 188165022 258422653 141940516 421842839 242808387 53736484 455606509 299976215 103639882]
[369859559 339854083 390269525 480127865 158510104 214477439 311667656 247918758 381161944 10208568 251238899 117051098 44136043 98336049 479735426 161205897 183003883]
[58255687 75231889 536350707 295165318 110069472 199522376 416800911 167488290 285576466 103507527 242004950 11157501 106503239 7768559 305628491 256377637 331271969]
[467397991 455336346 421773859 357242576 142985356 178061138 280397877 214345959 19649892 282365574 389219633 46471135 502431761 376346723 413406126 24763505 145867627]
[253180440 516212863 502667177 26297743 126331144 147916599 205455176 515995182 343582732 346599698 146128994 82766844 498515094 468174159 182056255 411129843 383565454]
[78224805 262136866 343857636 101195760 297004833 518330945 74616849 125874011 72500674 158619546 264654919 443048791 466823006 90514629 235201274 162691279 509887009]
[389884099 16405380 255262474 125116866 178120603 31813830 355660202 26964408 393610930 384891453 435244375 230058695 353636733 238799544 379061359 513652131 239443581]
[9319573 261113038 27661969 108403579 531413331 139555228 22283929 203259787 524336445 230817351 282921558 333752354 396369490 141335852 367792927 511690034 304227261]
[25858367 461091265 282751362 296464371 178067070 137816100 413994676 482944851 442673337 452365393 470809967 493408465 414808902 512870596 13544434 370380844 237435914]
[424882396 358093644 416124665 309031785 468580008 338717963 42932606 376981512 166005451 127470103 379008207 250965762 157635693 6726760 376658680 131000149 154219628]
[223263738 130219385 447184748 286624016 389367430 525752862 344816613 276520734 97593157 78599022 307564443 503286607 367901240 337407472 357624534 362119429 209021683]
[268143240 392779548 66565236 179042988 109069025 330768845 441118431 246931729 317659874 509083861 466851504 275797495 473746365 239078678 190684774 194025219 437641810]
]