[[38534422 193312444 43691682 152634113 203295284 210729926 506393646 457957291 75032969 217577455 175441520 315519638 232797970 271967619 13469393 101867174 441639033]
[149405630 346069473 468977636 320369031 343832883 366949354 80794974 236175099 368753394 195792216 533977552 311280650 501965687 83055004 13481702 136676785 323402008]
[324136211 443208342 333537542 142903976 57169081 62208473 442727544 178296172 93318533 174943980 498119366 310307041 41879097 339082396 72994623 346882749 435825898]
[176109638 396858721 82174508 150900544 235168943 13732433 90872824 76145570 399322406 312414527 495746053 144975754 42662042 57604659 347085404 94389853 533596772]
[470680665 251816375 30151216 119373707 529770251 167451305 11729086 438064348 532262433 521041707 106241598 416021769 230044820 120216683 99016829 366292739 449050348]
[119656279 113396302 26122475 295107848 280695264 202996863 344654552 368266677 21579417 110272883 84256655 117789014 27106771 188927415 522183757 372006378 350934032]
[533244753 45916082 134444758 60560275 193365475 84485578 294116105 392501094 64616044 518320551 294618660 177063040 272175210 253789850 124247748 178423977 341798037]
[361508293 2397470 337213514 263229577 18787370 162770710 27785366 198137063 42799748 202620739 215824663 233450474 244174764 343600714 136203850 268662309 489141580]
[238872027 140656912 324297102 274892388 216339620 424032572 201150035 220431169 167633820 137492197 137094232 104989732 132180519 315080804 16194121 440089027 32909147]
[509631220 218903491 205695830 158898666 400107972 201229923 69004198 489531682 26604186 103125291 10201227 285168977 277750054 500956788 44030596 258464223 396264520]
[485955110 63455068 291910734 273007057 506864798 393327929 291014379 328607041 130229632 412731871 60279056 213890359 66924010 402506354 47182503 14470950 467655243]
[142732747 35083428 101593483 176628145 211695026 520705186 393503684 151671948 178838826 297638688 320888245 142473061 94058536 125233220 404997121 65663994 191888128]
[368715834 497564685 295230529 431250157 512580228 496074126 446780312 88595538 62668576 466177290 137941480 268708898 200866510 184477837 441869022 99475291 79398104]
[338306342 428478357 106964264 290091746 405987082 203356179 465753785 523920918 134234031 357666133 139524827 391786664 402890262 347032813 533965981 469659020 463879067]
[153230904 70124803 46363283 296184466 309099051 491942069 99620833 294622812 25052052 55416989 14529250 181566287 78640779 62725088 77131492 36259170 216704444]
[96675380 298598690 202101873 529395789 54404751 365986079 383730977 309526674 276633289 412239650 26449778 135275880 398366052 148657913 495062495 329152960 92491308]
[353122771 10912520 93159292 79832962 186980069 196789800 33559220 494147795 460924179 66564493 340814638 414942192 9427797 345833937 131204735 157055532 282839837]
]