[[32125415 110329402 43696909 52093453 52890851 89214722 468435725 505711909 477028522 76605624 158496580 222605181 346724763 309819545 316998412 195944814 108756403]
[128934291 23642986 283071794 520320683 51345592 323227519 398145383 184863432 372055676 86600492 323045432 350816374 380417618 153825413 346224988 164157912 444689895]
[13641573 466822477 155093617 241789344 75329623 444333313 511039814 468689527 55086266 108428970 37476053 192415880 230555830 379586792 286487930 466564416 334492824]
[309355451 54757209 106353648 503258884 56954198 293832104 515267848 25165777 323917778 453129519 159158983 377041850 209637136 75433225 309819742 376800143 276319758]
[453135966 83520925 338364649 120203429 372700044 435042614 437177261 32924447 462402731 251749530 229078292 167557908 398516241 62905007 118956750 366240282 251199081]
[471481128 288036234 121933440 520663001 273077656 172195701 89084785 500006661 366640646 18421642 441435537 421678924 442624418 378370704 207912612 487941035 285262399]
[362693583 19263849 120205586 330972084 515760170 456845402 132415060 198216863 23633180 216544681 476709025 301174915 211718258 357072532 358228530 1593498 206016547]
[347282921 508484370 156130199 364972955 154286815 445301736 371961286 74760858 181969567 371420433 383196879 504070246 261507705 525129384 524997943 18428834 205578982]
[498075394 164264927 257207579 420090658 531087593 273534051 418415738 135902193 34499966 431833618 170911223 77628835 160541039 455805649 346504713 429614757 332679981]
[507585672 88453563 135562681 321102498 63003630 142414788 299933072 52605165 117626992 466239625 513570500 418789339 167747442 530077689 143339616 280381205 152051187]
[347698782 134358087 93464043 408634970 323891569 532429335 4467245 145260696 205867319 443151594 285522492 202538095 97771092 330342286 492699722 428440549 262485882]
[206449586 514538690 399205480 268678151 480350979 251788944 186071356 206884062 99746363 92437180 38024051 100113011 245731590 390859839 151534009 206257507 214182683]
[81670028 118287541 317201719 181225982 427192276 167805806 348515745 375778833 245274037 405188618 446962449 470950485 300603119 204351882 447336502 464791262 4521896]
[191463290 194220186 368891091 425762375 320017945 333573876 111890744 110362395 58966866 60680506 162066908 245555336 255088444 148410398 95978812 27486102 526260234]
[197340617 349587484 323610647 482144634 295458147 261532746 259549501 123065768 400379292 374997562 109837948 299611928 301037431 105963562 536324673 285671126 374220891]
[97620627 267615265 464950528 529316411 330486659 338521585 162627161 71042783 409293141 227556646 347966453 300032060 258251167 369965747 436567399 72858351 382606666]
[153335847 16413990 528329572 6689099 176365860 97234770 4938748 335938543 18041578 53306618 352680216 439577845 280253250 97676106 319709351 99068700 127791675]
]