[[78402203 16862089 413471918 273668397 469406187 96971041 239408166 484360909 214501324 49538657 53304373 362354486 378413261 448980950 96278837 439970080 524972961]
[294639825 297407052 215574372 315026958 388289262 111596491 220482245 52511909 284269945 21995717 148349261 186136995 197213456 145164856 223963945 350833623 242022785]
[452979829 287807197 76482274 527612822 295032910 335750941 66924006 314161606 324906756 399381308 217798589 487195547 345430198 238820293 142997184 347995175 250625809]
[366969853 217890032 38664933 391136441 406095365 355397862 188843962 400582914 435243365 454227702 277988435 54081775 8573367 185052980 243050825 154802356 323793157]
[324540212 244553017 267026392 51039243 179660952 76791905 238396377 312751224 506215861 407529713 363107483 273320985 262842598 349210463 504372125 188431306 454387356]
[82984263 61366215 263239576 398682737 259032515 502634356 340359889 466918068 183329670 264155652 115426621 249216229 179988207 332755813 20171936 36991564 149953858]
[362897963 298939916 169938056 335042466 187935196 27239790 73706921 511387527 453784858 76885600 473953463 271126742 366318142 130683220 154288952 457320184 57395007]
[257873212 283588277 377514066 86693190 244742413 282225239 194246557 344286576 192136006 436427426 535772720 240683498 121903200 325787667 239976419 350497776 387634013]
[479385883 371517439 387142759 83907702 64956231 62170842 323598496 409908500 313069719 92360301 120610823 249865504 65101938 258758855 222416942 471224932 521033279]
[16187885 9332197 120605346 273755950 218016208 207151801 321178865 484985623 210448985 337961525 505823493 529236231 342326278 481664584 213667768 411643387 491037228]
[520742688 176141632 23493423 517913779 275953963 319840986 101303423 115363581 82234263 169949433 462797939 387862825 53960197 16803696 36187042 61534524 11871313]
[202864054 358585701 452544491 297473516 120465391 400537873 373708539 517115177 440879830 445771035 511672237 207951513 488115842 166306699 876237 152020155 334765930]
[467671527 99387023 485164291 211825409 346627018 482492079 260057421 102493907 203417791 418186148 432732736 8276202 42531428 117296613 261988127 241083203 43647283]
[50080415 380810029 159528047 245670527 330588711 388045482 336735043 401799140 10981348 302866508 39826782 497691789 97704016 117856400 71034716 336188070 475392328]
[362485744 201198614 381095526 246369304 510438954 357050873 485253260 284472330 153549244 162877644 535604621 67580060 320633450 313384918 107492958 335195937 271755534]
[482461277 65376027 59279759 166856162 231831166 384688113 481928337 171490638 479794332 137758960 394884550 151061211 244418578 467558046 94313421 144157232 61776335]
[50860141 119338030 243676931 145254293 454382560 417196548 74793698 386750928 476299484 369655953 419944141 153113055 121135951 209441202 315995607 185370667 67406733]
]