[[178260742 354396917 441961334 125761581 160051206 349558426 157497853 294354807 93565909 421464547 160508657 365285835 533696076 463894694 328020298 258542519 340084083]
[462341923 229334694 99991040 283237431 88157277 60986116 513964365 62348346 361757462 251168453 303972593 424559378 240966463 206259864 412620129 105290709 39488620]
[486737405 467716647 383117656 345730843 480276050 284867196 25238334 316993706 59843027 328998630 7144552 285032625 451648524 97295184 510479827 274518231 199235969]
[217946216 264819796 407145227 347182750 734589 448836878 206589891 297851459 20277186 520636054 51526326 517292772 339147496 80869880 26493900 186022466 100870988]
[87001215 95992053 75766627 50484274 4538692 330303972 363911726 525244964 29673928 382054081 434894161 97898026 92240428 55887683 117247697 275889198 97949448]
[518045977 469220091 23108612 14007300 370238835 37957665 371995426 207413487 504156516 486874382 220226459 343541581 112780179 39671999 419035173 473468551 119689825]
[52675496 105185894 188241748 315116188 507889611 244697155 528110433 248473518 1763644 465942100 389217321 187483798 159287521 130912584 52879043 249970401 322564439]
[146739984 319811180 475724432 101410236 204904713 361506035 497781533 253258773 197919843 485661672 369629634 392120774 374333707 429664871 252344169 434682598 324935972]
[12979827 307456603 192591415 227875655 202783172 363746326 241656452 433894133 44386703 302588921 189338718 509881889 38970214 175526826 418845219 217027406 281824823]
[203416322 296437851 171784941 456949165 486836395 368596827 382783542 357041474 441899099 427800 97825133 493578395 198776360 511376125 253527732 166738739 426504829]
[50998289 375291410 114349850 83244984 3343083 462429632 388050163 385484681 397432473 293155320 466591671 337223038 107355210 469351147 245783505 42456951 309821197]
[422965425 290036241 417134897 375247294 25879751 147926762 469597518 274786675 237443335 195276338 124466183 344477825 150070177 323736968 489696155 421350465 79359087]
[249271919 389769691 236955766 320463449 151918085 118654156 410882301 455324467 432839041 302622 355318602 386854445 4858253 232970053 287649989 85030526 381733779]
[319344492 180336033 28400649 356635375 161026550 32063674 176180640 295628034 118278066 526946905 233709038 387964158 281730492 83324953 157297519 399864358 358999336]
[24693485 31048225 519045695 49911704 119620187 434136940 321814023 3984630 369700318 5861165 133001369 86494933 199188160 262356278 435275500 491634497 33196584]
[106592036 444901520 49709348 90046733 1079914 438210875 510566558 221814787 407290693 307952303 252247914 252144751 107642478 195838110 28995463 450824121 505388062]
[57653114 391480169 58709631 346165611 286655862 533603151 410456929 232694139 239842513 318188843 115378288 93860181 488733443 390595673 52997580 310917077 99800238]
]