[[405914518 39227150 90162503 398842316 388261993 450383505 535122504 70663731 383840129 62538755 446049731 243020029 64906146 224304967 63147812 17252140 364548233]
[313190416 154629743 432833793 421270798 443437376 277415775 65036289 484689559 526611955 217765998 442709660 469557945 428209778 152548153 477951949 114880609 513476852]
[14062190 209625869 440753398 55520344 6826665 415017562 49955534 222260517 249188852 391193057 134929893 46813777 389450851 435489610 235419507 115766783 527922288]
[496283061 170873111 34609865 46256512 424746132 392166992 165584959 273499662 112442664 106717424 250379247 379946464 182987660 184330084 134909056 37509965 62898692]
[247635694 424491705 352614759 329934317 264998382 176327864 278183196 359935119 61316558 419369825 6701854 254431303 519829864 531689904 442970471 195253566 55671700]
[497671177 498612080 459436799 509051207 223342779 348935222 87874564 46969850 23843623 429548382 382676704 311854424 375382333 245148255 212661877 461914795 124976589]
[120574327 101276050 116321009 434053479 191419661 94489936 107516982 147377071 178905665 158101898 346270995 481325670 174140209 112021274 276377363 516511822 388318917]
[505297142 504639740 162138234 398964092 433913078 10966815 74854548 516692398 416063237 78596232 333317675 78842396 274400067 44535327 501144476 447464550 502727075]
[151770727 330371411 483887539 448301245 492080981 378415099 402876466 228345865 53819595 436397953 116027019 502336082 226710891 219484146 520459040 470739748 528608475]
[497505793 419117680 479479008 99610093 414465765 320821076 463067446 214247447 421527635 479368003 354653630 381082529 250704942 21241504 390344727 522932374 196010050]
[140109199 109116897 284710892 208759656 277180429 67728530 297259134 29152214 229600723 278834820 223802769 456329380 442328746 501789289 372442836 380195965 194995393]
[380901337 140560673 109614436 474568704 151006202 43570338 406533996 253431525 176017516 9593060 188267196 314111961 10383264 151624070 421471563 40510314 55287497]
[297022394 307133201 82177762 58574417 127900122 2453966 159849589 93262978 202206489 505990514 394615888 189281643 520876106 159184913 118997128 321282805 220047846]
[234815449 496786575 437167061 406194990 536865232 414934566 22971473 368111446 19274141 295998958 333777740 73164901 245233925 2023683 532597590 374717201 114742699]
[503272702 521419690 433173319 259576877 486707329 376543620 478972872 363792992 481341444 420435206 420110354 215405161 236130760 392882378 180745325 3537544 374848656]
[241049630 280574721 463317327 114740559 39466009 32484635 534158351 346314704 41572203 52531434 35421402 147499283 409704409 523937400 415667646 322203004 477978784]
[220791193 417995610 311302601 437057778 293812808 157123469 402252929 332693781 131774950 429805996 467953212 190423966 801561 197418737 382983856 39140471 180102270]
]