[[9874024 243945126 61153717 362866941 418808831 64240336 266976365 314672385 401682784 445751302 458885324 126494967 266424021 205427155 486396224 175189330 359967911]
[238762237 244276462 429443757 313514864 358624143 120019226 476718434 501939194 173828049 135175029 110008877 349542327 406917272 253141873 26219443 133758356 384591285]
[397608617 510892579 79777709 205906059 81575650 318104479 359174543 502902506 474509555 31562418 156700328 312832645 182553591 214657343 374771152 17125503 531994486]
[38825990 471197361 215551539 240410714 152606746 149215129 9569390 150565090 187187623 147739782 247880982 22827388 51057077 173317694 64115633 304336188 157160431]
[134093865 38301598 86194165 61854422 361175451 253822616 107341300 80327273 493565984 475015710 74478440 1068882 71031477 294188610 108672055 528906968 102690673]
[362124082 79472550 357095009 297723990 251406029 500151969 373528579 244911029 493549655 441744074 330532393 532777870 441934043 354977948 327942786 76420756 395736117]
[351869797 76377734 478853743 106789665 245929075 43221382 293357445 439715861 439971 107709756 54467228 57329646 325477618 45262622 67574427 249728716 505220825]
[54883002 481789554 433078985 41434319 428778058 259931590 528555771 86336228 487055338 353840701 436208972 353980386 224413224 277252921 261780905 109483234 17560717]
[440669496 240866458 435382426 159532243 270774027 303968261 476567183 55536714 469117898 122812172 52207847 167316958 126715696 384858393 216008080 335110952 63378672]
[212719301 143356612 206236036 465240661 189309083 167283259 216895880 43300926 422713102 48667640 339454265 470345176 366858852 47317919 290437208 147151038 143817664]
[363996697 524781475 89781572 350006671 91453275 155654784 33081442 144153842 496942642 80729608 332912330 71520489 207532769 118452830 456619481 308474274 120715608]
[271748157 348344164 320419079 259269420 45111865 287448398 129040563 255083225 368306246 148771432 109396391 334602131 526719511 366522224 504761352 339335585 169395538]
[449989714 294459960 121897679 305579406 473101779 340348685 435784984 422106831 214922006 165884651 496068285 80981641 514391462 263870563 338417846 201402765 248498992]
[51024811 512006969 175195799 245022031 323099734 120022365 269271046 290657698 436074154 490948448 163755358 154178235 42578365 521065707 80067758 83027612 327795362]
[530045706 46406833 35604452 62347729 213778858 527122088 348589826 186109951 372492291 60400388 457616090 184737322 310884009 181885415 293620401 366820347 356861536]
[525586347 533171819 72663755 463566623 521171290 448227989 337095112 189861782 372200620 148708113 526033796 253629867 212930612 151813359 202881954 467763058 37114451]
[39192838 187559844 350568998 515614220 59475853 347494826 382876208 300757899 485430325 168434457 109719192 407298589 487379489 128100123 222504064 326802046 254039123]
]