[[319856404 489251350 265986903 198767375 238859692 100419718 285245714 59985769 502591922 7035224 381649161 510826487 379802881 254463784 197183919 481296948 302715814]
[196391916 229166441 408049992 201821044 192330896 154212313 13318168 461728004 372914811 60749557 231521119 107889663 152962449 307416329 345654759 431447480 535870042]
[376072163 391275402 427169379 12646449 150369879 302526778 165898597 409806021 75338694 342296464 490607082 185887984 526643207 415329347 4471925 56095093 386452417]
[237437182 64434360 283780284 306292729 178944940 51204584 505648445 534512055 289529132 352693376 194502004 233718400 234485987 48837745 423145746 31518625 367022307]
[191888332 262585933 260596246 104018666 433555171 101040773 26178721 365922158 167949966 176585145 170322124 336346770 138479015 151931574 528691870 279224868 201878548]
[224102249 455978620 114995673 330243115 47002165 79266712 437084093 526302008 317544709 419691349 338928895 86686980 134877123 37228090 144065671 474890541 460707681]
[296929823 488117249 484477609 261105197 3403007 208576224 452316525 530811520 493085955 157927632 158501253 38854378 320275400 146015495 511155217 31137315 490673351]
[404418559 514616109 331033913 1708830 397858838 310637270 128300660 416200375 64515917 235100155 167426672 301398296 119279574 352816071 472960145 276681436 317165839]
[140781584 441422608 242499504 399997040 417458279 396454847 86688157 419639236 536543842 71520464 347426400 262609140 218028530 437051415 201771659 201533996 500649967]
[53824550 382653526 304826757 423797358 13341180 377775317 57224617 535594292 157777620 6995662 273311495 360537296 375206953 21721364 369952950 227067714 453558897]
[74965435 197564660 391374334 351130470 304343856 302951286 93998043 413509188 31737944 378050898 136182309 273016732 521808869 461530556 87380722 153641740 242870813]
[13116203 449379779 363564608 53345056 269056831 354351395 170755391 442088702 292757543 381674829 356999459 520998705 216368970 47065389 534745999 434579138 160175052]
[465115084 140780749 428730898 365579674 109674856 106903554 88570793 534491682 442898165 250853891 47583180 92100186 309139896 405813250 185504176 212323394 366247972]
[256644263 348972871 40869316 474739149 45640618 77656035 247921394 297634162 254333296 386440342 202017578 316706632 76200724 227751436 166036365 146116383 264070277]
[410092360 403787252 261958152 48214691 207582424 289462732 395745844 125438349 507428461 333720741 123185079 502711078 112019112 43543258 506356565 293578521 283769630]
[45367466 428792829 530954716 280499867 276275598 297098810 384633182 333370047 519500590 84663204 99884666 455021940 147722621 498787579 336311314 212975673 68600901]
[163319737 274592095 212811039 310224492 162185940 155214449 303957140 260858734 379409572 427770079 451746814 339782336 456133717 57907095 207115429 440854351 356357329]
]