[[96496332 527202246 410724828 18800033 206679680 472768794 157241786 426868844 76930404 262064095 120100327 29164664 375334206 357740369 304158447 361545293 160360142]
[145238638 355513558 378316780 194542890 149771631 147666973 291491658 524315695 359629109 91362646 74075150 8274575 418434160 20419889 47757313 436335394 88455871]
[467005696 111337884 272805871 254906183 383918755 361126287 488778967 431195833 354504982 327900705 393742105 203032503 487195208 90520782 12617689 469765532 297151014]
[347978816 144295266 413589231 64345750 349505019 258159760 253700129 391956344 299374354 233562172 151684925 510705013 73704901 397734087 249035115 224279896 521120887]
[361646193 496500455 337595764 302568843 280737510 407779899 438044654 416821992 459994565 263823508 122400500 231398025 101760965 430590246 393518511 211292513 414754026]
[107167954 351821945 395149250 170766922 21134296 456332134 71282553 205530687 59094877 3195416 151177337 412710992 446689323 192604159 358087916 478152090 303270631]
[234744552 129186541 370055560 387023750 269170561 532148480 322994581 274429346 109510265 24997532 278630539 381897879 364272023 29628796 79499178 35551903 457686046]
[364034617 398153316 479857011 259090917 307464769 241200872 250923463 386420066 77150219 300574529 8612912 359298171 28746400 119941050 443976336 243446409 531586097]
[414383764 25972780 338632979 416706472 63183085 372214152 176765227 142226068 408776210 177804942 10741859 325236321 5259909 395612253 172152437 501471858 50682559]
[285948762 261352074 140889861 119218065 385038068 387266293 201289102 450635702 26037229 421398137 89209075 101239625 406443385 282045333 10710288 42203784 158746069]
[442759403 436329577 256496612 536082719 33644968 197156436 294391592 522954656 116298201 302455460 272709240 506552086 175755835 65552004 187437762 481147918 408784896]
[32999199 503598611 531783361 398258786 40834650 338600558 311161673 175216541 370580542 365861706 111403418 443620945 125748718 92983132 191024208 465363895 360454066]
[480515760 199017033 23008652 292805171 452472572 89248816 1805360 370242933 41520620 241092055 179428190 322689583 288738360 224191160 405673002 476122073 261285047]
[486230192 418872424 396261102 409586308 425376783 405965093 358602608 120682972 487358028 36260121 358585377 482883912 160816385 266628541 269440747 257215111 186323517]
[193066248 362745502 145779265 440901634 330443155 275453807 176802560 54635351 233186927 218268984 444254577 21715100 338373018 186101578 150436318 116008411 56731583]
[414885428 477736506 63632631 350682381 164379493 170132396 141767204 234816947 331436997 528804603 421344762 462443247 56381389 57772537 427628623 262841895 203405423]
[199844804 374004240 159908434 450933836 507110912 71013525 252683613 445701800 79396116 169526113 177094992 515254460 281090383 207247167 263934808 432766198 337113556]
]