[[461111136 240232135 83379137 230583527 93780512 405507890 234025046 247641004 34184102 108746958 222978364 320828080 324017654 332819845 65240550 413320047 117745040]
[378136557 463561457 174823816 487332922 230429838 365174494 520891076 204162338 481046322 12699877 463170946 532345173 413618824 347980057 337259052 62877331 321392613]
[397250260 92071889 525610652 457165439 206796767 450494239 171859732 63834831 281155665 81183528 279211715 450212668 295371931 215286889 485429170 184424828 475464483]
[294169974 97381389 463686165 179543430 192132785 527510880 105617871 434310666 465904615 163357241 296579577 278620180 190721025 470653789 106581903 33673910 451739910]
[32311876 47688494 227306800 487755728 138383970 344783800 282130370 12227290 269597913 89249597 442855566 8550744 215541646 192848455 17663305 249563777 499695946]
[312822390 121897079 479183241 433126264 217184172 445472966 249984513 233105354 1540874 33469637 505950020 436505877 368368622 310850274 400585871 17980536 266646042]
[171787972 476681919 48743318 354722285 38159356 178306895 164703859 479161807 21054354 274515051 106575719 418068655 234963685 250425803 190270508 421755802 508376941]
[268468531 235160120 157216472 504822312 303644416 133998583 492552086 238373512 442579413 277439129 51777193 318163532 6876842 245077917 440554135 374081154 453431968]
[83685079 154279917 106676371 322007115 247492639 455806200 146393216 255774764 362640256 515156393 70092726 395943676 230166183 262977949 516961388 349552517 182655260]
[280026262 517654433 296915619 110218988 258836777 229017410 433777223 42531453 475316129 113300844 406726693 159884783 80965004 299870286 460365042 239887608 455404423]
[267296010 247426677 221166480 315745708 81983696 210148039 123568797 101721767 112229314 109259058 374844603 178391794 410159027 408568557 446302926 281364976 427520466]
[534081463 299838592 308956457 240977566 126670677 223117 85267682 479460558 500255453 206542321 324842102 357131706 186302987 358346964 78074948 317999640 84157754]
[458998986 351467672 257617488 410507353 343855846 343924402 222582967 306069297 203758212 216202341 517908575 509473655 516564842 221359960 40292815 274723426 1475649]
[231253401 257266605 434511872 211051032 165001572 298951621 200823117 267617212 56006072 524706013 290026961 355099394 352174543 295853849 405567114 219288984 385221504]
[162968969 141866698 318174024 368448448 428544731 46769664 456279918 48905393 76589103 381681439 325583718 389018195 185328480 257751257 101344353 103508745 494006354]
[13648674 511464537 153290818 487146501 344254721 195731585 427354680 376633292 305573774 77895156 438644304 341520475 343279351 395056994 441251232 78220661 192460474]
[214800870 280533572 378980884 428398700 273082747 233504318 404329848 415307461 508058465 509346590 275985647 503199455 413976523 9844086 352048994 134555952 188483584]
]