[[22459847 483717492 451338426 277708921 404605528 109069594 37032156 334084619 489581250 242403690 264636779 415427490 434552033 237199845 530271423 518835457 503195064]
[298769693 373532185 305489286 20394461 239902383 426267781 220807538 336418281 222780485 80588829 174919179 181638588 443146162 327577949 536830427 360127791 303502913]
[410065451 447374983 403422340 380405688 526013440 296772903 484509238 444406225 91083962 456524281 302537192 506782285 245874430 432876012 484629012 536222008 2380986]
[484931102 373806812 79576532 396892269 125735769 252624671 502493572 180493531 220196457 265049039 183430695 246505264 39193451 348727537 134388623 335021047 91370862]
[140880298 255251059 450878899 39832438 80528809 222341761 359235026 319741422 319398524 13897083 167727016 229333732 138597412 18091605 325474944 158976118 196950594]
[487124962 325517263 237482086 120064770 56731 102336587 303749820 298081915 222455196 260074837 531998810 325128227 435711878 55742621 57780239 161472286 226445096]
[159215700 481952637 202398651 27429688 79646908 463282994 483627022 161788517 55051184 512642386 292938967 106753607 445638101 315063604 21234450 389865440 308625260]
[518201433 344362300 298494585 398329552 45415898 104821128 213900423 71520782 156275433 411240064 152334393 457209397 442817286 408043035 222388077 268402461 34701331]
[147065503 324360295 358541443 110211632 96111331 319421970 96401332 184283000 50301661 336331538 92164824 479379878 59088718 131618950 308443734 210621333 190222414]
[126966871 473309186 365962827 379429155 419630183 383404631 91575653 58568293 409244270 145898073 294317119 24873111 421695213 283581403 434121857 445797901 345583691]
[142721847 5134463 5246377 88067507 528045751 278565116 166445905 197540940 108149510 332953415 89842776 112847052 384080105 214929397 490025025 26915000 230786709]
[91274585 103445916 187020623 109929535 526097803 111757386 8863872 280678496 318786885 146961713 42860557 470968811 230041093 67005046 456182555 8019357 325035395]
[357195227 428985949 518796672 157442545 412712953 150939691 471612831 512605533 445048893 361402165 304452521 319940392 419767427 34272772 406496407 327665026 398597713]
[457740717 139249856 463052149 82765182 216333653 345827466 391919851 184766971 534823538 101326708 151010291 270253669 407634858 49481023 223087352 86182939 280288456]
[118096712 268578073 53365803 392551741 421538912 498442635 185685398 250236691 422051691 424446650 499901808 2913230 169094951 492288862 314031786 375216849 166347316]
[84561493 336463414 125310228 121107706 437658697 274623598 529926832 375383463 429197351 17411362 247849632 161862933 184498883 108720205 280970042 19570703 241510613]
[205697694 5352189 355646802 321552684 169239327 140560569 180878202 54783910 353588174 12586128 412386507 106114650 350789860 179804017 290265236 485057114 231596613]
]