[[432495950 286969083 9741503 419554301 222617363 198601821 276752665 227159936 126933046 524610012 63504097 367473811 159061859 267214209 183490432 454244746 35760540]
[215459875 453921562 232471186 271832217 121010523 495269107 336233219 114993702 356377121 473278558 15066554 434918955 465873801 378186109 95929623 318218599 355354564]
[5698350 326915563 74813148 307401124 141990767 254028353 419402867 288330088 469844213 191830792 131624 10953202 233703223 405214275 218136812 504844312 448544136]
[82299746 49852655 175508959 451752572 454796576 128652421 494960828 112083215 50324025 6518870 508334308 144368903 181320829 137569766 53603217 62113907 79035491]
[190346292 534924785 456756583 170718018 513847217 474062648 70723546 21481481 100577317 295637242 379316852 269467090 524012086 265042353 175400757 334675501 278109841]
[178415313 305033323 388424417 259043065 173274410 319010351 430608823 1523936 40997473 376577514 314593751 219539299 256292831 131825069 325003533 346682844 68334374]
[243965306 247987557 334137446 406009553 147983195 334390735 385603947 97697974 123234270 231012193 32426450 473434296 92518918 132115012 305452649 246954797 226716320]
[110443435 410582336 252124558 259547374 363414496 304553345 335890291 254899998 134018815 68447057 318515679 140027742 133275553 374320684 25114582 144032964 231532990]
[330542585 101847704 515822309 91939404 247290159 141434526 301421856 22822891 1624360 393264351 40217002 513735383 96769184 238321935 106985171 136460012 11646940]
[128979525 180932 278300957 12551559 181545907 414614708 111992241 382531740 62502501 275672048 404740860 113287946 200338674 223365228 145509058 72715313 521946496]
[165747168 215237330 398709047 315488255 201087349 406207456 58659364 507007996 483011418 262644550 410336579 520292426 98226055 279787902 397296945 517013738 164865380]
[151608094 123738248 218765881 257180156 261604884 194740114 428192951 482921427 143171746 280550294 363551385 132298275 321681030 383048950 98633744 511460994 193460499]
[233818278 87922369 483549184 297861951 486733222 150273014 13543202 491752461 395838522 89028411 436159204 265677390 318459745 193330570 42565395 253203380 388454199]
[200370596 443396727 199753125 127983546 164378339 199797668 435826637 112048794 192980947 512335788 169616575 174175397 514509677 152849387 65647945 3625712 371729266]
[352798908 165565363 390265654 39694290 446881059 532398415 317633764 317510990 240299486 114829751 483477602 399448103 22268315 442915694 341717044 355003601 145722644]
[139672178 355840955 293727567 186450010 182725609 534974217 231439886 306870085 369554260 517415525 231829545 137748613 182265347 376674750 154607327 438511427 64104275]
[59438175 506039854 324770082 209575189 299086499 391756154 476500441 190611853 33224774 299404450 298220962 157862588 299556020 388080695 75314573 253939052 364381721]
]