[[332924361 135485486 19072795 369619302 163509657 526748352 78975655 351724855 358791724 172638902 470203202 29443510 266161569 85347390 256663640 508578354 20929585]
[253345567 311829207 313129638 24674555 482661276 518447881 276729201 331489359 384375119 33508154 78399561 303957618 150526643 104755956 23583992 27031894 344491992]
[29664840 455653222 119237178 512529027 32915376 326690078 528697202 137870065 449395800 364562875 388048287 417749765 533808619 403997328 299493931 528996537 90948663]
[376627058 165773181 72356721 110118196 509590322 66939404 311909235 30592316 160946840 159840970 220277073 516335686 76658601 29292262 513924003 322783438 79428965]
[493908483 375284446 533405168 416472671 471311038 264858826 485604526 439966649 351757293 443224967 276826575 448592742 170899571 190456031 58952901 411641161 526617292]
[55476792 163022090 359476410 213949151 466925738 455278132 362887288 28721862 185486412 375855826 524043987 417568253 504475430 421388747 253126498 324958033 292356335]
[369262597 151464974 194046949 222932219 326025462 418772564 262752917 99226374 464521214 405617422 416678014 45929242 481425249 508515733 57839819 317209215 119374438]
[92379010 467082318 365356240 176301471 236623824 30840613 451573801 135346403 258019108 26494504 236480047 165238004 328123376 535308657 207490060 464491505 495671649]
[313698691 205805613 366522821 210139071 20946477 412112046 530973395 373647186 343619260 5607895 33011674 334639481 409006184 147270597 308354209 49587719 437662899]
[334088826 19687122 237202027 457499628 177843023 64425837 404568573 144866176 292203023 503401536 14426237 458259457 389464734 346969930 1211471 433491547 232804692]
[268905500 507506632 144362276 495387336 450293618 63747189 310636618 179617959 73718107 218765813 329523995 522009683 163403063 401891920 167907500 346339217 527209337]
[535070906 91347559 148770178 162106225 358461728 457014133 499123136 92795125 310540680 252399395 407374507 308500895 118513607 33018984 448045249 448930024 530841659]
[185436169 207649248 40867407 107129262 125483072 154003485 352333256 499407344 400559278 18618581 488063535 484041619 37737958 19808107 343471627 229731486 470252055]
[147304821 379795379 27664243 354361297 95994308 182351573 51625 289846743 368887338 9240016 455001672 35556411 350091614 325712977 516084782 198129665 234898605]
[473500998 68294004 263260372 35183138 321891039 199974007 314101469 144228138 181013595 72003146 400951724 63242479 184442890 206460586 482884810 315565054 530509505]
[498108789 387008961 91812216 56239357 508250112 99052576 259824255 485238383 427711985 73088268 264149593 41640830 58361068 247426925 134425502 310758272 413040213]
[23607416 472757979 222324086 514030041 414687505 510500094 416238885 354486672 335135895 257784425 201697459 50661294 117878526 363619714 396081728 86502601 47832404]
]