============================================================
APM Result
============================================================
Matrix file       : kernel_25_80.txt
Matrix size       : 26 x 26
Prime (mod p)     : 33547861
PM block size     : 2 (fixed)
Deviation level   : 4
Minor size tested : 6 x 6
------------------------------------------------------------
Timing
------------------------------------------------------------
Matrix total time : 15182.8931 ms  (15.182893 s)
Minors tested     : 112911876
Avg per minor     : 0.00013447 ms
------------------------------------------------------------
Zero Minors Found : 1
============================================================

Full matrix (26x26) mod 33547861:
             0        1        2        3        4        5        6        7        8        9       10       11       12       13       14       15       16       17       18       19       20       21       22       23       24       25
      -------- -------- -------- -------- -------- -------- -------- -------- -------- -------- -------- -------- -------- -------- -------- -------- -------- -------- -------- -------- -------- -------- -------- -------- -------- --------
  0 |  8880052 12485594 31893570  8062537 20934216 14576215 27293187 32494544 29655697  7672876 20145797   588184   944761 21037509 17612730  1631056  8926307  3944230 16968287  8570888 31848679 11141852 20614319  8407444 13088433 28205212
  1 |   592499  8527605  1040479 33329637 23472610 26813348  9648770 19510143  7088748  1032178 18747825 25567557  8302638  2701601 32825986 23609132   394518 27906697 18025916 28991001 10346737 30744146 21433615 30168523 10337022  5337092
  2 | 18934775 14199819 12425173  9270079  7390497 11201147 23869365 16192539 17688544 21503363 30486929 29639665 24331746 15302152 25964435 16091053 29743052  9060387  2967059 20628971 20545002 32618497 16359788  5034477  6419154 32066226
  3 | 32856121 22705817   566705 32457953  9703314 22829148  8300531 25713784 29755155 16971431 10273492 25625521  8586460  6209417  3897295 31834344 16189991 15163154  2055186 30608221 17143099  8404234  7310513 22443245  5182590 28819578
  4 | 18358436  7453164 19697495  1172210   515423 23736781 24471417 25247213  3686492 30041354 14667736  8085327   616567 17437732 21425258  6612919  9212094  4935939 20415160  8188402 29598211  4660345  4026894  2636978 29684016 13347841
  5 | 25106648   530765 22068220 13410610 14790390  1494652  3631573  3646641 16408798  4577392  7001436  3624883 10622881  2165925 32079984 13998413  3257863 21027406 27802862 23598066 32335998  7459985 19361993 25658513 19333904 13936483
  6 | 30122191 21362691 28105525 31285197 23809826 11601062 26119671 10782246  2142578 26633616 11271838  4491761 23841896 31928882  2228546 12069818 12982075 24878511 28474384 22287991 27578981  1428047  5313965 18360005 28765431 24787495
  7 | 31821660 25496768 11253483 20886615 31223007  3179246 19784720 20054328 10025090 28931888 24184736 27261320 12195086 19628530 13353023 23516821 26210412  9495109 21312993  3913031 28886679 20828523 10803018 10569992 28432680 27297373
  8 |  1920383 25122081 26981963 18221775 24465738 29480827 26423038 13490140 25645216 32514937 14824697  1197076 19629244   615116  9908272 10536833 22445711   371076  8770721 32404392 31702276 15182941 22670364 27429187  6886936 28365390
  9 | 10374897 27527721 19007287  3172678 14925815  6580262 20314374 27292423 11237597  8156411 24836164 26995080 17319865 21300364 29308035 27910231 29911525    91822 17119247  4296651 23962865  4947952 25445156 28906252 20578269 24037848
 10 | 21723432 11700236 25375261 16750133 10558170 14035066 25771680 32724004 14349390 19890762 28915079 19405458 11785719  6914197 33301203 29807330 18996795 30106779 19066620  2907417 20420806  5248805  3553102  6741519 23560212  5779108
 11 | 12018737 11309897 13563428 19815837 25313280  2231737 10010580 22406964 19614682 26992598  6223418 13117479 18446778 11523171 13952496  6408963 18352152 32575539 14672119 24273256 16476116   972427 21691027 13497996 27931849 31681202
 12 | 17193223  2179932 33253717  1209399 18737713 27442430   210122 13690594  9114455  8423438 21353841 21124063  9786439 12855777 33069283 16552087  9248000  7808747 22811862 29587845 21013651  6723971  2406979  2774817 17955912 11149261
 13 | 17744259 16567645 11610650  3073322 22660885 16221896 13724485 30223890 15318717 27325703 31045344 18833385 29631145 26415840  1023221 13904305 14259626 16584331  2619891 22165039 33544824  5867840 27255535 30712563  8957719 15406044
 14 | 14457361 28307386 11412659 29355630 31757106  1682585 27737612 15461090  2767834 20661889   171857 28940578 30410463 13515587   151373 30801834 30586163 14742985 22575224 22200090 15136892 10943803 22787169 16625241 24311434 25152961
 15 | 21399638 22100604 18287086 32713022 11253306 10251575 20276711 16172117 19718005 20484911 23882929 33470405  7025676 26340234 30598498 18816220   260537 14727384 25417118 24803240 26820515  7075186 32797011 23681457 20829149 23929048
 16 |  8866814  3459838  2800392 17480433   195980  5964710  7817468  4936896 14621644 19142565 19854719  2074876  3471076   919876 16782778 16120164 33395952   322973 19518613 30025847   474667  4607452 27759138 23545685  7917676  5825837
 17 | 24753873 17324911 21965299 18552664  1729473 31931970  1984842 22726798 32444552 12308546  8047242  1500722 11075879  4087523 23266119 16480763 17906650  3882996   880209   294179 30960903  3092065  2952786 29486072  3173965 31006952
 18 | 17789182  2783462   312346 19340148 28667055    85304  9462978 14878200 24226964 25268425 12576978 15219245 17981184  5791704 12485396 26577194  4245467 18787974 30762907 28980709    35622    90272 10087584 16191638 24772713 17488172
 19 |  6512374 25021529   548941    83310 22881723 27559523 25841505  4268017 26347378 27195575 33239126 10049983 19924503 17504976 25198697 10022391 13071000 30981812  4131489 12561181 29590152 23239885 22312152   310046  5865899 19953849
 20 |  2756223  6800354 15963448 30631456 12797777 31264615 30700742  5504279 19517022 13126733 14349991 22764751 19963304  7769168 29206189  8142868 17348152  4240424 26317733 26673444  9473354  5336302 32247460  1623083 15586977 28877911
 21 |    19431 12525617 33425837 28782456  7761413 26004149  9320209 22116905 28425872 25904568 26089148 29465769  3004072  1566730  5805315  1351893 22711006 19658345 32093631  5334220 18727520 32764433 27128146 29722015 21486590 26743120
 22 |  1467333 12634654 15992054  7623187 25656650 17062225 13146774 12868859 19829999 21904419 21972260 21944721  5183625 11602554 31287637  8109121 29653615  4752757 17044955 15446490 24774745 30551436  7811382   109740  5666402 32471012
 23 |  9226689 19396894 24596729 28889791 12300587 16291093 16360315 23350568  9853993 21258712 19739544 10710579 11776583  9200505 17543483 20293276  9466490 16091173 32991767   814028 17705879   913906 14959097  6225230 24902875  3850942
 24 | 21001011  2652946 29720562 11263077 25188960 27876262 32738354  3756510 24480551 23214312   807440 32271723 17466450 19584046 19683351 22387054 29846294 28752565  4077786 13597709 22789933 30238494 29581781 18117189  9570672  5518617
 25 | 15617436 25723049 32085835 17829986 19611721  4152291 24669613 33452170 14487316 13343853 30437128 19799277 19738105  5441910  7713904 25968295  4763075 29356836 30286990   981609 26689464 22594816 19427150 12378787 11996030 19478400

--- Zero Minor #1 ---
  Minor size (k)   : 6
  Deviation        : 4
  Principal block s: 0  (indices {0, 1})
  Row indices [6]  : 0 1 8 11 14 23
  Col indices [6]  : 0 1 13 14 16 24
  Time found       : 15177.8191 ms  (since matrix start)
  Minors tested    : 112911876  (tested before finding this zero)

  Principal 2x2 block (s=0, rows/cols {0,1}):
    [  8880052  12485594 ]
    [   592499   8527605 ]

  Extracted 6x6 submatrix  (det mod p = 0):
               0*        1*       13        14        16        24 
        --------- --------- --------- --------- --------- ---------
    0* |[ 8880052][12485594] 21037509  17612730   8926307  13088433 
    1* |[  592499][ 8527605]  2701601  32825986    394518  10337022 
    8  |  1920383  25122081    615116   9908272  22445711   6886936 
   11  | 12018737  11309897  11523171  13952496  18352152  27931849 
   14  | 14457361  28307386  13515587    151373  30586163  24311434 
   23  |  9226689  19396894   9200505  17543483   9466490  24902875 

