============================================================
APM Result
============================================================
Matrix file       : kernel_25_43.txt
Matrix size       : 26 x 26
Prime (mod p)     : 33547861
PM block size     : 2 (fixed)
Deviation level   : 4
Minor size tested : 6 x 6
------------------------------------------------------------
Timing
------------------------------------------------------------
Matrix total time : 11750.3379 ms  (11.750338 s)
Minors tested     : 87048192
Avg per minor     : 0.00013499 ms
------------------------------------------------------------
Zero Minors Found : 1
============================================================

Full matrix (26x26) mod 33547861:
             0        1        2        3        4        5        6        7        8        9       10       11       12       13       14       15       16       17       18       19       20       21       22       23       24       25
      -------- -------- -------- -------- -------- -------- -------- -------- -------- -------- -------- -------- -------- -------- -------- -------- -------- -------- -------- -------- -------- -------- -------- -------- -------- --------
  0 | 13757443 13870735 20971833 15423057 21587013 31317448 22253812  8669751 28833807 26555287  7937517 26180237 33163485 20021430 27059558 27816452 16253957 23150311   485663  3915133 26151314 30592956 12359230  1790678  8826417 13593953
  1 | 23670374 17800477 19520335  1825437 26886198 19420698 33470054 10569133 32080187     8314  3570782 21741625  4962626 29885318  6163463 26637698 28971193 10879248 28734345 19693054 28756417   476435 31586870   397400 30548544  2591719
  2 | 22244651  1954755 17990898 18616864  5946133 23049797 25517280  7501673 26454089  2064678 32631101 30228929 13544647 30320327 28865678 24488981 32800189 15467025 22690843 11647568 15260247 12491735 11186400 24714212 17281429 19131146
  3 | 28016970 10226950 15499333  2439249    58579 20436083 24752617 18799289  7639801 23860654  2541747 24658556 19959558  2610515 12926469 17908489  8867202 13466051  1059965 21930133 28454130  9727739  1425831 27670837 24520286  6871098
  4 | 15619894  9436922 20525492 23797718 31649644 27570554 22444482  4889190 10541311  8534782  6088018 25477220 14162460  2269366 10537025  2754878  9914248 33514264  6696939 17241423 13640919 23412349   901082 22481204 32372001  6004554
  5 | 13321840 26737856 24360365 22623221  1709549 25280897  9180428  7179944 30379884 33066998  2399824 30017977 25023161 30738572 20504797 11268271 10734406  2944800  7230591 19165863  9275849 12436425 32271413 26992746 12352066  5969349
  6 | 26249052  1425995 10638229 18640262  2246587 29720260 15232274  5980030 14263468  7756016  2106895 23822451 22508241  2103862 14087287 25018800 14493982 11507988 10714072 17529864 26339147  2302185 11411842 27852263 16656908 25228274
  7 | 21932807 11692131 20588147 23499777  7853620 31601413 31356984 28437991 28484532 18726829 19781746  4281753  6712944 20360395  3855065 20327000 32139362  6099369  7760518 11342153 29008582  1983202  8473522 31081057 10800736 17437462
  8 |  2008041  7228959 18815239 30890758  4034694 30484548    28735 20075906 26879796 27446216 21790514 28286732 11453627   501861 26110011   517642 33218979 31546143 22539667 32805618  4039418  2703519 29909337 19625441 13020415 15857697
  9 | 13265797 28238665 19095126 16403957 19084268 14027037  2248852 24320149  7382593 20552907 33541839  8713348  3580739 25856457 18308937 10468832 33101416 31126446 31553408  4760803 18995041 12043875  7223274 19409420 18785497  3758198
 10 | 27012110 10126616 14011828 10236171 20899466 15750195  8344049 26415333 30039206 25196148  8369492  7569436 14343827 17560026 22251564  9139912  1493824 22997246  3177775 31706082 27539381   541293 12958277  3990162 32602942   672955
 11 | 32118998 16460499 27400005 31087183 22881742  1770554 31434625 12269022 28115869 21589289 28145461  5886613 11900907 19932324 25291791 23115262 29674156  9167737 18021362  7476956 16667382 29328588 29371022 30797255 21903424 21590368
 12 | 11751931 10761295 21434248 12722078  7004854  6891868  3932795 29617363 24453442 20793919 10865983 14765601  4954928  1455076  8179972 21948328 20228687 33217692 33090623 24408478 15698990 30321811 21048903 23886265 10436224  7759538
 13 | 30120263 29178467 32542085 31542330 26718728  2804606  7298730 19640459 16562400 17202762 11401586 11096390 12440570  6224364  4343854  7279412 28853156 14718071  3995630 18239335 12735547 19724069  6605115 30252865 18284148  3974068
 14 | 19737314 31572336  4045956 29804068  9977736  4906710 26532428   232456  5638797 14559597 27018842 19818170 19467823 27846445 22795981 29233856  8762024  9667000 32884335 18595298 16647986 28349453  6848383 26995362  4858809  6806026
 15 |  5994206 29458180 12282919 23795527   358961 20006129 24573064 25467183  9325743 23962632  8270252  1233759 32206888 14101644  9513628 30488002 21656935 15041275 31847709 25548804 20165930  5410607  1055523 26316747 12209223 11644149
 16 | 21801970 29651638 30844429 29148023 15882114  8631550  3213561 12029185  3376079    52262 26907615  2720665  5094705 18269648 27590499 17662112 24856077  1261380  5370961 25512232 27720256 29032236 18592457 32888155 32904380 23722950
 17 |  3031077  7554926 13903136 17906031  5543451 31251547 11390542 18326405 14373782  6210681 15805260  5618985 29761383  2103904  7368347 12136115 13696755 30781262 17005299 17394310 13227260 12665205 13428977 10529877  6326063  2132397
 18 |   504597 21077365   944541 12336384  9672909 27510258 26648606  3276853 26034851 12170758  5485098  5292738 11158391 32322377 24496638 12822821 14445748 20407824 25563309 33460827 21516698  1102308   917751 29729461  8621771 26730985
 19 | 12748404  3233945 21345472 10316304  8791341 10060845 21243481 20380836 28029199 31487699  3516284 27014792  5804874 13509226 18144713   202648 27238124  8730919 10479474  1340017 21085888  8105797 16902562 17719379  6313355 16399824
 20 | 13481858  3195758  8619651 32952453  4070921  4197938 11362908 11995906 17109840 16003173 26433897 22600295 16280354  5766370 31949342  3336136 15320365  1741827 15360116 33528768 13615668 19800487 25110429  2465073 13387859 18411639
 21 | 12448890  1918832  6280742 33229024 14546933 12328475  7932655 13428269  8092470  2132207 32869196 21107275  3158269 33035819  7986171 31069179 17614058 30919327 28925502 15894299 16760920 27566254  3664958 19907274 28665712 31334453
 22 | 11298279  7748195 26275765 20188776  8285914 17382637 17100987 29160247  6084949 14428725 21886041 30999722 27556308 27714901 31991288  9132718 17643890  7374242 19531651  4712762 32528435 22154033 18612299 31004719 31818870 20763119
 23 |  9971434 10106015 14685111 19710973 16675097  6912660 22750350 26963662 11059340 26958059 20652519 11811547   997509 10251348    36766 11115650 10613371  5089654 18886906 22660535 23129510 28714981 30861426  8257916 20485337 24334007
 24 | 18045082 16652519  8331728 30279511 26300772 26917770 27078311 18161642 11602695  6242481 11473655 30810533 22064398 21953917 17605537 20743594 12368796 21563672  1050660 21045423  9624119  9229125 31680177 17346267 29254790  2995592
 25 | 32784629 32710386 32256893  6505473 12114712 29179473 18706997 19536810 33030898  8096567 11695133 21960902 13216867 30283341  7191540 27750902 18206656 32190089 31048654  3035467 18600727 24324229 23009798 19022460 22405631 24002263

--- Zero Minor #1 ---
  Minor size (k)   : 6
  Deviation        : 4
  Principal block s: 0  (indices {0, 1})
  Row indices [6]  : 0 1 2 15 17 21
  Col indices [6]  : 0 1 4 6 19 21
  Time found       : 11730.8779 ms  (since matrix start)
  Minors tested    : 87048192  (tested before finding this zero)

  Principal 2x2 block (s=0, rows/cols {0,1}):
    [ 13757443  13870735 ]
    [ 23670374  17800477 ]

  Extracted 6x6 submatrix  (det mod p = 0):
               0*        1*        4         6        19        21 
        --------- --------- --------- --------- --------- ---------
    0* |[13757443][13870735] 21587013  22253812   3915133  30592956 
    1* |[23670374][17800477] 26886198  33470054  19693054    476435 
    2  | 22244651   1954755   5946133  25517280  11647568  12491735 
   15  |  5994206  29458180    358961  24573064  25548804   5410607 
   17  |  3031077   7554926   5543451  11390542  17394310  12665205 
   21  | 12448890   1918832  14546933   7932655  15894299  27566254 

