============================================================
APM Result
============================================================
Matrix file       : kernel_25_16.txt
Matrix size       : 26 x 26
Prime (mod p)     : 33547861
PM block size     : 2 (fixed)
Deviation level   : 4
Minor size tested : 6 x 6
------------------------------------------------------------
Timing
------------------------------------------------------------
Matrix total time : 11664.0920 ms  (11.664092 s)
Minors tested     : 87048192
Avg per minor     : 0.00013400 ms
------------------------------------------------------------
Zero Minors Found : 1
============================================================

Full matrix (26x26) mod 33547861:
             0        1        2        3        4        5        6        7        8        9       10       11       12       13       14       15       16       17       18       19       20       21       22       23       24       25
      -------- -------- -------- -------- -------- -------- -------- -------- -------- -------- -------- -------- -------- -------- -------- -------- -------- -------- -------- -------- -------- -------- -------- -------- -------- --------
  0 |   286517 28897463  4239042  6653566 10432112  2903106 20247181  8351984 13271233 31982355 18742899 17254262 19793763  9098939  3546691 31895905 25532328 18404159  7190667 10097639 33079036 28274097  9946042 12255211 18855634 21691695
  1 |  7534801 16146054  4673366  6658162 14628553 19257175 22846408 18614294 25613283   702153 21567869  9837600 23293435 15193739 27462732  8789161 29519818 31548078 11255567 20742075 26533399 11129060 24072337 31286899   217863 28643899
  2 |  4975371  7169724 21690976 31224506 33140835 20577051 14205193 33163314 23141999 33420732 16305636  2154327 27314948  9704194 33174729 10397868 12712151 19984824 29868624 28990578 27753676 21312798  3978260 20968536  9964563  8527451
  3 |  4227003 30368770 11587006 13862871 21162697  3238251 13723282 29720284   644523 30297434 28058828 26587147 29589427 18969844 27685461  9413369 28681948 31124519 31499973 21521577 25839035 21758920 32348692 22180041  9818193 29029734
  4 |  6026820 14584229 11232047 21368416 25110380 20127608  1850749 20243978  2831024 15982470 23504388  6210356  7774604  7208977 21624652    58363 14919687  4542371 33285124  2591242 11692298 18594046  9367546 27386398 15789074  1501851
  5 | 22730665 26311416  8441816 15327631 19200691 18338313  6879619 14596455 29379745 17673428 20871467 11715230 16515208 19405324 20063103 12319380  7230483 26434032 13287364 14337318 10641466 24142377 12877528  3998766 18040296 31016551
  6 | 27934174 15531792 21699297 23384354 20224257  4942370 11215393 13512329 13614784 16473232 25143535  4929602 14704198 10909060  9492379 16875463 15644166 18555041  7823834  5246912 14224550 26946697  3333749 31958286 32627076   710649
  7 |   782255  5016889  9196918 23619161  8078199 30282368 32157883 11055073 18963048 16069603  9151753 27835031 10073512 26108423 24742910 20676335 17936662 27975695 29019796  6760852 32904553  8741100 29620803 13044072 23795486 29983228
  8 | 18091550 22330878  9698070  9659849   112075 25846827 28610651  4324541 12414783 19242323 12291098  8565826 32075726 28543494  3245042 11296851 18262155 22515961  5795440 26738656 29560578 22183191 12863565 15763644   609161 29034353
  9 |  9347506 24725980  9148295 19283341 19159772  9640392  7722752  8827779 30727324  6564845   528387 29400526 22912203 20959839  6681641 28252695 23901170 24994272 27108639 18293538  2103917 18591531 16340195 26839089  1399364 30937229
 10 |   478010  7021062  9792873 19618531 19415958  7297092 19205176 31979182  5520584 23389089 19685885 25582846  6910094 23579333  5116540 27925259   659304 26511931 14393690 24937845 31105336 11931481 22331073  2986431 15978198 24090854
 11 | 13776038  7594030 13941880 17470705 24407660 28493659 12195791  9344193 19811406  8998642 23192905 19317475 29949063 11664613  1589412  2361006 30614858 12358497 15292380 17384455 30080672  7721879  6902081 31629433  1142918 13356220
 12 |  8329484 14961841 26096949  3376861 23878021 22314298  2089528  5615674 18706208 15795252 12798791 12289297 11984763 29504517 15414879   713682 31645603 23470061 32609154 28149631 21536664 18917461 10402922 12134625 11000753  4528126
 13 | 27006432  7145870  1993634  9311658 32216067 29456318  2292465 24937168  3360090  1894049 24563570 11584195  1812639 14490835 23729578 10046954 28812799 32629379  3817414  5387493 22490369  7146947  6994610 12798420 23266951 23311931
 14 |  7132247 12751925 32822988 13621744  2863575 31182371 32440360 19605755 28588676 13169416 13814378  9034697 13508037 12402174 22150236 19628660 30085013  2933598 24833006 24545333 13372137  4546795 10109453 21903704 19743539 10519228
 15 | 13055708 13368968 19826777  5518000 18585087 14086523  6123935 19446839 23652711 15399932  6539107  9444452  7227552 32998865 32276393 12584420   302539 15779803    92816 19099518 26249897 13219820 25840370 10086362 22049615 29406198
 16 | 33365545 12172236 10412355 17136894 21546864 30663737  4483083  3273943 20963390  2455073  7691812  5814495 20261154   831252 20198929  1253925  9711473 30596303  8255243 26512638  7573733 11077411  9312517 16644048 18461794 25377592
 17 | 16036919  1312389  7079561 32450669 26429211 26270410 25901077 19632723 26453852 26997314 20286111  4281585 32805455 13882703 28135259 30667914  2044049 16030523  3215041 19927906 17312751 23217083 16679875 12732307 14811930 25543671
 18 | 17182732  7675444  2464426 16784238  6947199  3620797 26917655 13330715  9107564 10765527 20496439 22920408  8737641 29258599  9336671 14248448 33508397 17877544  6152785  6910286 21292159 26849833 16361117  9359067 27972567 19455147
 19 |  4719867 32621908 11605297 29976573   382437  8539599 29513750 21922842  5083769  5455673  1380506  5242821 32032063 23876899 23559459 30601520   356824 24935660 19352704 17886956 10268949   611265 20884448  1098225  8543488 33186441
 20 | 10966021 24146826  8361609 27179219 14451804 15490471 30936014 30927100 10129182 23338195  3904428 22402851 29578029 19804358  7503161 13060531 28032600 15004117 27920462 25624976 15329023 18990332 26194570 18869439 21824309 11074506
 21 | 25764932 16141423 14310370 29363045 29391571  8840446 29441044 28843576 22469111 11489707  4875412  7044810 19915501 33059142  3486878  3379153  4813698  3854182 16780404 33410556  4674481 29263944  5688767 20759450  9533618 20634468
 22 |  4862495 13090188 19047955 22096050  9696349 33114434 12399968 22255079 23327273  3883999 15841520  7106068 19993524 12513054 20692471  3965936 20833769 19074281 26423665   856666  4455222 17840846 19012724 33220376 13648117 18216488
 23 | 23690840 32483020 18848298 19561728  9370963 28134116 14141979 15195276 10075889  3581926 16858615 11708892 30401095 12987699 11837114 28010029 23393102 32744310  3459841 16337759 30679370 29560507 32403076 31120796  7108391  1836436
 24 |  6491440 16930330 21611823  1322623  2152982  9248592 14817725 17640737  3062234  8680957 25702613 25404860 20379480  2319891 13589551  5797404 11838959 27562094 30902390 11396867 30453898 14065860 13772948 27407628  2961086 32616001
 25 | 17106680   632065 12828315 19280272  5980496 30630340 26396372 28263811  1629817 24639388 26355430 13284872 24837248 10784981 13295150 12561568 12629851  1431434  5452831 12057016  8778267 32189556 21157767 19060143 33299885 17071554

--- Zero Minor #1 ---
  Minor size (k)   : 6
  Deviation        : 4
  Principal block s: 0  (indices {0, 1})
  Row indices [6]  : 0 1 2 8 18 22
  Col indices [6]  : 0 1 7 8 12 18
  Time found       : 11645.6821 ms  (since matrix start)
  Minors tested    : 87048192  (tested before finding this zero)

  Principal 2x2 block (s=0, rows/cols {0,1}):
    [   286517  28897463 ]
    [  7534801  16146054 ]

  Extracted 6x6 submatrix  (det mod p = 0):
               0*        1*        7         8        12        18 
        --------- --------- --------- --------- --------- ---------
    0* |[  286517][28897463]  8351984  13271233  19793763   7190667 
    1* |[ 7534801][16146054] 18614294  25613283  23293435  11255567 
    2  |  4975371   7169724  33163314  23141999  27314948  29868624 
    8  | 18091550  22330878   4324541  12414783  32075726   5795440 
   18  | 17182732   7675444  13330715   9107564   8737641   6152785 
   22  |  4862495  13090188  22255079  23327273  19993524  26423665 

