============================================================
APM Result
============================================================
Matrix file       : kernel_28_2.txt
Matrix size       : 29 x 29
Prime (mod p)     : 268431881
PM block size     : 2 (fixed)
Deviation level   : 4
Minor size tested : 6 x 6
------------------------------------------------------------
Timing
------------------------------------------------------------
Matrix total time : 38177.9539 ms  (38.177954 s)
Minors tested     : 287539200
Avg per minor     : 0.00013277 ms
------------------------------------------------------------
Zero Minors Found : 1
============================================================

Full matrix (29x29) mod 268431881:
              0         1         2         3         4         5         6         7         8         9        10        11        12        13        14        15        16        17        18        19        20        21        22        23        24        25        26        27        28
      --------- --------- --------- --------- --------- --------- --------- --------- --------- --------- --------- --------- --------- --------- --------- --------- --------- --------- --------- --------- --------- --------- --------- --------- --------- --------- --------- --------- ---------
  0 | 138473429 200067255  82044559  97401945 234686102 228985297 156729857 102475823 203511721 119127359 242308496  88207293 261784310   4174436  63008424  75543109 117715175  81383774 142562161 239541842 154289349 256356702  23840257 240150097 255224739 167165299 139974786 249402122 232915315
  1 | 262285990 132862030  51293351 159315480  61571507 259772145 234340196 251813899 151775901  14445449 147841655 201470478 142444175   4848646 183129256 166653832 244056597  69518201 234239976  46028583 157718726  74967328 215731528  47177751  17289063 220632685 241660480 212479757  60316896
  2 | 181595881  65026480 108169635  97167636  81222096  39903180 145265347 204369245 257413311 237489702  57119232 262760052 127463605 137350819  49914188 194613903 121009072 187587572 138995298  26368485  41721850 140941510 222091757  80158932 145654265 267986155  95698569 124611223 167464206
  3 | 166356775  31033452 165110927 214984636 161612974  47923894  17469447   1882459 206623405  43837896  54950208 170270994  70267532 254046358 203688833  25220434  23188394 146298503  26872765 146040426 132847849 108897744 132739813  23568288 133750291 164382474 166274248  91380003 259898183
  4 |  60146638  79524945 233314890 223473727 235170841 212197506 184782923  64284851  68036384 145858218  89931376  41964696 118116837  60107794  72165660  95708008  45724226 203525663 262021087 163505356 221066566 227087130 111427170  96572233 143059561 100632328 116520590 255075405 232607139
  5 | 112971198 123771672 149394151 196475050 217137132 243577102  29903611 178029318  84946465 263158676 114755199 174196930 244521758  10743720 195882333  67839309 164329826 112741173  69787168  19566601  44944260 187916726 267653804 244315621  21968349  60886620  47568314  90652350  21692037
  6 |  81878367  71267086 174761999  41730163 161559832  74217142  95929521  23049621 234280329 170999572  85694451  89341485 206772748 239538355 186440274 246611123 251195939 241669639 194600117 222791118 229994810  87904100 171412026 115500919 150855465  60916266  19867836 113728588 129963677
  7 | 127145528 164727821  87155519  40565360 222532457 141457035  97159938 237599331  62012402 172313730 191858527   7134250 154918752 266681988  43310868 216937215 266447984  63081365 267233086 138414036 210547004 179522405  97819685  70851103  90075106 248808915 238871841 124555168 186037811
  8 |  92355546 191896241 253157503 140291143  69544372 125328244  42868294  52289971 205460153  18354906  94260741 229233122  57809691  16436258  33280150  97820829 152146084  59417810 195837704    828994 184163892 145975530 257385736 170997943  62876854   6715070 196206114 140526814 113324751
  9 |  38089081  36032148 264080433  60443633 223089820  86185306 165863032 118000659  23998332 200429926 241450198 255196418 257911335  27235523   4438709 244076762 115163854  95190273 187557423 211161307 182357681  52982919 223791614  16079291  28918778 153583551 157995420 150209081  44245076
 10 | 145830096 152042375  93555560 115351389 104195630 115295615  61938148  38408013  33115776  35171498 213759572 209353914  75247137 209922951  83897889 124941813 174384198 263235392 207372504 264390397 195057491  35729270  33345967 238039835 114601806 136742185  88781583 182733165 257808902
 11 | 205260033 101776416 173177662 118810835 159982232 155469533 122759070  36387427   4799705 106509336 170434759 100158087  35070262  58541791   8961771  53731609 210721954 206055807 213133038  14938289 233355691 244292202  64143592   9172300 265157292  85451373 210029593 176922056 234253794
 12 | 251012610 203933719  11816829  31533381 101154549 185476275  19926408 145227102  93654843 188378584  12893119 195035365 162533590 162166368  86705946 228654065  73478377 111206566 182563430 246974586  41950396  20432314  10181155  30831460 118863196  62479062 178630368 146517433  41193179
 13 | 217532235  92571759 159990019   6690617 133660234 225528545  18527735  18072956 186334494 221341831 124939893  48749875 174014239 109876872 257988704  83750269 218261250 153324117  98245022 243488616  34922246 119896479 131130143  44546036 103578597 233023225 266841808 103733004 101930421
 14 | 210348171  94035492 186997414  84914940 221663030   5339735 175309113 234900856   8360155 135825350 252954415 235598444 124656080 260130148 171876854  75162805  25534713 206099029  90155873  66098949 185229125 213059559  52267545 185919387 159952918   6220189 177454186 215683769  68482814
 15 | 115027985  45428066 171630653  94232707 244670380  89287579  74051537 129849261 252155121  57937276 265079157  27453040 177373697 222447980  49092248  99036179  73343168  45976041 114820639 180618147  45562492  47557368 178193060 139720461 124878333 197732743 145973261  28418203 200044968
 16 | 156172865 230943308  63520617 108128995   1802818 249274747  12798321  15667740   6712896 216042331 156501005  40233323  55570776 145542779  74803077 228642979 236921186  18957860 226718851  20911675 225381724  36106818 203604845  48393878  26480334  26236400  94770577 256620197  18364479
 17 | 184328520   3616599 102085026   1933442  10972096  84200384  40757189 184554467 211865758 153157460  51948469  26700497 159714956 267619221 128050284 197637516 232389030 231502419 258456104 252125814 256566832  48160224 229365385 102733473  56251583  31619305 119704554 107356858  17921199
 18 |   5448420   7330251  86943433  56456572 249797016 199612499 241051147 172117823  95214710  15576811 248137041 190327535  74567628 179908220  93648144 209844945 154585871  43867204 167453263 248419875  25223347 124339980 244526079 118960323 131933340 194675905 235120721 209853484 172262248
 19 |  70705060  59025318 204495091 170621537  84608277  19624521  83074220 168321019 103095200 217338301  41527797 167035913  47530119  52225310  56185665  55225118 190036461 153332544 165902396  25192572  97686648 181108037 227097952 151905676 167501309 264303647  65783442  27834682 230482549
 20 | 162580128 150683851 204967968 165850244 144547455 214779975 207921579 250014848 253746773 254648599  61097192  83350591 266156682 120018984  45199561 258698854 225715345  26797539 157257840 185401172  20101704  97757944  87592012  79657517  40584433 256574873 158990403 236864283 114230953
 21 |   3821780   9825459 201264172 182988251  18442797  29020558  38884901 147051028  64428846 121340134 137453395  96618139 173982538 161380109  95010638  10790745 131366663  29945008 114515577 215009135 170973675 110981949   2929721  70323527 254241265 220069611  77098531  50010889   2122939
 22 |  73657570 194809586 192630924 147533388   9895993 248255463 194806190 167844357 266460972 212239661 223915438 122070064  40176460 242877658 170336572 124857438  73905915  70627070 215306869  82097149  78644101  56490942  33691447 241959573  10784065 163889835 252227871 235692621 246064185
 23 | 158922088 156891330 250993848 127716084  44242501 109112613  76201411 113652387  57155568  57620984  20993038 254035051 143930487 257183090 113535407 259396678 192031770 131059600 170977651 245006809  29493339   5178837   5420321  12266035  13605213 241737748 144965530  18598979 236646078
 24 |  67200998  52497153 261197445 154475265 160534222 195845489  31775159  15905614  17196752 111228970 144720172 265974706  54768174 184759870 135405168 219425108 183853754 229543486 112624062 174026363  79316973  68330447 237611352  71840573 166983233  85588293 246017470 252799096  93844288
 25 | 214385248 108789013 100428688 221299861  39078158 248706116 179437072  34677746   5846207  56492849  73594697 149093080  65395288 266292816 163721848 197897484 158115753  11372654 141939667 133776023  62323709 157075789  57349900 189256001    316324 143208452 204911271  19772651 238360781
 26 | 189605794  50643772 190982004 208089324 218373158 142232427 191843705 137047801 243253775 237151296 127195405 191294040 248867662   3973776 151927296  55171426 168367379  43608468  97734945 149867153 152172861  99220121  65327499 168406348 247431644 130820605   9455932  96742110 265293934
 27 |  63413443  97361629  35146748 160347377   7010775  27899164 226654257  22889971 207736301  22599949 100745658 163923311 172774085 222128354  58757892  23171470 265784050  48330603 217796748  76273602 102561560 129636301  36096481  39245511 153085256  88181783 101699638 104013323 117215580
 28 | 194158380  76305516 195634534  50793129 247857200  34857975  39531926 241447737  57641586 133192555 207366729 142642797 186249458  94146627 138233631 228521433 261805815  89888676  88811344 218240377 120887061 264462398 266553872 266847909 129449347 168200548 206194478 236566575  30796623

--- Zero Minor #1 ---
  Minor size (k)   : 6
  Deviation        : 4
  Principal block s: 0  (indices {0, 1})
  Row indices [6]  : 0 1 2 7 18 21
  Col indices [6]  : 0 1 6 16 20 28
  Time found       : 38118.1338 ms  (since matrix start)
  Minors tested    : 287539200  (tested before finding this zero)

  Principal 2x2 block (s=0, rows/cols {0,1}):
    [ 138473429  200067255 ]
    [ 262285990  132862030 ]

  Extracted 6x6 submatrix  (det mod p = 0):
                0*         1*         6         16         20         28 
        ---------- ---------- ---------- ---------- ---------- ----------
    0* |[138473429][200067255] 156729857  117715175  154289349  232915315 
    1* |[262285990][132862030] 234340196  244056597  157718726   60316896 
    2  | 181595881   65026480  145265347  121009072   41721850  167464206 
    7  | 127145528  164727821   97159938  266447984  210547004  186037811 
   18  |   5448420    7330251  241051147  154585871   25223347  172262248 
   21  |   3821780    9825459   38884901  131366663  170973675    2122939 

