============================================================
APM Result
============================================================
Matrix file       : kernel_28_79.txt
Matrix size       : 29 x 29
Prime (mod p)     : 268431881
PM block size     : 2 (fixed)
Deviation level   : 4
Minor size tested : 6 x 6
------------------------------------------------------------
Timing
------------------------------------------------------------
Matrix total time : 124147.5000 ms  (124.147500 s)
Minors tested     : 924007500
Avg per minor     : 0.00013436 ms
------------------------------------------------------------
Zero Minors Found : 1
============================================================

Full matrix (29x29) mod 268431881:
              0         1         2         3         4         5         6         7         8         9        10        11        12        13        14        15        16        17        18        19        20        21        22        23        24        25        26        27        28
      --------- --------- --------- --------- --------- --------- --------- --------- --------- --------- --------- --------- --------- --------- --------- --------- --------- --------- --------- --------- --------- --------- --------- --------- --------- --------- --------- --------- ---------
  0 | 261751385 215840947  19780901 193877963 243403945 197435567 178765918 154677562 175513633  14629193 173396556 162020729 162667302    365747 127063194 220704205 106772736  99127027 264114784  19526289 188882839 246669186  31018693  54338430 136399492 194079027   2773106  96021080 194484542
  1 |  61412234 260315023 182046475  63233575  44436839 166598526 226312218 142526692 261442773  83152211 134345336  62273159   1111360 220422212  45995348 208636742  11757511 118657237  96360781 203174104  70028264 209623321 158844850 172222970 159747357  76544059  44917274 239683596  63135171
  2 | 119827560  15664536 212609842 206280281 213471906 125656343  71406455  86731270 214346592 118480181  75313978 110727966 242950369 249310902 131654591  58544205 201801029 186551495 166686135 191680994  56288641 186280208 165568445 259963445 148941834  46509701 225106655 118021775 115506020
  3 | 159398121 218648724 202323604 193957082   1900012 188344856 263672143  44985570 259710798 111424509 208368667 194661918 210796722 149377447  57672639 139207768   2048412 222916233  33291865  51162350 140511228 196014213 266195519 264833314 124721199 129845506  76315056  58084907 171359957
  4 | 150665567 136618133 260166550 246330818 126800028 129416362 198421956 265882343 160044600   3474293  62791771  97056088 185756887  68767578 101077926 224443486 197192184 118031223 222179386  43808155 256224936   4362349 177910020 157922577 157946825 228708323  72656743 216405932  83374420
  5 | 258527656 186876520 149574155  20033846 140029594   7960341 159056844  30375632 146863236 251103927 181319600  74973533 148928409 218054280 101847656  95441507 187722968  82482550   6798800 160388745 102118021  63486040 224737645 159432883  31603449  12623322  24873380 217074867  48796090
  6 |  27133680 242407843  65534044 238402923 236229782 103496913  45453809 220263391 262454061  41160389 163945899  55765380 189722037 209534335 133952288 172274933  80774623 100367665 242585985 125835900 187625877 138845852 267414008 198819134  10154307 225570112  73969436  98406534 147392393
  7 |  80906396  77745487  36767268 131577671 157677134 108335479 131854853  64612101 192806049 127385376 134508548 192676583 101941477 105860594 240244326 169435535 153333568  55254123 183599253 199526005 158729667 241239670 268250935  47713463  74981373 263386212  81078232 216810510  65849996
  8 | 104279144 245213155 109653959  83991008  91080491 165695824 198986427 112395342 147408302 139448447  95668935 107121970 186178879 215288455  22557378   9736014 211718469  45509211 197667890  51111034   9571127 233833508 114588410 151333775 137826027 192269958  45867237 164092092 148630346
  9 | 172880968 179477686  83683154 174130437  60736346  33875168  56706048 188336368   4226561  97304400  18519153 234175161  82380180  13720003 213425806 106112646 144538722 167590808 214179773 162907398 168233289 178717556 225881614  50371322 109411989 255011305 144936945   9309966  34656234
 10 |  28509856   4635697 134301392  75789823 220436993  54562234  30641218  62979942  78314767 181609348 265195054   2319647  77868340 224258143 197885199 146101450 203634744  95496197 253394867  53547149 184074401 109473630 177273770  95950169  27431784 233333533   1070659 190052931 253773922
 11 | 178413561 154920420 243755022 183440617 251070605  41079378 174771303  59108717 144573737 151128582 252109576 199168613 223782354 211196728 233264022 201538686  41159253  78685667  42202498 218938191 178468259   7041258 117070231 112880928 174455245 168355735 117916696 236112119   2890205
 12 | 253446785 175432094  37624213  22156990 254283953  88024919 167862139 169855837 140984679 188424116  88690415   9359033  61474880  37823001 165990411 241534349  47247689 223561707  31485454 180592886  35300461 210475669 149500562  21847837  80563339 132124833 173009361 224229723 114015808
 13 | 128970705 101697633  80676865  44802265  76078893 124095974 265548530 170640090 109661940 181168078 245188107 160936159 228881847 145107724  28293442 244468284 189139888  69586702 259120486 243995189    419494 225763612 132154972 254618562 237987062 202747661  65423247 210042695 197593278
 14 | 266194565  69800830 136183892 142999100  73237430 170999096 207283654  23727231 227695127 155810798  83322785  42083533 246676348  50084978  87497701  85581789  68933018 150622313 184029051  45425454  66436480  77721021 156634705  48970138 198482896  85240917 232352030 217620565   5176100
 15 |  63251428   9613033 200089186  15958564  31962855 138328932 142185451 155585115  36999911  14515387 135985925 183073321   2034364  47235149 163201396 139484500 176677164 227980446 157160991  76862478 210036498 204086191 262066015 218442418  63570865  94904729  77457525 148737520 194178491
 16 |  90618596 192646957 120473119 126112156   2948952 208050490  98841714  20549606 155202688  55880389 234821583  57087893 226392578 150781842 160046658 212669757 228388905  31070497  38770134 168833136 128693405 214184221 180265824 258252478 223584783 126996852  50722334 138907057  75440460
 17 |   4908986 262606098  68224589 255529770 104021913 132419020  20907956 117901605 148117555 117800772 241047110 190366304  40034336 256242412  10323397 172889087 162633822 173799089 247489223 143364574  52231845 239753827  19375179 193325177 224512637 154539796 241787550 139661496 148424660
 18 | 109088535 117560455 179838592 170131659 213886084 210286959  61701198 259943251 146476225 170480995 249732318 190737298  90111233  43044168  45900283 138757947 208101124 174237247  49451954 253091400  54562576 217345231 131507600 159128337 192351949  40273049 154803231 100237004 166622170
 19 | 197175304 165371350 201791039 179460689 197882503  81382854 259468418  81719295 189285591 202209119 113079644 117420494  23713136  47796258 179683730 174557792  63332115 105332748 185028447 188496950 177187490 252815272  45069448 188240463   3974332 222941479 197291733 109297392  78854200
 20 | 134119571 134977448 111005899 261949679 198759906  40450339 239741652  44974007  71135067 127692187 182018378 176653455  29462503 119709743 163668050 222942541  55651247 207594908 258875906 123645854 223719946 199450615  31761652  46278036 258344432  76453631  29493423 199267953 102651029
 21 |  23222513 113444822 165576153 253505393 260043197 214271560 163464576 139899251  67864799  62875605 242667264  66767042 132175516 129297794 227170985 159832764 162989027 251562168  50385273 116899386 203441923 206008894  37440120 132759627  52548590 264428405 184173406 180165945 192595628
 22 | 261989792 262399306 198934934 100306949 148056425  90864584 205852343 233933244 142654938 267281483    911408  27592892 192070858 215888734  42346261   6295289  21474727 255505031 148641320 213568910 249413006 181428304 148673861 173448594 142442254 175817702  90933394  20398088 212090202
 23 | 137048794 223796111  77185433 198218510 122932154 120702805 186338195 139730583 129938933 228626717  47631696 129646843 186578175 159946089 176756164 183825785  71865917  77529874 156644730   2531726 264885498  64386900 248346395 264414132  28111613 115750652  54212749 219275829  40283483
 24 | 221688243  28727314   8691875 243200087 230037420  81307829  67159970  85676941  99893837 108014754  81690351 161299471 141413636  25645520  32038278 200853698 120779097   1114340 152270587 117337929  42309860  69461963  44184953  33659153   4647069 188799160  70712375  77243009 230729078
 25 |  99677852 210970145  19741344 109330099 255567193  22199846 109220359 202576447 183279448 209363240 214454829 191657831  36599949 195483244 115981764  43171190 115809628  92250111  58783275 177424025 118909235  36005232  91595713 161122514 141490762 246739413 121696341 118720106  84035771
 26 | 107049460  85094429 186321405  87779874 147669710 244129017  69928054 205170866  41871482   2413110  71631191 133557042 166103836 177971022 213980148 140023115 169487126  85849667 125805273 223818291 205105905  81073691  52987241 216052477  28590798 122394529 250542009 210748108  49596283
 27 |  71364345 173884778  55520202 262826680 145083912 234413050  70358692 190208546   4323481  36714451 214797941 222950353 236347844 144350706 184261102 162408926  21018712 118168562  24793257  69821902 247261522 224796427 234249648  46055495   1247409  88364521 120617414 120729521  47143179
 28 | 135310665  45411070 227774999 246380886 138176449 132941955  11119258 190911134 118159261 221230863  82200134 190330979 113131889 220906999 145584214 167855576 172876386  29195034 260286386 180325369 160099779 152768989  73505010 167058247 143579648 168965421 130969518 177319049 261740797

--- Zero Minor #1 ---
  Minor size (k)   : 6
  Deviation        : 4
  Principal block s: 2  (indices {2, 3})
  Row indices [6]  : 0 2 3 5 13 17
  Col indices [6]  : 2 3 14 19 21 22
  Time found       : 124143.7419 ms  (since matrix start)
  Minors tested    : 924007500  (tested before finding this zero)

  Principal 2x2 block (s=2, rows/cols {2,3}):
    [ 212609842  206280281 ]
    [ 202323604  193957082 ]

  Extracted 6x6 submatrix  (det mod p = 0):
                2*         3*        14         19         21         22 
        ---------- ---------- ---------- ---------- ---------- ----------
    0  |  19780901  193877963  127063194   19526289  246669186   31018693 
    2* |[212609842][206280281] 131654591  191680994  186280208  165568445 
    3* |[202323604][193957082]  57672639   51162350  196014213  266195519 
    5  | 149574155   20033846  101847656  160388745   63486040  224737645 
   13  |  80676865   44802265   28293442  243995189  225763612  132154972 
   17  |  68224589  255529770   10323397  143364574  239753827   19375179 

