============================================================
APM Result
============================================================
Matrix file       : kernel_28_16.txt
Matrix size       : 29 x 29
Prime (mod p)     : 268431881
PM block size     : 2 (fixed)
Deviation level   : 4
Minor size tested : 6 x 6
------------------------------------------------------------
Timing
------------------------------------------------------------
Matrix total time : 38164.0989 ms  (38.164099 s)
Minors tested     : 287539200
Avg per minor     : 0.00013273 ms
------------------------------------------------------------
Zero Minors Found : 1
============================================================

Full matrix (29x29) mod 268431881:
              0         1         2         3         4         5         6         7         8         9        10        11        12        13        14        15        16        17        18        19        20        21        22        23        24        25        26        27        28
      --------- --------- --------- --------- --------- --------- --------- --------- --------- --------- --------- --------- --------- --------- --------- --------- --------- --------- --------- --------- --------- --------- --------- --------- --------- --------- --------- --------- ---------
  0 |  50149420 124338179  42292325  91006195  89674552  66773252 238330548  79334275 140913523 241428685  69339189  52970756 199610806 143790496 189009582  19202115  37925962 216046541  84217653  84669631  27162482 136418207 211086466 182477714 115453297 200659864 140968421 223470649  51030983
  1 |  70123021 119037558 151874346 128492177 256060510   2792975 204010754  63353101  37099337 116034346   9522942 185235270 167206000 106799359 146656089 112314853 244662795   7401760 134833310  25042159 110277959 215170926 170739062 166826943 149349963 235268170 103074491  18321549  44642771
  2 |  48730913 166742550 169947580 231564726 261700842 202050363   1135499 122083134  56233599 156572038 200195264 200062858 235945186  66336802 153761436 102573681  45401129  13534024   1806232 216022226 129476492 140905289 199209433   3602195 163101888 208265231 165753133  38474545 180052872
  3 |  85830575 241203050 160622680   8457113 259996472 109891077  81720993 125878875 234046134 101976265   2909331 161972311  11419263  13522317 203547593  44711776 172912981  55570827  90864868 194027342 171713796  59164054 129557878  21923506  13491729  78813840 193539621 154427095 218860680
  4 | 119466335 169439480 183305598  20762163 208415912 174887343  66751466 104510529 240779662 180708320 144358235 116964931 248007385    961930  53014576  48466757  47868164 202482342 156776704  39641348 246182868  52227485 215429792 216785654 195365804  67289043 109326606 106174777 246311149
  5 | 110158702  18996945 118102440  62982589 184566532 192164878 208202957 224081709 224664270 167179041 212696570  18844610 156232109 234081039 252209078  47446180  11319651  99169499 161047188  92998206 228025593 255402420  50709867 106790152 113773065  32768458  33457894 195587820  35270376
  6 |  70367456  57825668   1331707 141288694   1752015 130769007  85108273   1206816 158494606 216038800  14821103  42616711 201810954 122246126 153593148  75004197  89324141 104330945 237890382  77150957 243341359 165895048 202071615  30539837  85597410  29731102  26009684 201736619  90126052
  7 | 146524573  27116476  38365548 249200444 243033828 170414101  42147739  42479330 261736024 157875492  20479532   2878880 218158507 155234698  39072199 202429363   2302877 167853680  44881994 109966547 112020116 144990797   7898318 181582197 256900881 140423379 153574492  69612019 146603392
  8 |  32793458 150083024 142743253 240723040 171405837 155970617 154526546 157200334 191283922 204930104 168525174 131087317 169062998  29793129   5344095 126392353 194043048   6785017 165547179 193466339 149483929   2371996 211336870   5400897  80363740 108450324  22113385 264482484 241154372
  9 | 162780344  92770848 183763381  45851188  12253158 134721861 128635515 141925178  63925606 123191470 199266124 122537768 181433391  19286255  64970541 131044416  71408853  74507876  34041233 195490775  21696725  29090287 138725065 145526199 160957549 264946268 200662609 112740984 220269718
 10 | 263916201 208220477 154281475 143076723 137524070 111839273  97894520  95473642  31238226 238862190  90682658 129256388   8326954 202459231  88847929 198953513 116133905  34538216 260094989 253364042 190497488 190370200  86826092   1407784 101019709  38475755 170409993  14634140 196753670
 11 | 213690606 252567352  59040448 175704931 239015502 130042039 179919263 203707605  11950265 265617601   2411943 228309071  78654753 195959016  28656284  56941696  32305519 179038465 142073381  29379417 141776349 107777288 217895361 129424887 205445428 127842210 142455502 165799831 135987161
 12 | 263200778 113602853 184089776 222804113 140205571 134993561 267603524 151804679 261391736 133746238 225687404 262250726 225254409 200322989 266683104 129402515   2561216   2488055 176749561  67851042   4316504 230137940  56821951 154243037   7258230 137053634 124586858 150347943  30391397
 13 |   2129238 105071404  78890302 119789116 249022956 187616324 106326871  41083240 133110816 247741018 213995571 149943029 224229656 108647525  16450915 253669990 171994390 163855351 212311285 228202924 201779957 142514955 211732581 158215379 120265825 259898580 229649518 228824622  15000515
 14 | 217526146   5795860 161643034  71832966  45730368 230848928 128237897 147865518  97809330 185526894  13413153 217862675  86453456  97525464  60766716  16651565 157740871 106937550 189031795 252120342  63966477 109392425  31379137  23022548 166770505  66532105 159347435  61406991 129118227
 15 | 197192592 207597309 139754775  81865697  94662965   2176878  40181341 134077332  78650588  73454968  18510991 145709387 158607571  74380962 185667309 115328582  90665378 182627244 231517395  30213662  53585773  96786099 112196887  43329076  65487763  72213148 179306287 130065560 181863644
 16 | 177277498 122901592 227191677 148864595 164975072   6023932 148879363  34395774 117611392 172716842 229593338  64843614  71361322 129335960 147356443  18273757 185839952  27032536 133508463 140318319  32440497  76637024 134904692  62018788  50850731 188131842   9164118  59985094   1496582
 17 | 131344296 160987355 124326365 103924131 179140202 234534293 194675745 239716967 215216915 194950899  94547601 125537747  56712758  10856071 100386372 162576548 168745717  23381704 166860776 111358948 172560977 245499770  49940211 161961825  34740673 227470420 260103828    346430 238703104
 18 |  14086341 241966648 125892595 232052767 100236275  60928601 253188345  65748984   7499987 229476351  92859896 191514515   4793322  57847507 252587410 180655879 220483005 195822257 253872763 215921339 242627250 130578172  63002916 148941030  30430465  12814166 104088134 231845853 188930301
 19 | 129980777 101900630 247147092  75197332 162841432   5001561 228158876 146671604 266498313  57925922   8853631 221431795 151659131 210252088 204383442  21821908 223991621 174822630  30195338 208257749  21567642 231953860 240755795  15211435 209131759 258025792  76359585 142928878 102608584
 20 | 198169991  87643689   1826657 217611767  13123985 140352486 252714298 197357181 158833733 209042124   5567281 260899743 204777089 202676022 108797819 247009391 267379617 143537987   3332030 143977684 257701566 146607209 142907360 205665938  80181570 187823908  38102839 142925971 101648456
 21 | 219241975 158465209  95611032 208186467 246888029  24928240  89795145  17997801 190982005  16778645 224580213 127100118  35464588 161430418 246172150  80687677  23145578  72397301  48819836 112936646 158609116 171241069 168916994  74689951 233505863 265603838 236503751 222327826  52004358
 22 |  82645314 166515767 249501917  69323910 265502722 101789218 260466720  69903406 252391942  51743857 190435886 262183058 237976254 242525260 208827237 145599804  51660578  92753331  80243088 225175386 107699742 120757382 166196844 147889928 227532104 176034790  85204245 127399514    529652
 23 |   2608403  49526919 198968217 162162837  75471641 253885213  30104768 214486340  50921227  72937961  28905867  64089355 143654198 161421588 215964134 253160895 235690223 126221252 234877218 248348363  93502426 144521582  74359232 103856470 123963692 192911132 163644816 143871662 231747777
 24 | 254392014 229562860 232244135  35153217 159169826  35177709  93629035 112728760 168767923 113220088 156852215 218386190 161684767 174958647 159158402 162101682 227677771  19329823 176255198 216356717 141004121  72272151  22748771  48548609  47482094 168808450  77112764 174260707 104836489
 25 | 195194151 268296532  68321724  66835292  13887662  11266492  14508990  23835737 121890816 126942448 156455738 177611462 128354199 250582169 231123508 196751183   2440301 183450746 211026037 219149430 252078157 249677472 218358752 259741748  55983942 228910317 231362275  39287736 113081188
 26 |  68549758 130595335  19527406 198439199  83964212  14912505  27356619  47718129 230086434  32290095 119312485 214689240  26730771 148181607 171425588  34199615 160155392 173612030 190136134  34350815 141450711  17839158 107545949  94139668  10197275 115973958 155651558  49494588 116097423
 27 | 196193783 264049983 242601729 114118242 193143576 195725538 135388545  64381909 194501832 172515882 197074814  38361212  25722033 202609857 220269226  89043150 250350797 205337691 239940013 128254959 219534633 118245448  29267252 205243377  73993606  95449790 254619566 135733909   7986135
 28 | 200710463 205291365 208406937 254357524 134612321 265084350  39211325  62162231 185248715 199081475 103321587 146789106 158006463 176403875 205669779 162224280 104548926   4571684 198369896 202527125 142332596  42374224  16431723 173354278  22016425 239215879 257929022 134758861 165030016

--- Zero Minor #1 ---
  Minor size (k)   : 6
  Deviation        : 4
  Principal block s: 0  (indices {0, 1})
  Row indices [6]  : 0 1 5 10 11 17
  Col indices [6]  : 0 1 2 3 9 12
  Time found       : 38104.9519 ms  (since matrix start)
  Minors tested    : 287539200  (tested before finding this zero)

  Principal 2x2 block (s=0, rows/cols {0,1}):
    [  50149420  124338179 ]
    [  70123021  119037558 ]

  Extracted 6x6 submatrix  (det mod p = 0):
                0*         1*         2          3          9         12 
        ---------- ---------- ---------- ---------- ---------- ----------
    0* |[ 50149420][124338179]  42292325   91006195  241428685  199610806 
    1* |[ 70123021][119037558] 151874346  128492177  116034346  167206000 
    5  | 110158702   18996945  118102440   62982589  167179041  156232109 
   10  | 263916201  208220477  154281475  143076723  238862190    8326954 
   11  | 213690606  252567352   59040448  175704931  265617601   78654753 
   17  | 131344296  160987355  124326365  103924131  194950899   56712758 

