============================================================
APM Result
============================================================
Matrix file       : kernel_28_73.txt
Matrix size       : 29 x 29
Prime (mod p)     : 268431881
PM block size     : 2 (fixed)
Deviation level   : 4
Minor size tested : 6 x 6
------------------------------------------------------------
Timing
------------------------------------------------------------
Matrix total time : 203191.9080 ms  (203.191908 s)
Minors tested     : 1519549200
Avg per minor     : 0.00013372 ms
------------------------------------------------------------
Zero Minors Found : 1
============================================================

Full matrix (29x29) mod 268431881:
              0         1         2         3         4         5         6         7         8         9        10        11        12        13        14        15        16        17        18        19        20        21        22        23        24        25        26        27        28
      --------- --------- --------- --------- --------- --------- --------- --------- --------- --------- --------- --------- --------- --------- --------- --------- --------- --------- --------- --------- --------- --------- --------- --------- --------- --------- --------- --------- ---------
  0 |   8021874  10268436  46603227 180454269 229489355  91803116 124454769 183863208  47587422 236078405  18510025 136383204 169799449 177778450 233960102  16701301 129400744 237131924 168380657  93899053 216960880  78512453 219924783 252060952 131348966 253795742 145337199 208183498 238199472
  1 | 157398215  85057425 218856718 222959606 107634746  94906603  75656375  48825476 197386827 182977212  98738435  52072566 190923235 219872956 236927522  80541148 166727095 181933480 113647818 242090163 242602545  15541819  54580631 227798622 112186761 204735844 173535700  51892751 266868885
  2 |  93379404 202231459 239772088  72669581 225418562 109119081  61711743 230543667  59181277 130838716 122948847 257002094  20250116 136045035 265390049 103581984 191111422   4098395  59485309 249647506 248646690 132161059 171148865 174792304 149283226 138461821  69156731 127279204 159180596
  3 | 121019733 249020829  65154772  10565191 222715230 139188184  61944115 132994884  52905819  51779917  84714530  29051116 220954939 220892172  40227248  73892305  39872081 235768846 190335978 128905421 181639336 137882873 249843147 240427504 263948375 184040176  68369361 155894165 139711586
  4 | 245389072 253122400 214195214  63652447 189436405 235672835 115526692  51710998 152758450 258502221 178991969   4726122  45714698 184820671  94989828 162048604 237353575 194623389 248303954 252477837  76521906 249132038  64521424  41618620  24093977  52453380  21328345  13646297  89108249
  5 | 163617180 149863339   1297086 157456345 236613406 141501191 198591674  72791681  69513943 236253876  19507409 201441449 210158876 204788345  53220465  60698616 241827643 221649502 254496831  11729123 162111063 100711136   4399313  76040838  32433992 223729849  73103814 261246598 151594157
  6 | 183367522 208358247 246389070 244522274 147724984  49792772 135620487 225057893 180027994 158647970 173996065 193510170 125482201   3818264 220767796  81089694  29341014 113611311 258707462   7085849 125654229 219602142 214959769 214729538  44909870 196453581 173654592 102068249 251382799
  7 |  46812145 127221747 201127554  45385275 144053931 172173385 199693312 246286392  68864181  34269146 133780656 142569542 153159832  90281894 165269339  93867087 206053557  97318534 268102839 246362387 109027262  57298573 257463476 206398742  63706215  19374162 135673347  62810755 244958480
  8 | 239534922  44678180  41701666  90307204  45223027 208854253  44655668  65684248  71608612 159018278  71668449 246195646  88865228 120804862   3867171  48036638 102540045 227943765 236424515 105951205  18984954 181487226  34966360  61427687  32475868  45798362 117656508 204411161 199195516
  9 | 251394185 208449064  19981133 154745411  97976568 131933585  89184559 121607501  14503118 210106108 258384566 249496713 219058176  98443223 262472455 126091125 242510244  95961079 139894905 220296703 237702196  86053338 130399403 187479065 104581364 128118476  16828255   9162036  77982849
 10 | 134947541 207386704 146936351 222771284 124283942  77272110 122320828 249589680  18938687 101309400 209345088 166821433  85249875 160353301  63439995 145982706  66103939 260553122  97343566 108570525 188598763  64600261 263373872  85257681 134331495  50350217 130997189  88104834  21772219
 11 |  69706492 222450653 167376442 113925939 192082195 265640234 190442837  32250385  54992951  59187598 109768926  60535302  86462406  19168210 265996427 217454699 260504132  12356088 223858705 161770672 231661880  89341743 106348317 161205197 181927678 105481027 119100560  99716834 235169798
 12 | 105216355  36603794 128551396  19077693 118094389  57589284  93787837  75311932  20975108  43485568   5560994  80418027 122408795  69901075  84051313  82004081 226660100  44485633 136535638  43599586 257601045 266438764   7053929 267011323 246429558  99574288 253897296  34883761  99758282
 13 | 227045926 165295177 179998416 102107191 142475657 183653326 149888865 126362744 201875038  58734921  84952971 162983884  96443385 225774826 198285384 265072093  28256425  11063233 123403301  37097745 107729131  32097671 170051254 165263397  26114859  68019708 206995842  33238041 101958296
 14 | 170377625 194766115 203527417 156816659 266795435  38849475 160600087 187942407 168618990  75788834 185238173 238035790 123051633 149132001 247818635  55402378 164864521 240509886 246695433  33924750 245295618  66735506 175855607  49054412 115812930 147272996 125801872 246210909   9320316
 15 |  67507620   4998430 249623554 103613182 116645700 118633543  22063945 107080941 260227377 140415466 122702326  43754381 117247131 138627373 243406627 258353576  31216004  80291403  78045843 156894925  44252436  89526228 120668541  57270822  24048007 266399842  98939284 156158342 181631277
 16 | 174245886 232625981 138474723 120132924  53416584 243888945  51342731 190070083 165536237  28042556 171733289 188146063 117035421 134258966 176553427 195212791  30137118  76624702 252556978  65547293 230712146 141039752 130438398  13982222 115235394  83007113 156790690 216684803 108866005
 17 | 241322263 116827935  56696836  25518470 200915626 255884160  33524977 225590194 203648888 226029987 110623344 157835212  89184827  54397760  49688645 141203608 169819445 238454142 213621503 167135809  56799912 133879054  73824669  15601549 228627910 212584620 157439498 105749496 207756930
 18 | 153069111  20251097 247877944  40987572 241094963 123868534  44296106 226861604 124145287 169481561  37666947 121299557  81130068  71976147 260700047 149799921 251012290  74875104 213086566 166188418  42275255 224723529 172542504  39929109 179439396 220588788 110993230 161637794 198578215
 19 |  87675500 117843319  67729653  22824344 256679010 137170190  14588479 111987838  99730074 145162163  38832053 138928232  30652461 249385170 169183849 264467072  96977870  91602326 250458591  54426953  85366680  68991898 149242367 105818973 218319910 267371827 209357287 200325827 193854010
 20 | 267309351 231366367  64807832 230087530  93964419 223909501   8397852  51023977 238474666 215298761 228181411   3849398 261779742 103362076  12972537  19165276 234476091 162419417 190312160   7103876  59412202 165547611 113755318 133081838  85505234 200508335 114499331  15630889  48253879
 21 |   6711446 211648811 126744179 264476224  48608271  95060422  52424371  74132932 151648920 114698646 167381654 112605745 172234536 233592474 224118770  99046202  90815049 259597756 142186958 162418047 170456598 150742330   9982698   3716157 145130031 199508824  31787622  97716995  88668502
 22 | 268309340 144897519 116849730  27739253 220343572  27395258 161474898  41022491 184647619 195737135 189148035 266586042  95834981  45487902 198135336  66399056 197030032 252943544  60895310  56256639 119689096 123505589  52840241 220816697 144377998  17812798 157658842   6533968  19247038
 23 | 164198562  80022407  15530323 205025111  28392733  67634696   6723506  13254920 261238282 104266537   2264900 123970022 135676686 148499687 235641603 244291206  42197160  75463094 245150162 227778892 204960618 116687338 105746912 218112798 194793556 239046669 176270609  69196940  83925911
 24 | 174038372 170776516  71628358 118586556 166295354  15268860 251222343 222683155  53507971 213896463 188088985 172402313 157880861  46357110  87809016 220503435 123346263  35714291  53821617 152527718   5079279 214396816 137541851  19088818 156411166  31922290  83688697  52836136  91437469
 25 | 191160724 101158071 202657720    108911  96593614  76453550 198893913 190005418 253270938 187656128 100978568  60362002  57839078  12791890 174625290  81587978 249953979  57044003 193164515 131496835  11387507 267064574 153754018 148908302  93913121 230429555   9958891 266620140 222140281
 26 |  34737964 153357992 250046577 135886814 261816755 266160005 102466406 240484254    520021  23331123 261633618  31963352 267968533 128396469   6304134 110493728 222125680  29487748  57854282 115847415 204932803 230094802 254352142  74071269  39928816 254431849  87559682  11575053  34537925
 27 | 197910886   8149033  66754657 255870261  70027153 267726335 209074647  59818718 233848101  88980771  98033424  72918930 207734817  28777600  81425639 255245101 208101418  29247504 186327567  23229216 138222065  24059492   9672452 239832129 253139385 184735884 266720296 267630744 196653040
 28 |  81125056  78908298 134687361  30220495 224591497 248980039  48352423 209555740  30628826  53455278  58496664 260163784   4152092 214676365 259530551 215653296  82586333 152623362 134212406 115311023 207361460  44400155 143094376 207241555  17729715 170830896  35274419 162267543 211629782

--- Zero Minor #1 ---
  Minor size (k)   : 6
  Deviation        : 4
  Principal block s: 4  (indices {4, 5})
  Row indices [6]  : 4 5 9 10 17 26
  Col indices [6]  : 4 5 10 13 14 19
  Time found       : 203132.4441 ms  (since matrix start)
  Minors tested    : 1519549200  (tested before finding this zero)

  Principal 2x2 block (s=4, rows/cols {4,5}):
    [ 189436405  235672835 ]
    [ 236613406  141501191 ]

  Extracted 6x6 submatrix  (det mod p = 0):
                4*         5*        10         13         14         19 
        ---------- ---------- ---------- ---------- ---------- ----------
    4* |[189436405][235672835] 178991969  184820671   94989828  252477837 
    5* |[236613406][141501191]  19507409  204788345   53220465   11729123 
    9  |  97976568  131933585  258384566   98443223  262472455  220296703 
   10  | 124283942   77272110  209345088  160353301   63439995  108570525 
   17  | 200915626  255884160  110623344   54397760   49688645  167135809 
   26  | 261816755  266160005  261633618  128396469    6304134  115847415 

