[[200987396 2637566 247245233 1166701 33702717 48259014 146555544 247454741 241282042 41678699 135056180 265218531 261252112 184553023 240396951 176105938]
[177565222 206167097 34345669 162866681 121958391 179849029 239499463 151571402 18801026 5706521 118165671 264663886 124638334 2645130 210929670 160359730]
[254437662 96977912 37931875 267571673 208725886 12974591 21246558 42757535 189953137 196916497 203675525 202521503 178840601 244432598 157626200 239046]
[128371884 34984415 107146932 252506695 207325289 34331108 153427823 38936980 121370357 23170902 33328990 42884478 110648103 129908834 163827868 8284674]
[149889241 34943771 86130060 49923100 156113808 230449621 137678579 4636523 73871938 166611878 261627543 76099653 252514999 84558361 141704127 256206335]
[87475412 60131817 183977944 78416932 217348059 17055244 220179013 204870870 255619582 6097948 189997247 63937559 175108251 229902022 148318836 109611318]
[90922200 33132191 217428795 24351037 71799815 141368412 227877864 222119133 246987301 93732451 112459084 12456886 143835358 238384050 266011092 213160724]
[24032707 186760078 98804718 211599031 154126605 22668220 249239044 64802885 115972271 88223341 45888521 14417071 212840363 70781170 27130215 88120948]
[116318756 105448867 255748344 214663285 173363864 58868045 221980399 44767476 41103422 258017039 67052459 166190141 172019256 157999688 264046398 114192935]
[12847642 160646435 113425432 115312276 260713858 61457902 245431554 4522114 193953672 188939200 185939214 144534242 9956865 100466980 54104772 258537275]
[124684218 146128179 61410871 178546070 256923716 91596904 196632507 125059717 131141470 114033037 203439339 221785664 244281084 91570800 247273530 153156356]
[157409125 222549468 7833877 234058607 267503448 96605185 240575646 241028995 177910441 157510440 258582688 205514873 36120754 239557700 252403043 195310725]
[106779368 257148124 250464789 218637893 169872221 37393968 20942977 198415837 183465775 30948762 212719305 249116896 56365687 144742180 118521803 240972137]
[15770183 25769647 133187845 157250630 96510211 36485327 125404268 78019094 57658097 157645244 252374716 51664785 229018527 176755954 213180547 267755556]
[223157958 18808718 35073228 116109726 32044425 187773887 205638579 82181551 153684831 60922149 208489768 261686332 168012377 23319204 180190602 181129176]
[221546528 252418328 23398628 228260426 34503551 155791041 142750444 166381699 31749112 116598672 202981146 88078347 216376772 155914864 141297927 213860239]
]