[[70288353 133251009 186615706 20196855 19490890 220422619 199226386 212240149 193734573 175835240 261660661 194211472 173576078 266899213 121566163 242715978]
[11417376 119177447 210972664 169526652 254895634 231702579 219445920 243415065 113834480 256306135 49651835 23663036 141971250 169422371 33973292 202024876]
[206902009 158974546 246378784 122639159 92546198 169831607 179701250 219251902 41784577 132842951 225893229 148240 17319521 100987852 171093094 241270456]
[234286848 266923470 231491403 90907272 125001846 59681397 186398103 220463538 151126459 182342389 100172507 262077878 24779526 119599618 14082365 230414808]
[261651499 111042814 124614590 161557754 250677116 188945505 185525020 12287513 108135717 144218751 264208761 176629697 131543076 183372170 124504612 80927803]
[93634514 109289326 240222779 151056261 224416083 131219757 109308932 55541994 98626104 228997928 208570728 138788758 51799944 199891051 107443690 203984096]
[105209393 176092174 115490173 52105375 19403592 215024940 242240594 228901909 211120818 61180620 217242617 151783518 30327106 219537011 55412506 62767908]
[259455486 99032645 180882480 57412986 239638798 114623915 137943062 204597796 138214235 182114397 171382725 23541103 42378597 151166440 231252700 148304301]
[217234802 81794752 184320091 222729066 57213461 267808768 176133232 176983883 28485701 132977536 252827754 259614884 3658293 254391848 227243796 102899546]
[202186046 253506209 228216080 132454414 165441043 143403503 176950445 17361073 183939966 51321277 141553854 145441743 83165418 109684954 1296796 247029895]
[13625324 82494445 211518412 162241402 46225065 40877703 37832460 131451283 67338012 49208317 244980999 181011790 222842138 178499116 36014412 225658055]
[69847031 172901530 99624320 239210780 5153791 61047589 184553421 222766848 50795280 232765118 104668824 12051426 13135572 163767115 17500119 135873108]
[203260796 68033071 24536343 266064313 81708106 250455598 229514006 170623932 71402425 69302395 86708638 62246760 248296478 62424540 145699034 117074119]
[104404957 70639398 130664777 185852870 56180953 215429355 88739103 40538205 58807613 17218998 93293753 12637278 131941809 116636999 95970966 2711575]
[228338824 92289011 267440057 198380282 75535640 86514872 200452104 221461164 76931666 51019338 51523338 131675238 121713295 81948895 251642541 58942468]
[68482842 212421021 107319918 225298291 262661737 26912904 64078556 236158192 46196552 74395410 76473518 87829988 150203073 54352029 35071168 176994820]
]