[[27048743 62843540 170472806 1840563 99809422 71414626 227019966 34736473 43857775 126652744 230256584 207353183 177898335 197758924 28438351 238554837]
[22009775 26229801 66969039 141315840 110326284 156400372 174965783 253580339 138030700 78654439 59211485 56869638 125833671 163736400 78174138 137221041]
[219184777 268069074 251251092 155810216 67817273 239786732 191329716 143602627 178639966 81429153 126340238 219345872 99261 101247794 242922973 135988334]
[131353793 129334963 163615674 250155273 11896774 4865625 248588660 193577782 34446596 8034937 69313139 162107945 67573016 213051272 120667116 116036101]
[68008594 199338308 47290837 22535796 131379464 188390622 265163619 234698161 210198010 95769556 192425516 29364147 27401133 6808106 253616484 186543159]
[252426537 54575615 119433096 73867316 139386656 199861401 50826713 230548547 210673720 35116997 32745876 42992362 255428602 202503681 220355173 215570893]
[160610657 187013524 161626886 99729114 56936656 227487977 116746374 18663350 197525461 248162404 208751296 54156771 186345830 131582401 248060777 135259852]
[242975939 261120320 30589598 6450378 75990160 199337288 68166338 115691585 38049380 157020635 13022358 249001510 212941387 262240133 122519462 15664125]
[41897541 224458490 124457278 80418947 233984924 12741643 111077647 60974542 116867479 200048573 233418179 267141065 177618891 141180631 167634626 6352516]
[235611567 140124461 190518366 215365611 227238498 13177655 146096596 104351577 215878371 244954006 42759897 188923180 52746073 200903644 178742126 47191330]
[111796558 54973411 103177154 161822412 165079198 45144409 183338709 93620728 193894039 100303201 154460177 191102886 95071992 210797872 143916134 203687610]
[246135532 261645947 28731133 198660822 20131126 32562565 157444031 118273089 225750947 232279517 264392472 176259513 67019260 242268722 193477219 216471493]
[130380983 62578128 71946241 134173920 70473234 179791937 136806 120175857 130495448 58325533 14658386 140712377 202021258 40112593 92032233 111854724]
[143450517 266179487 256178786 41758814 2284659 263195347 234038918 257453222 106337914 29391917 1276124 14824654 52612150 97595701 144147506 199595195]
[246637634 194661433 33907007 252651464 46404620 1307133 69758986 5342199 124507178 258232652 175240338 158253410 182053066 221029478 165807088 84857540]
[248271292 105394398 112610710 128698331 223604112 243363077 17488852 150685526 182766381 214552734 54052267 26247895 75995770 184357837 206471522 167601995]
]