[[239190839 76422938 252703198 251591284 100167004 2804589 106542545 98634301 36710347 42146464 137039976 151936335 37365811 204947430 42738746 244838481]
[33488551 27950540 33678184 115379648 207596175 72148978 107779609 176847541 244175439 251542942 46255906 249851032 45947781 229624684 252196264 200307572]
[166329406 10240221 147450358 71658117 46522048 71584459 111467804 137308556 226213392 212678653 39186176 194395539 220484675 181626000 16008513 44595943]
[202268103 181142462 139471152 76987390 81719569 123770442 238746004 245134844 188052242 159991327 89750044 237773231 4474815 137352226 102593935 151168289]
[248082742 168502515 63913925 66460665 46447739 80449737 10858902 213470361 53346692 236698250 210803456 4603430 143394576 211813615 9814743 191165489]
[10211466 248768266 230976473 95182486 239914558 217744327 70753270 138873894 253172034 7998626 72611778 139389706 3537543 118775574 177120330 192414843]
[239903263 181900778 76639281 19589604 228819411 82720824 87765123 172930261 124620470 243624289 2148002 208063899 10330859 111094552 25782174 133502546]
[64058401 189654614 152905979 197111756 148211123 82140509 125715224 74861828 223422211 67869153 186917463 87636529 230751172 255908487 78621360 257050276]
[200307727 255288305 172362959 74571561 68269352 206423158 109836627 28750123 194094553 251874363 65039097 9795527 140700155 189339798 111646592 152023222]
[179820765 243763644 9309744 120965186 79354186 155080772 180827619 43882545 216470505 245605173 245955628 222465159 252605326 193507832 220998654 44894580]
[238206137 256295299 84399451 51558388 21851158 184703855 224234948 118281242 101835080 54689245 11193791 7506863 175311984 103974606 237681020 242020403]
[168372660 187559399 182038054 52538636 90213542 185456035 95312331 141302907 190587861 201767710 158371048 49445064 136173082 20743598 54870131 19151651]
[164757459 157141346 249252681 6360119 196897528 117705392 97676775 212299061 117289640 187436249 165943022 24816291 172274467 628156 10921138 31581127]
[41820394 201603737 167972281 47043225 29306667 14113142 49001939 40504391 203943898 59050733 47645903 169192849 101829233 64712316 218412961 41916319]
[132715716 47037688 182554358 210114934 106406477 212566590 11786546 203164659 119113111 89822686 21942049 226144813 24390314 60745834 19619778 43675277]
[124694561 9184337 18562638 72802737 94419266 188925799 153995632 170966418 13701490 167546846 123796097 52813766 217985931 153184194 26775655 12742950]
]