[[215917735 165339743 256933489 6826090 163583510 223764035 67099654 30968629 254499510 163043706 213702392 206416998 142223537 165355434 190181599 225275156]
[253195276 92756221 153259074 193632213 147556620 90070601 155077437 256582818 80577044 156667780 135367663 145264407 107296914 48910007 173656610 257145186]
[69255465 173003070 200051526 139335132 99529147 78911920 27676142 242290584 96087827 174598218 49206480 133926308 21856744 225792685 90229384 181977380]
[87673212 183080502 164285331 227185443 49098852 19626377 250367397 206863366 141769225 97749621 176297867 16925345 156295931 145607919 46752114 23455530]
[205964576 31063018 83411420 191468407 152712490 147299039 107132249 253219191 10106144 64894769 103365233 11963151 251631703 59556862 147083803 95263197]
[74929027 143628496 244690130 25388868 49946206 165358809 234540479 198274551 119873894 85101295 21262411 34530195 215351400 34440240 103406659 256045236]
[262508375 43583565 231743250 187569884 191416927 239712030 261243301 141989808 65055452 27784947 145871174 12360997 42117177 104779416 84879778 46461178]
[144610265 40175630 252958784 192003784 102980003 181499903 266100888 82009498 224767371 249261963 127166003 94111244 85193270 8208217 263258118 227127101]
[210229765 266525189 215694830 1660498 218039552 129297485 86344173 118078383 81765677 234648679 108200678 214082044 13905291 90664986 26681283 196916989]
[103061161 171392598 267993153 69701100 132747545 206566694 115944785 148411493 149335792 30789663 152569861 114291554 219506977 119236566 37459423 142342457]
[142966222 262924206 254398275 208335324 158972431 108226692 220681276 18672417 188977329 71487772 42928863 235534761 16313146 60394665 45606356 109947325]
[8227864 133982169 155841387 241051473 143864702 247768344 106923729 232789139 30822556 82862514 140013212 190365002 28769218 209707364 19515149 207413241]
[220756502 246480526 71369711 138238837 1699105 244374327 18674270 38326112 167084246 61136024 93216824 180018079 78731151 234683631 245022989 43291382]
[229490586 238499822 53084858 66275928 157410425 127380085 194251005 83683581 100361402 120849933 66696508 72679176 45585262 255827783 218079773 176441670]
[212041005 231695985 36813596 94210932 68550791 114131266 62357136 190085562 177599808 155273042 113856782 67770345 168282698 151955760 37024838 58767331]
[157586268 239445640 142740925 89312599 196233431 179993898 124138211 223423593 942226 159286686 19350940 50998742 40792594 67114437 212004715 14732967]
]