[[232508038 220885106 236390550 114808974 224199342 111948871 69791912 74441559 83924063 257723972 133811754 100001820 186566053 140167231 53162214 62629856]
[169144002 135267828 165845756 113917410 50291023 63483707 263651057 45538901 128248932 57896795 235431692 165443132 149035774 193360661 106960022 221336622]
[38313213 2970791 244504772 15096305 89156536 117511382 245497651 129249940 212205644 48543594 150233560 227510460 84004318 263951101 12011468 205200165]
[13247766 125364215 17680993 217193689 176043031 116035558 264339086 232923099 106360053 197152955 86235422 74918135 4672684 247508548 165513755 148132920]
[131173194 73275905 234421609 10085358 119684702 179058884 231802476 247751289 40608149 52597429 190987875 253982347 264394329 56996340 166691493 152142612]
[104646928 99483399 100390505 79405822 159598675 108906701 136922927 185377480 218263575 213447607 198917908 175541568 109704055 232174462 136755074 120485364]
[216703321 216637766 214992611 190349676 194230424 172462501 135976671 185006956 88057939 116249215 2121822 112490327 134447644 99316170 139073464 18979184]
[28087842 79687427 259304992 154981172 162078788 140972997 168741493 199801451 222418104 134190611 150469703 162813962 27582305 119420802 5082153 8047505]
[154442346 236238007 177369296 260019647 119305015 111588126 176316727 146791267 3461137 124457229 193917410 63820937 108092055 153655134 29910875 30208242]
[75087627 119793280 55227816 212167440 245624637 193897683 221970101 167883016 116504100 163512378 26513036 264556767 253892364 12029916 27208618 228501491]
[212344891 157556359 138453045 255613487 211644723 204888 140084145 228703002 66020879 324361 39554161 210487233 102784492 124424630 59145524 26218214]
[166222310 167022716 173367625 39834293 223446860 68375794 111709679 22821129 65665436 107370125 250508053 164230869 182977937 127263929 154127342 249673064]
[83937131 153361984 79525324 23591889 165155906 41639830 244768659 135968498 54817000 159791446 221584218 6778317 31300488 243835960 22467654 27805322]
[64838192 262492819 211231845 239999278 145117331 2358017 90412786 194007624 122916923 228363861 48133888 100646517 28357830 132123394 15616856 108229040]
[163476445 89186667 42242043 208093920 246931489 245794263 261998749 165687568 178006969 204916162 207171946 1612240 132290306 116474780 129364458 104523980]
[6756324 246519780 116787458 208224166 187266244 61760649 114103686 236240756 42849038 70424074 220330024 63264578 146806616 244200251 208423717 113054083]
]