[[63150318 50302962 211739515 75476193 96660835 114247047 129520372 27479619 193947311 98669104 234250656 258206477 138474571 213353834 61925022 158392867]
[223380729 100034014 169567532 189898182 22331711 231606602 232745990 231732826 217337433 19208407 81619463 68519417 3953372 194713250 60015815 207291242]
[64787195 63427788 13939992 128182909 109891628 113505094 167988257 145640516 210564856 148419496 74607258 143059202 149508915 114491093 95477491 111285174]
[81410660 206247084 178194466 12221388 163045693 960443 217769134 137070287 237998556 60565515 66301867 51520685 20038914 140481888 147773149 28557436]
[234879801 28215150 251855823 21087015 238736671 156191458 77325859 28083437 240267998 231921437 4867 168054452 177082034 214148038 221903371 36777875]
[110205687 167148427 26140184 160880834 87766469 139458740 124267304 230163185 159411482 55443569 200421321 112864313 198868522 156684429 167595514 44226860]
[35084998 165079634 72827004 1589275 185918068 221367072 162855673 66072619 51268967 250842522 13189368 71573509 68040863 20978711 35023983 252462480]
[259939092 56758202 74629619 179455531 2017240 156842151 255861449 58487798 156525453 55331065 156928671 219702530 126620293 31002290 244908709 263755507]
[146669881 56522654 159455376 190609186 69853273 168233707 28493050 41948487 61813202 229520420 51871119 154690502 16914765 109931070 62687622 236061033]
[187574022 259012259 82662674 257229135 180287122 178240190 268273059 83548626 58639992 155901953 209950606 19222056 23433421 93358410 98138070 154960424]
[26894149 198008168 168622938 119570849 192251087 252336414 264171323 182369771 1657006 43577898 129014810 59529619 146333777 130543755 49275751 120693791]
[248398948 32113585 244275496 59970244 12401066 6827769 257225475 172171629 265325896 108399142 265691714 161244935 18208299 100078594 169128738 19075290]
[153848667 194288098 233313619 220795879 22799754 63445146 173893590 261554355 9695647 235090570 255439176 101448467 194295333 183433468 71762579 31806673]
[110858936 123663463 155168350 21382024 86885222 168819679 133730292 16743148 121469299 27888666 175943483 244880036 99946296 228349612 172973253 99925270]
[193440587 89246626 205339203 264446839 210454385 133778431 166430974 13114501 52742305 257206696 194950748 55942344 53179893 17050781 141184401 11408304]
[176994436 255198185 86712571 135182527 94390452 115439851 31969511 262404414 171262376 177542607 257708431 257004466 236709179 124352166 32645166 239414209]
]