[[174625798 185597436 165121051 49839314 90146351 195738667 136230473 67021856 83797477 161527534 208700838 72497035 180098949 213060873 29513220 205705675]
[8958726 64866315 56794780 102030189 258003645 213481019 16476091 113716235 106019960 248661918 87017206 196886817 130629446 80227854 58095955 97500008]
[14870027 192669444 167236945 46271777 87506634 253401203 217223358 1397260 266397186 3092642 126186293 68492987 111412312 23051105 164431096 102246212]
[194616737 139645161 39819761 146478167 52471200 101348088 151440393 37743073 64748154 144533861 43731213 233056863 47058015 30797461 65915001 151992856]
[33540956 80614261 251491968 115186562 46370426 41084992 148086903 89471204 221177598 256114786 122595515 133076350 174130062 195037548 13672423 138775114]
[211032774 157243645 216280377 227007410 31606452 96662656 24149839 202032040 48711432 210438362 14874432 70543366 251606780 15100996 223575211 175683126]
[8822172 127717558 44164464 91952570 64166460 236593061 232659574 140856181 8100480 101569685 217347710 205254941 249947565 142669801 138589726 205018340]
[15939411 68560068 42329925 69796867 238761596 169879790 190937292 113866334 65855061 265228316 23915097 147533145 197651903 252025191 192616100 106577608]
[242844245 217245210 61361275 43054076 79501171 203083770 154129905 127955813 18824700 140139535 215468433 128060767 201323474 193953360 134009546 196701283]
[151390563 110377812 61544300 40066924 141831443 184921270 190618688 262548280 176588202 261871142 120311049 142355524 102335945 125959207 109293234 148126330]
[223312388 132134737 161192946 235749225 154475367 130330123 58584159 164182368 214247503 119474822 193333543 43617905 189688979 72847841 106371724 125389559]
[96043895 267006604 231331453 247352417 151282612 181419695 45488134 110502331 126896280 29226824 108912349 68730983 19900090 103508402 98561889 56432011]
[204340711 123287158 140959035 221501701 189396627 28611412 254115026 88433543 149264906 191870087 152714462 152853587 228640785 49827696 128955786 89356703]
[220769330 101003596 28273801 224892356 15055608 79085351 99136762 189073740 67720279 200796264 38602846 61930719 179412499 120585892 182647338 35517495]
[222446501 133476584 68768099 250089974 199516765 15760896 203299316 55844254 193485484 238497390 159399550 227216332 254064715 49321069 264691612 220230929]
[234455692 1848577 176926307 189693137 188938180 32459781 234525374 250772545 180824283 267163612 24257100 126754786 121567713 173604299 42646445 259315773]
]