[[1758703 85863563 136049030 42061347 138655352 127828192 32342114 108677507 85341283 190029281 14641009 86026521 150433675 219406923 223430444 262394583]
[80437706 37993314 78140138 132203265 197783450 249945302 231641284 239584127 237715904 112382565 162298979 199341465 193983616 136591726 110536726 158151106]
[79201912 141872230 42016539 142982290 223453358 85443898 103884209 251963528 172480240 51757657 257939603 18307367 156735542 52035001 200340063 61028207]
[9529066 258898995 254610656 186807178 21264798 199576623 42627617 83154732 210493861 18334390 201404340 9407226 154276136 134268587 91922274 27906770]
[252748740 46705992 16367796 223187538 156276256 238542878 15688522 173584164 168021887 262094748 162982713 152061193 170082125 130308745 116177521 124168502]
[109816830 6549682 4841769 109825153 157392282 165375626 122726535 55672942 195316379 190674686 43474270 201778285 37813848 170397722 98737545 257964538]
[159300785 178611886 140880870 105817691 236449194 26864625 88008828 73268715 186203840 39954664 204104296 142182971 116113938 73523071 188666049 216836521]
[230489422 41830968 212808230 246070937 62386068 46931051 219505621 166467424 167614548 156870017 175951986 32577356 98868020 180345457 24133021 100912111]
[138935061 172263764 38129050 217873100 11768310 233471019 53202307 201775901 101308752 160789609 21965776 242174853 8749114 233421756 50230051 50674800]
[227078203 89461826 147515616 64821331 221914108 131846151 104161802 249272247 235680059 167653870 175229761 93285683 108441133 30142502 53335165 99146437]
[57074779 192297234 245426823 34355675 148330671 137260678 169951078 54193409 28311322 209214349 127562153 151063064 34799541 255711221 133243778 109647280]
[202387116 4932359 171993388 105514323 203331443 107592535 26917322 767474 31900120 164104486 215206993 3847803 154441165 231944522 266907270 257313731]
[263987858 113910594 38268302 136562691 168374272 248260265 52003495 102517655 65053606 49346691 88665063 128309072 204539869 31445115 154347413 147147043]
[10925460 160725992 261209600 168294474 41569925 183527870 17375789 226590222 238198122 116735741 8265080 132116436 153948272 152553338 84036485 4117015]
[104158770 42347014 85708730 101838642 26771961 100576364 124581420 201739243 97020492 220898149 131321639 59585777 27824427 99602272 190038872 63855702]
[173927936 209135915 58471225 41618197 98027824 84917262 230786477 97567876 170074194 100246541 236073870 8021397 19587785 105837158 220040068 260782773]
]