[[132191160 168372295 212281437 60602491 41255640 94468611 156348814 113912575 42236491 123723641 229455549 168065644 233991448 16631970 265597122 191130717]
[49928015 199210515 33059619 55431329 260684122 77809334 100286048 87442843 122929424 4726095 182593883 71706970 115614307 266122369 155802237 243185462]
[224703311 249786440 109287637 258242293 257028643 214740406 187429546 20203093 45787846 24458425 262743834 261463474 253934417 223648002 220863667 9933532]
[53541144 33411613 56129931 168909889 195949420 27459075 232758457 116483705 141130346 115809102 251164311 244122200 222048048 44613938 87670845 195386014]
[168170672 223367043 86007331 50196073 125939704 267938591 230559232 92408229 51115130 17062238 96030455 166616760 251109981 32936279 106523183 74965545]
[122219443 208932983 12793045 216436191 234755924 28636296 78126404 227833112 146788572 248589114 58469617 159996590 18515644 98056910 15958340 82798113]
[56544874 180426112 67450777 220468120 13761892 55696800 148680100 14841139 2257802 87062652 99528171 47820080 77399384 203061934 253849351 63252899]
[94704713 249248291 49216114 162428022 54852542 51153797 199430399 223585377 74088658 167424353 130516579 11368156 95218241 185693161 151043646 69620955]
[171718707 244166808 182618997 116184156 87738368 159172660 210060864 70259427 84489951 155420481 149122580 83830408 111022610 26892482 105929920 62269192]
[40411303 134242609 180260950 169676892 89670296 124988606 27739103 247735285 165303665 259085629 58114990 156804345 204423998 182972686 90327307 131326077]
[31496218 260748565 160691585 114306257 247227884 242739034 51013574 156868070 247310178 168665253 218407924 121975346 203251567 200285037 152505176 144403668]
[173014253 146758442 191962800 59585086 34939003 248066548 80172588 104383747 132582096 78606615 41754583 99595672 201349082 117752399 187667827 40857279]
[130091616 229374980 98658037 3476907 205031035 157120798 20519203 48293870 66621778 252309222 160310073 210733175 35309295 232180777 27804474 180015922]
[217495978 124917762 64643309 82022346 16520690 268288862 8197114 3794204 33404611 251212421 242187768 59162693 187354972 68990697 208150619 27516339]
[127363297 92775764 231595195 202061324 104341972 69559274 27452644 117514358 59085854 66574248 81703782 147148348 153288572 228468856 155407794 146817541]
[55998998 154347997 160306989 235240239 239015998 11789392 14179446 155303418 58725905 118811898 50440929 71814277 180504082 204051622 31092119 54310285]
]