[[1779122 249967559 229574804 68800012 122681911 71767857 73446203 140992101 47610278 70384179 226065525 259822166 186610690 26480455 232634977 140786708]
[51993574 210407003 207070434 90964220 4951530 57930297 224724015 118159696 223053091 228856397 107810298 255019725 221606131 87282952 130246561 205649895]
[140162337 252574433 233054131 86493376 209811615 117598280 163756433 205796317 50981285 51955527 210834373 14789551 68799921 202206245 205430705 201078369]
[51780499 212711583 127025602 157387760 138707156 126013060 71543473 154779563 242822491 197940710 166668463 106969031 170565278 221324602 9818198 262926801]
[145995454 40914716 155579786 5601825 153154412 3409675 130030354 255197079 256304242 185268282 95786612 25170393 15707264 123646777 246844854 53089946]
[229555808 8328434 13047663 171599469 70260052 241469012 256391935 109322794 226293914 27417075 202758088 166061883 18669027 44374486 68182367 82316993]
[121776388 84021069 242079387 34689260 200978809 125027198 23415670 135390951 202244049 95905757 201092359 62235788 188361434 230546192 119947901 32895983]
[81202715 112166999 2548042 188351535 145207824 46594918 213774390 213077547 194558737 200845788 156084870 264840444 177958727 219088082 74808859 183533194]
[258478348 210897353 251984326 203938255 220219053 248990654 138221494 161090356 59552519 100989574 102354700 123400624 94714742 244065057 222232642 203591894]
[132600688 222930450 204572731 60085173 35728815 67336965 31892259 192700113 113097624 259015541 116410452 115125640 233654750 146834496 236354195 71683900]
[89218308 46134558 96212877 24021047 127794317 137807175 113563679 133835924 224932771 220737615 170376166 187176315 28283495 824232 225727410 188060728]
[16310384 170706685 83035154 155042432 102519390 39454441 163360115 11043264 191068895 54468179 268012757 111102255 79435906 112515953 255074398 141414561]
[91149590 178409774 102184733 240662739 209717821 182189961 176918861 179926175 215556161 227119675 86139458 189527750 72411988 3529443 34338432 82826258]
[183525198 177644991 153790608 238848528 30185382 125241288 178046656 15373 264202688 66874402 247513159 88756369 55127286 246705625 104792029 176212979]
[97195183 234202186 104327653 136316375 169181487 200720636 136533978 25151146 60695040 116784195 68571489 69414012 252784244 79535405 219892361 203285221]
[39678012 131068303 37940882 39043759 213684306 203571396 50854288 146356917 219408306 137863268 9049206 5660592 109639290 39727456 22276678 97713718]
]