[[183862543 58325450 39598326 267477682 144838357 66139511 219554067 1914404 183556699 178510944 9676847 39020521 65179440 57851251 203858341 229206368]
[193379097 3012761 226499967 126852691 7792278 83305127 196927113 164392845 157191685 104812527 217484568 122013293 191491716 50207626 203590052 76009271]
[120559545 186175295 262623407 183533185 79911956 175283701 200520207 122559487 26571827 231016140 120710493 81651221 182535366 186151167 206279745 241842641]
[100159869 254886432 43137193 109707576 247921531 2079230 131227416 172063108 28595798 195755755 21013952 62373631 216184085 158459362 4529410 147485398]
[55108653 80092675 90897823 256339912 130661912 141325851 95272254 205651262 97776845 125670706 132289473 262280172 52315937 221475033 98996991 232290977]
[195144085 29109331 129074167 234066855 200947713 178521671 169174858 116907615 144986691 104729183 100035529 87553309 21272000 190154298 98892937 57714226]
[64701122 178745008 145648411 178710574 126858918 205171816 237129793 153688504 16850542 111979216 7587520 137148121 131919420 205844757 219190368 2532321]
[111195831 12355195 16524002 152809576 248095443 81895803 58115941 248072783 20465349 264815013 36011648 205688601 174317691 195121509 109942045 82646020]
[99698718 3942066 93594218 100690559 117230067 144882370 233458019 239371532 41251145 56861822 132654767 51331320 72779193 207994101 221305603 59866053]
[36946794 203138769 173448588 26018573 132275792 32316153 46009809 22187900 41130713 220036970 155458888 82008443 181857230 105617813 229857102 214951703]
[7571627 116298915 266770746 2218600 201429526 257655977 209678214 175112343 7808882 80130451 116119508 15453631 164502862 14183539 258835278 244110210]
[67270671 228546097 120350911 92350910 133525557 67239757 21471339 151354864 151632896 65237945 26508017 208905568 20054950 147603159 21217216 194257663]
[136390607 19849652 242358598 207980005 186547507 9817689 152281905 128872780 213292168 264308760 264094622 170237040 24373674 4400391 245601447 153505900]
[143858217 41147216 255504979 39273212 84685839 191407093 262560855 45806873 249543993 127499011 177467691 257564261 251409610 113747896 85104386 69973295]
[240246819 97976640 77409650 183147277 14683713 99808598 168220241 22286081 23872828 183347447 27491399 231276891 240278154 160414720 138037550 153025538]
[232559945 66720930 203083788 110180960 194768619 22324821 9002426 204080629 177007911 8585269 74250834 43176177 151088064 96178280 167857073 147613198]
]