[[178945734 13146923 214298387 123402836 254172652 201133799 263598676 185877566 162799527 8463620 43184524 169848803 247206580 10033444 251407068 120354141]
[45852476 101577652 92407134 148300175 15483252 209159365 260206528 234898474 89613934 48800692 131444698 71681610 184010570 160839329 24764023 12671484]
[234677916 5399264 257639147 124702079 165591974 19630859 245587156 70837768 42457480 183713296 250441651 113102099 56959927 207037865 96896098 104186453]
[100393032 21757048 109130666 35110985 204425943 163560470 211810852 123038725 14335207 260478257 235116935 214103545 64203805 80902106 170592026 207849439]
[5503524 159047737 195800465 221791960 235188554 233589507 210613310 143614296 133026593 43682553 221548812 203435503 70037963 168585745 246367871 144854737]
[23577035 46925665 196079678 243687304 229704540 19697273 252746369 66874716 196234059 140667497 20523417 212660022 119795173 70187596 12698169 53176133]
[69802325 232045440 4116126 214049424 119170067 252584861 183381117 252532970 58801761 84395471 74842965 198936256 174881907 110437279 122557444 18750667]
[126028089 59344797 41892201 181545578 85859474 106443855 227334913 108633343 96976603 54932793 49090135 20584355 142184298 239402604 244962840 153074688]
[14986681 53631654 257155305 53036988 71682074 227738278 123432119 155622730 17467253 155863019 106885730 201110781 96009393 36599226 265909976 198434308]
[24779638 120718300 54005645 125000040 57468407 139792117 86846049 69675544 3720501 265223275 55772670 248236806 25720001 259098782 62895896 20548308]
[24219734 178368030 44035789 262666576 132824540 189287752 41800076 60895788 6682312 136153068 249797475 249696928 158754558 149206450 43639872 36812248]
[218710720 5021457 83123591 154814138 68369214 43908895 128922596 178783405 134096556 109874030 124451938 229498979 43002694 185102340 70723010 153898284]
[108632853 243807517 153745727 193304790 126772247 233232750 155359807 94230618 108726248 257106981 172531334 24769794 143576333 15557713 186197022 110925413]
[68371493 20866929 206877085 67847663 62815012 237384673 133135223 40768695 10623260 163183932 241894266 16675957 73223380 251429293 249548296 84198990]
[226048703 138574058 97613784 241131134 108985542 215723716 33310835 172901130 210004395 160914635 133419601 99889506 123745235 84147470 131196260 242086632]
[265546065 224179968 86215346 24816010 111114645 20558362 140837230 230912089 18928086 226466532 8447341 45481123 260638586 261944339 7406527 182169568]
]