[[143041226 186528373 40254459 208059425 80837823 245632500 262398916 195141281 267048653 82144376 224712209 132688223 48990368 133727858 212478075 148709440]
[237603903 65876877 41919089 236645327 77880435 258484291 136793933 108302381 62029873 196653313 124190077 193439216 266688425 260839592 191951562 112247634]
[245709098 101240216 63294476 144348041 43874338 133783794 135953125 91635282 64604749 202045504 130553486 57210369 31786186 56744529 252998516 201423158]
[178356873 177871049 68691212 105143207 8631671 194091481 194140344 169825584 124740897 224672473 74928921 263660791 58594061 88470376 29962133 11477710]
[68573673 73332638 190360021 214963580 48681308 111531944 81529755 47212932 228352341 39892276 179462048 37670736 136705512 122591762 80015061 183371693]
[48380516 205002383 110724781 40909401 157899336 81506425 7985310 66092829 30860424 123327764 58638127 166594073 44472927 50954345 8475898 64708660]
[130300592 107817912 162718620 205557027 149532832 213342477 201877509 118385228 77079431 22762564 146538535 84961201 255440917 171907352 51449732 34605166]
[225375040 18818072 211659241 261995737 50075819 160710799 62683497 224550109 231317863 26874483 245513077 253930407 191861820 190878083 207232652 67463969]
[26128480 31381903 192375419 101668719 47761340 134498099 210496284 84861477 4445475 33071461 118391962 81174869 146319197 214114329 197898407 149556631]
[97454002 15599563 233577049 240432064 72480323 207586202 84369257 46121732 239388148 72388875 16430567 239831601 226564889 245021254 19710778 117115203]
[154486137 256266789 142680032 208073985 149910856 64290386 136427729 219328877 75892005 44494919 234777216 132084388 119680434 179920179 64533742 95098089]
[259886155 120677453 257109121 105656342 1514344 121096797 189893665 199584508 29473758 137120127 2928452 221118823 249009303 68053896 157450365 219918776]
[147087602 158356606 179335089 71794100 236121815 265144710 63735760 83150303 157447881 215660660 101695560 205520233 178500562 266067469 73753287 182715410]
[199327343 151836225 76567504 235564608 42428498 1534868 261175246 255792901 227453876 24333603 10740309 182539197 136740055 154099515 88439597 244470851]
[35637994 168065146 164190470 203473026 155728013 166358536 160225860 181890244 117853182 170265931 58351591 195864579 118696399 141977383 137617670 214756450]
[266833442 21601456 160342788 176275079 104700447 265713928 19976813 44794240 177320804 34146914 206584653 73258076 71258788 62436570 227694403 53001197]
]