[[219109319 72264396 117533003 9364617 218321875 231784966 32253957 239475012 54508233 156335107 80385671 42145211 62424029 209608149 24160546 24654390]
[9511522 182305798 165478877 29712270 177514525 90490609 186543372 37401937 42701757 13595795 197290625 78268193 20048527 124166467 44913022 180117479]
[254488483 5709681 129142872 193380943 146270845 183818869 52835262 115011306 226086277 161122544 109894727 122111707 138755205 101629833 105867760 149466265]
[90608745 213042776 19607989 107012612 161115689 184640396 110092532 42444760 46152856 65474472 57194589 244346183 183786913 149930437 162351058 240921118]
[124580456 48982850 60405339 249594942 72902019 206181755 202405707 213557803 47873744 20775298 152742249 149104775 261790206 209322405 85501315 232192810]
[202923911 52414971 26342377 241107642 20933583 43994709 674549 102159478 42227891 52202049 230981996 253569504 221848727 235991875 177792835 121013212]
[178601227 102540696 136498113 64317844 103702022 43233017 214563212 6359821 233818096 178677106 102389109 11761017 221257898 70613841 119115924 204133859]
[163018300 4399766 188860868 3531415 144595977 60425972 208831648 98749208 166693700 137012593 188951363 80009640 47796130 74898818 98729328 8999554]
[231976223 106443291 94021305 59801306 263987275 129858259 136874319 14052061 190574278 257579676 17378389 235238815 131465641 262561196 183753801 8984952]
[224134729 217598219 110030534 46166374 230549537 233195850 213313748 242291869 46365991 178564614 228915069 32066327 84000422 207011571 265601111 135611741]
[122673036 173143487 141503247 50560432 261504240 59579863 44048221 133495111 229039145 45040045 26603568 232384152 163418347 183787005 187464487 180042189]
[65305295 110545774 238112104 18853151 83718531 143097693 19425416 59279765 17260449 214484829 222881493 238957486 223231233 140843820 225135283 72220350]
[151427715 251749689 149433517 147837847 107379199 37985781 126917484 122708298 171050383 224239828 75845588 158419225 127630498 149567553 105626300 29332088]
[187349676 18164025 156583102 214148789 147300534 268374430 242329896 231968333 160370547 210425844 60007463 166931065 49225880 9302874 106390603 220863731]
[190625169 207490563 121468274 245126876 32204114 166432592 123652255 72188356 85524583 188233706 134706083 16231308 250095798 251520785 163573377 171576319]
[171505203 65833401 146233069 33720811 36357212 114708959 250588932 180745919 245201286 165302931 57209617 221926413 169534297 124939782 209819719 80443901]
]