[[252091498 151922328 143019043 184472799 246417590 254101557 231652553 53770499 50840294 121305170 140452267 183106709 99951558 67932198 203264450 237587380]
[47409166 211939113 22119904 251132338 76053603 242898156 248270513 2642101 161043531 219535363 199938917 25986153 113423794 57336540 50469077 111597447]
[59965602 104928009 221131426 176591009 233355917 161856237 39276449 194644474 212499624 243876522 248199397 69977192 47739200 198289444 255191314 230177971]
[73027963 140852051 37537565 19783753 221438491 229679333 124024413 181997780 211468076 162007180 19902812 237315952 78108539 254434494 121865492 215020013]
[96917661 46237033 144444667 153756205 112048029 122976938 254507167 27506382 109862137 15846155 140728974 149252714 28569862 69620728 252436894 205746880]
[130744243 117803455 184779051 242912536 201770104 86713997 147317335 84877307 262074287 241651635 236633896 179182264 184513671 224765467 236695862 32754649]
[177993479 32956048 256994358 198300607 186187754 246790735 126145796 267627492 246184651 64773493 10305762 170220620 232475086 163563690 252155917 136894650]
[237197448 25462422 82294270 125722524 214123358 222525899 207363930 141597599 5456000 20997050 52017000 210803132 218886297 22688037 121836882 13393226]
[198058881 236662734 197926401 40899698 81691313 163358297 182178508 129238416 69991359 199795513 206005017 15210510 191168526 201854335 187937245 54829164]
[79616884 183870445 207588148 158818346 126060643 260230727 49849648 106043028 248755006 150608359 153012424 129370757 44249048 263673743 189201845 65262751]
[76862570 241278301 25214011 110016207 91392759 165933781 33547558 164150263 128809284 128288392 92099356 244721858 201786596 79434863 225737797 181073598]
[209553040 185109088 203489640 8136364 11227327 170852868 184316042 36696132 228760997 231950300 104064038 114742452 156785321 55492425 35028305 107517448]
[70244532 73519946 248015137 234703182 248832077 28110633 257752442 23870893 178425875 171780191 78003619 69441874 36526300 241241576 14635172 58191538]
[226206470 50452734 170837300 180554361 193400171 200389204 133526268 169369861 102976262 228246891 23947678 84228018 95513960 109320773 206756696 177065183]
[141624829 71061599 108845900 86831613 263935514 252784156 207632631 98250449 3969018 113043374 105754120 245788794 125361685 18603260 77845760 171924233]
[111226149 253391320 137855519 121837869 122154026 36010577 107538764 238932885 36439276 356745 39283457 44625789 47869400 73599787 255442875 194998445]
]