[[422481 974633 770538 38313 657497 93238 172 580828 940235 746333 328538 484777 919681 401193 762387 1023363 884950 655839 707844 943714 666607 515491 74893 74619 427650 585884 95859 581971 33274 164772 494762 913815 648615 161430 833505 644620 46503 766628 622421 747694 446717 452512 374807 965386 515098 107457 576847 271063 280932 569383 121999 80370 716200 583681 793733 21770 429430 359209 184445 71437]
[682024 979312 61577 780276 33765 444764 207935 804620 713187 457103 31343 1006927 784790 630028 886622 854087 1014645 137660 98047 375785 748693 897687 220557 261215 873897 719916 101653 6175 999232 771512 721346 679722 1000528 777270 868743 620091 569866 1033074 7167 553546 370681 655035 151959 839952 705388 860753 681377 668697 808764 170081 380086 728333 434435 456724 796313 899667 369955 675921 600023 980950]
[424230 947741 345713 24575 183060 818078 704656 1022668 868812 1034989 78226 684071 214593 23286 491090 133411 235012 967472 974843 793859 395809 879822 902680 417343 27217 918455 20478 424542 913577 130048 56193 830953 894917 1022431 1032396 245416 882446 773155 732056 629002 440316 246987 298665 894589 111918 831657 752952 1043866 392622 512012 739956 381791 976956 129307 786524 1030887 8707 890548 253461 779866]
[674231 364448 1664 450908 248607 979612 371065 738979 432776 891268 414627 430729 32451 297176 716338 359513 1016262 694561 270305 610128 340700 874776 938644 102858 447465 650080 11672 481786 272537 11263 612378 811732 1031134 139172 339732 370140 827675 285523 430267 626849 792862 1012765 165442 119406 374454 523468 209430 538585 784867 795636 514234 9861 436372 136773 1046030 544800 755201 991047 345970 709382]
[446895 52217 311583 334140 869133 940233 864197 615204 798951 121533 927534 882207 912553 94705 882736 904954 421186 467561 932552 131405 853925 38952 417810 675715 541151 333980 397416 774008 575493 373356 639191 599826 51672 630688 77344 875244 859220 318732 11200 118414 451169 645964 964808 788022 82635 844599 907131 928672 655938 179588 441576 646661 232566 327273 39851 484530 69468 996677 265112 430133]
[48471 150834 75438 719644 968344 244307 554715 909427 916456 611468 585230 157628 305519 111898 814181 192768 1031184 934406 643744 523560 838623 738582 1025744 586761 296778 33282 971857 704448 172242 1000268 186031 987981 401653 808647 620570 332100 801550 606323 183055 330223 708822 733652 718866 441862 61038 913939 195857 503523 373702 319047 541837 99764 228883 527399 148190 211082 896968 323421 351280 1032117]
[148122 424414 917847 61477 644940 390017 439372 89119 150273 618115 109709 252996 939840 845956 835444 282683 135658 1037534 1003396 20572 512565 283363 262253 209844 135600 1042792 474593 484739 404879 380129 879778 996102 429737 712337 558126 913763 829502 812318 44767 999357 205132 528890 983419 18868 850167 871527 699336 976001 795282 20774 385520 279708 885280 885224 308176 211274 602207 478613 97889 659874]
[774240 601192 666103 442492 224722 946783 293643 761106 840380 1040260 404775 760221 652995 771853 682129 652455 358605 263920 140176 1566 934860 780207 673600 947962 1012691 699196 160897 313596 1000711 156067 53369 1017110 53847 184625 814943 240645 960848 393186 979957 604491 244961 538631 562459 683867 1026146 669285 498406 1001916 86599 235785 443387 503352 105606 213049 143979 950662 82222 313414 561749 377863]
[720109 476561 867925 152404 558453 529268 363845 996656 77149 303417 1046776 974717 181340 833087 627637 478301 910869 417352 383766 790948 41715 324846 1041593 628508 259192 733330 798908 180814 1025239 901612 953988 25672 364833 476453 950756 210435 926910 584456 902110 411415 708243 931454 708388 330116 765120 415403 570643 631893 1003221 753374 1019845 396415 24680 631148 1029620 587052 519242 496159 788268 956405]
[91308 389864 697938 623326 410265 421542 464314 363401 455873 250394 176266 345164 10316 445344 29342 909108 85068 861765 706122 79837 784724 930517 1041391 1017625 739757 435305 926587 477993 458994 131375 382018 9746 557061 487694 987275 485859 815544 1034036 514474 272426 687000 895803 545339 401091 825894 602037 944209 180529 827002 465386 794117 341216 805718 286879 828579 278934 891807 79421 694844 822999]
[868901 585071 11651 1045909 174386 141457 223623 554886 170651 312668 945688 172317 424847 858927 506058 143291 857061 346902 81022 508100 686364 237131 793606 771404 981594 630279 395597 566224 268215 438646 177644 313072 202435 755205 983752 120449 951322 790542 76460 87108 917651 684720 647469 395141 739018 387207 436858 355578 543370 685999 296316 266215 480832 815245 728111 1006597 288670 708122 525501 339531]
[758697 814375 940044 224311 965935 516514 465863 506694 632796 673362 80678 205033 429697 13741 483009 394111 253383 211245 841695 172016 143600 607442 189319 515522 969329 442990 704676 184404 269540 982950 1013295 565721 64187 683588 786894 696416 990432 288177 319258 96772 624204 414215 858503 929526 1006166 918674 202519 833821 193804 997578 184054 906934 976441 598276 172913 337777 213155 684130 578172 777189]
[119226 101038 188766 432386 421917 717450 902125 569482 124285 235350 36137 970368 414101 854598 554021 204876 461115 369532 772517 597431 79903 711081 778372 247810 748440 679646 146586 352932 252882 860907 197584 612240 765297 699108 962470 764908 356366 500167 454446 269718 592304 20203 767367 496145 307755 735898 6504 90859 561745 407891 627849 1040806 241928 147389 396637 762261 265378 317953 351098 685916]
[996166 875248 245100 589840 439699 723630 88863 369042 1032784 620734 1039071 774863 418555 520611 392195 526630 951516 212003 499576 884810 106765 562905 895621 423842 109293 777970 453389 418485 545109 503303 510484 601291 435636 273653 1048383 956058 1024488 294157 906659 139177 1044124 69749 524276 263316 500290 570087 1005949 674657 885632 684126 996486 788065 259652 30424 127105 37411 508560 1019182 358980 18660]
[677068 344354 565031 589779 867223 883255 702346 678273 348439 415789 1039550 894641 340155 764959 101711 678534 112938 527171 139256 708203 244058 763098 634066 106910 74447 181034 25211 266457 263200 76433 424109 980499 824227 706645 467052 404194 781344 350709 46265 324354 481277 151442 412798 649539 81016 772020 175444 507302 321758 490890 1046781 235714 399540 875907 33919 623076 241628 154702 706845 626885]
[184537 557682 244697 145038 685175 230759 885611 128542 92944 288554 154239 899844 789147 111857 517282 60793 179512 604170 538703 346273 617057 247418 455984 357620 596234 560048 579382 539227 634229 436006 379954 826726 162139 770487 990989 706321 616406 451314 890273 886188 382235 408059 1014189 1027419 729780 99254 345165 965133 461014 135437 929020 108008 842709 815322 406933 799557 903093 127177 136533 423218]
[882775 180777 800451 799971 129017 8190 759519 100974 195618 591784 881088 635276 619920 275662 719503 591327 628798 977891 225335 253650 512897 1030133 384524 12154 724138 630709 554519 841401 898418 82475 240578 799985 896124 448630 629092 423360 1040734 29831 118344 162841 754148 617331 276862 634769 922725 89138 20762 559401 315487 545753 670072 763712 792108 122169 963834 734713 689599 405034 58253 802906]
[492962 642719 217454 942700 175423 422818 616797 806920 666766 785213 704021 159934 127979 519700 410029 387927 845466 305422 934827 200274 209417 350861 408356 1020016 808435 907674 257095 347165 562084 630316 502681 748897 259305 324187 922150 587361 250340 580839 514309 938584 238409 161544 647287 498414 533595 915199 873366 860593 221145 615079 239261 147183 47888 1000357 951382 1414 650528 781859 679033 946803]
[369685 1004408 489342 234627 289904 514726 1023481 668954 1002486 925075 480527 507282 577453 786771 227418 63167 985877 162967 881624 197827 47859 620322 934827 60621 1017119 925490 350907 905092 993114 713135 296379 237773 224724 244289 785140 692998 920830 347688 821536 837807 676802 218021 524970 711524 753405 110364 81262 549999 349605 683538 669266 835039 1046402 666880 765738 985576 126680 864229 942026 718904]
[948471 608329 490464 922472 174992 541844 712492 467664 749193 837259 945019 306360 712918 623054 613705 6077 914299 740375 145929 223357 18594 968031 827061 132613 486267 643075 50146 786743 273133 877960 194741 623059 98854 917212 738391 872713 118505 897043 24073 381343 318601 83475 808567 10859 383001 801702 814488 401418 603868 720190 388880 699102 282523 396651 47050 223587 879871 806092 93239 31622]
[427920 555825 691396 742695 97008 207526 1028233 511666 836493 631333 647059 933938 763600 342342 283948 828678 84982 431506 710136 939715 797769 573090 955488 360310 134061 772477 1006707 1007295 832533 1041470 728678 279422 874721 532066 263260 227974 331516 947928 234959 531369 109443 774406 816880 530977 326983 136899 182876 498356 981341 1023997 199575 781512 290737 151296 37229 769809 296593 93943 285551 88267]
[175683 400239 321580 463076 370266 973171 317561 863478 459595 587683 399779 152504 132857 3604 923345 610376 500004 250704 481770 842835 374837 690669 1030138 592643 552729 712542 343798 253713 822420 207255 639056 149527 302540 25891 572715 460970 882518 1036650 547850 950074 345212 435650 758157 987653 978877 1036133 483304 968075 360787 87902 262962 1004660 496510 34002 574677 904447 762841 695455 719284 230529]
[150957 748312 945473 814108 1005518 781088 442194 273756 1005512 710946 379660 234528 394072 691555 147592 357163 830435 253284 336548 658694 205763 764035 656260 125664 417761 1001335 131383 530712 511850 987296 130271 867436 521314 644966 561066 233476 296590 1024921 589550 938483 574947 308969 587839 68423 609167 263860 597632 622700 778756 873683 263856 115805 1048325 387232 131999 186323 439795 514559 475207 306585]
[66994 173124 1005703 83061 1012335 886011 121379 69345 727157 272486 840010 877693 709974 758381 772871 667134 608373 441882 663299 783487 787319 284638 925184 483824 60631 1031018 424639 328001 339310 729913 535929 919230 348580 27987 634672 541159 508149 658259 934792 883274 69991 895768 471918 185933 79867 17080 9398 978138 178758 289198 998239 26675 97032 80804 104646 139762 312053 155947 912782 428847]
[1021837 548375 166981 728306 165218 165151 852271 313997 25718 401738 522761 1020750 511581 951587 21376 645970 495784 466140 488185 85591 405233 323946 896937 664663 520998 322631 142009 418425 760992 72131 935666 623592 55420 790038 192434 959648 483144 841166 905280 451106 961985 499401 196349 775485 790256 997289 829529 965552 845747 355992 750460 300372 526967 83624 73519 75326 421898 694115 122912 825635]
[821195 1026652 981379 323183 283980 35532 515292 946027 1030935 112403 525411 894824 477561 84409 384353 606606 196161 73026 834589 740464 364519 974965 660180 104451 786556 90829 248865 808087 558382 949950 166910 546357 23635 543280 587009 82134 1568 592616 729 859074 646056 649766 66962 534912 834652 517421 817843 996582 830521 694728 643602 881386 384880 723610 8940 896711 238789 1024321 179205 42224]
[47418 833968 811961 662721 225514 459550 123825 602712 842164 14439 791505 1026005 30926 832220 680375 664837 474024 563445 867149 908532 863558 441532 678687 1018882 438869 247800 74864 955266 601506 499898 716048 734344 304417 752793 933356 371342 342481 625693 381121 278180 660502 395944 67344 599369 977014 468107 171299 371260 315566 385019 844402 796908 338723 262812 575601 296705 239213 118392 1173 847909]
[284346 149367 320736 232575 159214 281096 497170 169163 470008 269953 218769 539233 656899 1004286 593954 122898 342657 873138 315449 213052 54793 684549 791508 899433 585117 915560 816932 516767 471894 862562 906590 130951 113291 10115 327496 76703 21994 904387 530137 910092 342050 674843 193692 532399 1043080 329052 105104 159774 474976 489243 613762 529431 773387 648930 400788 635546 556168 182374 1016851 365186]
[364728 192682 935019 919806 154724 437419 816138 390293 764048 242210 159725 92478 954180 46243 314441 635505 949838 243641 440765 878919 554412 202673 268996 825760 813514 668677 116943 695009 536192 462669 128744 441239 425362 246124 802704 442448 913157 480274 969890 80075 694819 156676 901677 124618 84603 492324 374691 947315 485114 10237 458222 8327 702871 505884 492223 602086 1019547 628382 1031154 680182]
[673165 144405 414663 927423 701592 489244 543598 150567 996904 621654 181000 782755 812521 467338 65165 91598 804825 576956 1008229 786852 329580 705299 771511 975651 124822 284159 1011368 246896 953539 680649 343993 1000551 27585 625089 392338 997209 501680 353052 967011 727043 120059 8457 1034089 325581 291733 79868 128660 48552 806642 363389 1195 612263 572436 312875 491716 182668 878388 576397 508092 854650]
[282038 454010 648940 1014420 431793 466765 75727 517308 881071 320277 701186 688793 929236 599898 309790 320355 65525 396614 519719 854469 299999 422911 807969 494938 943979 464288 314903 499044 734903 327565 282663 489232 877179 400494 382771 184526 178056 506377 948654 836940 494538 1042263 799185 623641 210179 864529 152979 783144 968910 814339 293486 84071 810091 908629 363171 275033 775262 298567 727783 340637]
[394352 318517 147117 697899 229635 213125 266129 522036 271804 271995 189468 422115 9481 954866 731863 135234 577116 794364 280577 513169 991837 958355 81420 554683 464408 380091 905844 764628 192994 434526 883364 242113 472711 319314 618325 226814 413705 256984 603861 945098 346430 333949 316255 844646 344791 286898 63560 60501 592136 427255 608838 272697 23844 913804 622283 97120 93803 660799 1014324 687027]
[180349 89861 476129 971661 187274 677497 653958 376785 322153 500105 143392 471455 1035403 508425 994084 565363 720246 124301 678501 474041 956027 417635 251557 546845 595050 485311 936112 500707 733075 716503 299437 511032 265156 751056 147944 862916 844316 313836 35369 335608 885037 1033037 893645 877245 940409 773504 480746 403947 467361 837997 57765 749862 35409 261181 359427 631453 1038864 726824 982703 461444]
[430102 1002248 387702 156563 84498 934261 347297 92689 252171 310687 742203 1048000 173476 240625 774304 201559 149137 23146 819995 468694 989751 773901 255210 406317 803455 131914 658270 14160 869754 95386 547577 1015109 964455 871652 301951 40233 321265 901338 165316 801853 264731 727509 1025016 889273 399319 260822 592700 320693 625160 137051 282526 446052 254010 508819 47587 860403 836704 877397 938740 545880]
[595027 635937 80808 934584 571402 400673 680511 589346 967880 851121 951821 333323 76196 661315 643349 74944 661361 1046960 195153 430270 508881 78087 31699 341141 503948 54815 465446 707122 197142 196250 815905 383138 94659 169111 632934 295586 476007 330547 764196 849756 899415 524049 694760 774387 520390 112659 621159 952090 486843 814643 901386 996574 479775 806452 426864 263810 929209 216203 160484 597686]
[1020672 368849 970772 667337 1012428 268616 689805 282883 304973 380122 947889 163968 152434 589841 170543 772846 721254 525884 759 12946 656158 100986 122147 607365 1019705 806509 680676 269191 563606 593925 586824 163888 35003 676465 581458 332498 896987 620194 70339 73669 15670 776459 897953 752283 355266 516454 492020 522562 13005 705368 364618 641389 130541 947979 394614 512203 495559 277568 574128 491990]
[446413 20853 113685 586100 112934 211134 1039642 200570 407828 381093 649930 411757 85580 804394 239558 644719 721640 989276 808414 747363 969959 414856 818971 767395 623929 189484 971232 757259 679793 665523 854071 695771 922592 219364 175001 604619 984291 11917 525037 851903 786492 867309 730256 861439 165217 307369 99648 394257 768916 558476 154633 341104 58120 616285 127848 316498 807664 119230 68661 981917]
[959471 128341 612131 227590 818663 853609 5063 702949 87177 463777 356208 618259 400649 799237 847651 150045 376344 487027 69106 532428 219184 369858 729333 78246 562098 504207 524274 80904 678099 390482 53706 682710 926262 705698 520556 521672 861218 93536 945921 475658 650375 879694 28832 305337 250204 327295 618333 44235 418321 832660 455801 1043242 129740 301503 720042 475075 403828 1043451 542159 470569]
[693800 389588 236463 506044 893010 47959 468411 840357 318477 875230 1000309 584027 777567 21019 515447 919381 68933 894368 807901 861444 327500 648785 133662 34148 760502 861927 25891 997248 906779 997417 192128 643030 722085 243661 848215 629841 192924 945826 834201 726339 163721 752080 640401 296579 962887 107713 914629 305985 918376 538017 89157 389867 876260 521422 80759 699742 448589 440224 384839 631244]
[101844 435592 374567 800163 22357 26201 437704 30995 457556 113852 731844 214942 650392 691452 281468 759065 866439 116743 939802 975202 748103 787088 722458 528916 507564 444807 269527 803792 402826 989868 560983 1006930 325898 597761 471607 688528 425291 167701 364484 489557 654320 91878 75988 100773 83534 698520 485011 297340 672972 606580 59411 545853 921033 211824 800099 824331 443987 541944 491577 421199]
[875574 780480 160021 173742 842456 995529 56421 714362 491361 176991 111896 719020 678356 966253 435936 594603 771387 935611 284105 939925 642198 284913 679688 640013 741668 373296 599778 378762 190232 144504 131513 226800 858285 357302 905832 1000898 716796 169595 414834 421998 568812 912690 918730 210369 21665 443748 740979 1023360 756188 613867 165608 866791 466507 80696 996609 250493 460384 708414 618690 98228]
[391293 381797 638047 348914 657516 203031 625086 508181 871488 704144 423181 741367 396138 120941 647396 425255 710046 559463 188470 163512 620190 455541 149949 697644 938763 32017 854292 568157 462495 493511 369959 661637 225362 668908 795651 706767 213901 663389 1032951 843484 757498 985467 257808 962712 743878 71742 254427 95354 572459 503143 936990 802792 245479 803352 59397 37094 629756 1012614 743434 870532]
[923210 278447 79905 304017 106985 828760 344746 832744 281477 741057 507358 708057 322341 940477 334116 37220 659704 690560 674319 560333 620206 592839 1028878 90775 55566 956738 465289 575230 561737 14021 346556 350796 757380 656034 378598 180082 175837 571153 53871 573326 940990 866322 565710 488105 415600 192587 1023847 944154 1034774 702522 720813 438554 399045 214834 198783 944994 49190 476571 223298 407178]
[666411 283751 461131 123822 144289 500762 116162 349873 1004632 945342 680627 66440 140828 959266 139770 734141 594288 953453 585532 972520 432689 465365 972046 830466 625504 183285 486481 888736 303334 663925 57370 196182 688892 569809 48582 25196 411133 523257 643563 404868 148925 657152 838935 550654 705618 493039 647299 212120 465941 550718 576167 187733 780702 1028678 61195 780398 296718 625236 689254 268411]
[797118 266160 350699 924721 255742 820606 98351 1005290 906879 309489 617008 923700 558047 713131 447849 101183 923588 656153 593389 573974 258765 655679 108972 75659 804375 8004 766721 82594 290591 478317 491651 388640 971305 866363 77904 690655 686548 543644 76683 730392 486679 806545 1029970 375024 188050 350093 626465 487454 84013 798376 7338 569696 683564 888029 589867 537417 208506 299632 560443 983489]
[465892 724119 463232 483025 650869 575866 181995 751750 186503 765084 804509 821462 382790 654116 133182 847564 483307 1014601 618894 654687 283278 542461 1021380 324997 400396 177108 800748 177964 142049 140994 24643 397576 361802 339924 842942 731827 770942 54131 984751 288602 506493 521959 890280 381865 40179 433595 461642 585989 364179 255227 65649 264564 514892 847323 276302 393984 1004107 742534 578382 807509]
[171762 13922 736274 346362 245694 659165 989544 347127 291700 736561 199718 199776 508099 609926 89715 981754 681168 681211 657087 771300 573391 101051 473622 344849 355037 561100 401668 593424 850602 501911 223337 194251 151505 754611 624433 145097 882163 328666 896223 1046746 940766 52510 208365 32572 3580 250013 741327 470853 382056 833165 359580 620602 114291 495520 690104 286018 821759 348023 793644 993743]
[994684 28111 372793 386052 666048 627388 161632 907632 632919 590864 670485 234183 987015 740541 954940 894226 818970 592707 630590 770097 101851 417440 554725 211926 46919 360172 958835 442596 984669 1034042 871816 580914 239982 126480 623313 359407 978035 991078 756637 833427 403801 599000 584998 389399 367875 538182 345335 415587 193975 795723 939662 632865 532373 373420 776776 375293 318619 98761 559135 177415]
[903213 981075 961024 842879 684404 134006 122571 476203 682065 303578 507012 409667 728648 77374 163255 677602 741121 114155 237340 410021 1027372 267496 526055 368330 310301 399937 827487 351721 156751 865514 1047751 802938 534602 63024 718264 463097 196933 230314 147404 882563 380517 808102 301567 153388 780462 270348 842714 440830 964572 796457 694798 225928 190185 623754 466667 551322 352663 575201 1011376 681271]
[679817 823616 240874 632026 1044171 552300 727310 350920 250304 141849 300353 233124 1004948 956427 783888 466579 843901 266852 351954 726706 885918 70000 170266 49163 309601 299799 654295 44173 479131 112007 140130 238017 73984 1047971 98287 589027 259004 964518 916347 75969 683984 385345 688687 744621 127147 265430 264911 995377 897241 966121 829738 857843 742528 552614 968538 1024955 1046415 109626 214142 236400]
[230544 905363 446223 489234 446015 305200 716351 532087 669399 188785 203279 925546 958187 1034400 425621 596496 52891 886050 470837 138114 235104 47398 243355 42558 194028 561838 440460 736329 725783 830533 536426 376798 170672 961812 355296 11615 331741 1040203 862904 793118 598714 634015 768367 386524 559670 34614 591954 228626 469218 881297 156776 733109 148850 503101 8831 507246 895065 463633 973224 747189]
[229067 917720 207023 770928 911111 135967 382387 768461 945648 1017843 645947 555475 407499 781930 793506 169346 465986 278150 310987 1017206 396273 469869 926876 221804 513980 275028 643226 883686 512321 377913 133146 824121 548731 827886 480971 398057 1029571 1043237 478094 949734 262054 499417 814437 191428 1010826 783556 803924 573883 529869 540888 660739 751658 1028359 122479 131950 807165 578951 452844 98398 313372]
[1020572 439297 275173 117695 395649 421594 892036 657045 27009 581044 953647 13481 483793 326362 1030649 796529 623627 221061 334463 448925 709270 789031 38042 110539 186456 25906 192487 659154 436563 338422 373393 507173 719265 655798 483105 531172 543301 694300 975904 435558 527655 479854 896289 349095 632868 39618 353069 257830 820847 353653 847616 338296 905572 675470 402924 32311 1038236 395972 347308 201070]
[849593 542284 835408 68763 92692 955233 599940 464097 327755 929398 962911 2191 609504 272881 932703 557832 48878 429261 545914 990931 256945 361619 734222 957420 486246 236257 309043 931272 952457 968671 166470 932601 975157 318390 313504 597694 522945 847768 658401 409505 540175 472308 17946 729364 236425 897627 516554 506244 304964 796351 18965 759561 345038 439153 39889 670797 954609 542045 736495 26496]
[806614 949968 343596 337939 440869 756198 951499 860019 1030501 512814 476853 872590 49521 288885 267123 167686 846590 172712 791730 828837 986029 256979 419762 208566 640419 785381 481449 1040610 278928 248295 169007 642384 67317 719094 995334 399004 227842 315739 283353 809145 325641 312641 570004 853620 1024493 336930 881107 402253 1565 434500 1018410 588039 884750 967925 430327 245017 613713 672502 326154 937563]
[327880 314520 25525 173814 175726 816536 31600 897902 634119 170332 583963 929435 655385 1019191 1021732 56017 431 703934 943920 621049 707517 109713 884073 263422 397955 398062 305501 633608 870799 537496 616096 712045 183331 473159 980880 603578 539742 411164 415480 27075 913461 340511 13494 814405 113731 692045 547048 373620 29143 754578 56107 208982 380844 270037 620012 881601 884201 1038281 401363 901445]
[943809 863458 604098 858293 948126 800252 733794 1015464 662139 174554 304056 237920 745712 784878 157298 475554 79150 807118 948430 220721 617599 120867 718378 446717 232812 932383 23508 707003 77358 934902 14501 380818 578166 913325 67325 715726 923332 415531 587056 945477 975486 30251 590508 659263 457014 679044 338091 423298 385047 229430 1038375 802586 814737 938534 376663 95992 45729 77570 538054 292482]
[895938 564826 359503 822733 54723 201115 89333 872635 135648 690296 389620 185151 608237 768986 75390 333906 618868 574882 671993 404950 351763 279179 396045 147540 1022566 477028 347748 1003152 928774 650995 722466 972501 940465 699387 600179 842523 475986 538157 345732 799893 689667 354182 680520 567587 156030 385849 492581 714771 178116 78259 41569 862614 693799 985698 331992 716228 762514 743543 621837 587594]
[874065 305556 930997 86753 676690 324274 137465 251412 278151 290456 784250 435772 906515 644826 261874 744274 650537 182037 660430 742111 395642 973465 96301 282598 257668 867169 865273 261735 702146 276339 941430 786805 585053 711359 174878 903488 930059 121204 373735 638434 645768 728796 977678 476734 455020 458176 860589 292235 655918 781280 982758 853759 24898 980181 659372 260551 728935 279360 580669 558432]
[475475 376531 372826 559012 328724 925650 477935 169511 99438 797219 133296 627147 115546 701184 811151 641348 313279 108346 778145 891308 312649 282677 151371 304568 622577 555435 653712 842544 591582 524114 264441 781950 394399 64107 553066 452404 284024 934865 940659 157140 277400 280497 791244 374537 992403 749826 562825 449221 302130 621332 454106 197747 899734 436711 985444 203758 485636 360321 701059 911330]
]
14
issc
