[[478641 670069 239261 120853 351697 995717 1025989 112799 206770 140550 551920 457802 64394 132354 35349 74277 846605 994607 60564 189922 380646 69367 218059 147831 230393 966743 323535 847549 605389 768662 191297 238591 377468 44206 116025 622888 689968 50658 403081 598262 238011 688997 227119 937738 769185 67294 300402 487623 529879 360090 154209 173482 472495 585991 441549 983343 462031 703540 466290 475725]
[551115 162369 543750 262059 259691 401079 645152 985022 522782 212908 588254 758611 280300 362386 892733 386283 828340 647277 543322 404658 107650 178946 985623 261065 474486 614040 559960 975139 957389 63891 580483 277003 256628 347164 6032 355635 779150 596663 179138 785265 532127 929491 842437 414720 485598 615337 117197 839481 461714 973358 684313 655835 249732 203463 736807 671138 746194 936009 655371 127426]
[648823 1017570 244555 946415 329200 595952 65492 3834 797622 154485 1014199 139071 123675 311627 745618 1016899 141559 4252 873966 177210 727627 933393 492071 5429 396518 338299 212518 197798 757273 814360 613410 212054 1027047 871359 58264 430366 21446 118834 1037172 974486 845511 873621 400053 576376 335552 300827 264189 141040 577741 96070 446338 298599 1048225 400667 933229 676301 89174 110934 803479 550369]
[1026134 638058 704531 1023766 782369 1007536 149565 965907 610179 580816 883471 246346 85002 552380 620771 383727 454720 359421 895381 239953 169611 1033582 874916 123042 399705 813197 716539 767694 124180 176063 707120 1040375 892786 663682 446424 811849 1025705 1046386 255780 944706 287903 198535 172735 369687 463539 494906 824637 447452 196931 195489 827049 242338 319633 998207 180192 374200 1039241 238672 801435 686752]
[878371 693055 700893 287667 49997 481617 448131 585226 858461 242635 140356 185995 377239 518087 834753 400980 578185 373550 575790 761606 540742 370748 691144 421798 699263 162139 411576 585497 931983 531611 476819 713536 749901 989675 288862 443710 843244 475745 974067 204487 930430 1034600 670497 370279 168582 438742 329947 113603 35746 261580 612219 565174 138632 244812 935671 55034 364292 894999 311056 453580]
[836928 636420 528692 215183 128813 167845 276102 92537 222825 366356 246653 1048098 469450 487471 19745 920430 596108 908089 84326 783788 127638 843250 174213 350384 811807 238985 963679 500822 255079 1028755 112091 200392 610847 302329 73946 358278 304141 906403 159878 735242 258539 694505 145100 683932 510736 444976 334007 189718 851623 498312 826836 391160 837167 1029452 265514 479030 889778 901406 895885 138349]
[1029111 122625 244675 377939 111738 40149 230324 938254 704082 486773 908796 979182 614615 102686 601591 435475 793309 415927 428052 841014 792499 99992 102496 722036 178259 1035873 243893 277565 522369 945751 471307 602686 193862 634973 62165 893668 822 870195 884260 917475 640210 825600 859693 212929 203635 1037142 322095 668532 970364 840442 485305 422971 183083 237620 920900 880738 903821 183066 1031980 865746]
[768390 730328 829512 705025 482313 6892 757317 649012 503404 759449 648280 505013 390201 335458 823076 682252 280279 674467 172785 222010 592132 691759 744678 5005 569989 493374 228848 53526 407292 425167 34179 599382 371784 312712 652797 118549 553917 527296 827167 504479 916643 722666 180011 70894 803488 348966 693445 227004 923089 93014 634517 467497 934294 61148 676704 901189 82542 373286 947009 711715]
[199255 984465 182266 612214 57507 613785 1008883 266476 52201 978935 478502 271602 325075 23889 150225 586632 69620 451676 163851 834235 120118 521679 271521 938813 420363 170598 395406 404734 708200 1027335 1016921 837915 538 604671 96331 523246 88671 265767 391397 217687 1025620 329547 127904 759109 790817 492948 479986 54859 502349 728734 36062 189102 273804 599099 157549 830610 9569 958780 331184 203487]
[741534 602994 938660 592948 615424 824351 515230 988055 626118 454086 991750 102309 741862 38215 57826 939083 707984 402518 885521 194264 285982 98423 440180 325025 139069 529852 860443 245922 1028942 241951 154453 981602 452968 119809 285940 659985 863755 701362 562348 341039 488834 638260 1029278 323238 528813 383172 491920 839209 612438 563738 226757 666464 1007963 315582 748163 541300 164647 292883 594200 769121]
[850151 999458 616694 31247 550195 773630 116866 604891 373713 293726 631870 379143 990175 329525 40530 1017216 729128 240546 593082 146587 299383 975588 553798 166441 865444 931568 64349 760279 293135 340403 415597 881656 300768 944635 705081 682223 774320 78812 102067 612207 597353 9721 147088 822461 902138 849969 981984 597361 936891 136627 256536 882286 652063 551845 990836 912366 461975 603595 827029 378084]
[244335 211136 404840 658487 748701 878182 600179 1023414 435900 477799 705682 9050 303953 666128 532882 910504 273532 322939 69843 539044 520850 776983 73119 849001 993594 312577 252191 155487 774996 920419 911687 25378 907172 24639 692223 532552 49239 284750 997674 1003477 909565 79837 333252 492717 12936 662902 465882 410251 187628 90355 1030154 756802 841866 615535 137647 773403 744606 524846 497787 814680]
[318512 890980 61868 451646 267632 603620 794957 346649 985452 488367 125276 859542 463235 625488 455377 650041 344947 675489 163967 600207 612311 43959 288110 748591 598998 115257 714576 502160 366119 746765 52843 310944 845427 901360 486420 853933 1037051 809343 54864 781685 760173 449303 394488 432798 417389 300466 283020 683737 329474 944022 311891 135521 21965 990299 719667 277187 514515 636495 901161 909650]
[312261 692989 745654 687536 944231 713254 255283 97487 994420 208266 729401 359301 357793 254551 977263 227771 914742 379282 965576 619866 811424 65306 662635 806348 308803 538303 455998 834689 1020891 336067 391010 228767 564782 1027992 716852 546167 983751 393262 561415 426194 788120 183815 163453 983321 835099 104815 730371 777190 772636 879188 498928 326964 521127 101919 92887 210632 354120 637299 523747 951121]
[17740 853317 420587 255577 314231 691844 941410 845136 387252 356270 875308 331545 251129 754873 345202 513148 1030088 421073 871725 938739 866657 137233 815764 292783 87342 482751 702141 242750 570968 299410 781559 659428 372972 918622 73057 712008 279345 728737 960701 890489 1008539 539625 420977 667954 516356 195603 82399 347659 1003663 5029 332252 139378 289404 929277 572485 897556 915913 871425 872785 655145]
[460291 380098 598702 545199 451124 576423 370079 273125 408218 911591 34157 354909 519113 1000790 880775 442528 466362 661271 36424 1017061 370193 59518 327694 772845 937845 131459 923365 323998 720083 401646 64860 349668 1018794 1039933 353038 794027 208682 715645 925579 789452 123242 607051 924572 743583 418311 834384 177447 547202 606701 652685 814269 754727 855752 675843 215007 15386 180355 80818 322476 290814]
[80213 920733 616144 573128 134638 479394 87291 436797 575850 380214 953824 493469 456231 925829 712043 975869 898770 372196 63026 562850 1026829 194375 95152 302692 862148 630958 913103 617193 364024 425455 126477 307068 978587 169274 629489 835102 475668 500446 189861 23571 568407 397472 854793 157734 293298 972936 866391 545893 874961 992249 534596 1007255 409196 183159 658605 387410 732625 625574 177594 899633]
[242129 1042627 355934 1000053 248009 786127 342000 1026454 234282 622002 772780 486871 714196 278596 892126 738353 967420 532504 138144 524463 770221 291194 774971 391070 1022111 893844 991666 158346 681394 78178 44089 305381 583209 390448 982875 187497 611449 701773 1015636 671008 993919 324797 434410 25839 40192 587009 371857 467870 112815 194385 67247 526318 887561 661024 349200 430312 171828 614862 172569 531745]
[523704 682816 829998 805008 930543 814210 948537 866214 1034248 734101 263078 144935 952098 1032764 817292 531672 402318 158428 534918 494239 476798 370751 117456 262230 934087 320597 913155 394849 602011 175192 871826 18668 845366 787327 645570 963663 156652 436974 118323 541373 796609 319923 450333 112228 501321 1009874 656448 41407 218030 680362 374780 772281 390304 344196 155747 741238 188436 294525 403950 599781]
[510024 547386 71933 953868 247202 248922 326800 849718 752286 813444 80573 49708 61285 716785 521149 727048 445927 512406 667907 1043839 319224 99595 45688 542947 508469 203094 833392 143298 889672 909853 196938 115479 90958 895298 328011 222430 245034 33696 818248 124164 5331 1020873 758934 785479 732580 91696 725802 959312 596880 215743 20173 926751 451607 786289 887768 552503 338943 817682 68000 903999]
[602999 688390 802437 654215 86839 71899 389552 491452 805607 662058 53912 647813 447758 305205 367541 840553 344872 81248 752143 930347 744048 875473 254168 358218 409237 600591 897794 529657 446116 148699 761076 476116 882246 401884 198641 699250 657021 291843 764502 1022576 453385 22877 282532 351463 766566 892450 644318 4136 83045 42686 687527 892522 95529 560829 1030210 269851 812444 108717 841312 120221]
[163146 244285 301544 556705 446702 172346 322516 416406 390561 457604 947437 764747 646733 80155 769016 963700 795258 614889 7918 265429 46523 976513 343727 406411 579178 816458 815075 927237 359688 156856 350883 91815 293436 817317 413254 580059 103832 778304 600778 114407 470318 476061 153450 350068 943959 882573 718040 848235 767384 766659 281781 916422 847876 1036276 904574 674103 240701 266672 670133 343056]
[514562 444572 458737 27022 1030192 270895 410136 497717 370704 298090 848935 903277 613247 995410 955111 719387 805796 642923 262121 122510 587868 711003 433430 1022248 513644 636057 699889 219353 830001 470497 1021559 1000270 55284 646093 839166 15790 584733 21121 518138 808914 425424 411992 748632 653378 774758 660478 386052 841473 953507 496874 679920 514373 402973 561239 744996 170602 842830 851477 445434 210094]
[309281 948557 553868 487859 18400 209217 739770 15505 867136 655488 689622 433470 126441 897602 326751 289708 1022327 236411 1478 286403 887658 604991 4643 395079 137783 160692 780896 538239 450888 336240 463583 514872 153124 845971 272778 610885 735990 330909 157662 391562 540987 930199 800565 48765 637883 907049 953608 129498 651540 330111 343432 430701 836348 333031 450413 839721 18594 320205 440954 478127]
[535468 598744 158848 742362 799702 1014186 820158 361644 100887 427097 46184 1043548 705692 777636 307425 889188 368318 489341 915568 59516 351038 990311 674003 943715 721770 903340 738116 662559 766948 613687 1034465 398741 251623 588684 443113 557424 907541 680695 894165 313131 944445 811013 253041 929671 546854 830635 769693 348236 106657 62737 170697 152953 928660 416672 905988 182767 755506 886266 944339 108070]
[624178 744710 284448 551678 682355 158183 103475 701294 784056 751576 224867 493847 573796 542718 505405 843501 100031 192995 882287 606698 313837 10899 119883 830253 340030 442805 1029809 410134 740011 10818 1044214 161209 950419 894646 22865 272700 187679 490718 616887 523196 916038 226888 1743 969297 1034828 687685 930027 869348 441360 57610 688155 792454 484818 461234 160903 644968 1160 38124 858217 378649]
[948505 523099 345647 409218 640269 639968 549484 245349 253981 730026 872490 60419 696827 200485 629792 243982 1017308 3501 88003 732006 493458 921289 961574 656288 960425 22289 245144 1017897 553580 737863 152044 108602 919789 447217 306623 77525 804995 464540 615523 1018007 929371 710948 40960 534861 981027 662732 1014140 561139 723413 1017577 157405 1043719 507802 360954 756307 705191 779060 113249 507735 131714]
[531152 286860 805164 651262 564228 120807 729594 689517 887821 552040 434365 962100 203540 983998 589076 96730 383518 948892 616495 353307 557221 111772 767940 584523 269738 389524 678280 745636 824202 113929 272352 446778 529454 560911 274319 240109 985845 271838 492971 696760 735059 988074 132940 712031 95539 70826 672642 1022028 196321 245365 547568 901282 419223 999079 669889 130148 989641 820324 578904 374311]
[657179 955140 839393 610476 458188 916154 750082 516522 562376 479834 266861 852083 108120 146590 881533 947266 256549 347618 845407 719937 1031269 623144 7294 916027 892144 758425 737298 807755 372972 269286 359828 206973 951733 311646 608918 942902 305256 925000 63852 309930 324327 82413 937054 787161 712141 700377 431783 543319 794177 183092 1035527 185228 661336 626637 188103 568840 392660 826640 51280 3280]
[452940 473708 929205 11436 817633 320848 97429 708635 105079 614411 568240 208849 18716 886354 264330 516111 415923 944638 849119 304163 805952 666619 543129 68438 872890 865396 276767 159132 178659 338423 263469 266095 747865 11274 647243 138377 476762 1004995 731388 491329 877986 267828 899196 675314 976380 1043041 178580 354333 900997 57088 679593 611612 79789 474769 987519 220939 357593 123415 431218 100884]
[81583 7853 1019883 498989 987919 445672 61509 331273 462834 770202 241745 837910 140549 194636 889068 359663 764997 1009683 343767 316974 936971 141240 964635 333326 616831 48209 1041673 721461 156560 482183 775361 634089 307488 202579 842618 407626 850225 613248 526965 991845 1006489 910435 577369 249862 584348 34484 261587 348326 328916 502793 1026732 813704 912590 914647 3314 109737 942594 971782 217742 426469]
[214769 366597 70132 160106 733380 41932 779171 992997 568789 88240 711622 547112 286473 641447 273332 318052 914668 336715 8890 1010627 643378 478033 577651 489676 837175 235777 433036 842971 434436 96262 482884 306995 425145 556466 247187 86710 1021489 436206 73648 625934 865079 544565 274948 839571 583631 381593 98819 1021428 321360 159596 800137 465841 645538 272382 975256 684776 58004 425139 754448 791822]
[90964 251078 239612 213856 1021675 590376 325264 125667 57007 57214 284676 621199 82997 902116 45279 914029 902078 555915 161212 139018 114097 176401 1039065 358822 49167 853967 271879 525844 446039 60254 951093 650667 474953 1020105 1040196 628083 408386 218157 3642 41482 62525 1011782 669091 490098 705499 413203 376291 358121 289884 558135 756401 862888 585163 854725 257671 460847 165764 356417 87583 1027278]
[1002564 468346 777134 795873 813604 533490 464923 82797 232325 109743 835859 214939 1013852 901922 370228 668618 818020 620053 225338 388569 463857 772842 514646 345860 588398 315720 33478 221238 332277 318687 740013 960599 244403 385669 808617 470825 166989 800348 659075 209101 308572 46140 935341 837978 372770 490260 991523 382996 742916 558634 970941 290351 1005901 909652 396519 168785 227178 970846 262688 944932]
[965319 167960 575706 742268 8913 343188 534217 819881 591746 500328 205680 705543 275610 671427 73885 182120 125268 729993 927112 164339 530010 804733 731843 356361 869326 949241 411768 580681 895706 939172 250811 910310 442716 622408 171443 552612 270283 304999 401739 778339 196517 377812 808081 618708 702155 702132 312000 362992 170697 76531 1033116 901232 537829 919105 718404 877475 572061 377968 367897 788046]
[881935 1010721 301182 1037170 84808 215994 627700 896168 1044696 936346 629531 648931 1042559 221949 817946 374414 156974 262137 506403 489221 881918 630754 565571 697088 460095 352089 1024717 40329 926828 175810 39302 919652 139403 146189 701926 947153 980599 938476 754541 453887 970571 953059 952920 1025266 1035035 193449 715751 325824 340899 261899 964111 131639 518590 989786 247223 643 938574 808524 516161 847018]
[175291 274615 173151 832253 447596 958547 902234 484642 201633 382329 373422 282199 501925 537060 415188 259887 330591 459071 571571 609263 137804 237526 674513 603437 661247 476588 376387 364075 778132 5701 712780 827548 567300 920360 144505 4593 984173 849233 566777 535223 31624 197947 312830 738785 987355 989372 251561 325990 192192 726090 271368 821851 938564 707531 372346 669819 203796 388107 512183 120362]
[396470 656279 1036388 974293 125443 377061 377123 408286 430063 576594 1035721 974383 471459 661904 1007573 672630 634593 672202 192344 586028 737902 717461 968010 53454 840625 236733 989493 55588 226782 659382 396632 604960 978681 410545 910625 820047 469141 728410 700176 264196 927272 793058 51927 925916 899131 888424 497458 273608 524464 326610 273862 746159 689707 776411 974819 263409 507461 169997 560237 545871]
[701400 1040578 204644 567572 803051 472163 632522 1037667 470198 367771 55050 704739 443226 675925 283425 994044 371800 230770 89569 472986 651550 800165 194680 30400 454903 716775 1024693 360154 739887 406303 90542 618154 219208 47656 772362 527692 56341 788626 878693 110649 999571 176590 685481 199367 462755 692414 533537 805480 208562 2488 611074 920807 645927 26620 563323 263900 551466 472800 426079 3269]
[434897 990103 638572 6319 77192 10471 718275 64764 259049 914082 85829 767000 798027 16599 827826 958067 809521 478446 776889 957808 857505 976653 553737 478517 587487 666680 681342 1031624 309866 239167 113265 915900 986169 854148 252530 791440 258169 1028375 323429 359111 794335 460286 312112 792643 179301 211013 866782 500034 430257 679546 1035162 406415 458460 468351 54535 313436 353058 712918 552996 69272]
[306310 231499 223046 705608 621329 39255 664702 33368 770661 163501 779522 519064 976593 191403 239996 714527 354079 110357 331045 593109 991781 162747 291840 577830 238249 5105 99477 442736 1015863 87088 211967 109357 972801 495882 299066 370859 789264 81087 463810 930533 581852 126169 330098 273693 253251 493595 439407 1031844 580191 145780 358833 72013 82234 925086 502857 249976 557905 1014947 531263 457014]
[928128 632030 115071 622833 297749 388013 101565 329817 228264 599217 540460 709437 148257 419458 503951 780030 460330 651690 1017989 510505 164140 693885 358061 695310 966592 490959 447503 715037 50642 748008 912044 832542 495745 369296 868305 68412 587970 483916 98173 326444 303170 314855 998698 583775 345362 835093 248120 775640 918046 103865 211539 624353 983359 1023346 659685 503069 455964 435468 211584 564420]
[262546 406548 59766 551639 179921 97245 901737 420978 278061 325555 934908 302568 393461 383770 160874 377172 624306 925933 854531 152785 159658 277935 658550 774050 1011351 516094 244666 252827 513292 332948 502349 971702 602857 419511 832331 170754 135694 197100 625742 885478 578536 769330 322405 419997 345935 293192 569758 748727 128478 999117 955798 300257 328202 415818 952520 377354 1037035 765871 266667 105853]
[539561 291980 1018645 944192 221851 271024 118966 762570 545490 769143 787644 985108 898080 232509 350886 318880 483653 3064 586875 308052 779989 770019 210740 578026 297067 907316 38093 182302 682768 1048340 583084 527847 558941 346442 150864 815748 1039044 303378 961536 950417 52503 104145 143089 457984 418758 121082 564827 643417 209713 669957 932681 815503 366782 425675 244440 297591 838722 744047 1041102 195037]
[832688 486177 226276 971982 918620 338809 633047 761607 346466 863683 739942 155168 723671 521510 573505 162847 519780 830510 605631 95316 877644 153406 592444 747795 265449 489528 16089 919760 1033733 9696 515033 162253 219170 680634 472639 204207 560329 193281 180087 168190 372103 704607 801048 842501 850168 490341 801982 204781 1048518 55705 936351 234183 172196 636814 897282 144764 211135 765086 676229 842793]
[356210 817801 195865 214608 28787 862109 792175 108714 640654 377908 146959 958293 219151 295170 702071 840175 229611 632484 660679 769681 53288 710662 825941 319480 1048351 274746 866357 607794 745613 118451 221681 1039235 545289 488737 650637 249287 387366 971429 848555 684967 472196 155988 120003 744522 208409 658118 789270 291037 691154 561812 879788 912956 22595 289357 429291 241548 647347 682655 157142 995030]
[1008933 900852 67018 905034 451212 344043 647258 193013 777796 388352 971438 282653 71383 289964 186769 689233 101168 760771 802531 514681 1037645 296006 652652 668539 948603 44684 713965 26364 599597 944423 309088 530690 298802 337256 627544 689616 380298 415104 708374 436713 646026 1007976 216064 6702 849159 809585 204306 399223 413698 218896 431666 1002938 294238 249402 800315 95048 301295 481475 283355 677184]
[171409 827358 756564 664229 49306 572307 598953 897577 255213 398897 660854 515885 61515 156787 700840 866810 159848 931479 205895 409981 427153 196846 104637 1036837 681120 843076 897469 618964 8368 43196 83184 268828 557685 116366 790132 455963 738237 600474 955613 604056 725387 502485 687819 127638 901011 129984 299836 367258 887623 628453 579816 656050 520912 818290 465632 175546 738458 660703 963657 730720]
[448212 456172 78060 273075 859003 415635 542785 737364 181050 1038616 385986 658088 179260 21189 647882 295584 106722 772725 688175 238692 271208 190462 597276 525230 868287 544632 688366 717893 351937 126539 583188 382932 82642 661536 811046 536350 811005 521639 772160 793173 785130 511405 568877 882644 667388 467571 361360 980778 1039972 187268 38033 640568 133864 1018521 397249 670480 353855 935255 646962 308233]
[737238 42445 414797 714869 869278 871824 291200 718763 604429 380523 321534 180611 98156 183164 162944 756099 40042 837705 488846 334059 128980 261760 852529 1009942 773878 483613 118310 36554 739952 493449 715055 651364 601624 932428 1016569 818336 941108 67349 918823 639263 20417 143078 105244 824053 720645 990586 456463 47578 607825 666705 380629 664552 919438 371787 784558 306275 670648 283134 851337 392825]
[275107 1036019 477744 230927 10952 377344 857922 436208 42145 178362 898435 672203 40143 588929 516724 572336 700006 836146 226350 846076 672772 80288 966467 959535 480792 204087 802575 655376 723976 312504 225182 812107 374673 749196 698384 987468 775296 17455 329845 679188 247050 584745 95013 711333 614727 249639 796178 609695 402999 537157 541183 298620 198416 689997 447061 532110 326989 1047016 213109 986908]
[505395 646892 350221 593683 214774 540654 386150 561947 994598 850227 993474 214515 927742 666517 355321 17923 260843 438655 786929 298260 491280 171407 594672 189446 1037953 532943 51668 329233 964785 319543 645486 933513 32336 676148 895936 32230 514605 717556 666628 75989 625385 625829 513948 369097 931213 208271 295986 315617 571115 950734 96816 588983 911738 515736 613139 763717 1023647 110905 249560 697676]
[440900 450729 985339 353600 817579 546605 725835 753556 76928 468323 613303 350817 1090 749572 439817 246845 964747 521742 549756 579797 502627 269826 763995 128575 329095 1027740 442203 391217 911581 4945 812984 603258 349417 373440 89993 507268 810951 447023 89793 807414 540549 923164 138676 368061 845385 694129 506450 1036910 432434 730282 249746 699679 240022 206623 546594 900844 816196 222638 428295 630287]
[522786 440525 1014979 773702 478462 656608 1012034 40652 902841 57252 544341 525340 628713 544583 378440 973066 48742 658267 256514 295872 743976 888939 549054 957770 529570 854592 905725 774817 956431 1044380 569167 495998 337470 277222 751084 628200 635829 601916 502256 535502 600028 262491 82923 503433 514547 695216 479057 794490 221333 819816 506171 868088 770121 644333 17238 291210 245255 451697 107631 385640]
[976102 950481 749707 347478 269525 736430 162324 741137 96372 523025 883846 844498 308438 140055 772337 300203 143399 485234 390254 288672 983104 220593 1033824 438295 363430 1016570 151939 884756 676388 391664 76750 956245 519931 611772 226277 408521 257137 847471 538148 942796 159335 104306 948939 34805 707935 867358 907560 509666 38386 901799 286497 395649 839612 117497 492118 606802 580356 726261 614867 1010886]
[200346 490360 213987 479094 290593 856149 384499 291734 14471 400064 158324 760781 807211 206887 859156 81243 326336 700176 647560 394883 523983 191411 783880 59148 597228 135263 737524 478639 545698 449067 502822 198584 358701 646242 740854 133382 120195 110138 533898 450876 376616 362277 960055 773397 479989 127813 945114 209451 557153 187807 854805 171946 206415 94514 887804 342789 28918 41827 692582 3092]
[185162 973062 885747 873152 153307 592509 505665 555682 507544 563638 973278 892757 312770 56910 950732 1013650 1004593 78028 54836 624407 211777 699454 844304 700848 367173 20679 912171 222069 436152 13107 982826 724473 156010 315474 1002309 1014521 633358 308855 729896 763079 826608 359537 534384 692316 274389 539267 750872 761824 501791 894765 707939 587855 66534 330280 150491 434928 804964 28149 661890 829588]
[276572 847329 873493 234109 28134 788556 774385 451201 587481 710418 853183 499934 190739 474180 710142 575592 197857 506729 702003 76784 102838 990381 712097 909388 630758 824824 647318 811257 626835 65571 504629 630667 355112 13716 36579 532956 664647 728432 324279 20951 271418 19891 447943 1042856 749447 606890 656031 652834 784107 848787 70449 74124 565747 164866 360500 604477 66970 860893 736628 331702]
[858130 146282 701671 775638 978242 634764 33236 371687 321841 603738 446547 161608 657520 853860 539705 869328 224334 517219 257776 951657 235074 239614 521467 884059 566862 140693 1033715 734984 836630 961691 172355 624753 390467 319804 571774 529963 870216 697350 287112 585494 159570 240952 943393 590081 198844 908036 840722 155488 493208 244344 951117 864935 96566 82760 506836 999984 786857 308159 376562 648488]
[1043966 246365 16011 806637 572756 1018230 535861 596491 902881 807521 486417 286799 930098 351045 18743 510470 996483 707515 148274 893411 1004560 785106 680834 816518 586163 461512 1013241 766496 50522 128895 1024492 329486 259601 832618 949629 966598 432696 770072 309525 1004392 814698 447676 100456 156896 968231 607797 220737 564033 837077 306097 834199 323713 441866 636149 615795 588864 859614 437455 872363 1017408]
]
25
issc
