[[942070 600352 844177 1030798 859238 726136 944714 75008 548012 371987 55584 4771 317115 1040282 602203 238734 47490 225894 620864 949699 737962 234689 897867 84486 216793 51328 715410 212752 419859 1045263 205577 707801 55048 721445 645974 26749 344735 191827 582672 236023 660878 252840 69926 659511 158889 148405 470245 704998 964123 392229 973317 677485 81592 194107 834533 916577 926139 474492 782123 686819]
[1033986 635272 11311 295927 369358 411423 949947 388174 640289 283767 149218 720208 221104 246948 425466 887511 865235 701503 523396 928355 413770 977254 438821 831362 622511 185741 299938 956377 92843 954462 283586 172802 659872 542616 770702 970839 566884 845011 133152 20509 399330 533891 871390 269619 679559 77505 984570 435235 698120 19542 836856 531877 887521 817332 550493 72958 510053 432542 366479 54867]
[554115 361988 708101 297501 594113 789017 834710 920667 29420 448180 346843 29654 213834 798214 935186 377053 1038078 753638 767818 494650 307071 817878 223077 886854 260505 473099 105485 236029 385946 944068 949381 763830 404049 993770 834549 573400 480031 799210 483972 31321 1028076 442145 528670 699884 202234 400802 138218 685618 625860 141831 1024466 8650 78132 20930 813439 219923 481916 154924 671430 843736]
[937877 562527 984582 856573 433062 625185 726225 1043540 154399 998242 50577 854355 951926 76198 724526 287632 956100 410992 808672 952862 509373 1002414 658791 367457 726664 690649 492144 473453 131426 373749 951831 272335 94099 358557 515419 966711 409009 112338 578784 770617 514067 1002318 364461 971325 537306 177791 155650 969330 1013353 394266 311265 102744 866193 847265 225643 86880 401681 602405 821702 385391]
[1035033 3792 386022 1009075 696915 35499 1017877 86716 995265 105109 536602 287066 687423 525921 1020675 415171 57544 938623 653883 950204 615223 23718 949929 467973 906166 240770 26374 959675 388395 696977 818947 551579 702862 433303 728625 475603 217865 702231 674324 346002 347088 932330 541423 139516 364078 501941 885342 1010393 3564 696651 48177 847452 981084 801359 444399 932049 273517 802671 3385 626960]
[776906 801802 335596 391736 449378 153451 834667 334430 333228 1046250 56800 550519 326728 267134 686698 649892 820444 936677 609866 732474 820127 246721 324295 692947 146627 443775 275094 51272 627140 632584 125569 823019 330584 22528 912895 506823 118704 571583 605151 483230 818853 832657 668935 894579 972175 797486 323787 262816 238282 501732 297397 353090 418933 118579 916633 747616 848759 1030339 173673 385524]
[501555 352198 112386 822886 724077 609064 676714 1012436 560392 195590 1013654 581118 306264 743273 137897 408841 351494 880858 755134 532474 730344 649512 788553 160369 549465 678454 623490 907048 816932 225729 674697 833606 474097 45359 273742 405087 997480 534546 128576 155833 5975 717988 997049 903919 322269 458888 564432 318083 1028228 446225 1025671 642430 235425 681853 1024061 46394 150402 751210 113679 140357]
[340854 194426 156515 622823 981390 477790 376123 41867 975262 620288 588722 112084 131426 526944 193013 88129 467940 186161 359855 194236 942145 32435 677495 146840 783690 887607 228107 357851 353210 1023127 928362 535937 270284 363219 423206 173509 33048 298239 807230 280746 590210 480804 48712 697346 269192 493576 236191 353528 364301 820601 323194 622344 345105 245566 16870 677331 678086 461275 123125 136259]
[803908 362146 435706 580524 121653 893228 514619 502176 825405 289181 761461 244089 337266 83802 69453 478516 408724 389130 102966 727193 693301 376288 188052 142060 608872 853937 214713 616694 593218 658663 896860 437120 762099 435724 700007 500160 21070 546450 410787 503957 888529 971316 160840 456551 207724 946229 964883 816922 221275 143792 212669 882185 83502 438749 602897 751860 584246 1036913 656903 289453]
[404303 361351 558230 737068 854730 219637 485354 351492 420638 75214 258655 923226 340895 693802 377574 653644 326104 312978 12667 495184 424021 179251 796900 923615 501399 870727 375964 955504 609198 923757 291473 297251 261657 63023 801128 107329 253771 978478 949635 209040 277810 636619 603901 238881 872205 553469 542158 759860 933066 705529 276520 102041 659382 460563 980027 1037705 712683 489337 383783 595783]
[59979 715792 326354 936487 743472 997760 885660 103253 299467 346827 923123 247922 47276 527532 639706 891064 788215 401800 326019 296938 911876 1033958 766212 868998 117544 742480 732083 375745 166151 718768 1019908 197267 274071 170904 1012176 272995 159146 93686 592405 929859 401053 139119 1009566 596316 411126 917515 737996 167885 925359 952535 837995 833487 635983 150411 128305 804846 509589 643231 684151 406989]
[698808 974936 856691 11475 727273 854691 234630 822948 965869 236215 693076 759011 811099 325901 1016454 145620 668885 956508 319908 40740 403774 755007 186675 984283 89643 150901 533337 258920 494673 831596 659068 59767 289986 175760 718688 1042809 896886 442827 613105 447230 139429 931293 686615 889145 573724 443099 875719 129194 1018456 658074 564135 184773 416288 274312 601717 662373 188255 110176 839492 163820]
[255311 155652 573017 771250 1027201 214218 453128 1008310 32021 430897 30482 555964 926683 534092 127837 588649 854675 231862 854413 976505 266041 955821 547599 368492 753871 795376 747196 536935 58068 763721 977323 9285 782207 278409 929604 320488 8612 928262 101662 100246 130834 461526 111653 230361 162881 247556 549501 204714 595322 726135 467931 952437 601320 169586 302935 358166 336809 389191 957641 572159]
[581574 34573 575223 964301 783499 147737 483089 143236 62766 187817 71808 45408 694394 346546 331755 112415 497860 702336 121375 701241 780290 1033287 894377 728950 601978 966382 70939 54593 829121 816078 272317 547413 83794 359669 238411 356378 1017101 278330 27155 49411 990595 569360 844827 552562 123194 770388 291463 979701 617004 982860 515677 218426 754065 24095 236499 755693 575153 547350 159981 207650]
[963756 1014977 905712 278447 519156 205935 35541 842802 171509 127943 569704 888687 130524 827138 533334 270759 126874 849758 296199 191298 680788 989650 934735 487244 128465 886521 269505 855150 395838 574357 710760 298779 506414 1013473 182688 694916 359467 203949 841562 832397 884006 165479 1047085 90062 190716 613988 819114 820405 369595 182351 279123 687903 506468 230184 333355 565030 502177 676594 205918 690925]
[528400 104192 282281 166417 951219 575848 602415 684695 38957 201220 783484 1028258 954049 115075 948524 879547 276165 699752 126920 927142 535642 868865 1003173 860795 468160 838561 740312 130666 507105 83036 396606 76585 75011 535039 805985 249775 769446 228529 779186 833311 167510 38582 295770 530060 767284 839592 988918 808116 412382 593272 119172 964767 862657 454984 160525 954770 742871 621651 312211 210320]
[911775 765762 34349 243160 589489 941513 449856 318245 526315 582648 973812 720040 1037605 273037 128189 425221 425697 407934 132701 920505 771392 562699 712141 692838 694242 793009 196841 835840 592319 581061 892694 617763 199682 619250 252522 365791 78208 401231 306248 203448 414897 642013 674444 696779 424758 351206 801663 292499 687777 950806 396366 769379 810485 893703 690066 698049 380555 219893 794992 786933]
[24901 756040 767796 533343 525946 473348 141806 738838 949272 619209 847227 507926 219699 264433 210576 496565 992003 309853 867085 889962 94848 1037070 626853 701296 428930 870612 221717 524826 474705 439810 160849 218784 404549 360706 735534 123165 498517 698609 82697 625501 430903 753783 219924 666638 957427 175953 118469 192730 290792 420612 292029 133840 843337 721810 106664 569986 563188 118626 738763 579163]
[172314 732223 1045010 227206 350094 244209 1048149 951571 202004 725949 460261 89682 373571 41265 746655 87015 472871 13753 629858 359195 625326 180998 789104 569098 374975 19879 275765 856087 403123 908391 538554 960176 592024 996818 400591 322949 960681 559343 683233 809423 803535 448157 482604 487678 292864 921929 355466 513468 899588 667976 738247 446394 607526 460943 970884 23339 528599 1003749 660325 393098]
[393520 696323 1017013 10670 764461 795831 421752 203272 626756 996969 119224 627592 842524 295880 936630 110939 294176 656235 1011920 486734 966803 225587 235880 353843 579916 535999 462908 256862 564664 132075 131793 93026 469747 79262 626956 555359 93313 362952 762264 964132 162572 1015071 543080 522394 270511 688346 559766 460117 952743 722134 49057 44816 81432 374760 463909 974637 570474 744638 642179 804218]
[624525 328570 575218 1031909 445265 710184 972422 38399 722163 24297 517627 727636 1015786 873119 1018124 260288 214169 758205 17195 283728 712540 811694 596175 344109 388017 101458 821964 594031 57059 950908 298758 627348 641706 555569 460954 626458 596394 725655 721946 632383 52225 479137 17523 850942 410339 147473 145585 280846 8626 24633 138633 749641 989594 964981 315186 788451 577093 260765 276782 506206]
[275917 935469 277486 72458 1006745 981028 102150 61523 877347 496865 329518 111009 1021337 340301 144370 92453 217670 481202 168991 10593 548474 12288 611024 362026 302125 315110 281514 289154 369461 52122 954724 459896 905129 248365 988037 409489 778564 742090 711502 368993 831896 821847 351940 804764 160592 334530 752825 597030 8001 928831 834400 253670 66437 629782 993997 802668 60184 635480 13997 714080]
[709820 968377 1022857 26708 831386 846551 58002 673408 603901 107032 172514 1025374 443267 207047 373248 121244 959306 875366 929447 871817 830331 257032 20227 116304 637124 888723 990424 1018436 317694 598451 285709 900067 443114 173105 55592 610651 575517 490097 541045 233213 682598 233801 488562 169354 449738 865294 226886 883604 273434 198661 84682 222580 535218 30965 791936 831429 340226 703853 847455 787385]
[396524 95127 134638 674773 42379 346805 497879 314072 993345 753039 677989 387605 241781 994019 643597 576967 471720 544093 532713 181890 595914 59901 836481 1020030 591439 361018 115759 483401 548424 530953 199267 502200 665232 48275 1022354 549169 956111 496856 267344 488199 1020781 772243 948732 512960 754241 818999 80433 342530 931459 471095 410439 295254 698944 178549 878025 975737 221035 466481 1037097 851446]
[113853 656843 973123 208160 196558 587847 888332 739462 691598 718365 229559 656352 842253 367576 353266 294634 109797 948663 636409 264597 34950 248153 240757 342210 727676 680285 133901 568618 417051 590978 597455 137174 196007 250937 270644 9758 1041682 616653 398428 819376 1037252 92376 164880 469275 150147 386288 574106 728275 878222 1043932 158035 790023 665269 972387 490461 847556 348532 834260 955386 22014]
[307857 326570 170161 372036 121919 282674 516855 521262 612283 564793 287441 566602 1015746 112365 104764 13927 770533 221743 564941 988225 898327 314465 122852 797817 659348 959101 224569 293596 980264 228527 435439 706589 880774 567916 290690 974076 808641 936397 558601 994877 37790 159533 166446 925725 63755 612798 186975 955384 375024 382355 53610 581493 431541 647753 67734 153645 761111 873639 158929 689240]
[538564 402193 780917 294784 341557 930188 706748 419115 588669 912787 673537 259722 629378 677992 84525 530556 478132 606005 288690 756682 347326 13816 364476 303521 894729 388953 496985 199675 477886 852230 775602 953147 38854 543579 48144 118049 570094 654266 889850 945180 377201 842405 351232 731897 1017269 840409 436106 526319 286822 899002 3628 300141 532051 506781 867841 392865 392526 673010 940347 810807]
[701330 287221 164482 54852 129427 207273 41130 268029 936246 866727 231251 647726 76758 406320 341954 194098 965528 169770 623988 1005083 218770 357048 327169 754936 789419 21528 671100 780640 523045 864150 793873 196688 230305 651467 525768 942973 24578 654444 543600 1002813 373871 538185 922518 651056 944944 331625 871400 359989 760334 92092 593059 570560 447744 813480 195747 143699 41606 777469 453293 283865]
[114837 460039 719917 216723 967216 132446 43817 475526 854780 510310 666273 907947 64764 764686 85328 596433 701764 455333 357318 493832 908767 838974 48856 328544 252607 118933 308777 601581 202752 1034403 119979 524966 15544 40373 136593 36055 633081 351290 811049 1018714 986205 568505 810746 420327 260073 773244 587376 641766 309217 500651 357015 665872 715978 884001 662046 541941 919103 215111 520437 99302]
[540933 908038 171090 344892 495404 537537 264582 499395 87006 1015001 603382 552229 176745 24187 37460 428170 89249 603145 625474 485989 253570 188344 802338 123644 318428 744526 464834 551449 487256 534264 1023060 948726 189427 601109 938292 21172 1038442 535635 698048 908007 22498 285142 196375 397413 574844 959785 163490 794301 281975 378074 716296 118656 854447 111437 699389 425406 794658 868516 390008 466854]
[500370 819323 1041576 259712 416250 14907 810931 609166 27654 10359 934241 928314 902486 1016065 127028 999339 295118 400755 428133 985484 660420 411504 611551 417953 690140 984753 77602 313562 325177 330406 693183 999510 716970 80911 86799 911426 1033064 831319 216531 390493 560068 132698 193954 267435 35235 672986 416442 477098 387739 914622 183262 315810 226970 378246 952699 935958 108941 889099 515921 581521]
[453588 401428 656510 1016328 763191 559357 844742 1041343 629509 418566 920297 635882 165813 478359 998802 938202 738905 146067 175302 240683 567154 7772 69604 776129 872032 155460 958818 599590 999902 811969 848769 650521 565110 549189 636295 713780 364883 561983 435593 184654 62894 1029765 1038727 914381 231974 889399 267673 789911 536455 997445 444068 15485 798225 930749 772940 983042 420936 497429 272314 205588]
[208163 58720 632636 426601 704261 848547 558031 594917 615632 933876 662209 579735 1018614 908533 484113 999126 536863 324357 512353 544999 2000 513248 498337 930036 927890 523594 187103 238499 943233 288598 204273 613743 831227 843159 577568 765900 771414 882612 745486 393654 268080 126577 662355 354781 459361 762550 306761 203493 12758 690564 644517 488411 880172 610852 44556 680250 7726 70685 689043 708410]
[888023 247924 882804 443953 322480 6470 776094 677044 779525 563081 343699 294838 760132 101213 335116 56055 838052 561170 502252 527522 353916 508562 854607 296039 156847 418273 513871 850605 993726 506706 754975 570362 204741 227336 317558 338072 630161 909167 430977 507641 150335 637618 698154 701501 100510 240771 555878 689664 404572 1031536 258743 69574 147319 824074 235395 426845 1048519 64667 750959 71820]
[386069 510360 23279 163170 401579 338438 814128 867261 964333 300012 897247 932345 474300 516194 905326 593073 889952 5444 360295 870773 12213 633862 828245 58790 53285 899593 483412 479898 549163 804984 442218 689378 299983 425517 942710 900048 257715 6256 530522 413928 80382 51081 810179 630531 817560 346516 95085 219191 506914 460426 807395 338981 439289 992348 410899 797257 514451 971947 695827 545632]
[802056 682468 619565 599189 781198 869259 979838 993812 528417 606774 644526 277121 357684 205902 482796 326207 432561 607182 79565 921830 57306 221211 797436 67205 307231 648605 280218 627091 113372 350181 826651 786491 761032 343469 867084 697646 251012 74847 629495 839671 754906 911192 828292 13607 96540 800337 75457 107239 346100 556312 742188 334493 660999 891059 168485 790300 633421 429079 687620 284359]
[607361 87968 890462 173765 778009 870598 433083 383180 665323 206300 235269 1044366 728333 83562 351719 273189 517205 591479 75496 290785 4182 816248 408020 124431 860255 995422 841530 285259 186067 633672 24211 286774 34380 516860 707426 545133 204190 914279 183976 712044 385028 738388 946503 883402 29094 532775 995833 1021557 745649 525887 35159 1012248 551527 1007198 832327 837976 1043651 643987 1023716 142046]
[559701 957742 89771 559047 296653 883158 772409 202761 113926 463534 560362 251498 694597 753700 941065 499026 911863 93487 250271 641509 142183 899270 570758 834482 398612 618239 983050 491783 118594 958283 135352 1020554 717058 316355 472048 786522 274503 880141 95991 974457 270902 958522 250725 629646 854802 657221 504293 780327 221346 978079 610563 486631 601755 936793 221652 575362 369914 341295 762556 357636]
[1013072 449684 696199 823399 6758 1009926 453999 727185 216351 919873 92207 1032434 169006 426092 628775 396170 242204 958271 938197 625607 835826 1033116 1016110 994047 89108 785167 983185 248882 325612 290545 917589 270688 806878 40775 352 924084 51983 162032 178811 605298 948188 946334 246644 801624 58461 8221 592812 758736 483776 581095 444658 376133 546683 47488 807345 902146 1018657 999767 546042 54028]
[69147 285949 937926 629995 605192 538558 919032 333502 458261 67113 68340 214368 454740 376046 68846 813705 1042755 630298 396451 449353 398900 804835 889291 603433 1043149 353213 269902 902525 674815 733706 21889 965509 96722 902092 752398 293235 288600 82981 328730 941159 411733 947626 245755 181961 165063 1020805 589088 621317 1044845 145435 256271 1018415 180584 852491 681371 880271 447350 927285 265344 916091]
[1015296 142126 961367 748613 526747 606945 970983 70778 132828 878565 989531 745251 532262 1045185 322020 836086 608755 99625 487475 707191 449602 783818 140975 318834 935837 37271 487145 689162 751834 515134 526785 824393 570052 624859 752811 981333 314355 923766 624974 886514 464688 836719 724235 116811 471078 239811 628624 167645 40309 78366 269299 410038 320485 874778 866005 625108 338670 873345 92096 549142]
[274799 363385 1043870 870418 410891 682009 667301 477752 782925 554996 864180 100399 959159 612898 626766 840234 849090 216753 203920 881584 1001081 237077 853666 926949 883677 839179 391731 798157 418554 351005 368675 265895 875049 966045 512839 544605 802985 730893 656659 955281 935074 1017750 690784 208387 659763 170889 883475 493742 369272 415478 971663 420976 453058 623016 369224 879071 646282 87997 17466 723356]
[299688 52013 686413 894016 897553 26460 595038 242117 252895 240912 468218 431002 645247 228461 273702 417949 732781 815132 952694 864032 934009 535969 385757 832024 381211 556573 675730 854724 194209 433208 712234 344258 194192 948624 17474 1011313 594344 1020047 409611 20418 725791 531450 186190 478321 1012598 678030 220377 691637 634838 740772 88905 612885 386761 934904 238737 529326 953637 681083 879523 227745]
[696423 114504 326871 247303 536235 588920 219989 38218 698896 89027 905749 240758 133685 383088 922215 600841 943360 615374 132055 883201 746021 1036739 77754 839543 439659 73247 449576 96697 480897 6259 947014 583738 885978 164221 661894 995933 946482 734065 205102 542263 919005 692100 667163 340240 271824 983055 332401 1033898 263007 466224 1031011 53325 610931 11722 377466 512471 589122 724412 382646 965372]
[209035 316728 924312 195983 1020789 914064 542114 888651 167969 923649 546769 252522 267704 883263 154538 121359 821092 590833 193174 660287 33527 27457 504345 30897 603621 701558 271578 939791 591654 669553 112679 38482 373824 478026 797851 780515 400088 63339 208639 204112 846625 806200 204551 672499 372350 1010847 930765 258205 747952 775447 798436 1003006 1015213 122385 813588 198910 774771 651054 638545 389469]
[98986 681610 227160 169392 734384 177865 424854 489885 759448 661640 234880 571014 366399 599962 710708 566238 72931 476019 329176 439562 393997 828190 980664 896048 979295 308710 305539 83241 164174 474941 423003 15620 587658 356680 356453 9702 1043449 462138 470057 627770 9937 449054 51938 796066 147503 6782 320069 294256 10311 647676 726979 333639 341454 503466 653991 667146 106026 397916 908122 282551]
[915143 796660 868666 751222 651460 207365 1021262 790837 910054 710471 95322 36467 144929 474551 492469 1047887 478198 1036357 911592 239560 74417 581333 348833 207332 416370 595805 810374 350629 1024112 770912 97414 152437 891025 686706 443863 1010182 690945 913498 476842 1017962 47542 560684 881275 821831 492363 658759 401530 640073 476972 866845 367554 884111 559960 800158 499330 833755 470486 506232 648583 91975]
[662582 804127 1018842 1042197 12539 109290 761776 969287 307899 373995 735179 394764 888544 1036137 457609 229748 12907 881692 233219 695867 509361 1033066 388675 990250 601711 1027090 987889 794406 17850 45155 273763 109062 550737 361563 1511 408460 152753 606995 933255 146253 784185 639469 879120 159963 255358 874631 146351 275221 960370 721183 18073 737636 292441 211302 1010103 911240 161282 128554 1015323 755952]
[628160 720417 954796 467152 511941 857848 78729 736666 905910 204481 863266 960018 200229 651564 662382 479067 932412 349308 254910 810228 904004 313046 975525 786182 498872 391160 59208 840991 359254 403962 869864 418348 553498 633271 89233 183715 86675 476587 431947 22207 206485 185090 915296 301165 305415 485338 859562 200034 624743 807856 66372 461452 381993 115008 750802 484143 149384 255749 786611 539085]
[1018494 520023 374387 585372 878780 472463 932077 894078 77775 867905 57974 594795 898281 255117 834823 744025 756023 439945 548398 384140 315988 93388 677381 959552 192633 554443 842120 437661 1005499 223933 952036 386911 427526 681189 443195 200869 320083 20382 672053 405672 52816 988261 269611 578721 370336 715618 930726 457928 780655 321990 368902 594624 518720 822388 622289 346059 904926 129849 260793 523161]
[838269 1041584 276704 810749 505281 717533 615962 594702 197862 1001710 293889 565048 228078 368596 563603 790114 455648 506033 752756 718287 530486 816997 954424 523767 27293 143636 274072 654213 647236 346180 729267 113676 1022122 328646 956130 46075 562507 136164 384993 53486 466530 730275 238320 136706 432739 840972 650066 193727 188340 586274 527387 801532 905207 412040 544128 794086 627200 766918 419546 101418]
[1018515 28153 723101 870358 899319 367398 461500 1043373 718562 377073 978664 1048042 790316 623400 140760 627497 323869 878814 466864 806595 888929 425834 666930 247458 783905 503565 79631 901497 495865 217720 718271 978553 618984 86108 972222 813734 262138 635798 412279 49506 87168 643020 590363 760316 1036448 770240 547591 399666 563472 46183 898098 42629 749055 347456 24038 613307 374264 568586 267222 274113]
[221665 527353 120324 122971 732969 789476 410232 216876 991344 88399 638403 388140 159357 379587 132023 242285 167440 155857 920674 623600 397896 769929 657641 18290 905520 118055 586101 223749 259314 950929 575924 53592 934029 60882 291909 675564 147675 959600 1015493 133918 905274 421657 961758 390140 915532 624793 154538 205947 302308 110529 210579 45225 696742 849461 605890 56357 687416 78357 366779 908630]
[123410 641399 873894 44657 742072 589494 348567 496410 546673 453828 395324 343785 515555 909545 97763 615677 226671 833141 854852 800073 350900 667831 658631 685692 115016 465027 455883 32495 354441 204085 532064 926115 826478 55059 269892 21963 521280 1020148 920207 519044 245853 38588 981864 928254 174330 970476 18171 935085 648819 959129 68766 509149 627326 1031787 665147 97574 598287 743821 165240 994482]
[968026 182163 273414 948585 582490 388876 39203 102607 730284 184297 1004730 329397 477887 990416 931668 84257 872235 584876 315620 885428 949332 460148 909648 787688 198802 106047 639517 225395 125153 711042 626037 201965 961546 862310 32231 627793 1036497 710960 436550 601621 365251 146885 262076 151561 889891 243551 973395 797894 743004 897601 103367 938563 785275 186112 556380 120088 869327 585702 178409 624689]
[969722 800820 535430 307661 919483 130522 983728 3228 161663 953844 350692 819096 666308 307732 100435 915769 190169 751910 984335 354431 271727 794276 1034026 405495 51926 801782 271681 929838 648557 538923 102422 479138 318870 484891 552568 761471 113189 313392 477928 975333 4445 933800 513237 980040 13133 825607 826088 751010 432959 590810 912330 659176 753573 541708 481891 292181 181169 79153 468940 730101]
[762903 531125 374979 493487 974407 677357 322619 397946 23526 423544 262386 725352 598799 758841 104522 254689 803322 949304 773548 735697 992722 537407 780610 942874 576802 595196 372870 294332 380586 106965 630848 426566 782759 534085 812513 829506 859648 775128 534579 294662 761883 688160 443239 56048 70843 756414 885172 232572 36377 842557 1027027 291275 9448 316671 102918 296082 528256 721841 154325 227070]
[401533 258983 23308 926324 493795 829882 309770 497383 795924 1009558 987201 344950 60597 607210 587047 388695 225499 858962 418901 637284 472663 181629 493898 748576 581442 232328 816581 944397 829541 948839 604533 668889 298689 507051 925572 548911 659910 940653 565744 980271 852237 808589 196130 1023920 864721 35886 141226 353402 120722 1042179 474119 291160 106755 248649 240166 937959 631172 407097 492709 672614]
[515882 81594 305454 550148 625659 118370 798442 669977 506918 713796 513375 197128 759565 819577 749661 242244 434719 332439 869428 5836 394248 644849 787402 148635 1024189 1030262 293350 706272 243163 918979 228463 734118 437514 885746 381869 904548 140284 668363 527592 345514 262719 309482 129677 937893 508013 812272 779899 642809 586138 218294 655186 73397 529030 123566 627501 344438 975779 83583 340680 212688]
[79825 870816 848575 424610 910745 709314 567355 210759 116735 10106 759803 255701 578925 959948 271824 171650 801972 360046 871886 285447 857444 611056 504788 834029 626553 1047709 193967 441846 126360 843909 870881 512407 811832 639507 965315 549304 342258 93904 559259 657573 631397 203584 396995 338745 251123 165124 360806 40298 659531 340277 604555 137202 232716 927967 883899 106939 991397 395628 456908 127582]
]
41
issc
