[[468869 316589 288714 191580 377094 873830 488509 1032853 63426 417770 31946 191131 398262 848094 579454 413089 577561 463193 876595 274669 279834 736420 734177 475091 858379 952524 111384 1044347 755672 349049 334840 544995 322435 12944 553110 332770 536607 450819 969056 770147 8661 164792 318732 778768 879721 321799 804137 208651 92953 644983 93320 103437 82578 362800 23743 859100 873344 298515 215027 878581]
[982170 312019 863413 27625 131681 577300 392563 875614 502225 33540 830138 929682 704346 73763 810713 139918 13368 270776 325634 143035 887551 48368 443520 817941 559686 646723 949213 848536 130276 93321 821983 800238 68022 18426 319726 480007 981144 764066 891662 658417 649920 269143 49267 174397 547201 288079 145510 631852 1037772 669558 981947 401775 34200 590207 813380 393188 330790 392493 297542 493473]
[856867 738856 511604 428860 968274 965685 176669 69151 426025 784570 1023428 515996 1017255 561143 476372 1007616 931285 835781 352849 989776 29645 356104 1037174 735602 848674 140533 716418 872504 81001 281758 29141 6449 175969 970400 800628 323977 467431 363385 537733 588081 293680 467465 393852 33638 807122 814373 298175 106533 21231 587830 113617 265542 725063 774536 1039882 273530 460639 438839 956522 633024]
[635854 400806 872889 506910 1004758 827858 466028 431181 305266 925245 510444 622803 569379 730193 776075 215383 964980 94272 863517 871549 420645 95509 637362 285723 1022253 95155 906750 723634 718377 580411 955137 734717 345617 641542 537567 372902 413312 92187 488418 44711 239275 973657 868377 511331 942799 902485 318480 1036324 537494 73980 154723 334916 188479 362315 747900 268945 538045 38231 943908 865352]
[955515 537737 776843 940173 290982 860999 557724 1016327 602511 576874 172084 790349 174220 110039 327520 1023020 783973 73917 196456 666323 973405 599265 613478 29505 415774 830741 717094 104895 576890 703821 346701 890970 507811 542062 272497 504795 640711 186929 810282 895442 388714 848656 492408 717752 681411 448588 399288 892599 277521 451222 390604 103625 732122 704129 45937 414693 664011 713354 491679 50795]
[327407 170291 942897 472645 820548 408380 912374 1016123 742475 515735 766003 1014823 544936 861212 359324 1025615 48763 396622 787177 366333 589904 581339 594387 144004 610858 627776 961207 406385 527535 839644 837207 709519 542917 385698 166543 834173 662078 263672 1019723 637773 593805 342578 765717 660594 476242 819657 580877 179074 436939 159846 893119 44778 461801 654584 106971 611791 212720 893218 755305 511267]
[805174 649023 242307 380296 765281 398594 629298 684473 636617 439326 838600 5209 676935 279769 794603 383465 37474 903157 400052 961310 481282 1042574 1041845 334671 258061 392997 284543 96614 323790 320021 499835 563462 429573 387401 593838 770670 771686 738721 492967 297735 57739 290642 2590 249561 115067 365871 544877 963280 316891 912428 372468 115055 509289 276277 117096 698770 210048 205810 133613 820849]
[1013419 655865 346979 122915 528990 763638 196259 828149 879168 531506 767920 619369 194324 594102 619394 336398 54831 178586 802274 425565 860331 934572 768422 985378 487120 3398 961383 136081 264714 443760 620774 818140 498029 52610 59014 585164 536827 183093 583853 543415 724270 137656 739417 667556 620120 460831 931449 655267 325059 335010 165925 501454 854704 942614 620922 280574 739530 129423 536930 302749]
[517686 731 895036 52031 518331 860352 28045 478248 180160 451001 81819 523623 210575 879958 697586 286740 989603 930345 352898 239806 611604 740563 1006435 990131 71126 243973 109221 575675 23612 310551 714089 553000 787331 48579 842525 1023446 104021 830208 67146 305700 378866 15421 906636 173784 753939 325989 1031380 176654 206469 799230 1008408 15694 640768 480597 280461 17953 883158 806743 306709 1017674]
[695538 624686 118519 998899 538760 729079 732367 273660 894723 797449 66077 780380 814919 789454 778219 584993 93417 999614 464477 781617 187777 949715 146705 258186 404163 249674 70738 58319 1044067 401390 881479 751644 1027538 894209 64746 293295 538543 511805 1008808 571346 245056 469159 346987 875769 227002 1046971 717506 326245 1020582 1014651 180279 162722 417150 891268 81538 270051 914365 257829 548937 669274]
[215778 437856 735300 186697 968285 390238 793568 506 142992 370015 574452 556475 452863 40535 1005899 658068 159206 523511 224957 1012954 826837 989641 840392 1046905 329963 311974 277928 839678 410662 244897 780696 918578 418953 200716 782706 597268 52267 698286 967116 553766 405930 312184 124195 217081 427356 654111 262373 365217 329465 320625 944718 146495 177528 586200 369315 974821 1030229 297474 179799 744116]
[904380 469883 771163 707410 455904 43180 209749 899639 86287 858517 526767 189002 981790 415523 991811 1032518 56016 727439 258253 907839 615902 723901 472965 895722 711747 841861 279068 258599 18359 238204 770717 569866 664360 734079 373578 64108 160519 601968 813319 676869 528586 694152 61634 932589 218363 786281 938979 187934 864349 710256 265378 491188 209375 919532 603672 652994 564243 954572 496845 494632]
[385829 251522 801576 946198 448284 15680 1004082 599351 533281 171984 1001833 981548 930185 183613 853177 256617 55782 305366 546972 891089 84512 299074 60057 488615 81071 364408 1043473 464159 412943 455680 764167 269369 537669 987019 553749 371161 848071 1015911 586116 804921 976437 553098 895374 883618 629957 526946 134177 291579 814789 387565 346801 337670 633443 747506 502269 237569 436263 521644 570960 421983]
[450116 383649 199889 295324 83110 889199 174842 727876 160423 675075 628993 515452 757535 672025 620668 242989 92978 720609 973735 437956 215706 709085 853776 837652 316015 702698 475024 219051 1007461 453638 407248 504516 744938 502659 24323 60582 859213 795578 266595 256592 361375 899373 525162 196616 610760 870340 639206 678872 424749 443164 485877 919407 855510 705583 262955 442367 674650 550351 1026310 1018342]
[1033113 760214 603753 8893 818416 344164 21294 70833 1030536 853171 391535 642665 464773 469489 614551 577889 261000 79118 332716 685239 416924 826651 82727 641960 492081 315490 666581 211000 444661 579262 856028 746525 29350 124606 734227 206895 524241 657925 851546 622666 407072 740117 941482 228115 619927 688457 124896 978490 874807 1031130 763023 190443 520629 436990 785470 444137 1016886 422472 305605 890906]
[563470 382030 166501 340033 229131 238749 992420 43587 1012053 282089 80570 172257 308123 84322 545149 835373 943429 235559 764175 303049 713948 162028 900156 958853 413523 938809 37487 619445 708223 739350 721158 792482 455351 928305 339596 54461 442779 719043 685062 1032941 867085 192629 115794 110463 157506 710904 1004291 738215 288138 208993 878668 682906 409478 945222 929873 669631 769488 974668 191257 775484]
[409518 244373 367216 730125 355496 745053 887413 370889 832975 436979 206021 383209 1007339 605484 357466 877545 584601 876659 741805 697031 1039358 113997 611911 776026 924670 966722 852685 621989 225197 713491 123569 502276 747123 347256 412750 120104 31478 560587 21029 965153 999413 409011 302820 335607 907902 253540 483298 106525 241274 814261 989955 581020 1005837 80591 62194 89273 584961 160941 534821 119377]
[739013 314209 746216 846623 413382 501336 26854 871233 247628 113757 579726 102473 1035645 630879 426142 990451 651115 825849 86371 1002169 962817 94776 983002 116229 701110 561539 1003559 339772 161232 514176 277255 803301 267680 251051 519563 325255 958057 195377 147538 30787 920342 324700 11655 70988 335492 559040 980595 89327 960432 1004411 754126 1042239 927817 541904 210065 492353 867887 82675 147852 768142]
[605409 595755 41296 326778 751757 813730 489102 991118 746579 214845 82026 657767 480899 54372 492915 874681 1041754 343978 931509 63025 886394 1009308 939011 309001 64885 499249 993973 8688 279013 679330 167731 162736 31015 1002178 121267 1019169 387810 842385 342318 830597 1020195 711775 313134 295206 594842 640656 84424 119067 635477 602714 160673 671967 708788 45805 172246 32296 452620 900377 927713 143288]
[530987 230824 196704 758201 903592 627766 7597 192071 659059 1019260 375893 323801 234883 641161 616721 687984 886877 666075 959536 272623 472673 547865 622030 409741 637050 1006368 547096 913843 98692 352886 98731 578529 990291 208620 77427 851540 478398 75727 169275 538194 314413 531264 53931 224673 27849 700268 644640 744549 266985 808356 532041 158662 316632 708391 692613 193036 390053 257062 511035 816999]
[186955 410640 316441 538100 784132 461831 975886 844859 223699 775431 352633 495092 111702 947357 559151 642229 31405 103212 583025 320125 782781 772927 492002 392009 140873 192339 526676 634035 187321 699460 410051 512256 197183 777040 261355 300897 758248 592699 969690 461022 92591 700992 954372 838525 745889 28437 454303 889243 93198 280626 659388 94190 450464 136407 803251 841804 153691 626726 843163 996587]
[696664 322193 760939 1042382 304027 150694 77860 244962 720404 671650 74025 956761 142649 248451 333421 836580 890420 213168 614478 153486 914795 822359 373576 664060 634428 365292 273380 675656 150667 392309 605231 588038 820245 786461 325009 702989 250457 84655 123886 174048 440849 130959 529835 702843 1047670 1046894 611962 210401 149066 970600 524448 838807 717335 763267 591913 76937 516026 356288 152315 847446]
[910242 140552 785535 979714 298315 833455 316459 970556 628936 178297 444876 550438 106716 113242 1044723 110208 532025 159761 96989 228744 585621 703803 972592 844544 58020 141562 805031 983069 77932 533680 1019758 732139 277058 240718 626297 785902 807793 819535 452054 559192 270179 659584 1021386 1032497 1048111 726747 280767 135028 760127 162308 268231 838649 156210 363624 868496 554907 205748 681057 40984 975039]
[903242 35072 559661 276837 589872 778866 629163 14261 342051 845320 378303 866623 93601 729440 452401 614234 375708 456035 155644 221128 902532 39969 599897 597739 435411 877578 456207 896956 960715 498345 830825 483683 159806 139640 395951 403352 207765 474843 749770 164852 320670 117658 407500 301169 850429 704540 769592 428783 684036 219999 197749 433570 11880 953507 951222 138236 746650 259026 795800 474729]
[108213 479865 796699 931629 656703 549920 975111 959666 885203 177485 64745 32871 212643 6706 160691 828080 747440 530117 82311 260914 276570 572497 649216 567189 240799 473716 158492 262564 892820 270215 1039604 1011740 85268 419738 207911 476369 836833 612665 215747 979199 734687 107190 490868 468375 419867 927614 854747 983489 415206 161439 660898 337782 624619 82764 863488 440770 368186 756269 707244 306950]
[1025075 457897 530027 1042608 488229 95670 308914 437823 907450 478631 671942 834588 847145 740121 377743 235394 476570 718992 346486 685768 964888 239154 574819 964677 792874 221492 296349 378910 391380 751575 410031 451512 280222 424237 161080 488750 189401 175827 892863 228087 316901 893271 621663 5477 371942 330677 201753 894983 741128 525692 864348 886211 445306 1012411 128363 263603 340586 710324 505247 412102]
[77805 17757 948158 215614 78523 699853 826278 182138 643214 402381 807987 599070 641871 937535 125413 687668 312411 40137 149588 130289 587177 993000 814830 129701 751565 625869 992651 1002810 605429 442452 647222 757589 942432 1039689 905414 674323 258869 230460 336279 624471 365830 113245 899838 988700 716175 316718 607350 85914 624832 879712 312594 289944 144878 543178 1038979 679772 781463 284079 33297 913342]
[725879 258560 255618 759174 919567 821747 829495 29856 531447 816669 882805 310060 174495 831365 333677 862429 222194 625651 533583 966001 830533 297944 398924 234552 552972 952505 474061 763417 780175 337338 872499 42324 361923 20068 533716 818890 31972 185156 558932 940158 469882 1025709 176782 573656 107569 630721 727080 650757 268593 812981 301583 545413 273742 574015 665169 562102 774763 8486 769283 909145]
[739583 547170 289641 543657 950799 162853 301624 473561 774426 973576 552238 415328 1013224 95944 38411 857648 236286 766664 535636 354738 788608 931004 555502 870692 781562 225897 327679 924701 1012149 911249 945214 763511 194480 607037 1020949 695245 351098 107843 446081 145634 453634 610187 655308 16770 1021578 175352 118311 506185 54352 394643 622878 176953 1022416 510008 90410 882081 190056 228032 966493 580973]
[996344 329511 612966 345775 1029823 244842 352454 113914 684087 1032416 270435 777073 856245 12574 238091 20639 196255 746999 343002 686169 130301 765924 975954 35577 488996 293004 634543 722357 702448 205201 487757 438911 425251 773502 553602 155583 399130 12802 434695 446691 116855 289791 1032384 850091 454388 76500 276383 564083 1018836 417147 671522 510255 253401 979552 295233 315197 966999 166986 414121 718476]
[620618 738974 649865 55886 1044932 624116 227931 455143 617385 15522 297511 396408 516507 29023 170297 153620 704812 747778 673722 602777 771791 67672 790036 549272 573006 309758 371355 616592 493944 990527 255015 965249 41900 179724 387660 669569 705694 660723 991791 382568 489471 1015335 978654 459627 641898 542213 848217 390280 633551 803142 503817 720245 900911 895110 592800 240449 410017 45695 130861 98223]
[725296 142708 738374 783421 399842 865581 79459 701641 450411 795438 709731 153304 1014855 798752 737407 721566 554551 108337 750224 988320 860357 254568 567069 910582 141365 196460 979041 819025 450800 649485 19391 536909 194025 576581 217218 584074 942520 651811 806147 381702 44969 94784 721727 427094 941479 284554 633585 933055 925923 33756 764604 787719 467108 896641 328219 850006 795672 280901 604551 828213]
[250282 1026204 795470 817835 59527 746434 73367 914353 38325 818612 396411 710542 894128 914020 874292 12882 1010560 429716 84940 41123 949290 598489 257383 772472 38985 263049 5053 493088 880276 358904 210430 95011 198665 257705 855544 675556 438810 858719 483169 1029065 824230 311804 61017 327922 993561 175554 522733 268681 475956 931437 604034 344665 320264 201035 194087 924705 767835 454777 298726 776907]
[830319 786563 62122 802774 231306 416934 748154 239832 814533 316025 362977 147639 812486 886950 181652 56480 138093 34514 337385 560919 351133 531453 871150 931658 70045 629257 532992 375101 1016749 959610 47879 74402 245545 902006 88734 976083 892098 831994 596330 888979 226197 579006 16202 505050 480475 1023844 1016237 907660 165504 487678 697950 719996 525361 117657 836313 632021 629131 780550 343368 186134]
[680088 842778 447948 442230 198374 232449 63854 944110 389212 369894 263978 39825 40123 274557 188511 585021 909911 658914 659801 608485 146910 815840 637776 965220 585116 282126 778235 457492 154189 772422 548509 185909 122434 851064 598119 502830 49837 359052 625150 396346 378349 421810 811686 123130 719539 692464 843854 712369 1034751 181791 140451 547354 267092 507013 523890 249025 952569 512406 848171 217690]
[294049 532811 354001 549466 621384 727769 201198 974046 212233 572633 888661 595625 803626 561588 731523 896158 317160 498162 636892 362831 214347 547159 477606 289476 521218 923146 442199 1004888 444735 798739 775917 287798 988137 317925 449179 618149 737107 648145 303733 618631 109572 965275 159155 376828 275989 469278 94659 682554 264891 751228 99244 340522 881227 689461 309186 578771 321874 157355 442114 747956]
[1046935 152620 452586 8299 688323 217509 713848 212789 453796 183209 938892 437034 525665 452058 631085 1033664 35872 723766 42956 763637 558042 420247 732185 435884 320546 795665 43343 711344 343339 391299 116020 425301 909662 720422 363619 607623 292875 222384 346381 873248 855576 187244 775309 1021443 104058 243034 333504 176674 469710 35701 599488 393847 712731 642040 103394 194163 947131 930207 972822 317995]
[1046355 496767 861663 766399 549220 478460 327597 413841 665239 829071 133092 730763 870373 15158 998110 529450 600413 964905 268453 68509 702174 855860 592908 54926 850520 639412 914309 340106 885714 572787 787938 53858 233931 341802 517613 1015337 523892 516462 682931 733157 14791 701500 1001734 880511 3140 1042708 831112 234174 905885 487182 352334 36315 59185 485603 236380 693612 173237 956565 978536 50356]
[247873 430285 113286 255746 620883 467483 42141 385958 522849 834850 50722 605331 835328 162384 714138 359454 163994 799414 377377 967959 113853 504840 553504 60389 70757 741146 860511 103603 278826 954522 704789 1031609 446873 790679 662525 692953 837639 514458 202768 313099 458947 184089 394772 505070 339572 544404 709286 418795 446178 927264 464522 237632 507746 452086 894741 80260 183057 55868 117377 993006]
[451156 731039 672685 425143 1043061 10253 982985 880987 128842 400271 318067 767854 1005866 353442 614721 915862 968354 805150 104335 428058 17355 234502 323751 821901 948433 559642 311895 218412 474481 612529 687980 979479 839495 469179 230976 171494 377021 661516 858872 944419 659089 818748 427572 728283 468114 334053 427888 230069 274332 488386 731419 377442 596453 66161 125003 380939 587581 620660 18711 344823]
[82486 930075 165012 164357 789927 1046000 755720 716819 809112 854663 713044 427808 703532 575389 661738 436436 795923 164532 977553 466604 832736 316642 843703 194869 21337 820566 81657 139076 394626 215910 50644 77816 481607 558564 495949 442528 512564 566361 402990 1037265 138197 324683 177470 70457 624102 515255 320130 328605 988608 262666 944384 674478 706682 889058 170577 478797 220938 122319 722324 1004746]
[236435 863570 433753 754053 168573 799237 92728 900768 940755 875791 921774 455078 522500 194503 340805 54785 528906 623420 277479 235771 517444 337446 385335 821559 948605 671131 108302 800980 774603 443349 317824 526308 757104 297001 156746 814555 587304 629202 680871 823300 70744 343908 848854 716823 948542 842850 706970 756010 994165 406948 625459 377849 364302 59141 463803 790891 563181 101790 1019029 933423]
[597223 89907 932583 961519 59916 987042 739123 130597 68874 442266 730274 979097 778013 70785 692267 573209 781693 505330 561990 812342 457820 851721 865316 671544 408313 212538 1042255 382482 966953 848160 946878 310910 58937 718021 431130 372221 762906 586343 541259 896023 908284 113577 125884 143611 672633 373342 993021 836419 998362 412417 843264 139789 986098 710084 1030630 153819 397022 238716 566138 134018]
[906711 406287 430024 344939 859962 821938 798609 416078 347309 244769 71781 231680 137057 597972 975332 188964 395638 605526 354949 942166 936115 667642 412241 333815 944495 913740 661530 938519 373716 1038515 1029780 677343 1037054 755458 337446 361651 815984 169064 73085 466092 689726 37211 253335 126010 766986 8347 94067 352898 965980 881904 784283 91459 873695 562554 803535 334794 797876 356523 478764 224839]
[752680 307815 1014901 761017 906189 341716 287477 745396 942398 122386 630417 966470 38236 931248 130460 86755 844679 590397 723189 407026 710837 62050 46535 848967 955460 352575 891669 980300 876792 180736 83064 982871 178958 163888 262887 20182 647415 287288 741550 188131 758055 541095 549260 515481 236659 1046249 558605 826878 179936 149864 974540 396499 12051 810349 792675 72830 987274 775714 286152 1042589]
[896013 571455 856974 626758 445513 841407 841903 395975 657316 890725 57913 399748 2607 69681 306188 731008 688015 912298 182568 731656 299172 716166 307835 628062 166098 36618 778550 901263 775094 703004 387121 755749 190697 551069 735446 989298 1017709 724906 320752 174285 586239 149301 825869 976723 437305 97860 134153 961110 547152 154975 754596 75948 270258 987627 141751 1023709 255027 294935 287087 230949]
[881539 544366 610714 455470 719669 69142 130478 195855 548777 959415 188594 879928 8089 849520 834350 804309 373137 543067 119162 879198 61691 832164 532008 348774 237887 1013095 3965 852587 727444 1034845 933001 697382 150766 911563 143915 725144 905277 529680 93415 288419 338416 643070 764138 952172 688924 57352 385325 879858 666977 942821 661771 420037 341429 1000433 180454 312253 594124 172484 471196 414727]
[266960 81765 630958 255792 34237 798282 718595 493188 584256 133249 779034 922292 505618 968934 891984 842545 321567 264290 372499 746215 203121 392053 941055 850653 497202 299672 43805 1021630 549322 49538 708254 581587 371829 294946 68927 899703 403143 894435 274557 147932 593524 975507 753405 598498 987264 752440 890761 914332 908161 135047 359216 680222 519042 866224 677819 395643 865472 191534 418099 966501]
[592463 749966 1025325 52222 219785 112687 321449 1002361 8352 195980 9366 601396 410187 105077 126640 396245 366768 875420 914090 559843 596257 690086 1039339 299813 478633 794366 389586 887718 1030147 933470 214053 22983 83007 732605 743827 350979 900313 964892 364417 989671 349745 739559 827383 383380 720536 203083 362563 166182 362054 971620 210159 140403 575930 251525 995530 1028870 438621 524994 408978 644290]
[608784 426141 884268 395657 538270 719489 275161 25572 821625 71085 116056 847666 274468 46589 886290 435825 413663 443586 171551 253136 474727 981197 72054 999186 378967 558633 46218 462159 659916 42197 792011 512347 589594 655368 71444 493559 1024434 899953 667660 758773 369969 799113 3491 829436 804072 360534 681476 411420 911400 567578 853708 45582 215275 866675 229092 460443 931592 504870 816229 999955]
[126451 862113 767689 830815 76629 988522 389877 5998 477735 640342 97987 417968 173468 640714 282410 802471 702009 203768 411857 122946 583992 142811 435074 625238 180471 410178 625503 879354 339779 234225 498981 1045103 807938 129336 261669 825286 755165 359044 462954 849419 90848 672491 457850 1043752 964003 500540 134336 8457 416282 708899 369559 79477 605112 595199 61803 700001 300258 630010 689832 858045]
[148933 3809 419875 1047833 835896 328525 169490 156600 322560 479769 503576 1048444 338117 318536 69435 915149 703488 771911 121155 410918 369740 914928 889519 630974 444191 763803 478384 563567 512871 855540 527618 388337 697941 63147 330111 601935 984401 480433 714 227575 8973 179997 697373 840298 241584 912635 663592 669110 531000 264381 122579 171343 740396 108071 660389 914571 234658 315055 906099 338191]
[307489 502369 618663 948209 879692 397982 379758 760012 976608 275722 54241 408696 1019157 425474 513681 636926 132420 355852 811739 719280 172682 498214 959184 959595 418735 758729 634892 65671 542895 412335 41167 692113 420905 1044980 765548 863063 461995 580899 829062 197694 770154 895476 511058 931544 21188 131141 229405 750100 814047 798885 48776 756264 1014003 245863 113594 1009722 996984 113325 378727 579751]
[644343 300671 711142 696040 925562 786262 395654 381131 669322 770249 784102 26172 779756 707284 879596 796542 722647 16459 962672 692632 47754 355513 321040 368405 839024 749236 621865 371653 818792 846594 929193 346341 572232 98296 592566 1035683 852574 213457 666919 414946 910501 52712 194255 453194 350353 950156 300832 804274 529569 498508 839897 255732 408607 13734 728092 738943 111026 25308 775280 903041]
[100545 469641 768187 789762 82299 347658 342283 1007802 1005209 459569 681558 641372 802194 169602 654395 14633 642993 907819 481758 259849 180468 68004 171538 533765 813345 299359 273334 560485 963421 787765 64730 804208 385850 745136 870375 41314 51756 13190 1025178 702804 61936 117578 536028 164243 411336 341849 182210 155328 340148 457396 927069 484225 641655 94304 85724 637785 383649 261988 818312 174981]
[865368 770598 673106 248505 928871 469382 705122 163534 806408 34483 167929 441428 948205 735989 525141 371710 724025 455108 317617 373079 592356 459995 736203 383317 396242 718998 869128 683190 379935 134678 486842 1038927 40454 1030549 451092 494801 758174 321521 308768 920954 630340 607977 491907 867899 987047 308322 628708 367889 249350 901158 907119 693252 497211 233310 194172 330056 314950 720704 241921 400738]
[805615 581313 29076 466407 877890 331990 477611 695213 385640 733473 52598 773449 920834 840723 894474 609838 968731 945369 383794 712651 262859 1045407 756113 293656 601824 225779 574720 144958 405482 594792 6643 643638 875210 147810 575265 732617 421101 113430 184055 399731 261075 620006 355170 720117 349570 934557 109045 295957 453995 831822 561172 849332 995398 909751 725390 505393 1005423 110924 73867 346019]
[316316 473277 459158 502037 843961 984085 946078 419397 20792 130304 984502 352394 673325 88875 957901 1008476 526758 55671 477656 984912 151743 531294 939448 601675 16418 135902 953787 605347 921503 310438 624536 501775 214195 333505 248349 15479 890662 1021629 468760 869203 671910 603746 932820 677136 533181 539459 739375 116335 792361 733977 152462 21361 160391 1009377 407974 79412 394529 267642 85489 976729]
[981577 769645 1048499 636834 30964 987246 371768 933838 900722 530365 992567 803889 769689 442778 546161 634346 271764 330272 603741 1002272 84860 430902 881512 314295 719728 14776 1001452 949952 109408 200459 24344 45898 693122 255619 1025444 72513 759108 514979 451712 964423 52852 396167 102438 513858 841183 304293 506749 146073 740340 448391 303800 970190 456964 14340 351716 155942 639961 458826 962267 1035969]
[857212 720888 1046155 1013493 791681 184481 874638 775339 605659 268849 959969 676132 375644 579607 1834 5141 911690 2690 361480 344068 827223 619755 58645 171480 39357 48555 97751 435204 1033788 626662 629688 815476 219070 28907 681323 904925 233029 714030 1031560 491835 531879 944285 475172 899546 417835 98075 517966 657436 245128 360681 978073 860489 414975 834166 731189 126350 874890 468498 1033403 1019386]
]
45
issc
