[[644961 430942 887567 467540 473779 520826 528716 736296 569651 959351 222481 535433 569359 59215 711444 859106 694777 648398 750920 790469 412752 539437 676220 918819 329903 254099 78902 670867 461092 701740 802309 326487 356448 1044752 922159 514487 301545 1033738 474125 836171 525087 655469 533703 667201 764913 839854 260191 678372 150071 100095 893040 639238 825429 898508 204347 124748 170737 523881 482101 948640]
[919926 460464 795411 576890 17713 597589 953559 566202 765261 167274 464651 1000001 24179 953115 290659 215897 127144 343844 192511 895077 214230 373054 577557 941801 502805 98445 743250 984058 68565 445728 440547 289286 263660 361199 677889 732980 124591 178743 518243 105685 876504 462216 687231 330649 872942 809073 330312 247040 709874 591352 779733 756839 193232 418375 582937 364954 883791 740162 199905 601812]
[663175 734086 247938 254689 357021 48682 488403 993564 602466 920407 834788 777082 107731 446994 677767 873988 895100 153052 576986 821924 555181 812204 850631 41548 663246 106692 981293 498736 298659 856140 1043729 439175 216929 649631 93489 779952 844520 750693 560339 176117 897445 618829 908990 473340 868794 333828 550147 904224 247092 1014462 442030 588445 678611 28757 483208 919126 32454 889303 319465 709611]
[359354 58739 845253 63246 1024064 343658 209775 663005 590622 287297 774271 1033587 936597 566597 545507 257517 439407 429734 464453 912553 633772 724280 779562 470811 349055 571564 376495 648132 461412 560095 910406 472726 207141 757745 195027 974338 124179 725410 462830 744878 751921 862736 263285 969767 1046784 80892 4076 941113 808040 385239 804297 386119 909139 622399 788062 764196 374385 364055 225009 247727]
[37607 632914 687323 76589 897530 598353 682736 849541 461156 746970 323185 407579 707215 669500 270684 25654 613894 46995 881604 722547 295208 141531 238376 744693 551734 236913 183785 838742 42604 33416 550737 8228 972986 922516 433430 367970 1024537 451133 241188 588767 368575 936617 260975 646328 787783 599746 531751 1013484 1033133 564500 261694 445335 699216 57500 560366 671110 844719 149105 93429 675180]
[820219 540172 752551 855431 918653 896960 827748 172777 323411 528479 489099 220751 444464 635882 201464 642359 308830 428002 801300 258801 861876 885997 778034 306494 904205 558379 626782 12186 440070 833452 337317 163017 738218 450304 51893 898002 935634 27942 826363 318725 165345 59942 759861 218137 949430 68109 1009854 182043 812985 164491 415084 339488 660648 146053 414050 292836 564449 758145 334276 71147]
[603446 250388 267650 47048 28072 281532 73852 238002 466283 631470 58136 141814 101332 236939 146209 758741 530318 12955 659663 126997 69468 789584 873427 942273 3395 1046970 692478 231050 241791 200275 631070 989813 79859 602893 721923 128034 839342 383723 587393 500768 44940 274299 409515 452831 679791 307376 606379 233259 332605 665076 804492 828796 1011986 455733 370346 743776 372191 1029638 889954 533538]
[470341 690100 526744 590236 59298 438319 570310 440462 377078 751119 861557 38695 213902 40061 580775 279206 373740 67864 548838 290043 322314 1042645 282271 415048 702439 726341 690109 125650 328715 279638 929576 630455 100370 999763 480730 339306 928020 311667 926094 1044972 482588 623489 817577 165001 1029129 1004740 690513 216932 120494 196832 948035 499347 875250 591243 427511 433034 532635 988713 280971 718344]
[799859 890280 681693 32912 101355 990620 803609 989455 102359 859094 288425 630943 332187 934600 848088 1045535 381836 224874 774432 628174 430668 371499 926155 875330 654083 952534 336689 577528 593667 454965 227062 487515 304995 224693 685460 906542 954362 77834 123940 943856 574002 764581 643324 261420 318576 537072 465362 264718 896511 791684 727080 632447 960069 1013796 569987 505798 240411 786095 15838 184430]
[791863 857509 207284 671030 691988 277324 862758 317535 341726 595245 492405 733547 318103 415433 328494 393355 310330 378297 581290 581910 1000189 597365 925370 193340 736745 953944 150355 528459 264167 141018 556198 409493 224983 181730 184404 215626 739681 577581 610811 106407 95859 296491 903410 731115 420859 533579 289357 746903 30001 768702 98878 801110 157302 968562 226939 159721 796678 604947 258868 1025470]
[917625 398151 205862 1031342 455544 821242 739548 997704 640189 430740 934889 25429 904904 956739 274129 795693 150349 773052 304965 849769 183551 424566 431751 547242 24446 182075 609165 427857 473070 648496 838809 731916 475303 1020097 635902 342011 1031841 426520 591326 544646 839048 222140 1039100 315210 560854 133428 516851 204283 923080 322982 785357 560959 654634 534430 726814 890346 702364 659942 503138 309493]
[717947 536957 439784 688430 742478 812580 752028 1014679 481296 746143 96887 767100 547141 322578 608992 263610 159604 1007019 515875 14212 493454 991364 442678 306381 900390 166242 220089 145700 119248 697635 7951 569228 70300 908047 538791 402380 771141 834755 786662 575696 118253 506354 167019 578927 382218 396355 256622 955916 730022 602787 705684 753160 587745 881744 899236 270151 353163 499232 611510 17619]
[45798 1011502 756369 915635 733883 979033 101435 975649 396434 103074 776572 702501 864308 7161 740720 308329 1044122 267592 711347 110408 56207 260826 841609 591491 960709 364932 464888 984082 920707 953312 107069 939304 464364 892835 960783 59603 881409 584076 606693 1010180 1030402 877283 932189 179094 156308 264300 295607 726256 725001 100477 203706 791840 827114 823334 786058 39947 656740 352147 26533 351621]
[857259 331610 937201 212499 307046 269024 635996 822309 242602 344006 304369 297640 48915 697753 508532 146714 322269 442357 790285 326045 368358 254630 190194 252224 885598 1001194 565247 794520 586369 660472 555725 948117 375182 601588 227004 174083 764499 849608 905962 146503 801874 827156 594044 1036749 779475 102864 1030628 540591 24737 846198 689781 721889 899924 970274 363835 81330 150872 997183 89652 1005198]
[617130 898254 1038467 114334 84347 414163 141803 514279 989374 29030 185183 900578 1037480 995767 874730 58650 576191 909666 960940 847792 109408 457514 160344 43649 778552 744914 300372 95028 846938 750327 385812 335867 90248 264007 8328 1043148 140554 740760 1026772 289309 478840 455683 773863 542690 150733 493155 714136 346170 208405 402500 1019642 604826 823196 688905 356984 908282 924604 735989 766565 310585]
[107267 953128 47572 608844 468279 686347 236123 840750 526539 34048 907053 334684 220027 299180 622473 425257 840547 915749 83281 999384 375335 105860 460442 198048 669118 1012231 314017 492061 1027134 678275 379888 329390 131050 711728 868408 637533 32261 642286 145683 150474 960722 841400 253235 977314 958756 772325 984124 416321 547224 975958 540699 459077 35519 521868 998629 38731 30054 642379 903292 81808]
[710526 1024343 1031573 809746 533889 439786 995218 268283 938482 689064 834416 501705 783200 756209 411475 855754 355115 1034688 171087 467072 489634 183858 330898 469834 641965 575390 74651 643979 60588 223180 485625 210987 30874 298281 696635 416018 646287 572877 927888 626246 608731 425178 23417 828795 729177 917985 544654 856415 375647 963486 712109 562201 1021348 265328 125418 527176 547350 282101 208598 811895]
[134012 444051 962185 991539 703425 167997 752489 984321 318925 445985 756842 481920 180710 421808 433269 671239 908311 260870 873977 222846 1025178 1006765 265442 7495 86786 962482 345542 386569 735569 819691 282054 13928 181918 845714 61871 994968 315144 761118 712198 619323 341643 991676 33392 183417 987528 628762 99808 329862 919041 340842 509959 48771 606301 991173 298633 376033 869246 512722 743305 98599]
[215181 140319 717686 277008 60240 988055 636854 814135 271132 298514 1008010 437618 756624 526585 1020563 919983 640806 744494 555191 100891 864940 322527 493778 731767 355803 890243 787376 304705 486330 539623 822710 676079 832447 224992 407914 854518 438081 294807 608041 318034 825327 874453 116961 858091 627681 553860 1012719 1013665 643238 1026974 880113 391276 358532 245043 706539 155603 400468 609468 599824 318469]
[349228 436928 162817 55165 185854 864420 148582 957704 659584 856823 781531 980872 748702 828277 188427 594306 170911 426039 800287 804040 160625 742462 960939 61478 826316 662966 126030 175288 856024 140610 433611 118386 1009193 262161 485011 498084 898573 412338 503460 379464 993750 168399 883153 213337 227984 407012 914087 846506 369652 975621 156339 546919 263901 1007868 847343 218657 632035 620665 652069 846949]
[36786 387754 389488 44794 498885 63480 610368 940156 414408 235393 560582 345381 614226 276949 788025 190404 252822 110271 70069 249879 477808 968282 450489 953615 579923 539325 908016 877389 277624 1043439 167069 416941 976674 860732 779218 382420 662153 501836 229798 948797 978961 873878 317688 480773 257561 132783 284227 366679 680512 210295 508877 1027999 377498 616556 419988 447250 512064 667236 454335 711788]
[309617 96577 588098 638353 867757 13438 404597 265127 1034251 1026393 575095 115620 147428 937203 701143 123004 82914 922002 729042 797247 609845 398791 396924 975961 1045089 852861 538676 974039 666006 790490 878334 162444 80264 795863 1042456 885077 538699 93101 359861 762673 260187 396435 823499 839904 493708 989445 46240 1024421 329903 414694 855214 730958 799200 340972 1042048 159616 300105 526458 71681 935860]
[131191 862629 106456 41458 178103 346765 872311 90721 433197 765750 432975 896751 765597 297703 192537 721599 51834 472534 752484 732170 429487 372737 70534 515992 10099 476416 610111 677493 207795 795214 514352 484161 564602 1023438 785190 585851 174318 347720 757410 352954 306741 970924 319613 236459 138662 212263 886650 280668 349741 683328 150215 913935 461823 1037371 231421 399139 441453 348712 540101 501612]
[1721 261100 604004 320206 994944 635698 812217 169698 643718 771162 642456 304311 221483 596369 22623 518616 676701 833819 414926 67188 170803 793727 112572 302478 767980 166084 344934 200412 704419 520365 917299 769865 146587 580689 392437 1013983 169699 510578 25904 153002 81107 913875 126032 357254 457475 281374 974902 464380 695089 58095 786842 590895 584511 150572 394547 331529 327554 935837 838243 684580]
[190545 68405 748606 416957 420875 882327 707500 443985 583075 117486 683741 881265 397887 112329 813005 876312 565345 7379 687705 991658 1000041 583520 491208 623557 276284 236599 810559 247525 320661 757193 294550 138113 965093 224283 373532 799925 227208 212554 366220 899314 737635 493722 106388 294076 85115 469021 325284 842719 191880 950252 881047 16989 885843 13681 58810 755148 309881 1004766 807603 734430]
[756123 469854 292195 338400 231563 308175 447994 75218 411332 438074 763357 452810 1030228 159069 323383 111536 759329 577670 932990 461921 507997 510446 299077 888812 826412 106273 224633 97186 603574 122319 622485 1040463 76315 221133 186175 957089 370189 531472 393647 280704 124649 799911 534847 2249 221140 969460 493886 28200 357469 507073 152354 161192 303219 506800 267020 539395 475103 501054 927643 134038]
[274223 558841 93333 440461 301744 172493 495195 207728 932386 723961 713560 501189 953511 93672 74184 591666 659 919021 474156 51486 271134 67352 531619 79967 631678 536266 702890 241705 768291 58539 289719 852062 318580 767369 997252 407594 1021803 690794 798691 434331 1011091 421840 673310 898001 166246 740546 949550 570287 512220 824187 432212 1001872 466674 117933 959247 928540 498979 657631 211166 374552]
[930319 480770 480844 985492 991537 92241 691286 124288 313875 183241 646590 342597 824257 532367 662483 843905 723919 178259 657344 3233 784525 100684 86016 872211 241861 314749 107998 459314 921773 97344 672563 155143 89879 94463 861883 14033 605450 792798 526372 774030 975640 464202 208506 184353 410405 892441 87978 890678 659402 1042199 5999 411751 543208 992655 248556 949383 563581 618480 293135 704128]
[758041 343961 214305 315078 419970 17981 193929 127197 767983 408789 613564 615346 563125 117440 764423 127069 18082 26859 709129 977243 102459 359914 370786 133610 735403 393788 170582 101915 109567 915515 547573 51576 299625 747283 173744 20337 266673 723733 339619 538487 235295 443842 482659 22299 513461 589154 480137 676319 359614 87485 605642 345289 881381 833384 493840 979511 774918 60814 239100 859904]
[742449 585217 900446 714772 1000557 547992 616884 526291 1005468 439857 999754 805460 782286 640897 1016935 178447 269875 816617 1016373 773462 63961 1001385 809915 373466 914900 227631 234938 405354 71022 665889 789411 64277 77506 139779 390769 535678 55720 738304 1037371 320072 624998 114730 838467 424338 843756 779480 397939 473479 765271 665628 437056 391285 830358 701561 1027345 753094 351683 491889 223892 169272]
[79970 85801 893824 872398 538790 455920 1008078 783224 699812 709738 156083 15073 354678 663122 835487 209740 294495 845741 551189 728509 588626 561447 722275 879628 647897 1031273 347957 437057 507638 792333 837620 54035 829117 55469 952831 997749 570970 240228 568109 1010563 160638 185271 224007 731811 346858 149173 1020140 864959 967870 730032 427063 234049 127365 660031 68157 340034 647659 973312 242327 1039085]
[658398 56056 932024 237023 194112 801393 126354 652870 365187 493463 386886 72228 492657 914560 25345 358726 155345 490360 805264 121597 708721 462615 212948 1006963 826688 999409 883954 246668 583791 246395 484867 46361 197433 644146 92514 753935 842822 164140 341465 900103 733993 766251 730386 207228 791726 810291 198381 613397 601155 273064 373934 217249 912084 995666 571804 438080 476637 66742 825798 818964]
[116811 149996 827641 279683 1035114 784473 134327 806536 499784 223533 112094 795266 586668 125632 905182 768370 903258 811384 644528 154079 647450 131439 1033358 176600 1044338 121167 495431 954409 966790 988941 380715 774439 551331 1014439 228817 948844 138982 715119 743220 655845 995108 957234 811186 408304 233166 143439 228864 586108 255906 928317 340659 257356 728055 203837 218857 161019 852929 942632 800435 124891]
[552876 696485 352302 739492 201668 189829 967902 820645 660446 113839 194743 458885 81004 241834 130003 965969 483942 234824 294119 1013455 606280 841717 257655 660853 969982 15812 913493 645687 441652 414365 15351 728839 353899 967943 358345 262885 749910 106315 818791 214118 259295 927182 100375 907690 364841 391888 738671 585571 1039450 585835 745195 642346 432582 886627 68929 186643 716588 755027 556935 827365]
[809745 817128 140432 130737 641991 993871 678385 599183 271980 673241 692059 1032432 658535 768075 962216 1023078 100349 409598 259277 563822 806199 91822 134364 427914 231480 293193 442418 726793 322667 408721 525619 797222 114199 345778 464096 130262 819916 630536 50088 317846 613166 97115 787946 95284 1035538 323256 938029 203627 467308 335316 289473 124087 626386 1037738 202075 979969 781818 391826 648926 122466]
[900422 478929 921073 253832 978967 932113 601400 621884 211420 935173 381821 388584 76973 36190 909022 897669 215307 131568 107747 1039885 683258 984674 959860 467670 420528 26414 981599 621642 714857 110941 21094 614045 280051 479652 692956 130654 84178 385457 711894 273434 175311 89071 400628 47274 484442 41721 958702 850613 939744 139820 913829 758828 617586 529259 917785 344835 876197 379355 1027197 300155]
[126090 876476 931057 567069 1008627 712062 235468 745258 220694 922791 629756 125322 469338 712141 780499 478233 251713 80635 513527 10617 141887 932371 480322 233556 463981 583762 6780 544638 355888 985124 873695 639272 626557 41148 524060 1027879 517386 668402 662616 791689 1038159 212381 8163 740003 334738 1044923 599788 413922 550669 373687 312466 178631 545928 359566 399534 579542 46069 434435 258093 479533]
[414469 146610 269439 662742 144877 177288 393179 133676 359967 551550 622038 68318 707982 811435 372754 130301 166205 1016995 530522 1006131 838528 17310 289793 353935 446069 431645 473244 211904 964585 1000510 925394 825312 347595 575824 920963 45551 325311 140039 992250 117059 373428 209533 846796 276945 579970 935433 512753 1011258 757741 728135 1038032 719247 993738 676300 211717 156100 490222 139881 798266 23822]
[616211 457483 606375 136138 80503 986757 95543 154430 762367 927504 954363 343842 531235 144662 79956 621466 498118 209168 423485 87249 148897 16816 985528 489625 373920 168366 743366 751960 852075 814778 295610 585459 982078 1020086 77787 919040 552911 306269 65558 312344 916490 49498 397895 909073 674297 725572 569467 203122 22204 932083 661885 574064 53633 79589 620037 37560 356078 325076 301549 722970]
[378679 655330 966005 924173 588156 195406 553541 755288 231365 203328 746298 536071 449686 367361 321580 136505 435975 783513 96099 701769 492101 231808 499634 474904 74462 765184 127933 803120 781083 303972 569622 62105 557049 472957 677795 625037 764419 86067 610556 367430 613188 578684 343776 1005884 385322 356410 531615 647523 773137 258652 504224 491070 44649 919736 533201 912941 647052 520104 821528 146554]
[429196 134332 81175 819546 149924 924417 325471 399767 886549 478019 36213 566133 609934 667855 20342 166288 867081 990409 185383 99411 610466 977884 295067 911880 702578 895456 481860 411412 175090 467586 159809 344208 570986 473054 206232 284143 608003 428940 152248 580718 1039535 145475 616815 223157 554884 404022 432935 922622 923067 561748 1030187 231809 103052 510676 1032200 476859 542270 638900 945425 497913]
[981006 435069 283550 694018 707397 9515 747286 712509 319233 198956 989121 348072 573105 597075 244806 153464 45248 634688 111860 71559 142737 314510 823445 751530 578022 909091 698993 1014348 846936 421728 640701 1032282 696971 240782 573639 806587 754637 539625 726664 532281 457993 1045206 6486 177108 487165 181232 442203 172690 951388 802521 837454 964574 138957 722087 122574 921327 960231 417281 989199 853613]
[931773 691175 984456 171429 880566 797414 368629 662302 645929 754276 159723 732099 757634 412269 933125 63553 516275 344161 718431 829853 43771 548722 611694 56887 114122 695252 813856 466609 897944 79981 153168 879655 977724 264340 387118 954163 927653 914507 80059 991694 296085 312402 34112 759119 911940 568506 979624 74073 85482 262903 481897 1023774 218374 18915 866285 920631 50735 1041971 980188 453328]
[634038 662721 32538 822663 300442 318246 532058 58059 17947 21534 21617 56510 585144 669168 477820 1041637 550497 857672 583201 643032 108089 435459 185094 929656 853175 945019 874587 597021 924372 1031439 317961 729483 1043200 481546 550084 35752 661071 722829 924094 457239 757162 501857 409177 737328 538601 729699 1019665 293795 59347 73758 733625 951186 260332 613809 714658 705498 308653 744323 568707 90868]
[255318 890271 932206 135732 601795 973286 308624 39739 176844 678716 343716 1002424 316980 327626 393177 430920 178706 960622 47072 8189 563140 481621 791917 582939 232320 473158 177896 245077 92751 15194 95073 391140 489684 181529 51895 524908 960825 314397 545775 673922 316106 914420 842422 210243 811162 871251 136494 399759 996717 768648 492954 278303 383000 346814 871022 830526 42513 923018 501821 487153]
[900433 369082 211803 698738 606139 499398 970563 201121 274272 423913 992520 539533 630401 671088 621281 890124 330187 705660 514444 98929 80509 937549 924715 648410 769811 562763 840065 257791 37438 605117 915865 381366 949122 628531 269329 357333 621077 527128 635180 791184 290832 376005 663177 338423 407928 341311 354098 10190 1028926 670481 20972 948334 780048 114183 815055 967024 32539 451335 125773 879216]
[614117 121970 731988 819082 655918 950896 449246 473812 521613 256021 998453 253189 784075 681119 189351 955845 600806 814068 1015463 746748 559617 130862 181435 877822 734284 6784 325849 795447 609452 51754 111667 557366 276416 500063 880494 775052 558655 875170 252784 408875 243000 551754 332684 665380 355209 386064 448292 183184 30596 408892 385570 521788 810697 589699 226743 442491 938248 535748 659492 638030]
[190426 772797 343075 552938 528654 71878 93052 697486 150287 254089 880123 313341 85949 354186 825827 577756 633040 1013990 62671 283473 986496 519435 219860 659962 625376 975566 560437 475365 612754 881460 804939 706099 739607 218995 187249 999025 390023 148679 641566 1001612 239581 678824 282771 429904 311357 875810 130030 772477 1003588 366847 648102 152088 982894 757796 1019802 670932 741555 797518 95122 509221]
[483827 529272 240007 406003 369063 607845 77899 766383 42137 840016 631808 419822 1022276 30315 442405 254318 222531 354469 591092 959076 563533 312924 298073 329668 540958 1020428 653339 468406 317831 846353 477085 802739 419973 90989 258201 806977 133228 189252 561328 453506 828085 917921 641420 3367 858915 372392 837896 1003075 687823 298773 513519 827676 1033420 895832 292316 282282 946994 90773 220217 20565]
[542183 840082 122459 662154 497467 25431 220009 760369 1031904 898209 991425 886928 181580 74438 798873 339320 819437 931335 443704 283836 372335 225329 500382 444810 115272 942558 310462 202083 500778 216521 292505 58527 580494 793920 588864 704997 820101 350994 1014977 77756 21422 67397 389175 674861 18074 807634 48245 1016434 122433 588318 490817 573231 273245 583612 95762 1013737 972878 254324 504936 378700]
[740034 869107 203881 567550 294810 840173 571784 371798 61821 92710 295269 535310 485463 224539 422241 1029821 134390 149340 394487 286510 751875 403359 737161 403436 532203 207220 378827 336995 961593 626593 708335 677790 256669 67027 92028 881241 96230 268081 1013003 113675 160093 711434 746082 137754 610047 646039 260250 440561 635111 932209 873571 360124 960529 1033248 660009 390865 628901 363631 248788 476418]
[337943 315214 306879 13732 914899 502382 1039579 252657 272633 924493 79275 892630 290598 889753 73851 73402 180058 217174 264380 976870 706521 206031 198687 358704 385682 133773 584105 863996 829934 209000 206749 69242 626561 394753 868525 157416 783281 94942 133913 189741 414714 1043746 266949 269680 277994 335226 392157 903422 51606 549581 713630 608188 533312 498484 624037 133207 910516 148714 455262 263941]
[409225 485687 382160 549367 450659 1007443 94344 9782 508991 511157 443138 26493 192654 479623 810612 625048 486377 969671 1045240 544031 453093 862192 823119 204312 590885 314134 806646 772040 162148 847546 508224 347587 172911 504408 964831 503665 694403 1040514 522842 578476 778006 835741 471786 239379 700283 20242 846271 1041806 90252 705724 543819 416232 26227 183833 874177 303395 227414 793501 397442 255981]
[863270 631823 746800 470781 198610 441900 607448 564820 335593 744001 62034 358745 519191 177256 309832 927501 685893 733364 435669 448364 535666 891515 562422 1032395 574232 739720 778775 309884 674341 424614 496954 744045 806235 214064 189891 160295 348679 962909 23253 480233 897132 121033 578793 742120 866428 655684 704344 1009465 814845 96461 746942 572191 1020236 514316 92876 515421 878133 898771 295908 320219]
[688270 316753 54589 134488 175549 52014 994804 984343 787803 882651 1042000 137187 249538 95923 877095 828037 892197 845225 65075 424367 33233 900439 273091 328542 374401 866554 264428 182249 357963 788173 73922 874697 722325 525182 1045204 611813 456362 250597 606902 741701 58661 732484 599606 880997 359744 913116 886917 207467 31671 348766 573979 531696 1048159 932149 315462 1010308 789337 77681 132762 220541]
[697233 740807 70397 445020 406667 438281 675070 420650 52464 506033 356638 880204 497455 851564 137759 1034493 490816 474975 72569 479243 998483 607614 838761 503657 966930 920925 634517 836190 825551 914822 204680 296467 331322 1048131 927819 535319 904944 777290 921408 120075 59721 134400 584594 1003025 170317 788930 179461 321487 452570 579750 611213 423816 492710 614513 542446 272178 429731 177917 537495 286245]
[116439 774458 129758 212340 555272 848309 164270 34058 159419 149470 360266 590968 39625 632028 212722 941598 452244 513657 901273 648279 348406 958339 904702 450625 52052 968690 620538 68187 557687 96791 828558 355508 152845 634137 766257 558107 470938 646558 930006 862871 263011 819743 297403 735585 967493 354411 276941 892768 109480 688541 637157 162537 495631 371543 766718 727532 689099 80324 75676 280195]
[88453 511767 426862 50281 70035 286408 525170 634328 461937 305264 275738 342886 1011614 742012 849981 919934 715244 1006847 866623 1019002 449079 522111 879198 565688 771259 344709 391169 894905 377890 498144 698182 111120 182361 835508 734413 660084 322130 495269 906344 803089 1033789 1016631 826408 45529 533593 39531 996598 983491 269021 384761 884967 788289 122117 98639 651233 373832 100461 871101 93080 888226]
[203374 239372 458342 219677 228544 422282 564992 177947 166161 330051 154977 868666 11685 761370 825466 442952 7426 66880 558673 514010 983830 690482 257326 1029827 921815 874798 1020345 638930 798790 952289 617677 189796 340385 125181 103877 134585 966604 74125 671847 260304 668198 900507 395741 657952 792855 725328 822797 108065 956548 826982 1004524 159460 1040518 121770 709220 304304 834693 407857 683711 460499]
[23972 1033549 130696 680237 586069 990446 723539 411028 39703 26357 449335 484736 151439 202304 51631 90722 569434 1024149 280903 955212 217251 382484 1035958 593052 754643 626621 1029794 218830 941058 927174 495190 557091 76403 615364 565844 414437 171185 525567 541240 260802 108279 71155 1000319 790588 754147 712768 961564 503347 573447 952364 471410 879227 443738 1004187 709377 1008159 847510 702915 655634 548751]
]
9
issc
