[[90857024 91015611 31276336 98331742 240305345 172563956 187611147 260148904 207659152 29695536 22786178 57315563 2743438 34035971 97411661 98542529 93608965 190909277 94266466 164593284 181540288 60031886 46420252 104876373 57734234 166062772 204416186 195342692 69761452]
[89077777 157198864 121078520 227775190 208142179 232852529 16673534 261331043 80537517 221533229 65011626 80547050 146476365 196552918 118298420 208927348 151578421 211153648 67628595 188094918 189223861 145854666 260366412 100247179 37323607 257723235 230096241 137109974 76300885]
[103937448 112689878 40455953 219837994 47470072 21067288 125053030 17517523 73156093 40062506 19757473 158497655 49367645 192821854 16392938 88280426 136062687 33485057 222032926 35355463 44003805 13829537 8173285 169383934 192813327 89865480 258921957 13827906 252440126]
[67621323 106907950 132069940 49156474 53534724 75329415 157103651 259790846 128063096 268178435 220978667 9811143 148602531 115134134 27762894 33103880 259854497 179940010 171178296 238616636 106413972 1604826 71136099 121686142 159435951 51103245 125525179 168486822 82288061]
[243548965 156190873 201163042 93526416 6741679 85353003 160696025 242030956 19412497 161328073 177269464 224575957 137078313 219093756 267903930 2305266 120540929 191090637 166036612 254301734 51245669 91022685 204685094 221090170 267263592 239299670 201052268 263947678 166511528]
[38543840 42851364 237991434 159120506 96771425 246725926 159828611 114199054 42896812 133486683 267849842 173159769 74573862 127397646 113791514 75677115 80981011 170401285 12306594 10965412 109179720 60181726 75890934 191726863 227070177 103117214 32882812 72192837 40198044]
[5947092 245266907 147391027 252160363 193673195 20460252 85458279 81858138 234019615 151694029 182038468 180849832 215753424 37152289 81431778 209366425 119617776 68100603 161785675 99743883 268069900 183207346 213640593 142400446 138646304 97149780 78543754 161845868 150748172]
[162217223 254605755 118901230 133733568 133043596 50767724 225547449 259101318 6081889 29792485 81712737 113122921 260021032 131630408 55742489 165845836 183406187 37981253 176441395 64794925 169267487 263287259 98071018 160518214 99787681 237182634 160650757 192579430 136035232]
[27697221 86198006 144376950 252436814 110205985 222403962 259756747 263966409 141407055 221810250 193969378 223634462 31802664 61624587 53113779 230370809 24501022 92814596 173262794 41170422 75538436 241311237 169388340 106647606 85059584 160489854 37510180 266148896 260145525]
[130898246 117848664 212085105 179065611 160908437 69240232 77018751 45530485 13406457 14199186 573635 25129057 66891089 132023227 157052836 47437957 11386503 253717665 84458115 25172327 111795402 97736243 147312678 254803027 178423948 263294565 135400270 134128116 16796700]
[25204034 97385528 185385573 78654229 163401966 69040167 72605151 208991799 127554305 86071650 132911137 243475342 59769904 37296515 208102872 71344277 122290361 29712790 99321291 136340551 243859853 103976389 122180263 194757195 233510357 143582779 48369968 34016894 73247141]
[83697475 147255547 189688803 3076828 85987074 220398851 11245068 156773511 231360967 121237894 4034725 16146389 242846516 157778623 65350811 79466592 226980993 188960802 5506910 68842923 244216920 228349368 229224813 67884866 194457758 44747559 210626739 146037428 54263551]
[129775850 73311629 4653250 182043561 76738537 180870386 256457657 124869290 263008475 196014977 175635376 33534390 134127292 174390247 41989115 61634193 192370863 35537663 116389361 35132961 229191724 213325095 2004129 8188596 255885809 231093840 226992327 17208339 16701775]
[182223951 251385002 214267648 256265649 237278391 76561652 224901194 231017848 235477568 24852344 237067893 212387970 222532733 63686648 104946740 117097445 138845927 83452584 251897222 108413932 49715554 255755624 11786366 202981057 101706399 7116398 200023900 262328157 267436379]
[70526316 72917485 201779133 141962348 7924903 219902911 252046449 134223898 82788933 154096389 114236419 67105226 108070607 170908407 174440066 149264937 123200038 162174349 12395970 193732444 87101921 34279823 146623140 14267565 54636340 95776444 239382266 116596148 219626021]
[230917170 16288975 81301122 9668956 72140004 199349573 165571013 11898370 217798651 77039953 4578253 39014708 100484454 57599594 216691724 27667229 257155039 250190140 238182063 111726948 199824191 105654056 43515634 207178676 111923687 98037530 168175266 213379960 20937020]
[156164110 264490446 42105733 249439127 231615332 246995536 214102003 178972599 4102072 72819634 156461048 1901277 29581099 203730203 27488362 109823839 247135533 142807884 55054070 262686259 73325079 198835209 233340623 222676703 140945722 149445787 136755592 92077097 89757052]
[9024153 192991773 68974061 161819899 493691 258176384 179030509 262444000 43390421 13606430 94648772 264685389 232778982 268249027 267626045 113692905 153375632 55063067 103650031 132341897 209695237 21448710 239028643 47181490 119400765 126796225 98112632 126938576 27946804]
[14806931 243212829 174177895 40093558 228374541 246201519 232015930 253341471 99177664 118297936 74236115 150214884 50224039 250941909 135336655 233788622 228124968 28311756 235082838 137088116 51556843 134298812 144859314 111582583 221085222 218870034 125741572 101839945 67564985]
[77726506 48940276 108197090 43340573 128724246 177422128 181890255 235729941 117971678 29578190 165132230 41839939 19411129 126149915 99712106 81840758 182144457 216280501 46284968 260956776 195172953 125013598 244854935 211423270 154647761 142157811 62108213 95929488 154068545]
[18616459 212535655 229605470 166084924 187213915 101614446 62520405 101286049 262372684 174636024 51339314 136020868 113041138 125678615 122901284 45647850 156261860 41712242 221787984 192422094 112417261 28519882 262623868 97040091 119483534 54914393 77480762 171274680 243499855]
[201997803 179767044 81745912 241879077 207629559 189494428 105801122 114112006 162092453 64425052 191596181 170571002 2678044 234873747 74887252 171771903 66352876 60747595 217392195 57732494 214892625 225652189 98789694 229625329 212828410 44881384 155992055 92125958 247298452]
[188711891 261234391 181903272 189707800 257286746 77221092 181908965 56507788 179773402 111107045 44544086 82292887 89763675 107119910 74979511 253265014 107495337 13341884 133379327 25138955 160712448 91737655 220709808 233425946 245682065 69191550 133905689 220415514 74332694]
[133676668 5629988 118392050 210140619 147311151 154448427 46505804 120811091 76224574 7039769 16351067 95113172 80765432 209180678 172792552 26057495 172754171 129435344 184349804 155738828 79710091 71491724 246800463 50050001 76806934 174610859 71901762 112150055 156729819]
[189677 40938081 268044755 180096985 58975482 17799392 84082614 24824078 191553299 241817285 114565867 70695769 185449783 29673428 242102558 27939899 111655308 129440847 246373660 19297219 266723845 25905691 55321733 231965255 118625760 249523348 8711557 54738171 172945013]
[19640879 72879912 95074453 33120730 265902962 33257601 88018417 44092070 86315464 201141366 33349475 207754465 28459871 225693575 15125796 64488680 215861707 209707531 10430223 97026722 182841736 160694003 246525115 37792434 43519001 193981268 126147222 226765798 77667806]
[65687692 202526644 260871400 146542324 66537800 143831494 12214177 118221110 73258960 201089628 63556954 178949925 119098095 209949626 152765826 54716818 2107355 127692859 6835693 141336620 30045423 120183727 80388562 60762473 178083005 19807715 15722806 237540094 194094455]
[245553862 115806759 113860074 262014847 73638491 153734558 91820621 42241687 165298933 76018127 88772529 253797948 139906197 219893962 65656909 266895096 72990733 157085427 210412821 157069789 225306582 10972939 218268390 244165060 233927484 124019298 245150618 76295203 220914106]
[153239729 192536234 104030178 66280050 251810618 266409742 181748302 65546235 18716882 191625444 57770270 26219919 183743287 10297175 67676920 81600435 83872206 113427852 116473224 59985118 266455576 115370282 194660819 94203440 109716978 152579135 209477363 243324020 99956920]
]