============================================================
APM Result
============================================================
Matrix file       : kernel_31_75.txt
Matrix size       : 32 x 32
Prime (mod p)     : 2147461499
PM block size     : 2 (fixed)
Deviation level   : 2
Minor size tested : 4 x 4
------------------------------------------------------------
Timing
------------------------------------------------------------
Matrix total time : 281.8550 ms  (0.281855 s)
Minors tested     : 5865975
Avg per minor     : 0.00004805 ms
------------------------------------------------------------
Zero Minors Found : 0
============================================================

Full matrix (32x32) mod 2147461499:
               0          1          2          3          4          5          6          7          8          9         10         11         12         13         14         15         16         17         18         19         20         21         22         23         24         25         26         27         28         29         30         31
      ---------- ---------- ---------- ---------- ---------- ---------- ---------- ---------- ---------- ---------- ---------- ---------- ---------- ---------- ---------- ---------- ---------- ---------- ---------- ---------- ---------- ---------- ---------- ---------- ---------- ---------- ---------- ---------- ---------- ---------- ---------- ----------
  0 |  653834150 2138491680 1127088961  653596087 1700982229  935261297 1592367360 2021263756  811266892 1132380073  647442963 1066919791  849466499 1116071702 1418280677 1369336008 1926446633 1594432195   30813170 2009061820 1473523799  571340426  522938413 1423368195 1962269655  345930201  310071430 1299944074 1236520864 1579262757 1352994090 1783831452
  1 | 1100215389  512245986 1589649160 1268475782 1182379630 1960229195 1431558373  482682683 1335488403 1575733888  677518987 1515588857 1177662933 1391966925  970482874  526887004 1217347863 1287006773 1529972031 1267910516  655212038  733130332  433885481 1455621949 1677444906  154786489 1828661905  475483074   97027578  632951671  961444486  166653143
  2 |  252007353  331499224  767046834 1333017850  626895375 1007471697 1215355217 1686107761  951407929   33537589 1359884274   84277892 1756111123  669453712   65313628 1234278874 1773716885 1465401749  721472944  563890922 1225209143 1639401902 1884754938  418466417 1890006848  906906071 2093259266 1297658206 1671919242  589602539   40325859  640193976
  3 |  646166120 1454368905  370201333  108171736 1858656729 1740002473 1429008829  169418251 1207896881 1015387331  250875960  387497797  977461479 2017369772 1991308547  785161365 1886930630  297308577  382188755 1055330561  565483563 1209801668 1962124718   60360038  283755441  703543787  198688266 1904785771 1310725240  615225765  766136456  826773668
  4 |  811929109  644272499 1860121939  125740301 1867106529 1977963948  733308682 1828367092  996113560  834271460  106617519  884199123  171027138 1242596698  706657428  798121750 1695132892  423618764 1540974529 1339308090 1191845380  925212631  506971130 1901600135  956107455   65776864 2035952467  259171382  267139376 1114003868  412491254   67114986
  5 | 1735777498  965966800  233953828  833969657 1984081743 1721787211 1177308225 1003809014 1291601858  167573522 1130791513  458923898  781588514  809687738 1482422265 1500836778 1500306370 1122242111  589297921  726815426 1811272088 1778962482  563821365  430257052  894443355 1204837553 1038985919 1244450315  894579304 1045254313  526328616 1548723795
  6 | 1787399425  195579853  780269845 1945435124   89631479 1053088659  261173038  176628691 1363363686 1716674862 2128838415 1116187635 1063582101  579291157 1465798415 1438567071 2008913318  281057332  613730764 1079316790  130876637   69630632  512270355  156972175   65025892 1083851185 2073758124  308236104 1555857006  881882666 1218489309 1865728042
  7 |  292817423 1907147036  926567800  599228513 1232538337  319474987  430008978  955246322 1945512375  577344818  419243019 1938246735 2007121775 1153676552 2099106225 1736738832  137924367 1197308069  740456185  600510813  855312280 1776395368  329463480  543564618 1753651486 1922680529 1562078885  640809910 1370135060 1284398501  652252578  548500592
  8 |  682553427  603087865 1420914585  767948637  332195418  926868956 1470470457 1379136326  360157924  189947082 1402615558 1651370150  871079195 1463383237  890515829 1884472132  213007490 1904748031   21745842  195742200  158947559 1286704607   42255932 1399223099  103784790 1823698114 1989823560 2131872572   70422990 2031128833  571106171  163154081
  9 | 1345968126  135657958  868031407 2091530509  503715686 1387316856  843312232  840513093 1498506869  631479291 1034271218  552130293 1898400525 1036941196  478116588   73167184  172052358 1241438560 1476731708 1374762115  138167701 1368938254  923054304   48351472 1986305545 1904418537  345632144 1481027777 1469071217  935205090  759171517    1196035
 10 | 2140457175 1880196254 2123453478  503504928 1271623546 1976046303   49075389 1735923755 1739362163 1421443507 1212441374  755105965  632229625 1110978147  438118089  478161687  662912162 1900391972 2004714065 1907431627 1135728566 1236195330 1413052024   54931927 2134372117  295076567  443968150  443790468  736498805   50259550  610103633  783893906
 11 | 1904004170 1961905380 1429985915  330967930  176102167  315228705 1908042865  526804083 1492970803 1390650169 1597210137 2080966733 1126022678 1080145466 1637675220 1615868521  306047178 1884551675  920370307 1529159637  102299974 1137212435  820518541  239157338 1454126036  832110556 1752858338 1098387795   72850447  211673187 1429017154 1104656230
 12 |  660413841  404491273  875306453 1573296946  694441159  646689335  528704759 1035053530 2140635110  755146969 1662357853 1322464779 1177191383 1708124952 1044723120 1202440596 1594087671  518560429 1762038607  338332097 1985998009   32779578  894830908  331924860  961183631 2006742320 1019186725 1069092767  687824804  658273466   23336063  623426856
 13 | 1098080559 1540233687  867961381  145545749 1848974878  145457500 1322655011   58781455  330314320  225678159 1333591468 1338617845  149119221  149849785  207873286  469952921 1009073738  338879431  526615843 1092330604 1203768736 2080756944 1172570636  751612729 1566239990 1286026049 2113353406  393378748   16124035 1736584289 1031057362 1363202361
 14 | 2064694612  123175099 1517435025 2043784297 2101147610 1951988022  580962150  834389458  208534785  315314377  965246469  230748918  991426788 1036469157 2098705914 1246828689 1398300771 1754429893  561522162  988584000 1590294301 2140898787 1191411447  300248646 1383186811 1857738508 1732924489  396012458  402259832  549403119 1490969511  166821150
 15 |  474586869  380367079 1176240497  448737293 1033935412 2062067130 1873989191 1392003171   33637066 2034271856  785319717 1953989421  711694108  189398274 1075748880  589483144 1199128320 1428781596  973034334 1486901810  756593247  705141002 1532907574 1945260134 1828575833 1297299246  261690480  384683435 1720373081  845602104  528945989 1302073793
 16 |  101269730  594642923  602673907 1264423126 1332846235 1944248643  576544190  817589976 1772215243 1316218211 1845682656  326567862  442514301 1524902146  840937289  330388835 1404364085  823716743 2004554199 1006589287 1548803704  908377907 1394611929 1443896478  750787259  812152407  777917682 1057519966   74810464  528778957 1543775164  667136313
 17 | 1278406867 1390078346 1213468514  608278658 1660707004 1545278229   94419769  608801621  338673766 1934437097  694728155  247562632  307855255 1359228811  479885640   91854308 1545936916 1281529014  250078899 1839560158  505954421 1323999575 1079671775 1895915738  158782052 2084194337 1064061166 1830495047  665174468 1335409781 1501937477  280397252
 18 | 1037048656  643157332  784212569    3277221  698547185   46014250  544921102 1750821308  351420791 1732717875  443411027 1584410404  694088317  528106556 1946836556  492232384  588862579  641957110   46356114  971595046  740853936  847131692 1840666723  998085984 1689269883  866173763  400920510 1781896617  288872299 1983744425 1649931228 1955785050
 19 | 2098291137 1968913741  811821212  836513863   85770379  971394130 1985863898  994202713 2050598924  364006170  658908369  803496272 1724774481  420298224 1872761659 2015153596  272655048  807029343  839386146  917881108  965798111 2122227334 1653430765 1826863792 2042166045  879643091  305386516 1198754154  174032532  622965027 1017498824   60099726
 20 | 1097715900 1260874156  313832586 1892361107 1021459763 1864138491  437155872 1236178963     931991  362900433 1479424374  246278666 1768325048 1899917759  430583692 1652062533 1548366763  764071012 1734268271  886476824   31207729  877320553  973078146  405674166 1063749451  367957229  534724360 2038694052   29622294 1180599431  506231819 1937503819
 21 |  261925273 1955432406  793001671 1239044903 2147439952 1880116977  214049357 2082798598 1828577968 1536134835 1447732024 1327656058  226461635 1996875285 1373821265 1488742764  706056504  951114540 1483199100 1984000179  720497814  509689477 1746250321 1581099966  860203835 1080733401  191900328  484315307 1590372380 1306399924 1551801310 1905018706
 22 |  155731300 2084373049  121917211 1892612210 1124465897  602573385   23229614  862524880 2105903252 2096594013  268862803 1978023460  600611503 1927815540  946817952 1364420084  722172545  964238322  367074216  457017137 1358500962  107420061   38235248 1502127779  253614011 1773900934 1100218331 1236751645 1845151451 1473063093  332745041 1119760988
 23 |  354889195 1997368480 1448104828  168083326 1292423546  987372443  787041480  496739706   20309364 1899543038  470668761  872794731 1559926507 2097099327 2059207245  263711844 1767027097  548760480  137758736 1145531202 1721574422  257794630  936791359 1243567495 1746927723 1593453105 1637496907 1425435544  913985352 1161497810  396436045  423259862
 24 | 2034103987  228768015  852219762 2011207307 1475925107 1158370167 1267993026  516615208 1256326664  485000355  390903219 1476019408  419318808  417406914 1334622933 1494268282 2130208579  232670617 1057051834  422260880 1318610354 1418480978 1209720287 1855484379 2070732208  277498980 1786398536  870349530 1537703329  572797421 2013072363 1268422159
 25 |  368498621 1336299778 1181460196 1822962278 1682235199  442963046 1778780621  802895200  809039495  152942270  329512436 1003458132  317896805 2060999982  135033675 1058883479  111914232  820344704 1853629663  380555693  696191374  480542056 1247696200 1179923871 1875346115  303320293 2092408096 1522629605 1657617773 1201201093 1190898055 1629479198
 26 |  256947395  540940511 1102776601 1383951274  637701958   56447693 1957923013  756198600 1235326358 1247500859 1654264516   93632744  570819661  380341096 1987909862  666771842 1424328876  572205429  972640259  853087817  572729300 1893446794 1615509237  708551557 2130104695 1627241799 1076224542  633484529 2097814483 1174161789  570365273 1871047072
 27 | 1875846981  779913892 1583570588  198406920 1005717769 1704160259 2034660349 2073198210  156573242  583372011  781361568 1870133140  261430163 1759070912  414462223   73728940 1012157032 1057653882 1855549829  568547288 2045545610 2121401303 1287403959 1338485953    1821278 1938638000 1827068127  867077170  820976760 1536118974 1181907568 1739746790
 28 | 1447164298  502698679  164781270 2029593881 1075479709  969661603  324468812  482775557 1174212764  601648372 1385281886 2110781243  853601555 2101868581 1865423587 1837874431 1448645815 1836866943  483444499   15469776 1930430857 1260790708 1138061133   17477885 1062343394  215814361 1275842843 1372214671  524054813 1960823247  846152314   87606510
 29 |  671200474 2055117336  212246368 1505918994  868945221 1794364635    3016650 1280214651   15058717 1094604032  211062817 1550107823  564000963 1658696572  809603996 1559826535  387198308 1281857859  445232826 1182458778 1813184480  369116196  501295010 2110331221  969564315 1329557085  137647267  673492648  606267376 1848860098  562465032 1634301128
 30 | 1893756828  124219491 1087722957 1577360817  970288613  825246477  403709075 1219838374 1483535791 1143232669 1478658777 1770553332  771313921 2095346368 1211596706   79513160  709596388 2034803253 1698002402  785602150  311622030  820365069   61557876  104228592  407986589 1562584410 1413092481 1021971917  890098062 1072104433 1891167902 1297789204
 31 | 2068603846   56374303 1100055639  529295198 1647259688  478375484 1509973681  124134784 1039958842 1272671715 1187428398  411080296 1586268367 1319188357  867690804  151663849  371571776  173918578  713945561 1424256064 1776035163  291837463 1685743629  637907269 1555777196    5589724 1590192711   33333292  604036272  582504834  294046215 1677300498

No zero minor found at deviation level 2.
