============================================================
APM Result
============================================================
Matrix file       : kernel_31_99.txt
Matrix size       : 32 x 32
Prime (mod p)     : 2147461499
PM block size     : 2 (fixed)
Deviation level   : 2
Minor size tested : 4 x 4
------------------------------------------------------------
Timing
------------------------------------------------------------
Matrix total time : 281.9941 ms  (0.281994 s)
Minors tested     : 5865975
Avg per minor     : 0.00004807 ms
------------------------------------------------------------
Zero Minors Found : 0
============================================================

Full matrix (32x32) mod 2147461499:
               0          1          2          3          4          5          6          7          8          9         10         11         12         13         14         15         16         17         18         19         20         21         22         23         24         25         26         27         28         29         30         31
      ---------- ---------- ---------- ---------- ---------- ---------- ---------- ---------- ---------- ---------- ---------- ---------- ---------- ---------- ---------- ---------- ---------- ---------- ---------- ---------- ---------- ---------- ---------- ---------- ---------- ---------- ---------- ---------- ---------- ---------- ---------- ----------
  0 | 2069890673 1836875125  812589297 1030487701  136062449 1772349418  126132817  506569219 1144095550  843447638  695283479  389093014 1615991616  531959458  351968906 1769974952 1077221957 1385048128 2069659559   20117890 1949125318 1078661401 1548196644 1827182446  852802502 2092601419  967798413  251449612 1425141248  488754509  537530098 1169278115
  1 |  373000617  949030374 1514200624 2136830087  503166310 1788574967 1155916116 1205365870 2099299133 2119326745 1473714772 1084582756 1833998783 2097232071 2080675663 2104646418  464215585 1195527489 1344060362  479510978  664257394   14899124  968052696 1000463683  669367126 1820298212  909400546   50535590 1715682480 1178110343 1182874988 1411242221
  2 |  954517611 1706161257 1655336702  957116022   86510333  132813572 1227320845 1366882271 1045941338 1995529489 1771759504  798083554  304825590  500175301  358258667  234748934  614562249 2094404467  178289992 1428631020  768601545  603365293  859072017  682704573 1168827011 1088198757 1153799637 1252056823  670995455 1650887563 2099477182 1619599547
  3 | 1540185130  659210059 1467874604 1136987589  490830427  558497294 1345459408 1358522440 2038186092  343870455  106778076  729727706 1418961698  140917333 1846775655 1047058790  870173417  889003718 1121730227 1749666312  174194006 1452231705  141664462  790496704   18982314 1956811618 1476066298  847562020  375836302 1777846260 2097991483  424932840
  4 |  587694677  163808581 1784726171 2069349902 1428440160  976128851 1267228130  696446363  434618956  533021223 1981675383  998948260 1395136651 1474375499 1393136763  992229429 1924709319 1493236327  711910988 2142129564  161164662 1876794015   28169150 1840379911 1595739556  470201117 1641990991 1301039902 1635518755 1621975150 1137525831  765853592
  5 | 1520590099 2136951195 1693773858  167888771 1225228830  548176534 1063260798 1435060033  851975495 2091593297  625510786  821716874  859478918  618009783  566773593 1552783993 1912418722  642223148  913461668  259946715  332994041 1962455739 2125303054 1089599931  849395785  741908774  326790362  457017597  920167127  331058007 1421969140  439460980
  6 | 1048258818 1468412529  141591252 1191067881 1759330837  255345705  710708933 1616157662 1418517939  561705618  731736441 1340128681  675268357   22535188  713530234  762010554  359096071  568070602  619441359 1539615598 1682617130   52859601 1509615982  927571718 1017410727  509763936  748992268 1658811548 1561513637  519575824 1290342880 1994745513
  7 | 1680059431  741138441  795701439 1233635580 1581870242  831363017 1701379461  256659039 1795046613 1796431074 2091917333 1248207712  694268562 1021832302 1638603138   61261593   73177209 1486763728 1935285356  601962751  902394863 1896012415 1217531886 1365991072  176629147 1025707153  752727336 1351095244 1252992310 1655907229 1135848159  330104146
  8 | 1476873343  166126737 1175575808 2087407302 1677515688  783452147 2132704404  447592945  480306716  801899815  869178582 2115521618 1841846755  610053571  636112843  350674918 1219842686  254010818  297292300  347790227 1561995416 1550934688 1231124151 1158584214 1436406472  277614835 2063639867  610116129 1071098036  917553722  724413949   78069907
  9 | 1244270995 1454203628 2076147318  955601115 2140433727  268459455  235265308 1031259946 1388399847 1383153468 1675199849  196234025 2047643113 1254853613  612385553 1386921702 1180224262 1127720935   95181476 1183131873 1460145445  379210312 1879314986  391645094  518369135   15585940 1725682474 1315909474  650063741 1928128902  996759086 1430953281
 10 | 1495280731 1015810389 1652837036 1761352493 2023673389  411600858 1870145276  518561279 1400517701 1359481289 1802236322 1527280334 1602567489  205000605 1130030882  305593545 1025101122 1248633225  292823971 1333335597 1113376880  905367117  226283347  558229391 1253633734 2076936136  798341702 2053315032  639533611   96378259  260980933 1161152738
 11 | 1163256352  358817325  450129341 1731667073 1342346455 1815065561    7755038  295187895 2121870569  507182111  525732979 1909412234  323744293 1587456594  919230200  854983710 1867170271 2063002988  473553669 1120385270  892190223  635533605   88311640 2095013024   67185649  542640778  282107005 2072153569 1611614226   22808714  119244012 1703513285
 12 |  293964602  704042467  743750178   34580264 1423545253  403266966 1905308024  386588971 1542609004 1079193793  761096249  569293548 1405590734  213358065  728320392 1742207409 1829996716  361520944 1521790716 1001164534  791271736 1940626026 2050665631    4828842 1483690905  733035275  575826494 1392842764  595711205 1636986792  733784727  310803131
 13 | 1824498082 1502534708 1926524382  291133123  921773114 1139336934  428424768 2146742193 1846284526 1098380583 1511046173 1657341201   26960365  714041302  219061265  943728953 1570175371 1600220822  255407868 1313418758 1189266029  781788518  108143264  128725641  730364449 2050885082 1199494497 1656928748 2087701354  559864478 1835239499  128884414
 14 |  327806284 1002703158  136089875 1670310249  933317562  135505484 1944939258  140821676 1953594310 1641681023  454731568 2069334976  941192817  467372367  729568011 1985004847 1171021688 1011572222 1405373202 1922655588  374978600  630599092  481823547   51027965  660540376   18326292  484486325  801957221  308465863 1226436876  299484850  479585926
 15 | 1370217238  159132848   66340896  548934152  919363804 1660359508 1863241753 2114506011    3832055 1289613797  225370585 1052202819  777668018 1218681707 1085412830  576669913  846020991 2096282754 1438716961 1970226983 1194713606 1281608326 1073883694  933214798 1860552840 1981272258   81539373   68544570 1011297464  793538836 1681457727  454897920
 16 | 1868517994  458443363 1646299765  644998818 1590385056 1795990140  260299894 2046499769  253504292 2124627427  434074242  737472768 1652477015 1087502791 1187310519 2073337221  554160807  825616908  341371627 1572467965 1868290240 1565267538 2119884142 1295898607 1662707926 1242602032 1326261633 1133091169  577158222 1491597725  523151907 1957186925
 17 |  460910541 1942474999 1668546598 1240768217 1014675587 1870296782  181280382 1891054653  405756796 1586672316 1215853902 1176782327 1960732414  490949065  872845540  275665440 1035223625   33880877  985392110 1624834277 1313199862  865810041   90683838    6448701 1577089267  120739743 1637244947  298014190 2106218860  743373455  686749874  903691701
 18 |  339320050  331255254 1120829303  160891467 1672172801 1719371711 1688322939 1653805838  156297322  942253339  267211231  731539094  774028831  671073842  418142906 1054841077 1486734043 1918040173  322299207  443530167 1061900524  725104800 1075290374 1338498380 1371922704 1044597146  434471706 1573464661 2010498991 2007728261  568680767  293170445
 19 |  409482557  840259865  663662357 2066270221  459579120  446089654 1474019146 1259574136 1871853511 1715026096 1402651085 1823523495 1655555765 1193413504  728240362  314005594 1622210212  217688880  453827774 1266409496  532759415 2078915483 1883730724 1251612537 2037753698 1433171352  578507601 2009191696 1980544085  210640508 1721093146 1086185695
 20 | 1362673153 1001695132 1993749065  830395281  886413420  608679997  182472024 1325769566  111365824   18135531 2041228613  104907559   44192375 1366590682 1447662105  293760337 1452993848 1784040922  250284658  517895484 2067122247  243519594  963604815 1801183850  856514938   62208592  750546427  843345665   93872328  343997965 1809098516  501112620
 21 | 2121731877 1471599034 2097033325  374800086   88415237  329313714 1490995630 1692936437  589264454  212068820  338237469   67032515  157527573     919824  190406908  832265910  152915175  802934552  228620118 1796220819  128511165 1578570894 1753750142  194443084 1241468721 1376758316 1839402392  120260650 1025733586 2109834022  222468363 1013987608
 22 | 2025654114  689425132 1199923076  678202604 1691115482 1569836577  616797645 1131738220 1329858365  966353558 1599274822  496527176 1435359400 1427286242  186398477 1722466392 1715064303  884616794   90408510  491036848 1454547894 1661562120  775564077  110399758 1086309194 1704103024  270486708 1160670560 1809133459 1071490421 1330707748 1531357021
 23 | 1070682469  140715017  321001637 1990734001  564744757 1669370384  600295281  250164853 1880177075 1048189921 1235364297 1692132023  534238068 1186584043  442326274 1118153929  355635163 1486883216 1437101332 1338026547  967432849 1230195742 1581665462 1428533088  576751491  717313315  686124627   93269572 1644647622 1665392438  193205591 1555125454
 24 |  733448769 1506528468 2145635360 1458950964  492993998 1359485296  571249014  303075348   24429670 1419641448  883619830 1984049054 1341293275 1031108286 1695037132 2034076781 2059299813  178740374 1644942354  668474064 1098189304 2135607591  900357294  119992628    2308160  476597916  961839632  960593269 1246031583  107692216 1372822756  154769575
 25 | 2061573733   74489501  131340369  523560894 1193085656 1647197187  910341448 1414102916 1318266729 1287366568  810332097 1247716122  766398606 1238430998 1773736380  156306503 1071169830   70665137 1667193435 1494603860  719662909  801730525 1259079645 1796881232   45885765  179657046  305904835  735096263  770573872 1234861035 1514566302 1856136239
 26 | 2044370848  237786609  736029801  165462905  611758173 1123412480 1563761108  210790865 1385104218 1209590800 1923105611 1435983845 1213665842 2107953916  337462994  905444597 1485756394 1431064972  807875294 1787037350  529991367  245619376  549056513 1045604759 1699131653  727936537 1569267989  601112554  664060507  826037102 2115356926 1406106713
 27 | 1692864292 1264357771  370569886  441602773 1854508342   69878819  110436505  174868572  600016210  507816818  386791447 1314790166  275925343 1229844511 1101074491 1493336703  113913069  418892936 1651265811 1452234621  243220338  911605402  170130593 2144528043 2036500020 2017318055  373511405 1213783402  157656138 1079984218 1140323884 1982543303
 28 | 2046653531 1803968095 2096974541  270013737  990740542  429974541 1823624250 1950884256  746222557  409560501  419299188  372416531 1690598203 1796156158  509091721  771263806  405169224 2014762839 1370914005  748561675 1870730581 1287281637 1964794105  108088556 1162804944  976266223 1376051845   79514901  567148378 1267481478  192408892 1099114390
 29 |  929906992  126280836  787419500  590019881  760156686  107764555 1286511991 1284453134  632186526 1968552533 1383231589 1974215945  652042114 1210491019  181669438   49913688 1763259348  732974833 1150920788 1972972245   76666346  661432371 1958492026  306357027 1944213481  209253372  990488377  517658352 2038581309 2088408172 1268757389 1858551636
 30 |  599390629 1373431013    3971296 1413952070  438711247  648417644 1694819392   83873648 1251821794  974575733 1296655546 1371325053 1102981910  325773004  183322133  524194194 1306668985 2097293120 1792007918 1265894144  919374853 1180044722 1164369432 1885475568 1119275596   34248628 1575167089  369363549  793057346  210283985  345142542 2082838442
 31 | 1897554238 1021421254 1084417873  159584128 1197009468 1756332328 1998674350 2051713546  894715889 1861012227  906313312   56530422   98863557  724011403  740055306  877336478 1768377860 1095216959 1158392560 1755853361 1190803476  277337697 1792593321  125243488  332619913 1485854077  842458556 1780343901 1274529731 1918576991 1632774231  702899352

No zero minor found at deviation level 2.
