============================================================
APM Result
============================================================
Matrix file       : kernel_30_35.txt
Matrix size       : 31 x 31
Prime (mod p)     : 1073680219
PM block size     : 2 (fixed)
Deviation level   : 2
Minor size tested : 4 x 4
------------------------------------------------------------
Timing
------------------------------------------------------------
Matrix total time : 239.4690 ms  (0.239469 s)
Minors tested     : 4945080
Avg per minor     : 0.00004843 ms
------------------------------------------------------------
Zero Minors Found : 0
============================================================

Full matrix (31x31) mod 1073680219:
               0          1          2          3          4          5          6          7          8          9         10         11         12         13         14         15         16         17         18         19         20         21         22         23         24         25         26         27         28         29         30
      ---------- ---------- ---------- ---------- ---------- ---------- ---------- ---------- ---------- ---------- ---------- ---------- ---------- ---------- ---------- ---------- ---------- ---------- ---------- ---------- ---------- ---------- ---------- ---------- ---------- ---------- ---------- ---------- ---------- ---------- ----------
  0 |  479203451  979565133  655381534  449205416  565429647  715209817  569170394   84016125  993396103  975734963  994369439  713143225  929719954   80461706  577289850   40207576  690629728  781128256  245527607  546237190  649550553  597087691  562776495  106602368  263084707  956961705  425596485  467924711  167049136   83789381  882333186
  1 |  715332086  617719280  626584777  721285834 1029703005  571334343   92770788  516222454  442475633  469616107  794963741  574624785  859971058 1057125557  385648467  120108893  406796240   43509400  444408956  858356413  941791783  877150811  386354320  973847050   30001080   15793516  541378920  818472385  101779943  260771731  877378505
  2 |  598501431  644712357  684959411  521112261  506005368  580989849   29514253  573713544  748199770  837529690 1061697779  591788918  963015619  958986007  857871531  671473871  559535603  633415624   60332542  545403928  656973450  641899293  905988222  877814085  534908103  945781257  648785347  424854968  416400266  107807095   83877909
  3 |  210882918  937771667  796688691    8722780  610321082  828111150  381901312  692246049  789370968  192341084  865746270  512777860  484803486  365020163  145962325  205496971  912231629  840525312  283348263  738620810  821442019  345651091  995412461  941759657  318301153  826873633  135155151  233148946  358086187  233781514  116666782
  4 |  188042966  154597585  697180999  986838122   93532889  709841382  965949216  253388156  682794614  331579363  548832294   89168444  597808090   70241640  728384828  329008140  674363597  540358549  593488206 1065324459  384777109  830588642  866668879    5189115  457682876  774161546  939792893  373461621  844295714  243564281  937739569
  5 |  700991560  406589934  546624877  910849086   59723847  300010835  878330212  400191027  136984453 1065901387  543791524  585600898  468799170  729299665  944100581  160851021   43740790   59778268  629281482  657366684  296490389  772052190  319664171  462683997  826801493 1061362481   57322577  934532227  930324205  123841812  514440621
  6 |   49658090  368161347  360391262  446345418   99527008  940021556  395871952  225978347  259143991  885846952  606263698  442294925  464392270  350085761  120593225  124418454  954787269 1035984059  789786407  674449286  797493565  767697108 1026983603    4792225   11680146  527138283  954974896  369466496  163285978  430116320  797997178
  7 |  512283289 1051107915  902772552  974884689  375484237  112283645  284350099  982446455  478493322    4720400  896492647  555766318  263719952  144903904  509933815    2975709  430110190  518553390  802537047  647490433  374326494  202305136  325787950  478246745 1054468739  341051528  433730752  177932610   48523580  709038719  774976437
  8 |  453518635  165009669  229379497  315927209  693001553  135255263  375545214  370531588  947319925  494437811  790638959 1014355376  636031302  421571687   84878364  792573557  958796529  553107339  192950537   72371111  352134389 1027729955  922168902  374027118   57897107  550255201  579026101  806074935  355853409   79106019  881870594
  9 |  774142975  159973457  822601444  898404679  900518502  869947986  400739249  774604456  802459372   53175803   75737532  459505917  931175158  601031952  346991817  961043445  176159636   99240396  792629090  492211349    3683789  370995763  842321055 1010075610  781774315  473007736  973816987   20510371  837531194  821620363  625305430
 10 |  968819879  859226854  678309237   17018925  204248162   36592249  339345194  679289488   88217885  277050696 1010557625  692761285   33173780  729993577   93866462  782557560  160296400   31445004  823070718  779950843  589969452  812969266  785176019  838379894  239323100  482320674    3217946  262576803 1000326379  627792135  836318067
 11 |  487993509   84758946  735405680  685669121  609630022  387559004  615584528  651443564   17218066  835543076   59563227  974603285  239065653  211514046  197941493   91903690  404345281  310448139   45189083  221277629   40943926  566468651  956806701    4561561  826490745  360287926  905664610   18531276  776438419   35060230  444266732
 12 |  378882550  371798543  894359676  884190842  609960016  190892410 1050297421 1023597451   71807841  625782091  630800481  837787865  450635852   59189457  280282077  280598612  129871268  572021035   29880027  581856175  370302395  465109302  901097666  302767758  980179112  248656725  559695412  160812447  656563358    1011462  834457815
 13 |  259688011  869874582  777155449  534058729  737657361 1045507832  200805323  417992791  128120186  729967852  214911764  804337362  336962310  743682685  630117838   34036047  830796818  324913634  849244015  497072473  374793288   60610646  323363013  834280984 1056408152  367329166  218833202  714682952  397528218  982421425  858844154
 14 |  103902170  865679928   62577510  213605464  527043713 1071528550  572480686  227325690  927722937  507764304  922461001  688631720  690637813  607968443 1036111631 1040352669  611968807  459496004  843967194  758512199  637669466  698063180  868544150  745036023  846960703  556058566  705020689  952283153  986521227  492012702  789175984
 15 |  113531115  885492548  826600415  866375158  482111700  752055309  997070883  621341015  134703694  671505898  586950637  615630478  974492956  947021393  888827016  237307158  115446231  692818893  128264152  534423957  774851035   21189420  870403058  861351949  317075540  466567989  380964755  972920430  707707037  875872100  988286846
 16 |  106118052  628398871  791700482  994331831  637669535 1021069919   30536065  474440984  422675696   89803650  611631215  264695834  932519862  389225345  788508720   46514565  618000183  804423152  723524457  388227229  527493918   48746189  539991543  820307683   46874400  835230385  664381874  598036598  829506850   30870650   93944568
 17 |  606414064  227359878  882884755  947653044  931106420  469558378  700351195  575182909  480062848  278712000 1043057692  153239487  970418574  367870977  128457255   47362658  741500199  617078635  277402143  146071728 1046759765  992988600  204276205  874838053  252098501  130344573  465894607   98491913  662961700  384621355  671507894
 18 |   98844500  878283323  406588112  514892121  959000124  538824712 1069920291   75240535  722166664  981990482  949002205  520580346  300318394  459380122  153844166   42323413 1003863568   90149695  369501752  229039448  806719688  384360755  890507303  619234397  674777424  529247754 1045029694  507458397   75540711  308577546  567973538
 19 |  665130974  602149975  894742602  747793344  496349236  425231120  172821300   78589379  811828774   64509864  822217378  644422158  440952803  933690692  298312780  946306835  424567480  365722671  813440636  259056754 1007922701  143813866  315947712 1035242753  549524334  388671197  877597637  678159118  621464870  286265482 1068560608
 20 |  277615993 1031495418   90829210  886635102  815247796 1029441011   39433857  114803273  822488333  336308273  938877180  540528316 1031896746   55890764  821113772  928443399  171156572 1008182344  511661792  270884827  254432896  556963756  328529502  217479694  215841762  841591456  712561879  559409048  618871022  580153506 1065329221
 21 |  682579000  995622449 1023258714  649383415   87237990  854816194  378955542  624641582  703912023 1046894619  771339007  313181849  158784902 1053849014  511994850  725794610  431113646  462919191  610659436  606451105  525655244  168703009 1046083285 1028164442  919088477  659153711 1067069939  803998934  680886074 1054166178  449508806
 22 |  630298362 1069032500   86717553  805517815  508471658  203607936  360793517  165593571  299871752  917248507 1003660806  337110494  867195377   50351779  615083756  644181809  734360858   47046436  929708120  893401243  301483550  144649138  584424155  797268663  871336478  721249279  561910877  351749654  912857724  629234594  562049650
 23 |  624457553  724630222  137461777  574605803  658809374  160548080  861299292  721361237  466863827  929579494  117202141  481560618  382294054  747180426  157782135  805020406  649617464  729073123  453412559  669736317 1062258497  340467599  258123219  522694718  340072179 1060965879  680200574  981276053  379558343  413430209  441645706
 24 |  254900284  657229184 1000779220 1036642739  611901205 1038407050  583961887  116115229  675142871  210164007 1020800485  842900970  556637437  630477341  958038364 1045304554  939404917 1038895171  538411918  653820057  756740684  377433626  858030702  104970325  459452967  241463650  647304205  438089724  977412751  133311409  594073143
 25 |  664950975  883045229 1035723539  555653201  709394505  771586529 1065781643  190074064  484794466  226040322   83743338  471520071 1051739422  783738916  408038180  722335934  472667059  783776833   64095228  824664474  614801392  563860951  272096844  938551096  793294868  123459793  204073013 1015494631 1008310742  198117169  187034568
 26 |  876172919  742104622  235987566  849887935   44929896  421826057  273911618  806265570  303343151  264870159  374730941  547089998  550517572  747516857  955155433 1035858865 1025459830  880080372  600216072  704247535  191023401  514280343  175540667  532922566  173584378  231417477  546517944  391622481  750260236  421109469  273149007
 27 |  551539847  984570366  256739747  731579693  633924639  170299833 1008902271  422898577  311971545    3422788  918488354  143759631  901561683  982414907  890602198  965871674  601290759  947362530  655446569 1032825823  359559447  822196020  224949286  576317170  626517200  559020702  470130506  366644277  216331327  456263169 1014988544
 28 |  388628893  120911810  710060076  598581491  408259367  651734998  143938647  905556006  816073655  335044694  310799826  826208866  878284180    6823657  118599780  845463884   79479739  212198532  758664901 1002342067  658597250  352542072  339231879  271107163  659054405   11918172  394443351  329983629  366350565  974234507  423968930
 29 |   79459561 1034821409  733250626  383275011  977068283  610663681  471027741  542476433  915917692   71251482 1030955595  253906345  972125376  276103848 1037749305  756532142  618085121  401587723  966646431 1068955763  352272405   17558615  620140626  209586235  876969102  141718722  157025287  191702744  393486969  226263409  121104818
 30 |  996457717   84673933  262336043  658440449  377417964  233282694 1044941547  229294233  633636112  295522823  243877529  930853433  670993504  697391396  289354126 1013760964  810134376  706887200  873159248  757341174  791081845  919205863  966578960  560946935  638462718  361296353  675105762   85555399  673927735 1020942899 1048902416

No zero minor found at deviation level 2.
