============================================================
APM Result
============================================================
Matrix file       : kernel_30_48.txt
Matrix size       : 31 x 31
Prime (mod p)     : 1073680219
PM block size     : 2 (fixed)
Deviation level   : 2
Minor size tested : 4 x 4
------------------------------------------------------------
Timing
------------------------------------------------------------
Matrix total time : 240.0569 ms  (0.240057 s)
Minors tested     : 4945080
Avg per minor     : 0.00004854 ms
------------------------------------------------------------
Zero Minors Found : 0
============================================================

Full matrix (31x31) mod 1073680219:
               0          1          2          3          4          5          6          7          8          9         10         11         12         13         14         15         16         17         18         19         20         21         22         23         24         25         26         27         28         29         30
      ---------- ---------- ---------- ---------- ---------- ---------- ---------- ---------- ---------- ---------- ---------- ---------- ---------- ---------- ---------- ---------- ---------- ---------- ---------- ---------- ---------- ---------- ---------- ---------- ---------- ---------- ---------- ---------- ---------- ---------- ----------
  0 |  412445886     805564  499399658  158406910  577784605  534666780  256327151  217025052  839551652  973076523  427049970  431913551  576233035  379397975  246845379  105460390  410350300 1067523320  398336098  247481506  572012553  563510125  672765824  837075145  131849894  404896716  299990370  366989212  406835013  327064792  627365611
  1 |  836351588  554876014  184480452  228878525  406359673  513936379  770444774 1066817148  410357440  929731284  429738038  101354760  129388023  105183443  845475890  355216656  366133655  790518736  528914246  244395980  943258589  977869939  696734992 1067845213  813725751 1033427346  788216411  217009172  861126061 1035960944  371667357
  2 |  806255652  634632909  146928882  326811204  246962852    5918914  326761089  172624574  479692551  434636621  834912183   31190614  789315315  483052967  521775532   27765543   71418555  362335367  928990780  868823775  640300828  427155167  687420797  883976793  728497324  377294822  933861948  602328242  624718544  904598916  968487705
  3 |  696144519  533710896   60272277  491254222  608234876  226483380  390553263  120439328  214647758  143740672  959440317  622493273  268007016  376490281  187831169  195639786  242080280  413306201  882648106   61888100 1037572010  304698311  254226364  833632483  723327519  596436683   53838926  277763096  688248036  178447456  154858409
  4 |  626277606  763082458  582352151  471275434  311803177  882302325 1066691063  589103829  573915239  297561133  428489908  788964179  423923837  629151535  327545412  568101345  175296841  799842979 1025058107  694268833  846699482  174255643  607178790 1060696410  332725003  550374295   65900432  389840031   51936514  558224751  951021842
  5 | 1023990883  190811756  960416515  614444630  551320191  617134916  702473759  145683502  841724509  338774131  906733952  747428343   50426335 1051047509  192203508  216099138  183378216  342396464  148718259 1063822727  501597121  103522479  365671078  803602881  952073119  280150274  822560464  419317390  505529278 1058264168   75214727
  6 |  417845089   83531069  532304149  750666245   92073848  660588500   88525135  983942074    4804892  173601776  893760151  863995837  158110617  860842338  846310000  325987732  368381500 1024263253  262137966  394317895  300634721  235352432  228275571  757787685  509598308    5963918  435785007  727880107   40467691  778485643  477400314
  7 | 1001970421   39226361   26419397  114464768  982021410 1049047295  795104668  802340087   28965338  461565684  675381233  744938557  694799677  588643719  652357992 1057448969  532744630  978566369  873119741  214190954  742589862  634163025  828770120  387296943 1073143950  393141340  807875461  187864899  222406687 1004831247  592593912
  8 |  252992628  427161476    6022411  365956365  721259714 1023440432  194557412  494084814  329510262  531541134  511197484  970546299  725529226  280501603  120954807  786941865   90219414  286355414   27204390  665003928  450746640   78978066  871686033  596987816   31526465  238668230  648710718  758510755 1033725822  980155555    2684403
  9 |  570689731  424965083  238380406  658054080   12107365  276160596  492346712  177789070  121859507  701784196  600012758   41579720 1017910512  909328766  256758597  825766606  555279846  802525657  398288967  681079005  480012615  176234848   60239457   29102912  599874921  445993548   57771450  399017866 1053430219  403196491  652834107
 10 |  968588940  284646194  818752307  320863904  484049147  835152289  854976547  739836992 1020820421   57101499  501196615  858088955    9224993  443310785  292576672  124371542  146607698  504182859  858114860  612422548   18995782  985172151  897242141  810025736   45053381  754476009  579958778  308740865   63715663  852754418  470987690
 11 |  283250328  332604045  574284842  118486688  970752968 1069852515 1033200007   38084261  724565815  826398290  402691991  548020476  991258640  417096181  240746723  992011746  893196220  274374641  590521965  605079064  611195382  774438618  511437784  972113360  705080561  609266760  131193951    2259770 1067952764  884903008  505872003
 12 |  702832051  876109755  833114250  743673552  644666535   74379496  622321401   50225061  368817719  268186098  297762361  959668769  756360863 1013375554   56299928  461284087  800747040  793620653  460406250  817427153  229365120  194606459  728816457  677822759  193346954  201028569  306820644  920521810  480111440   14488450  135577248
 13 |   14481127 1016818049  297637664  269311809  475426036  248927194 1068023930  326514781  323320325  998639088  501282586  721944578  885609052  107688384  179399682  651359177  767640130 1072426376  671742276  717600821  169221622  617383937  108840540  368953426  606031207   53751006  804415297 1003817409  625120608   22183859  642608285
 14 |   26291505 1036622277  434597317  418026489  652043594  993223491  629181901  469071776  767469745  152157806   22782330  851412292  799792554   40048917  441681989  245512471 1064098470  933919864  387431106  827205107  130093850  846510217  576399471     507132  119073267   18941205  987143844  120526861  766399053  586174764  439377248
 15 |  443182857  764053712  616848243  389246496  485234300  463432043  141140202  755724420   50484553  297920385  468275421   21528754  195607658  423178113  906445173  241329775  312487163  622157044  193295090  666027877  465670440  107660338  619122826  748377387  994828993 1033971287  964254427  897514287  881860647  581527857  661575712
 16 |  181536382  430473302   71930267  274122144  729023522  817656671   40637231  150322790  645186492  479294935 1009147786  117804696  446963290  328057091  509492340  304917065  814514329  273603334  108463383 1015138945  327255899  119214029  726370792  683577572  329798012  720127277  285247763  147371584  263160290  895576911   47647717
 17 |  742359159  343381910  507080185   59787164  953540667   75015873   90583856  206309279  504817150   60108470  216835500  841718298  776581265   63765858  680757798  430059894  151983230  854203980  278716073   76110364  707315748  473684523  747181959  207275889 1064523624  681317404  640224619  290721901  921017248  226882044  105436254
 18 |  279195748   34787837   43293268  958390366  764618816  519746321  388848806   65323159 1005456805  529363300  593010654  145044935  903747427  750421959  436735281   87419479  177788868  986138106  684426489   97832523  655801843  944286925  891140990   97777538   41099105  243378941  583065822  729129226  288151235  758822441  225793358
 19 |  729420067  917834214  696489532  695349873  401414614  978210116  160414022  437774294  585540497  809086478  319723073  331135744  455839351  541561269  997453770  488481805  431585171  827354836   59249092  237520012   22712853  353844057  770734763  783836635  714005039  725415463  629062663  916817301  348773014  765997628  930564841
 20 |  275719650 1047753192  833397540  393470886    3133649  955830090    6840891  425709067  997971329   76216606  694310870   78695610  315157013  352947462  340092147  237405991  816032819 1031905697  799360608   36822497  142442828   27748345   97291974   46503466  826376149  742687042  540851453   88892006  610420202  182415797  246971976
 21 |  506592126  804575035  312326243  779993358  987370827  559644336  557937871  307796015  263795019 1032526917  456094288  785693778  577692132  695883823  303480305    9613844  232548449  648279475  482948056  529998487  249400167  989913985  243916052   32507043  478086949  392049198  570123199  976457792    4284892  312978209  564402621
 22 |  993454225  569360392   89738163   64825733  228703726  593526058 1000027990   88544146  883487889  369607818  331245176  473126628  455931121 1012072320  769304481  165441506  313377565  644913270  894680336  298669246  787292248  380764448  153271157  770957587  979613313   58151257   66030670  519702283  708670614  169458509  571454194
 23 |  160747843  533812341 1012933000  811358478  895457926  554636751  460682083   14812953  910736137 1037175510 1037757500  428536488 1012738116  173347600  149448733  230151132  679452827  719990568  830294629  289417531  502150283  607231124  707869694  915486115  155395537  145966577   41670952  418285270  919371329  399202392  509492505
 24 |  798194501  339172204  287757844  615966186  296968255  912472004  724532977  460246289  890657069 1014892971  792213106  109960927  223282367   94261506  584274456  254394035  760319098  240183483  772470763  151141908  647214496  519253988  284408571  875006211  549320869  305430916 1066187798  182631497  786127625  887173727  525231624
 25 |  248858907  893682674  422364098 1057960246  960259937  217920741  542079393  898689619  278363434   29258787  242836022  883311645  467328019  341791222  707253999  311157064   42253769  801366199  592630751 1064387370 1032153992  920102790   28024736  851659586  145422493 1024784666  595457796  964250229  224894648   81301084  806138558
 26 |  109927308  518925178  572961763  139016903  670954479  359063499  940901709  691704458  141411092  189568556 1052080531  182339742  737832699  514011395  727846494  855843404  551972026  985267256  383963039  193870478  571094683  110118961  746700308    6538226 1010667833  400380038  872188989  639921183  889787161  180913051  218132467
 27 |  382498251  858345965  224910475  500813053   27286189 1001513879  155858687  746915407  952875907  223206678  349895244  802151953  201584914  718798862  619276869  651739256  794782033  213910456  777326889  886456801  340677537  218872635  933793072  503606217  621919087  143841295  759028925  168242400  206165298  433168029  296863743
 28 |  357040060  318895870  123400731  421195576  307973332  572503477  915641162  485437118  286375027  681743302  425735066  111501486  435877322  152136190 1036289179  424664651  407552167  983017661  113947822  208970029  290809168  435956380  477286419  479453378  397812113  495871159  921583164  167187707  440058332 1007409574 1046514695
 29 |  334398181  162264801  523726824   99185974  565367442  443150719  483512804  190171106  929073516  721601256  867504529  179648147  557316296  240356009  240224554  228836955  913415247  331775852  989418413  745253983   26593486  793720634   43889043  514696652  465339653  699353283 1068409728  881920648  565923788  851083458  333233656
 30 |  351825934  437981905  440698307  611181636  763745600  778858220  184978501  682382070  310216877  693231819  718138122  958402704 1070574418  430051010  721711057   72718715  255137166 1010120432  801375870  687830455  442108316  827688437  902324876  784746290   11711773  224368714  627400682  365389294  421525432  896894998  457200297

No zero minor found at deviation level 2.
