============================================================
APM Result
============================================================
Matrix file       : kernel_40_32.txt
Matrix size       : 41 x 41
Prime (mod p)     : 1099511627689
PM block size     : 2 (fixed)
Deviation level   : 5
Minor size tested : 7 x 7
------------------------------------------------------------
Matrix total time : 337250.5930 ms  (337.250593 s)
Minors tested     : 33016209408
Avg per minor     : 0.00001021 ms
------------------------------------------------------------
Zero Minors Found : 1
============================================================

Full matrix (41x41) mod 1099511627689:
                  0             1             2             3             4             5             6             7             8             9            10            11            12            13            14            15            16            17            18            19            20            21            22            23            24            25            26            27            28            29            30            31            32            33            34            35            36            37            38            39            40
      ------------- ------------- ------------- ------------- ------------- ------------- ------------- ------------- ------------- ------------- ------------- ------------- ------------- ------------- ------------- ------------- ------------- ------------- ------------- ------------- ------------- ------------- ------------- ------------- ------------- ------------- ------------- ------------- ------------- ------------- ------------- ------------- ------------- ------------- ------------- ------------- ------------- ------------- ------------- ------------- -------------
  0 |  129097257884  204588035916   55796741892 1063819571537  116365194476  850932373231  930513143287  498329535816   43922382124  399049000191  827629336351  419366754151  971751838953  795246381949 1087571834838  754415228089  338784542618  181735416799  217324031615  305429705178  477365010915  282490880868  295791047064  458148880664  613484016841  831860703969  438129026629  934016753089  465293165236  735695662453 1011395597006  772990385941  120693879673  548053553807 1046595909231  896374686120  164951329576  407669313473  683759262582  911068979412  636272344036
  1 |    2171061914  607479240704  152540321766 1071470288151  790497075888  173071007292  847495638583  397139315024  411044454214  435732367325  136245668253  859928452640  750107327760  960632630900 1056920584920  177811237324  220617896632   97897748086 1037215798526  464943406609  927731682651  604116027976  822975837878  245663031014  894429427587  450265071284   12243362617  824325129075  681472861699  225662449387  392175157355  899060642995  870554596994  204845313229  621538658749  103226103275  837411447711  676399580481  975424935219  872742925268   60066502552
  2 |  989109050805  349580535817  280398123958  619506074503  307599112339  957800425476     935151659  351268699109   32006979462  571981396478 1095600713498    3040830438  920002229133  133390448526  681430359128  565637492958  645549557639  594407761217  446764850124 1078660932227  955828305294  617699071734  728591211979  499865886550  122756414320   90413953340  762860479518  641405243864  117310256154  150080922351 1021070300220  389489536347  636902484396  164057154037  559897088608  798649418084  771040844055  360307341384  473103016730  802786000276  946810567762
  3 |  467313361202  861703282415  767084507893 1008336149747  169612986783  856346973852  612461590226  976571763040  221599603313  373734054049  624351505396  401083885653  146485339460  567700248991  448544501982   94870991344  127177620446  277304916102  256948253857  215699982556  596952047835   41271506997  712722198239  177604118524 1068031951483  120695987848  951340817068  635164575911  234936764107  436247586185  995206308950  107987499396   27312145998  522471784869  778486998725   26818684433  789850966005  902760645754  591146855695  312833794892  510692063907
  4 |  916502395952  296367942851  136311381933  326674952464  318902128229  885733119235  853534609088  874956683014  344555688374    6820401728 1060123075773  468811335773  512741953079  885757437064  800321775978  172007870848  271803801589 1023211372975  140687584578  454620106773 1038305681365  631760479240  763530272371  456333699943  719116968611  224719418011  346633032524  189003643352  513344294617  704535434434  840242857511 1077006087863  255164789417  955880899971  195901113937  590209597824  445479582839  189773760143  662041088536  915886199465    2423398497
  5 |  735086459067  223367956999  302676854086  159383106585  126623897710  712645587012  667839638084  203290736354  194579901157  793434756194 1002201414408  810185536279  936708990350  899282344161  119438409483  740627267988  511836905951  934704924424  771049690345   58626511002  768699010533  802300713012  680324933627  679669176087 1062920295972  337917259813  664399957756  591715974985  336825624244  515623540210  220022564165  930583284828 1061410415308   93978458867  946848280402  333589321475  572160689682  292227615563  117933740714  764964473098   82149839402
  6 |  286315078234  950611476817   53617843821   86908557635  495218825464  130755009287  792728365982  290652195173  141628538029  693281606989  124624020502  727713137504 1074711738647    5681651193  443096113692  602498941594  861834294209  505476993734  582718419288  814082912039  494519818187  278849157769  979391697249  756356133836  157072069472  767722881582  930211841805  181461704452  712053523803  561461632301  711698448345  786598643563  353772713204  365672439159  669137387913  978946354601 1033771067855  736487736960 1056079340445  657153450286  764636380885
  7 |  267608683842  483109279233 1030470828360  523335437385  312841314579  109164039621  205014082188  718363339073  355615240658  333478057769  173214941897  585499246264  101601582102  747170678800  528194377905   77520862640  610894853689  600934743298  759210471928  243916569277  516339242388  589606421903  944148920493  554595448538  904809511984  219618311071 1000495283291  733876058991   50005789841  671121605336  471149092139  775929262964  625757821795    4260966018  510908983958  667260556324  178813139953  906171363441  240676124888   61134362105  444950576009
  8 |  430445383608  450806355222  334026176643  493547818173  978482507978  215463149580  208795877286  722082883729  843017089324  851422708383  578741974618  446525565693  500103364981  317864571956  838073748020  173511425209  646553005294  281446292993  696256083787  267164539521  613004946085  544660013864  335964092178  873940366213  922459276454  606111067850  419161935187  970364367694   31463599115  559783559027  751125351093  400787910439  575625256499  903121894947  285275502976  437350699945  125032908433   18404844285 1013718025894  708268893952   49716081016
  9 |   33480952880 1021925371841  143607493676  310671958431  577783917917  791847594164  695346292410 1039856180947  906048395157  455155924280  785182337238  540582594859  189153231978  482587564268  802730785813  872646197892  136953489700  672194703623  391776285923  235388759501  251547333671  727657894932  186730647607 1033845086472  323693390651  764728236384  435660076354  129513230066  103601992416  395654776688  858703700542   72095018884  120629767443  178220486671  196841856542   98607510524  323213472835  947241720198  128718661822  683102359859 1029346917736
 10 |  598613351019  562262470530  229609717000  797103633767 1010632967243  345209391220  456778333036 1086592043158  638042159251  731054121715  729621866647   35802355850  502242659281   71677044471  686628529428  475360223726  518768358127  213756211741  153377485911  305659796073  144889865179  135145136412  658277660513  886806135573  181439041192  324646360387  245661031094   59488019384  849460497790 1014359721690  700817538715   38628361369  143907373086  987915614859  162739684134  595144071143  230238180457  329861921822 1044721112751  371375673280  946065269923
 11 |  830664095603  894353819871  940423316958 1081512463745  723779572073  867849968524  836190371002   20563970307  593134967662  519276137621  306831973494  998451276387  183143461692  549923210586  175030079611  655166596926  906303996902   51704756274  725916414507  634954542573  724836048196  603534801276  765161994602  533845929067   40567757653  382525020279  690235709573  855509604725  424942086710  692469018212  880496172181  974310466064 1076714479249  375040617552  181986092598  989324979012  479206230268  568504286518  771176761070 1085491198353  732401391896
 12 |  160867740200  438984799736   99083590889  381116482355  799817331502  851566921390  543907987646  797275560431  581005321375  388959755885  422323910297  532868891110  859101361284  367328470177  290137023764 1043854012891  968077582105  367731389084  624280801858  649562182128  327373223437 1053156332211  997434670639   79852474431   88604457666  903900591952  434249415227 1070489701823  576524644275  973978763593  969604076596  932224114449  113572937692  161193915797  814325083167  193789625578  515098975783  509675968177  973963102953  937250694743  854889625822
 13 |  353882721518  577783703781  405834825773  363771222971  361675059210   53325167844  414594724959  615783148814  973174607239  960794009001  379842599376  774594976695  584518380513  865633504079  536103313563  483942950690  297721901403  789638057423  755915659674  886982118367  466002999862  660061772149  752514965447  627643922502  916014198633  199494879849  754372519061  664194950077  489580970726    9006987439  930897842811  278839835241  860572224380  192681861652   58628507142  429324349393  612567248078  422692848594   60127858968  110808635216  384043357038
 14 |  434428261720  824594869938  706725826120  400945172478  401717531785  627750622945 1027222998690  525887897998   22963415892  341200949342  738326104182  216683585822  848284050111  171706373626  587122280718  755167154197  725395913331   34687581537  899525411947  395718790754   84639400841  972534955260  765330531053  426494491099  780491210277  207512972129  751293114155  627521642530  379369765080  425576860286  759426790488  924511358496 1074872382465   63725042642  659285016211  152123857487  818351654481   79799943982  789694523451  965702493284  403211910694
 15 | 1035120036284    2954090937  831478964464   91699537195  439761437198   43924222326  184055762120  291328737229  547023156943  807351648861  770076670408  335226148013  342414377820  966982901234  885685790896  203791370927  454545736378 1004830457029  184077002466  883027685315  693673954405  387660286911 1027891818779  894225215424 1045742950117   52496037006  877955296233 1051221803398  453459891109  808524954241  881543255835  705512976654  779230705832  140451193246  995701694031 1048894530386  439013204587  273096215893  950564186739  951489850587  947198311218
 16 |  934195260666   15843295338   42853636216  901685739252  290113809360  461880821380  971592223794  123562325083  743384231410  471808369870  814242044433 1022389618279  944917913024  247143400554  221350149061  858132605092  820093754316  766558207580  920681186037  152634018325  770182923989  611019842002 1077768620531  469353387714 1073038343244  629051269819  693550286431   25595556606 1029348053805  838531778909 1079594864421  794440451809  590988329029  753285284063   86679077297  660173517945 1089283439823 1088013143046   56132113512 1010537686442  101131698392
 17 |  991718348009  801434625051  275950512232  307348597552  959952705464  765404091733  709671526527  182976273251   40097498488  111651023625  280230965731  882690799469  946916161962  141775577752  596823758398  150904696179  450758320557  533997515480  233312608726  711638994724   29890266886  645358329815  868191844270  447465381280  771781870691  604958667248  700624819233  739449775900  111285995324  808169875985  587794558834   21619103257  972019433504 1054253626652  971839915759  604827387239  146660079465  983052179393  556036100341  613409920487   21837992033
 18 | 1017555966357  417717555450 1025282349666  654621904900  637743598845  307076457100  387899561752   47568632175  540906776193  581976857111  431739478009   90426161269  416257236178  683395801890  271451054781  261949497866  381143702730  875842761406  774549921549  324159786649  131822815764  475929046069  240375833138  546440040830  162763550114  265015078001  406311492801  799349829131  862419846445  281890571833  647584552873    9152897693  978079979869  976271407547  373046630008  145826113962   19778078883  756209164930  480814806279  884992311543  978904145159
 19 |  845716657295  785175694101  199898305532  790580502930 1084600968008  660403122123  577763788526  920851743737  230585389177  514459269440  465875490409  107304201918  297591938983  958515464213  534864256788  971049707955  233248961719  811136065207  241331306159  723245234434  920946256503  270029207039  856391008030   36543982538  410448724633  297689733968  168364585366  313640866750  112416364057  978541692908  963828240259  510035993171  838865756317 1047206041183  248944452504  987200919387  228097203501  951597105295  987219723107  444301994000  721372575927
 20 |  355810590132  408095837616  777957656804  743678432077  544516000579  198957290780  535889410909  737592119400  477061956848  131074693642  157480534233  739601947254   37159246505  763065470405  393317094412  907065716042  464847219954  161632868985  644422960545  510683969234  876421771842  774667431719 1062178132794  840161030972  976294538635 1011104669347  255376084168  269886279908  692243216235  869656697493   14516509765  278049932177  995552273057   85834601807  835928846257 1067185191491  847335873995  686994371252  628123550853  703575679999  736698641293
 21 |    4721232111  741377652916 1098290280948  519171159659   33467095420  582491085747  714797204083  133270786268  886952505370  509840203990  575357450397  963844715719  686538247720  574432571010  130832715299  988236682939  156042464648  181879459476  509411578369  698013703119   29701886132 1033901586894  303917734810  469913902423 1003986575005 1060694362220 1073892751597  239216622730  848942249165  133080596528 1072287068991    2801891648  568554783991  900245798236 1042936581291  939223037171  798321805829  627822803469  632560200852  956435678569   86016430383
 22 | 1064159169255  319449546449  194343608728  705725068143  319178771646  547955493465  536448983134  979484041160    4641949698 1072846847405  915922030757  680518466560  395710031872 1090637599142  489406078660  420042318515  702731012724  851254708963  858477743766  256947833893  677952865801  578189654308  912685271349  817875164741  780304118479  770595258008  211058369951 1048349349389  772356108347 1054822898112   93532552993  864837570125  119587425242  755813500066  611527184323  783304110582  158921201726  933040511781  499023523005 1057908644079  269438146923
 23 |  582396781929  844719419249    8388035797  742216531377  627301033885  405162687728  276996768237  427805404648  555351440257  824556518243  980973005695  206123542049  255264721476  656296079064  899282446063  729503727764  638352440273  320655711902  481069608585  998889618863  101355677685  477840965799 1090162197794  810048884642  234555016812  439192143803  307832543907  439315775807  878789697346  259349538408  113996251765  151593931163  524214613084  709135915842  493468052996  122089854870 1006820134142  816712258370  513434954207  881315859227   11591549766
 24 |  355036507603  150370893614  828390860356  221200315057  495326486705  542025261133  882370635627  144359081238  367912369702  238950649591   67324542189  501756147603  584024357760  577803684838  847660447155  320054878085  509122230852  816132744035  389879642189  604610575856  552631679266  779159580583  857234662277  541206186495  921729759042  385169238429  473451135901  402899684234  315147396240  505844346086 1095808102733  237882617503  745539990019 1058754341725   52944444082  134749982391   17404695915  565362537324  543090412590  747689299902 1001016330832
 25 |  817148007038  814789799465  448204801809  455665775011  370039000568  833617767693  928380153049  410801464205  705271266466  277210552382   34373093771  600162542309  735356951273   17397471523   21367827454  632028951730  457903440601  311177695929  637599224800  540121705491   40737725549  830405462124  156564645053  199131896171   13305108870  636345745255   97563853074  546314636849  111705780248  395564876609   87510206001   10143174923  111079165230  268566321286  284448575668  586686005454  730114365315  186334274442  889354781357  164011085768  398408053936
 26 |  295404167889 1093284512575  728164447599  560363673446  168656024591  415026515036  753301994948  292738411634  170491852648  251716909643  947127101805  311698364716   95461334404  892068910787  364486340253  599619680178 1021747475990   49161925307  139273638675  389667296926  370091587692  457799896215  995676717422  419788452530  349418911991   44797892193  624215575964  448634073496  242652536991   20265230629  295359734748  549482930227  976954500415  307415733114  756313268279  317076926798  311332781090  364045724529  540932110292  107346064779  419985867946
 27 |  832546804216  901971663371  637549077992  640950212810  346964624838  343054701438  756549258990  586297669705  474449044173  574637336242  228783493909  792233695376   89358479940  446814397320  165128710330  853032569512  291195129184  371268975506  118238055197  353757067821  276996650284  901487088301  838594012949   61728969132  408092866369  993448591520  946442960455  765042507911   83154498003  888755584768  134845724013  679951693399  860197380580  625730647621  856747679046  351694927362  581258895384  745427235623  608168716149  427299843286  725538666744
 28 |  263526752003  252339193712  538257914725  466423717978 1022494293237  344513640313 1084148877737  637888829290  885781235101  246464823948  283716566393   54601693149 1053599475841  819990663026  363476348541  642502347386  398048338283      99322358  744128795006  837136755191 1036938293893  500541469694  770474473468  215059682256  767469090117  863886351321   78849113455  159919872292  428920680458  378198421309  221017585438  558397308426  666076944561  230914390348  780741627197  888179712529  240455745532  362686896896  909599218727   82358310927  984416235079
 29 |  759681234948  135091379856  826741575639  566807851920   86365647686  427197239513  691291580583  245281626123   45115667939 1087012565228  123735862078   69079391402   23070347724  730331018674  534582840661  233727206798   99042716078  314157094835  309319680076  480307266543  196719552558  165829653578 1029488464608  303443172209  463451931571  918313843353 1099298396439  512235217768  721765502645  256194949478  316977097186   78586080491  859549935246  269140277372   70142841805  905569826132  756124151980  332466472124  711689904887  215028020025  549874391681
 30 |  334175028160  794569230350  454051289596  480708983606  214717924977  897550379686  827014036919  520982623843  326507810767  477778668958  501244529041  447147706939  854781290689  717905961892  215089531870  652373799869  989675674455  965961489907  242956974714  519446833119  895453009295  899389234152 1048803475262  681367184912  922249499474  510008471880  111501898080  237915322917 1077610314521  306157850927   37360016486  663426564448  760639916117  124285023019  953597575995  766625215585  849347115638  483585578200  518456180404 1074021423341  970124462306
 31 |  323358757752  843759955986  656435049909  679936565373  388602451188  760848118952  864299236058  784737459055  844313473911  481001466872  818852998243  914401527244  493727848413  129375721929  310327293317   58468150041  147696312594  258025320709  443308887212 1009293252998  197209622224  476400775048  422074107553  571687827756  314814866839  185765139467  801622855857  982113005587  360363764927  493767299225  869100980608  322221519158  495193466063  612689582250  766418098374  882006057035  919973848046  762407211673  906558464553  731463888164 1025670640492
 32 |  306959671400  187302351748  969897343635  739309205170  592038741789  956399926095  717292317033  574361346765  822101534862  330389981476   41626498830  135314484809  288022119464  471923053098  455429309460  547654283924  412001797603  573971883831  497885949841  322315717974  715544698829  110831451088  671974844376  917525209821  263325616890  226730957115  869426812350  831181185036 1027361027413  942720206080  362596289899  596865943537  391941188565  188967376235   53463535783  108530066555  975076229485  725100321120  219579914320  898787613017  382146641451
 33 |  255971366736  726235486979  604182655319  672601156345  803117303158  900649546758 1067717147202 1058917706343  665288972520  142063570516  284174121453  610572408613  219715838309  566277464770  157594067081  241699322340  264696131608  506738565487    3873941464  686767407150 1088078874433   33084196056  333671085387  747294192923 1008092104115  297292300511  215501034125 1014046827308  600484066935  410264430897  285997640080 1072713033418  634067460360  612384430967   10808998582  416294975856   53895386207  521705645117  214911939761  714644660333  667242786963
 34 |  487419552428  171881852810  466430283724  209253905160  836525753170  538985809655  201433308647  201231131114  216319667342  902173330762   90296130367  817245662684   27802982805  346653286576  136676819696  100575999172  532674460812  567398390249  385557390051  853075585795  773905662037  777557920888  410849197248  200542944119  244408148302  635622472104  908641722314  954046097333  373402068251  641572309582   56972318384 1096344280040  877358244698  627707040548  704044934028  486031290033   77283651801  707525912832  742684444818  392783035883  168025649405
 35 |  276867398209 1094719849203  221385919387  200091126532  772616248903  583149854141    5157496278  647052533993 1083577798974 1074686995655  351220280418  259630128595  978935639594  776801356988  702346647409   31356133910  326232994241  909177582853  753886277204  952095117905   94729061710  376229105968  269512554831  951831624926  154570370572  383322141774  566306048579  682110776679  624584981575  171051021573 1083558549938  626852017205  560945757787  496335482021 1090982056776  387619856527  278296988047  232742168597  425396569950   74051907661  615182167486
 36 |  375993307665  646789646829  406762772155  941795197905  582173855529  806335453026  517941356018  466909205457 1075707733292  609594775196  847974996448  554363058129  388865073740  322787078290   59829183240  898676438331  841736366760  607698779569  902414493429  534110618957   38556939910  398488769176  973097564475   86324863271  948055358199  585402271034  522976137627 1002036277938 1033659009711  597721843475  520552372581  835391847129  359243610096  466874805674  805900289604  448196298238  811339062145  411589001668  149663561915  514153840807  111486973104
 37 |   17610756621  125611137820  554420115617   20622063058  660288746444   95252806937  860304908946  910258504799  983724050521  346576721995  125768578115   32861803984  216426881588  988879440711  337176258560  196291061258 1003151128968  292987449301 1092764269586  804784360144  345029498622  812338380220  232468816699  124029784952  520678131797  983165550516  841932838065   51280671531  494538890849   64077231249  471923643687  827557587311   27557827867 1001251151175 1077892861059  623371271194  383644991813  811561402130  951880441707  865960886576  159329159136
 38 |  629033508347  401204422908   27625490945 1061427944118  996380978865  239062508947  531844071567   45945618925  720562439804  591387659850  808923019848  584350822495  400948467719  500011639420  146779486210  948997619712  215650210538  849533313737  987025532348  885356824122  168909335667  856251821348  942049847146  147914995255  629012824571  595299658892  247226452884  829406345376 1079835820148  253447825286  862209380315 1008294321728  681136513705  919424490696    5934658359  615715534789  877022360372  828442638504  658905476965  831671120490   21614427334
 39 |  617707764910  285507004509  708406940421  977725432693  926393895640  493564525575  273185016164  528004422457 1003208602532  180136181056  660692981250  538468913315  840975077599 1081849683216  479442760121  635453832842  846439741412 1027125212188  853050539462  566455458109  624327140617  606996292719   70911590560  197600577300  173905389646  370383860980  278195487179  625048901453 1020886606481  229719995754   36622497175  442410658149  243677311695  757600401330  641335456039  497351940165  891478226316  435322049049  793079337757  990462349675  480785151316
 40 |  925791181485  179705168898  178382664412 1064751765184  427515923544  772303035006  121762793364  970488858932  911728986875  661497520329  621647657783  248200484188  197395980381 1002165766010  865185361675  104549196022  369926346225  642329470784  172552780561 1005562867076   79695076864  429029243424  467872141424  886037402136  639866439498  565301809105  288869916157  457765261790  849472244452   41167916583  302221372152  541325443936  611171394310 1011857080546  594979238003  616423705623  752989227096  228542278896 1077373828791  812863153473  196949888940

--- Zero Minor #1 ---
  Minor size (k)   : 7
  Deviation        : 5
  Principal block s: 0  (indices {0, 1})
  Row indices [7]  : 0 1 11 13 27 36 38
  Col indices [7]  : 0 1 2 13 17 29 34
  Time found       : 337230.6069 ms
  Minors tested    : 33016209408

  Principal 2x2 block (s=0, rows/cols {0,1}):
    [  129097257884   204588035916 ]
    [    2171061914   607479240704 ]

  Extracted 7x7 submatrix  (det mod p = 0):
                    0*             1*             2             13             17             29             34 
        -------------- -------------- -------------- -------------- -------------- -------------- --------------
    0* |[ 129097257884][ 204588035916]   55796741892   795246381949   181735416799   735695662453  1046595909231 
    1* |[   2171061914][ 607479240704]  152540321766   960632630900    97897748086   225662449387   621538658749 
   11  |  830664095603   894353819871   940423316958   549923210586    51704756274   692469018212   181986092598 
   13  |  353882721518   577783703781   405834825773   865633504079   789638057423     9006987439    58628507142 
   27  |  832546804216   901971663371   637549077992   446814397320   371268975506   888755584768   856747679046 
   36  |  375993307665   646789646829   406762772155   322787078290   607698779569   597721843475   805900289604 
   38  |  629033508347   401204422908    27625490945   500011639420   849533313737   253447825286     5934658359 

