[[5318844407 1921425762 6172956975 6451147796 1479620813 8068521747 6849275363 2967088734 97038344 384237024 7745850047 6267378316 8256206691 5563831260 6237186737 6203134704 640785553 5374098407 4358122922 7741140142 7148419885 7807363695 5053043135 2424793838 731767678 627302965 7821598256 3069554849 2673414965 5808801866 5245702704 7231881596 728999045 5239075703]
[2909683018 4467545453 6076835121 8389193478 5268002253 8490497328 3201094534 6356118850 8046090893 6228921239 2593011291 8009900786 6122551378 4318393195 1271488384 4830817923 768650008 8103873306 2995018208 5900801756 7358914544 8211783966 4126061322 2277208950 620290963 883390994 5943649043 7363881334 5073126172 7411155806 5489141503 3566317436 145951078 727986647]
[2903835411 5700846028 136065571 5514271037 1856845516 5982412523 5619926384 4467956183 6557349520 4936331639 8447778443 5031003983 1730693048 7545733364 2273428534 633944545 8568157920 8115751634 980648023 1113573058 8113012034 278248698 514060026 5595668314 1797682060 566030375 7127580282 4898000850 2213529542 6174925210 258919018 7708149134 7036401694 147058445]
[1266272467 804137615 5751982440 8068785292 226166568 279136981 428149276 1816131999 539929428 7151254853 3879435758 1379430890 3991518546 4341163474 3294943259 2869143710 3846724687 388659061 2965759471 2599838940 3104228731 6353167912 4662297550 876084112 3449166353 1129779498 2522623402 16703530 5520797222 6562627112 1568925119 4587037995 6229403566 1834000258]
[3459651671 7089028916 2960751526 6704817204 6773154022 2895238546 7010724391 6250535765 2908421877 921591982 4214180807 7169817010 6886662796 4223359776 6715202717 2334582128 7941915875 4950666807 6192846532 7390248879 8289132540 1580366718 1123585596 3996413581 7773478506 3880800701 2132726810 2510966248 5643622670 910013910 6670280968 3517166270 3170128829 6525743442]
[4630656079 5468216045 2793328952 4769642420 2793891538 2238761418 827649783 4929165324 4756020591 8355975059 6397759510 3498905292 6525748493 3815394525 3028947227 544183783 7240724945 6787677739 7235349856 5411757894 5419288156 5958150123 3527875978 3503072362 7277082196 5011664639 8460311921 15286532 8507847087 5758538955 5921002426 913898835 4544650851 431014772]
[878503311 511726330 6295012621 7379811601 1825801661 6952681099 1868567356 8417058184 7046752446 8220697896 2081263255 3828365795 5419636581 6331997847 7656758823 2743905676 2019382198 4752059282 524059889 2139089217 3686958040 5282512845 3336951757 1433661500 1002800110 2657071543 7075764557 495664957 6071558569 7311673499 1054320831 3203561060 6954799776 2733911487]
[3026813678 4967339393 2088974050 2184039289 5548728617 454012560 4282622253 5766791612 1675996669 5091012355 3853871302 2359896189 7600602809 2164356821 3794592547 3807346162 4633690360 4081686228 6571036664 5613561810 3369119229 6663756215 4348327485 7144215445 439556881 2872126409 460603841 1629058337 7319059351 3952585535 2842629893 8426576887 1423058805 3162176361]
[3761357917 6783687247 6885406634 8363893372 4536726023 5609719332 7839592939 6772845709 7160931056 4734018815 7947760953 5023264503 6752593257 1473986262 3998909516 2851260718 4648696915 3570910973 5831673720 6194394581 2567859160 305411455 2148468962 1832699219 2198010652 7398264371 8243063951 7892608761 2815847240 3820445291 8319063904 1063453936 7508615554 7573143309]
[3036238934 4671160980 5592384438 7295838996 1250799470 8072727716 2408304279 1931134449 5681928014 830221224 4088684028 1492396199 6571642101 7057784973 2248967201 5493912107 6893444850 2492936523 247509550 3025408393 4411224781 8249869396 1652470999 6917041087 4599477444 983034471 3693494237 8264041482 3238816106 8340314917 8152580517 5812588272 711834783 8233967976]
[683624000 3057885329 1476670874 1456185787 3612029236 2924076455 4634009179 5582901861 4995439717 7610346144 760172365 6099495667 7093326931 5787785715 6027608827 323040599 8196529415 2435018420 6182750509 1653873903 2071927690 1315422257 5867612474 4476161115 4697747407 784170800 5921091409 5658789290 797961317 209258190 7482942254 2089115456 343207210 4003595417]
[6319639029 6317307018 860152580 7316501306 979712811 8177341373 4455935339 8110864405 7315872799 4468587319 3269379945 8159853949 7707425187 5479430318 5684904921 8417534669 1498630191 5439951686 8094579406 1058272370 2521211462 5777447640 108597114 616279076 7968277856 567331155 7303864367 4198718495 5730689357 185895123 465131607 6771514174 2359297852 6069675499]
[1639601794 5088058331 7242683321 771869821 8332363690 1025402112 5185361408 5089039107 2212679236 4234773662 4025103545 1238282905 6180040572 8266013299 5525448719 1383931293 4632469943 5306000169 1230024777 6011255655 7294815466 4084190364 3338618715 5362394152 5063383290 5009001313 2659922347 2541760773 6095125142 4288179830 773793230 3272227992 1100177061 2149077103]
[81868797 2616627419 2527390063 4893228044 7207678600 7219715307 6519480058 4706534657 4223849044 2631779880 2724573553 893057454 636704850 5276029944 6668166010 6609393415 8352825193 6944983784 4761665502 5636781385 13292611 6884912901 6464492100 2437540267 4070239080 3600354206 4981786438 3965736823 4767163386 2595458594 5843019157 1685964004 5137453243 784282124]
[6538667020 326678178 6238917670 8060944656 2775563042 7671342135 2770277224 1529324351 8133878142 6523698613 3869182062 7744012428 1375216666 3212490965 1420744434 8211728104 8347006938 604510920 6605412440 5407086093 4815621387 6819108310 7684663375 2772611942 2140757883 5719584572 4543954083 2642878853 2161951556 4843384516 8213920198 3179286534 6413222874 8054913709]
[8282724169 1891037589 4369606650 843595559 5637052614 4181729017 3102037819 5921406886 5087048036 6425617112 4624940515 2686504734 5989806832 3670819696 5404914499 5486368181 804030911 4789441929 1392099168 5340627565 716532368 2959842687 7700288884 386445879 6189581820 2488186996 741654482 5437966213 6581641188 169801588 3474529005 131085573 7726761249 4355498808]
[235631277 7436219061 774335926 7037881859 8142106503 7581724622 6429170163 3613594714 349738027 1450673918 1332152583 5494509742 1081372728 6731896405 7705716549 1319809905 1234434443 1188584777 5823962492 431229131 2080455759 2707515853 1341780865 7356007921 44391737 4853779960 7793099456 613973745 1666004461 5175659853 1071979036 2577907931 2477587195 6542286829]
[3428476424 3613527598 5908600712 7172494262 2074467663 5417560142 2228516665 6143199771 1937987468 4309853385 77979930 4352753152 6356915843 2371844897 5157579232 1220030581 4634157005 8181021255 1267052151 4221051055 4367084528 7141141863 4407087256 8348832729 2712315009 3763887172 5660656188 3750317127 3576063267 4420724133 7790899326 2488988010 1723789255 4588062138]
[2152005736 8460911180 2127888671 6606967420 5521075227 3253916673 8527472172 446617637 7747487402 6210469864 5394376737 951525906 6758945678 8165407586 256022659 2135050053 6498439 1811336225 4199027435 3861863333 2718551456 940166105 4605162244 5434358666 3823487724 3537991494 619780832 3980046188 4492668992 5992792156 4056634824 6903847843 360737457 2355085633]
[7240402323 6643835203 3758169649 5339051213 990211649 6793550329 4985113318 3374413708 1696553304 3697355836 2391233963 7979858855 351541166 1411800491 47339807 3492733444 7493679444 2941076211 7808403054 8496133506 1218200057 8157885349 2058571060 3964017944 2360847710 8389221804 7327720634 2899512273 2754475688 3463981105 8095113783 2605861230 5213768543 3944518248]
[7355289055 2636546714 4975895666 1982298825 5894856434 1560825556 6035304588 1565445978 2651442223 1631706658 2814757627 3031137615 4244682276 7174584020 6328386007 1234808650 456662387 4402308640 2919864492 7790232780 6691915862 924674749 1528864764 3068726682 1110741430 1732612853 5180568036 470378651 3735402623 128570537 8076876365 5451120011 3132815429 3328313611]
[4094995683 6435623163 7306578976 998387505 3519031859 7553017082 6669431495 4622418257 7593279698 7587076685 1131114146 3574579501 6271515497 1922002367 6694359758 2266476366 3516412266 2366460549 2440289868 4061808139 7883519699 7861303352 945126318 5015831033 7997652607 5757334150 5905425012 4557298282 4123543658 6495772485 8219326449 70371726 7193682769 6153353044]
[8057637135 8409001789 4500159313 6938979873 3578209378 4935434482 4214667231 7215810294 1081107840 1458400683 7692827975 7358528914 5993054217 6111918021 4580347009 7197790819 7792822123 2806296860 1074261557 2192527881 4059156872 801669931 5590991097 8305666949 7517283749 245224752 7522445525 2247012592 6576110098 3615568931 5545145048 2221682124 842282971 3274268850]
[521870708 7563121271 5862311818 5715855061 2381296686 7429687373 8262675622 4909211911 2455681665 2686738199 4274304107 4384973714 305196317 7072320880 8434273565 4819000025 690212716 1074928435 6874888567 2374565020 5656153087 5091147364 1011479801 5198172597 1294128295 280551882 8061751150 159722322 5535335797 5387209212 752646112 4809313543 2676513500 3921755010]
[726836182 5094886830 7730037905 1439665007 830843573 5457275160 3442649761 479685905 1168707814 7636719596 8240797176 7203997805 2921601347 1381455262 5956974546 1465264345 1594783933 6919799457 8532012380 7167251536 3860445859 516200401 86753341 758709960 414658191 3606334603 4420115210 7793979054 3234798417 6805975452 1279480151 197872258 4395508371 8494635854]
[7313945093 4074823307 7149480312 2930314378 7802920555 8322516039 3962119553 8263041123 4508157885 432877303 768348560 807730694 3641992317 4718059343 2210285923 4608609237 22249282 1187250555 2716936189 4912100490 164505698 8204124934 5870485554 2828201010 4066852794 6311117362 4446619417 3936363723 1818954954 1626069233 5386042065 7650872925 6782423056 6375890994]
[4617828613 2785342697 5885644711 3638223330 8387220064 4666008650 2711000311 3982654674 5209208844 2811727206 4216967914 2941492819 6608324945 1897233750 5451301215 3128735850 8023297621 3992776448 7381160024 8498848882 2280575839 4621993913 2622404315 3717961797 1451323893 4843786633 8537615823 2557516189 5593143042 2706002397 265608447 3206627219 3873505842 740677836]
[2051455643 6804199489 5032553750 2796047922 8042801240 8384647434 8289765615 3456391129 3325811921 6409982092 1737747164 4627791124 7508828274 2213760495 4637046327 6538591287 100363762 3853625306 7819841468 7947374839 2855335712 6208178541 3288426497 4154962461 5577031588 3815916403 2214541065 7617697892 2144478732 8359594012 8515217912 5234619640 3311344936 7508118664]
[3057175367 8527283166 1585141972 1574408910 1377289250 5778804309 1530000941 715693400 6244260804 5474930209 4316320798 2623689608 6404408556 7182220816 472338823 4044797117 5612037623 7847022898 253511793 1638345754 7527002444 2463998006 5047132589 4131289827 7543535715 746099159 4035999014 2205364526 3989970150 8449974433 4592258541 6962599557 2936450362 6222863181]
[2129913384 3920512347 5621702775 326473382 5089034256 7124495278 5197931741 8409070874 1062784034 7222067436 5682018367 8189477460 1549382652 1737142385 1430432651 350057378 5227873339 3832937848 6394882396 4787270018 6823233775 6413342209 8208645421 6899871547 2910186148 4599501937 5661573966 6503341947 4989035255 1047455018 1663382421 1726383643 8585753192 3230768045]
[7848366924 2331186393 1944188351 1576924955 7093558114 3145250670 6203508836 1590404377 3902637618 645352616 4719942736 8104563413 7714570078 4556505626 8451040806 6569843688 4290345927 5696497897 6704812725 5047955346 5372526704 2051718531 5022780313 268990218 7725912750 5585279688 4260693619 1795649593 4596408045 5243694962 3684239729 5153610104 1408864611 8006378567]
[256861043 560440634 7477551206 6249496323 7315429458 4451360574 239749540 3951265711 2237663797 5334520425 3222638400 5960326848 4205559368 4201462394 3697332582 5170797640 7817840187 4459767704 8117803018 1988771756 4632815611 2225215634 7425590458 2191501959 5158442850 3218604690 4792654596 4856341432 806974052 4132003596 4508942673 1531388808 3502177273 7766762513]
[175056796 1816073407 328719859 2994687673 5192307702 4516308251 5217421776 3539400774 1595978881 263345876 345541693 1008869612 8040133750 1629801251 6123456817 1977966640 6687389970 8553656602 1635718903 8252494671 1207071304 4894881291 2281387903 8317647519 319546513 2917696996 6125397107 2447675176 1015379633 1204323299 311137530 2068472384 4121620424 3982367431]
[2823179214 7488674870 4140718478 1014003481 6440172577 1311242221 5534275043 3604438362 6781674186 7934743577 8018350524 1119054126 4677836542 2355185027 7315953991 5390416565 7006255683 7228089365 6999490304 5334242657 7597685580 58966468 1398572826 6827808192 3519904033 1908663603 5980968245 5569841795 4831784023 2328319284 2215857543 1623013923 369240935 395377631]
]