[[99328528161 172988045318 250786058582 271109565245 125295888634 7875279541 9249722695 268440333500 175080548550 242364469749 44745831890 187138666123 48030104625 243278396648 200006358548 191413500811 67557843266 106970902336 90981567417 147203474378 266398106164 240373555161 143627390264 17186621337 212941575362 214096977443 65745722098 151982810518 255892723731 64819323837 226014780643 145451242203 132777770818 74097179969 142589790791 148611185576 220226257141 268603174789 183349505995]
[71595312826 57279967942 51404665648 180168088800 84869410589 56463745536 24303671446 71969137963 267471047259 9754448550 124118693929 34100008222 60052529922 35028391989 159758186220 73067803502 164105522529 51663299206 127382790090 108552641887 61560499282 28336056408 62093494669 67340450321 270882803410 21138728802 129894732885 105602608190 57947624803 132553245286 78152214414 232383196606 118598886751 238488514188 198634159021 68187440310 81100499896 109461015898 220285850336]
[12341259687 233221895112 87638958790 141004410354 97722157100 72631118198 129820783740 23146598686 29750115774 62581352935 214801162307 239260761708 240888168219 34461983899 79386552833 138849919295 129023588136 262033759701 58415118643 152398384665 185436780960 238961615291 53200421024 43868352381 220678686607 189899631138 82768399973 238528047701 5249032084 204335235654 227307899457 6550457977 268465343116 1488666733 130829241441 252310728210 149854345980 121343559681 259075708230]
[150595265398 59865638859 64404802471 16028905801 257145078549 89367654156 184113409149 152442661002 214261759119 171481382877 132102636614 266707577804 151171342952 115423772478 72001405159 187327372671 6726859059 176241039686 173991219036 192771235012 126022376582 191910576205 112490434059 24084928453 244315343656 164338906784 223458047117 202406363401 240703757335 185390360146 161984200691 196238196611 135752615792 89883451447 28108319221 224904442784 245073555772 7474547593 33312534973]
[50545597659 119279235055 84964337567 105764135050 255538592147 102054087350 185462451374 51912194826 32901351570 112668198481 166892276249 135755895560 173937544251 122851959253 214233725945 35550437744 248415347259 88217849929 142275819325 85153306962 108328906664 240233068895 237504518655 28294577682 269142804179 50067275905 114982158043 88327590604 257266330810 131996115521 47066464307 106769988717 228535787655 95624111319 146450681807 201096806457 167724106377 271499228057 30713111528]
[46570187805 239115900151 17702769452 12840720778 206150608530 262032899389 213787247078 169656410637 271003885833 3673901045 3515052838 116039675679 161827314772 104450616379 230567703529 209361349923 230371086913 126590432239 164765749250 133387724463 145631566876 250865548633 206836691382 257258512320 259324198240 145921162136 209726048829 91320176199 203796630112 33430927581 412789505 68423526189 140982968564 129341223085 138774473950 30048748580 245132985553 210026815351 172829425267]
[2307016540 260009640801 185334652861 1192900170 226401874205 131979662847 83375798035 219655998750 34273836941 106683162684 118289317402 149573443513 178811579689 146562637174 18330474215 40496203448 162830330800 199773289976 265354297104 224145189042 195606143256 214409404623 207236345147 7418270787 264316367197 88649547886 114741622344 170906301102 61914126444 93522877942 65319435450 228093433242 140181303223 105742560350 73340220736 169339645973 223368192157 217059747180 133265146055]
[201819832702 123966639565 150432000486 232854267206 55545444675 136051310295 244332803633 20255297332 91162453984 262563334651 149339203715 234394112667 92074954521 22356943528 156145857901 87408907372 13577866484 27192307687 19092008365 75926321440 213726818450 205971505434 123030298981 216581296837 171929958473 21240242118 8763860108 215992075091 60076934823 107066050196 166390536609 9552179906 108442808639 83623434165 103220546837 71045907619 140422330466 137921414788 212901800630]
[90373064300 196924941712 84887401433 246474662001 94226961162 40046929734 121487743051 195875617591 207535435117 92836912792 162838620017 7815769345 231038431048 188447216560 7524690458 86889758925 184882955377 121994335344 246802631044 223298339475 141925066323 65268990143 228656510398 86350221815 64398873964 5166506902 145276265241 214811173544 158682713292 46003580606 36638779308 123552524149 261498955875 112596638309 127237731743 102716690612 234062651973 88452549476 204205034056]
[155879244335 265978854779 40971792228 121916788836 240790203452 95179849648 210456327742 158052333035 31809803395 179700174951 239971597499 122136889613 182852892245 120750556059 241785824166 2696631958 34063923347 29307396365 198330083041 51450802675 174850492185 43610486586 203407335929 177001432174 4649773563 46989609044 60115580689 24214531688 190142327116 53367027628 258138370836 214885948326 103115723297 57897182423 13967887140 227569084732 108122868277 190956575853 3297615076]
[260453819378 47965311896 25425438442 87658932009 179394123542 18467766996 11848969509 273680689241 41544847189 31291050665 415145825 153496450659 223081939606 54527697189 165688615646 217380384208 217051848368 209543917310 153117173362 46924791760 205535438416 251422503556 137147750665 227937339922 173717679896 258867463607 236240512676 265615373407 90442823872 74242999249 6555489178 144241483552 96038580401 54101771647 163030824888 238247230910 97582065366 56322945922 217450736543]
[221307034956 230382796576 180119157177 158042298112 267729981285 121818723735 207099423671 243005181905 97731122789 188821057796 168072292421 29578102306 14143849039 74394658940 127107785850 85327355387 213520937004 116008501064 150993926491 262910562018 120841771898 100816644485 254123110879 15366590404 34801196406 188411747788 202054859575 138459777725 261695721665 3301408757 149253146417 97017013950 37552065733 136972555057 124286701308 108320687641 258273957577 125699931720 154397018164]
[263419749170 232940063366 114136342179 119809335914 229027469656 271525712932 110230817351 132162843823 188615871966 52937396571 163923273720 71118023136 227052998675 40906384197 9279869490 241961519615 186736024725 31537247919 139581371525 14482383886 143293644471 30201205929 269507035290 25306022333 122278630864 7400223902 134835966300 206529099036 208107556088 89481717740 233592991768 154014333923 245628824612 215943779836 37985388905 260596214751 237094893955 113483344256 120473957617]
[94785724713 161522892550 242942566833 206523259551 192449908948 161797580463 32752274801 100904010439 138003748879 17836233649 139484280117 144286609142 230404456418 211694739787 22608501463 220627500921 41110532851 258944136710 159723976115 28834879789 166194637857 206967428369 247710370926 37201219860 210051214601 177028228569 188574770059 108554065562 121052711440 129863616239 196764194724 191792421625 245810608645 20955111820 152009911547 240175763164 153153246412 153881432332 83570276218]
[12397185502 114746388611 22186487367 59888966177 142447065650 246280613644 103069315765 24243129110 181912431464 52940709645 198395229135 98258579226 22864268543 163329290827 265134399963 26208622113 38482915329 154615091520 195738512324 188433179002 210544773260 194896372757 260175317234 164887589618 125382280502 219110165277 60986978897 328970930 118866126633 208201498423 158802437795 249298997704 96258371475 257087089083 162880527396 203576378412 248050423158 28641507000 168599621318]
[19663662172 242251104287 5374414731 119336006316 43989542817 170924116108 150520165804 148906432285 109425962210 60061335621 57998537331 59958991757 145902083578 64284111376 176281805111 191672264340 3134830368 126821488452 69870542651 241235724256 59998294304 108038166111 264438984 30815736897 7010561434 15817012310 63388568533 266776334060 226664291205 165924859950 111295765285 264247511542 26725709942 216808560403 271688915876 199854496434 257259973627 264464497212 3873191939]
[59983092082 211423631622 25115550971 101267422512 128541944596 253723662736 123905737726 88952277606 68828354009 78299062470 193428966854 210507337778 233404771092 185312344675 194106596718 223193096918 199516015761 242309147749 106250762972 268161666251 223363586114 256436411685 172166044535 100083464822 245488996713 51266792333 60653154368 249210250371 98517417677 224425568300 35314791145 207107436416 93242557296 18289184879 208776712982 207109727705 236863818855 249543461596 160746597208]
[104558387778 24226782475 90693595559 258630344670 232065991715 266728271569 109649658295 268709515663 216635314332 56047699753 210457037338 119503637840 175387745270 210284045584 96743522433 139834707145 243823737606 22656886818 237160273834 38078273197 125572820265 248942650789 115113271649 198937742918 59238672464 171886483646 223897906383 70662476168 85693542145 28683589755 213288171699 67065302520 38768996179 133564868865 64804122926 39945684809 68449562242 268285489204 56363256998]
[72730969801 34110120286 178874069327 98318512184 46651250068 86079206819 16233681139 241132806299 22922296130 208416971448 201053778850 174779174332 112712668668 238471301080 67973436125 25172773297 237336448227 24027692691 96057692789 204011683607 38267637424 188746533829 29844013525 114138542084 140120026803 203275464845 147019177437 272244418654 225184362709 15990110893 126353797881 136222981029 85465347129 17859370185 35240793137 269272446884 69056679187 150097894590 27046991059]
[184570993783 266990261623 91425957667 35671049876 236035630777 228598402528 163630045399 132377768940 171853908873 87180734816 145269890858 173992170111 70829671420 26635609873 92788374815 135849271295 118934546814 201073332499 81601087611 132338529396 157792582742 235871477511 118681108439 143368182348 265027975978 18085160210 112906972676 136133200508 210292195975 242755990969 63624030633 153022101048 250434959563 81636383159 64113590669 180952355139 83707305713 245826362544 203726026095]
[60822747961 126123929414 243040889605 36653230368 200312851663 107891049573 180256503441 154483112847 2459734814 86973916708 255353100596 63493618330 28500728100 157898618083 100187203346 178585675219 75831699722 34387376675 249408815319 53394455758 229576900742 196372597354 185307438537 229224657981 263512709079 206042149584 206170640616 154388738518 192743174519 152090253295 26685066211 247467123051 225761392657 11990808727 155349558652 227767852091 265891374895 53561616096 147511512213]
[257927093896 199921573987 185994377670 244315750161 97722914255 163527421917 109446963850 189068321089 92560996430 38060057408 78177695581 50370672338 137893809113 116918732284 207771908253 35332337886 274543907889 102568677954 51336048736 213145762185 23356539464 241718979925 121650747449 27836922111 14687382134 174997442549 12245116296 240216611942 38078969707 57136311565 30216533048 245314141058 265431025443 76066807391 97446652021 108338150130 8561156769 175895427706 77492963314]
[245549544676 150229961313 139262282995 208250343115 175812362620 2017556319 57074869948 42959621651 38585023261 184387272248 86048891175 212472117425 66570271782 157239576319 242257969236 93690514771 26635768025 193450236157 227877596143 19423380568 170032004328 149920923598 50298877044 87969338879 87751083741 163596364444 120074022767 129383322747 205975648637 264379021343 1344511406 92365416665 265176815838 104844833060 248011353795 64261343032 209446103504 87246289312 198550967121]
[244550220181 12515736684 122221187892 114081361761 40133005182 58408034641 199210048632 45946900348 104205257242 150122635332 86055888475 27416665728 919355752 135984669755 79172111140 228857097088 73669692841 124967313990 78114031476 35309085220 59393591112 215094243577 188445689713 88415126660 220308466618 239654126308 9414740868 171618523929 101728671814 248554466533 118311325408 40365528239 208383254037 59783970143 146360027441 58776198078 78198803428 138896295521 29900080852]
[249740226527 89886228074 264442371135 251163156045 162116028585 94001100 199981262169 140556448361 2721678546 238841258350 239190893427 229609265775 102084787762 126753096774 39107660031 238286943592 87470648481 164616777550 203249098898 18309751537 61284002875 245269022001 200181684376 178301105005 142693805534 197480443596 80481839557 9838273068 71859737021 34357886937 209093540173 150392052069 149821329989 144680236870 238446588300 163359532902 208363318935 47635396484 35864815858]
[191748752817 221308231234 8147744395 76831226204 8872614967 13673387791 45130593148 120041982632 23181025204 185400201136 201593621390 209306233128 32283726679 83147002441 117538888891 159235847663 30964874889 184873214723 223823202416 17683541814 6049566534 183877123159 200331708239 123288998315 239741267304 146336011308 178582348661 163806889769 274280463451 122536920312 176110118452 139054850412 6848827550 240093312822 13644417768 132973702573 141778837719 126688748545 77252947054]
[175271604044 256346289961 217804825472 119539920326 259623848745 239697559210 259186965319 192772471923 155526981524 5035467964 127082093458 24192086526 244336121765 115584336518 143669987915 103158892853 135184439201 10640448921 84720200952 193661415302 33372425906 134994280218 224555281272 72903013218 200931104722 126670612420 72768358309 173808673992 161754730235 10793407447 76112108538 55283988300 235964606820 144258794461 160096096433 112560108292 3343098607 217718354673 107417295562]
[201143734004 66807005578 82649597719 139140500584 127838556196 23332746903 79419596012 168861570158 110446985177 35118873844 17633531120 241361554606 4337549913 185223295304 148259183717 113662108745 169475178117 24877353535 221296740403 2199259072 197098026268 84843937243 63919238483 247568064011 143071530366 144618542558 240118833986 107678245868 68047455936 269388644412 39202230782 88985288551 150363687569 72191078276 90111969711 52143863751 180188043727 79764090323 240654896774]
[32393834405 172440381771 11686688536 187410103101 235032969025 206423618209 57238908714 150116157531 81527074887 199772514284 134796240181 174838978075 189290422749 223289228357 96522003473 110695883472 9264325082 80529670427 266465114929 10939949970 80303495384 130404930513 102274002141 264205972173 179086792075 273836472527 209559698055 169836227776 37992137930 43429123713 131058586191 259588996396 128518481890 142512516740 105807310800 84132999811 139369739718 10491809991 267614381661]
[115395915301 30186633352 43198780050 190377439246 222173467413 34754318768 244927065019 143999231637 59006908932 175511571135 166975309149 106099663137 74655340666 249601450909 72089270982 4535187071 113889206866 44065843748 256415807277 97221230189 132663970264 98106069122 173209994194 3467764006 16213256565 142845262742 7501805925 17847275061 253386973739 149641345548 96219525586 3554388836 127517857363 255538474352 29116687990 146335318992 76353635067 185698321429 92669864146]
[173694043123 245038710631 78921748710 98291987933 140473174284 169906482539 258105211762 179829477374 34493395725 116631796028 220318927968 255085996074 235655696774 146912910585 197409127097 246498578717 59094217238 121737431980 57704155344 222249886526 147551102669 235462254464 113423246590 140629849964 143578883034 224492718775 177203258776 163852806693 266586828082 185936255932 20491006572 37622514807 44328710342 217903534875 96536796350 57285225492 104278598058 128147685024 102699933548]
[150936209539 107408943918 202794100839 142360877631 7643338100 81524991901 45091194978 16438756455 43580804880 212132654422 88317006137 77511943512 92128894863 187648367618 242520497069 127878363392 136772321811 55180819346 169510439202 228247239872 144781138991 610755660 65619343771 99470167926 97178200662 120955457029 34499230373 99668988945 84588833195 63765532950 185095777057 260080560900 157583537784 241691119175 147873346040 174530215266 183039564832 92813655877 97202903227]
[170582745109 250113368252 126424285808 257881416352 175245488570 219728869461 189639825474 224116274369 119650312587 245734117750 85837334216 261780956498 128030181892 79154972735 157481101421 269530539182 42323852613 153377851893 75292652712 120116095381 126674325979 47551224631 208325922760 68138642419 129631066162 259113169871 264733878892 183080689593 109485450214 253029600712 64353167264 46229646461 53165392685 131958748490 240974142194 17427473264 189263320289 93481255156 58997493153]
[267948064244 201762100428 117991131960 111745525275 172458122373 44286622073 146257893034 167501720683 150860988494 11027316929 219755924895 173964980486 1739944273 96990218316 32774651440 228929149068 13121361121 46721982231 115672452830 33007931918 125502313038 12682742116 38914185442 237380732829 236738403158 202922454423 142780769150 221283470599 83137784789 175336982284 271944846730 112764432942 215303100176 229312913566 10256590490 195643390580 44591105808 119685606969 162200369040]
[168640299376 263679402005 79255531432 153842792968 170055455619 232033727526 219301777658 98871094024 220071306181 269990330209 130298330087 246770399937 257075708414 125910607351 115021389973 71780154935 253220470681 157365909970 170845278709 81647694665 264488316759 121592207677 208395957668 65499546665 13334241738 45921630391 955572481 129880092612 269838592699 250065327164 67727143566 252807779498 146298215853 184726587280 106982031195 149673363641 256738707942 145778869926 267609497272]
[48537817521 23579208750 130650202302 112853342398 257426391709 1492416274 115369544366 91939983841 248529043088 87908187976 230291443051 201644409457 161051481806 64018716474 38605963881 91025535972 32979942053 223515778370 136061340839 57339239584 61363220281 91092751052 51015190368 173151449119 32795964080 40250933524 45605696019 204301711703 14694992990 159429032753 130470972705 207526824241 160622526395 271814209082 74420391366 31665276544 177310402356 158185370173 97693875481]
[190678489016 65923774805 184743603623 232405916747 117727054456 10968122213 149010121397 61085129597 139137646805 31338652286 117902338566 167165096670 150906837037 146328257086 160321531098 40095359726 94069583416 194411251753 204903761015 66355695473 12124501354 266552061252 13417608228 189390980312 116121463020 136525359181 21191658912 195288589363 224976525398 165582712980 197155458902 134264260592 114671029508 87523641971 159787063457 113933635478 39672936539 36012075530 100280370585]
[46942022824 133554670216 186339014934 178462309393 83581552155 133200746893 47982759246 219408192998 201948296688 235812887332 148640889668 20563689745 17978810475 47902814348 69200539545 216960048560 114124682243 13167677502 209619938213 244549609456 248199622698 199393115948 85956802839 133370844382 165548321633 100072073336 97241020413 99981882766 98395295870 210365589753 89282607612 198883526509 113492562656 34076858482 154020063457 209051406961 171959888201 104139448170 100155442246]
[169385956347 13853445367 224805204146 249736573259 78638968652 41841555855 210275960971 117792268346 62142722335 61658413325 4256732910 128000830712 164367730560 157501570465 163232784736 177342928997 114168029078 73485906342 166761685635 116919161588 22078417850 106279867088 221774163205 191321305548 142981535129 70792908486 192423832622 102746718157 183086054689 43010021308 3327519538 134410717622 243265461400 167894814976 29311037543 123982513563 92326248488 193702442108 44615332857]
]