[[5941725748 14402282146 10197315708 106196879 5655542219 2549969396 2259067589 13360835162 7537848640 17042738130 6811731537 331290809 2395194649 4199809156 9875112165 17050516037 16963900986 13484105211 11965265193 9388976955 16966319718 3337792347 8278299625 16905371242 8361843795 13528205546 9142558666 13085055760 14655591740 5822470904 1238068893 2130481031 4228077265 15117101634 4463401939]
[13034026228 2490732619 3237591263 2449836818 15573796473 6632185957 6775522188 11871015712 3489020926 4592287113 13768502669 6937371197 2678475021 8765661818 14400774909 4395254670 6796526933 2654513523 11682648579 1210342054 11899322438 808000790 6447989580 10504208790 4648298853 4067785896 11224626332 4233619489 2788465830 8027936644 1236453792 8932967192 1758574022 13547737578 3703176855]
[9740534547 15413830306 11122280057 16038650090 1952169296 7334431115 279780066 16161233689 2028195284 10730102893 3845471896 3851633736 15573502796 5114542642 3099994042 6923010294 6756309612 1769825314 4412717205 3562085713 10433415450 12726552795 8975597517 9370866437 414044839 1604023248 8647583059 9982466146 1506602212 2426829262 4824266077 8886309203 14745613935 5451260939 11864302450]
[3810704726 13004333534 7344388707 9449129400 12914334755 9782569048 8127838385 7272580833 13702960257 2363940664 11888202188 8163522076 5368546185 6045089266 9183721186 5824275739 1544513493 8580584223 13160005941 5402975132 10169214428 3752413406 14259642271 16829488613 9554019468 14893057391 14631496041 2313407308 12027513035 15009556806 3142685510 2158242731 2329639419 5754441275 12407505713]
[7434260712 2159053496 7487154244 13821210566 4151857114 14935682256 14122492963 16481656405 14323916918 8663068649 13430545636 2358223218 1571283377 14583589276 14293846569 5641400066 13723671429 3179259260 11988464387 10960299438 5726717366 612145475 6811405513 17173441127 12227244014 5754775135 6765217079 7415253194 3001132705 3833075559 392883201 2742591195 13296383873 5135677867 13155618663]
[11010020633 9202932307 13352218072 2109322255 9536146518 1173094915 3397523530 476937300 5545903056 4563184468 9621846873 13230710353 11172338332 11008318771 6084228442 15945358916 3812767309 11398040484 4702451070 6465930425 16407187669 2728483654 6141832365 5990907423 14930398866 12008500293 12918564239 9177052011 9113231738 10599472236 1547829476 680023044 14583513287 5000227885 9023795077]
[701408403 15199647773 6785476965 5462856328 1905385369 14922391148 5106706383 9664653112 5207984044 2473398677 3076634432 8544148077 10001124356 13698151922 7037808554 8673255133 2654296133 8352458450 1139455943 12828971176 1231763515 5362026507 365688442 6022106441 14580540571 11166546664 10697230551 10789572564 13588302412 6069166776 1037703248 13191675194 11437021876 6674568662 11203917376]
[14757128492 12581581398 5106579819 14116751118 607806132 4346094830 10991841136 12300723910 11201599816 14155658667 16524187548 10628782503 13696245897 71656759 11319479730 3080127544 16710988899 5311817075 16032996796 16822844645 9491177354 7896542443 11069437778 14042429439 12808130175 9913096602 9322518909 2210310600 1624412781 7475477644 6205929859 4831931945 8298517197 13115240436 4323272560]
[3963345649 40113981 2879641722 12381224537 8760164127 17056366376 12047435697 8619273387 8887931075 16941990157 11964686814 5575118664 81842729 8399518948 13185304045 17158333331 6505008157 15732038102 9054343771 6705615995 5173980663 4834454745 8512985587 16759379277 14759067716 15033396890 1909826993 15779798283 1207371586 11587563575 10957475916 8280292146 7222298717 3230177579 3279321347]
[6759582906 4881083259 11965458887 2464943474 5623200800 11507519446 814621500 15355029647 5095275739 5675331077 16525738604 13814206849 3820877408 3981520341 5463831512 14107055619 9923451856 12107510145 2101824341 7510150464 16665523118 13820506566 6801751398 11639673539 5033598663 15317983656 1405325577 14285626435 13556190026 6463821194 1923409665 16367152079 2599101455 7700734209 15408803233]
[13694997737 6058461879 12116665669 7433734296 5824476624 16455301081 14384844823 15706956871 16618440966 5641032691 8498172407 2588406211 2274193783 6765652355 11098318384 13174662577 13940946250 15130074005 10561375806 12314706073 1265294630 16547441663 13703698003 7335478252 16283009846 17026714296 10261943653 4545042997 13924007779 9136011604 14519074149 9014828009 7558863839 2369266741 22080855]
[8866384297 11419940113 12983434729 875815757 864292227 8519357016 6304039545 5274745732 11061518497 10202203245 2107871193 10683236978 53930204 3428264409 4205593408 1298272497 9001543700 8669678773 12725424389 7069175646 6811399251 11361122182 5828605566 262897166 6527417073 595465490 7486829619 17112009222 6162757581 4997632492 6347757445 10625849446 6624786538 2264130346 11575332495]
[5140840521 3032815506 7504130095 7146480149 14624911550 5189299426 587528479 7086440119 7536048308 13738033601 8123080621 15729655188 6996628848 8982910773 8377728257 14335244836 14689098238 3561641254 2583568890 5814788615 12017756916 908716723 1666412970 3502923419 2486924193 7194534801 8475526657 14372307197 9193164854 14888730571 15828593630 14437113431 10347623584 11136968137 14550480495]
[15154880881 11049358781 16904814529 10023200023 6465968158 2980913680 7894159318 900240510 9315765887 10257143172 2246463079 4897468571 8735981532 10015092169 7383632343 5166399019 8821546963 425736078 13818243036 13880197519 6895439259 13165963120 12471410020 12755306651 15128700527 15798526076 14973256754 14365783466 4907304242 5169390619 1021136967 15672612267 15294726658 3240923152 768805575]
[5658411049 1340873027 3282529874 5396011355 4519324056 9122789557 2019341777 5357429246 6781311864 14588161688 3117354993 6839459548 16616443580 14170113933 9938608235 14765908137 5331305275 10701440821 3266142828 10911622943 3345310928 729807231 14402350931 8788791766 11392316505 867262760 8958842541 16662127890 13358676250 3602402438 14604180742 1090571637 8273460005 4813719669 3576318285]
[5790112657 16947287648 1294850722 11273619647 9848944047 11611480268 919154874 4862701528 4454412725 16126131542 11493727053 13574444489 8903094070 11959424403 16489785851 14637524193 6660343329 1472931608 8010589674 6547976461 6161304044 9314474639 6945186536 6960952118 7128652916 10293612454 14519909691 11843422169 412974613 10232231072 6695928807 5180920670 5271277078 3965094881 1087157039]
[4090631758 16656510622 11278990394 1005653399 5936881689 2790337008 9875018527 7308308526 1338668459 714939710 1270950456 16159036586 6065092197 10387864322 7271795761 8944042535 288428643 16493647012 8736555477 7868703729 13992551589 6360770686 14640112362 10474339825 1085052057 301713014 12202006419 11431049411 780958968 7113608605 1976685942 8794259182 9720239305 394109030 4331408959]
[7665736872 4178962802 12773664593 14615246404 15638913304 11533245870 13958579722 3771616870 16181368722 3840574929 12595229121 86322783 5866165734 8359322539 16602255058 12773334638 5061220778 15813227154 11125937679 15713934404 391142318 1072597166 3301398529 9079728038 7059178758 14829280737 8728112555 14542077350 1463799575 1003731339 12329664692 8817351701 1795315341 1722234678 7486407743]
[15766866658 2797359130 13070647571 13375202084 14408238154 16225650164 5968090026 15409386694 5963830219 7041790276 12591983670 2828291296 13625929596 16755296466 919599675 6443823784 54349319 1204323297 449854792 13398654181 14708094458 2441598608 10162021521 9417569543 5379853320 12994655099 11911171443 17104997220 2216529893 1485303008 15274083909 15539911085 16744272654 4184416677 5680950710]
[5859707889 7846303745 6086936478 13331602913 12823819084 12311723777 15941014829 129216118 1550351136 5396353673 10311909442 12398938626 14188232479 7899253779 9405071199 7513653547 2708085907 11803188451 12452519218 4547885812 10072862650 926125231 10112518500 6179582733 14730062808 13164972756 11845227716 7805566138 15951113138 9933556239 12058340989 9083739442 13777837553 8818399933 5258662935]
[5606702979 6525165883 7132945590 6004805068 13282239407 3983990381 3413665414 10031524877 8110019733 5599932682 15669743784 1338802795 10056887910 16865168253 1765909855 13489642957 2961656522 14896267966 5114150812 8924660705 10818398481 3359397349 12155807353 9073245105 15406333514 6760522519 3770197501 8712286159 8473806420 1172645979 6133658839 6429579485 8824396735 1145440507 8642155176]
[7146496268 12363824345 13629549051 14402719292 16957111830 8543041857 10703351018 3547215230 11619074572 338968283 1649972326 9196171269 10987968242 14089837306 12819381201 9235758869 16421836692 8098224004 5440542752 7592356715 11311560588 14457836050 4593324174 1012974368 3111856359 9458798209 16775657259 10224480971 3708689774 12849346439 15026178040 8231964860 12117519942 2668504023 9539684239]
[14757874418 6238617846 11414912722 16365515884 13193614253 6832660038 14927246794 8788479735 3687198178 4216420210 10653491298 15786114739 8459064278 8052930343 127805698 14825946626 8352738456 1017193019 17172621787 4161855350 16442965686 9927138306 625876195 10045637429 10458418230 2537686727 3566869531 14703695464 16271725260 6125329109 14261505184 2597085460 15764111328 8807851601 9147993417]
[14926637883 9705987652 8282601839 10536473814 11921008710 14451036553 11912233631 11980864442 10405808609 8790839189 3144955805 6595573274 9184929280 13239327330 1944957498 4381452324 797145404 4296933876 16140984236 15553119800 3287914025 4546697403 11497521387 12474847719 16546590249 10127220649 11620084942 9905109946 13290800159 15776452148 10792477311 219362409 12906724719 8644680168 11183955907]
[17019430390 13813843321 3348426086 14635431978 223180908 3908441445 6001843628 242359413 321430911 9428181196 16534018861 1670316215 4909808989 4466673175 882187053 17085196681 2527570783 13709375793 15090939205 12205658005 9037700734 5810517416 8356123515 2396226751 2041162227 11322848252 3316736527 76444685 12008105499 15657099669 509820104 15707305606 12299950604 4962184473 3530644473]
[7934115071 5177308999 1586738161 4936226198 5444149578 1110376895 10640430970 12070628693 10698506856 7647046561 2852038374 1713377982 9641430082 12890500301 6679679642 12279283977 11092854147 10438927452 15394386755 2855747458 9121719514 15038721317 2176331194 8663402358 9301763457 7000843094 7516447022 12092452217 1911114324 16849919467 7374386590 11036236209 464660559 12111034945 10580205402]
[15388236666 15079067677 4510890791 11368326481 13816122801 2981415500 10984204858 13234278210 1911827967 13494822385 14247552555 13092114489 16999657088 16477012695 8466316275 7023684123 5342491060 560488716 11275608898 14562147807 15314450648 16710359696 9761376138 14561261441 10902752490 8326112576 7674156560 2265984693 12537143173 7290368417 11386977140 11803626189 2483227896 6155581885 15253301768]
[10413366728 6697309514 7653344671 4258413443 774495219 12459930996 543542441 9201162787 16143204200 6561547820 9359649069 3750443397 12324280036 10741954473 14368192186 9991807240 10371142525 6151912485 4092949680 11683108299 7278178604 10397253539 11451350651 5110036844 9115615395 8929789417 5593479963 11721401837 10041211419 9416924076 3974535639 9471058944 3539942385 9359845580 6999468255]
[8070436141 6682346248 8876362109 14700517132 925754226 3659317092 7554694346 12199992342 10214703816 9715604558 14786211782 5925847733 5198506113 15780866930 15395969346 6154748376 11544133491 9532565731 2471400009 14854118850 6277761492 2287411673 259784095 12771081726 6244328148 12526015980 14398593440 14344715201 16797781985 14294166330 8504753309 2120529005 9246232497 16578337904 5055178447]
[16808258770 7997009721 2539127577 8792533033 16181474963 10138517556 1866803083 11248615516 15043582177 14979810442 8042198689 13144738694 2569024518 7103687354 512072089 13197720268 379130923 15772628203 15423795373 563429389 11570364051 1439270882 9095523705 6617949765 6222885840 3642515986 1252986289 7329904508 14169997085 4893253492 8366460316 3016711539 9435697108 7170351242 16106631089]
[8849876013 8967372127 8523233071 6274479650 15373329978 10013244915 17072040068 10652229158 14408814323 14929655784 8453550328 8678428587 4436653723 9695988709 11417929590 12364573978 221964519 10175368748 14710366691 10605879371 4410856385 6039342527 11860090908 3828389681 14603205764 5101075287 15876028837 11249618122 2243865982 7405880776 8369451129 6087797752 11733805632 14035703727 10572083108]
[11895990532 11654139393 5975677949 10991992454 11531203015 16450331538 16965507764 15043629818 7258299282 12690329026 4073105337 11956436584 3053299050 13646156762 8963489323 4136412138 15483370193 12838350091 5498320285 5315305432 16013206149 10863186381 15336025303 180208143 12092583566 9289582067 15076647886 3042147363 3558157386 9970621925 15754737743 14659956119 14526401067 9137877968 15569983112]
[9469492446 14751892174 6663938224 5933942644 1568866837 14682735260 4178323857 14465289063 54750238 10856830366 15612819107 7077846512 13263606235 14099142853 15123852821 9143754252 5420562629 16472416042 8526079121 16221212936 783572750 15180924269 16979807818 1270528231 6417489924 4495089216 5850661712 13398050605 14026500315 7568862624 10009208644 9254931466 13477579413 14142085104 16032128240]
[12024797013 15704793290 11710217110 6105581064 2778419780 5647082248 11474898564 8446395502 3533791031 10578368618 11268340769 8656485064 6627003894 4090211884 9452666154 11542555843 9331160107 10342884395 9864221330 2632010784 6091882273 1389008309 12542641272 6582864878 10369546733 11343485037 11764669712 9135973296 5753456463 4764376443 9557096175 4436597331 14559281756 538157972 5417780477]
[11288811865 10977074336 5731380676 16795284481 7362545540 3546789034 4525893527 5395209217 7228475638 9598673255 9652045618 2644563502 7637458334 8567016064 7709553566 8947522344 15035457621 13553876942 11206909370 178796787 9931480139 2213883520 732911580 14666469596 3268578265 3285720883 13645404039 9809440978 15823660491 6083240919 2015060083 15252655899 5888025017 5761356819 15852914546]
]