[[35491741 953509064 152379392 888504276 445201448 4274320039 2244690642 3447696252 58423663 274634398 2521957029 1440684016 1401539041 3321143885 2808106871 4010576645 9365308 4168494230 1370631905 3209463164 4288450308 1316704048 834070860 571589063 2900150516 412044417 1488795925 3556495657 229350972 3073846396 3832512465 3906595837 2021505017]
[3151616277 3409651706 1170893539 2103871361 3060952067 3217815308 2399015781 2007054976 2246981014 1207950242 1003234079 1371705135 481341455 1186512661 4036336534 3286899901 3089715907 765344654 1351141224 2973457290 2822772729 23587 1311158885 958298543 624748089 2421798233 3026854129 1831779683 3458687628 2243977211 1418621622 2591679330 2723527333]
[3987063123 1553324272 130867893 3479955519 2998843592 1653023476 2451816405 2982690110 1214579744 1150408430 553049254 3261165210 921366415 3919112541 3128536420 3252366772 2302609858 430040150 1706103447 163287137 2032079161 60685506 1966022312 83825739 1705395167 3726041708 886313451 2538551869 2177264278 2419951379 571502902 3399187833 266120717]
[2124544058 2823645366 4102610729 2027925049 217778856 3715159271 1454602631 2133572402 3909519911 3066835787 1734356607 385694703 2637797930 783760773 3633121049 2246824132 3905960765 1585580386 2358395420 3123050581 3607480267 4273091885 822143768 4139490057 811434217 1937656529 390818568 3424913238 3870946469 2182997427 708103131 2715363319 1177729218]
[4073062726 1077927009 2921951923 279926463 4267424368 2725842660 788097929 3914563834 1564875139 2905578390 4203338236 1034163494 618464272 1486015343 3875891 559182493 1933272253 1469794140 1777738668 3170612152 2880266609 4181879613 228318689 3763986711 4202019888 511113514 2012621391 453510369 1008013743 2933072825 409882001 848640351 224547615]
[1286123466 2481467868 1041007361 786922321 1103914647 1722533092 3786214009 3913549790 187560050 4196715572 3490289817 3824825267 1260530630 3822503107 827271434 3490879683 3758972820 3567219167 1514589612 3370264115 1816721139 2700358982 4155265743 2047939174 3526317591 2678070143 2185069406 4180684495 3589613066 1191809740 1668035005 3487831303 74592766]
[1698394367 3445101527 713275384 3797000260 811374924 3670033666 554386006 3232767964 1968392260 3810801692 3289506049 3806306288 3156645230 517697767 1114336111 2866050977 158799059 3330198176 1984106829 3793234871 3298952111 3589629037 238555366 2114236125 2671725716 316874299 528964646 3361259817 3111532046 2901340907 319481150 2620142655 1423577845]
[4259176947 2270991180 3129001652 1346243318 1075587513 1085033429 3189553540 4120907892 1464322783 3439140104 3751723280 2878786927 1292764933 276812711 1460353330 2208394157 1271260048 1242085532 2832938962 3164262944 3541952540 2524556809 189834859 2886401157 651788961 2725268472 376659611 1238063927 2247583537 3236411752 3194787032 4213764325 3219227356]
[3480176405 4157881505 1276177055 939286050 2050753925 1002519505 1137388727 1772392019 2652933481 2751889222 1852209141 934787271 2288083660 3063671621 1819373184 527176199 1092916011 1613154072 2744435349 433503066 2512061975 2483870130 196697198 2649467756 4089689787 825171454 2144418038 43014714 119109652 4078668837 99204657 128649859 201600809]
[1163409733 690414144 1641515669 832232203 689433064 354713913 946965631 2455483106 144196562 2168361601 1632777637 2663290901 789678567 1427637039 2994967915 3735203166 53133257 3492727492 4110972896 980427870 1421018066 2216646650 163730726 904121598 2869214922 3079426700 3543971950 248439283 1313176962 2861590515 3669042225 1742838086 3162285239]
[4150485843 2524065619 238239905 2488047938 2226169951 3299092040 4277958907 1200547804 2030555223 2643523976 4278617812 3441796609 3610921893 1060356999 4109176784 12353132 3141360786 1604839029 331924888 1627402535 3142748587 3912504658 4039748399 1473888049 3200693213 232780948 3909597983 102918320 1028462800 733747300 3947744815 2151148510 1694123185]
[2777136020 482771633 3325969529 2072653795 2249527089 1812806860 2978985455 1603126096 1799005366 2486683018 541424537 2116361700 4111409210 3849839536 3181057066 2356082897 567456454 2342283297 3879139836 3373367889 387068298 3455706987 4034408839 3678559285 2667981977 1560149467 3411740297 1066676721 2793322934 2650081469 3791674178 3642405559 1420124364]
[1931669158 2276356695 2895181817 3401693988 1807917444 2776033792 1207541823 3352912158 3466890082 1160344586 2540122821 3274994916 939154738 29653798 279174534 30661473 2424598870 1424490367 4108265865 1136823110 1640903582 207657313 3797668138 3050028446 3470240834 3706800092 2403323170 176126044 4026872797 2486538887 755399961 531602730 2192810171]
[3777930180 684965304 3949146434 2342440697 1263437222 2953711709 1706682649 3608904996 602631428 3746415728 256944324 2215239855 3619873621 2459205000 2980927111 3891177601 3989292023 422635629 1161420681 3829108520 784611260 2745002581 561151429 4158674752 1813572448 236305504 1470044809 3427244778 3264687783 227239010 3299215316 3734438909 2724010112]
[454130815 3950213036 673288524 1793811913 3790243515 2443084169 2346514630 538448228 629241505 2516836366 2154356123 3268849221 397336655 532093617 2566595228 3489667807 1633241245 2762802521 4176372279 465930835 2730186757 2626883526 2808228815 1897732720 1714051852 2494290470 3871350244 2496242571 2865824439 3689835425 298894424 3498092065 2785007319]
[3262015544 2428339097 2862431179 1644657775 4155182494 2928165405 590211066 2691103281 3216460322 1611185232 3544296351 4124352108 2155689664 2416605248 2406332140 1616105448 653895925 2623475704 2138673522 4288607659 3940813909 516935680 466403560 1858616787 3366919784 786252390 701342521 3601009545 530545638 716143380 4005822283 1642465942 19294554]
[1826280064 694259677 2143847976 3160322018 3538595103 2850590099 1674710692 3676941823 2044131932 6145608 2648108394 1469209986 3939196722 3926945185 1826813574 301574034 2636734166 1197267555 2061667178 3210255474 4185719901 1044390742 3387881673 58045885 4178799085 937538362 2724919716 2762572690 229699099 3670343794 2877328279 4116431916 51633722]
[1330917728 2369887379 1589093831 3704213160 541393344 570039978 2181681391 3840529975 1000590400 898554628 1018394695 2767130359 1711048930 1695871421 1764477621 3171572616 3431671496 2787239 584153236 519290475 334637366 287565476 3890481792 1876940907 2230872236 3545617332 1605360667 3932960308 3374583991 3711086033 2168392346 266658947 890770137]
[4143670807 3153779316 313608848 429195309 1251247302 1638304251 4111092368 947392157 898281531 3255882269 3311060703 979100126 2552229000 2892918907 1785798641 2256072130 2896318853 3044086379 3162901352 3215624550 2868258774 2281218590 3196038596 4006212236 3279229799 3241526116 3606150412 894037965 2301909598 3910549272 1031272826 3727042084 1785229856]
[3011658256 3983822578 2632830618 129506676 189199578 1018063839 2148306228 2081663114 2543817485 3738873498 1336081643 255006197 4159962839 4110544649 1170599374 76577485 2983119977 2545976334 1881110485 1655855900 2495324923 2297709503 3157176750 655068814 1840137461 2813625725 1339802877 1767043139 2944086978 3270718917 3663591813 1571933409 3059475572]
[3616182046 4198778431 3488868375 1132653406 2666373276 698250501 969424512 262821203 1489982384 1773722384 3683501460 3423673668 1359886351 877718488 1164482494 2619627946 38230165 934350741 2124638446 1185938541 1621639366 1210615190 2400044864 3611986359 3841815277 1565727583 3162127209 1992390901 1387991270 3604527749 2671496087 2850621109 451848844]
[78679207 1310480033 2994466725 112016975 1680243126 2372881045 1469000456 2239619304 1938316151 2831154391 1318384201 4042095248 1996162579 3426471572 2914680183 2854308156 2155648599 3557397849 916375024 3125896401 1958356506 427278706 1304012833 761485362 655000488 2632032184 3986917923 645323367 2553249162 2248082582 3068009950 1323676872 3101527127]
[803020744 1629974684 3974398531 440852390 1549467343 1699610849 4068753927 3793077059 1877756127 599636668 745780147 3845560137 440584980 1233122125 3575979176 2062073905 2666214345 4050004795 302956409 4109917191 1813371817 2787502750 984809472 2604965881 2421691390 3361053097 2437346257 2301634499 2848213362 1156473001 3305224783 3862740809 3441341255]
[2907307287 2395753236 4019802435 1514700165 616786946 3679903071 2630205453 3185759910 2274827930 696691610 238415383 3888894336 3639729341 2444223591 3101030370 3844897192 205367489 845070614 3792153238 4098658693 3955534603 474426568 442907522 1327023315 3491562879 3368483895 1677289806 1770991206 2042272028 1759092321 1256658810 3137960431 3468560669]
[2523429380 2162654179 3452083311 2873815874 3866078104 2343621134 3873898409 2640608453 4009941161 2298520076 3715001624 1773360305 2794959300 3068628685 1488915698 2295669791 4056212770 3850537034 415883036 101191204 1315079507 229138726 3847805848 3579438396 2150426143 1521811262 3479045332 2203970231 3334184627 2575033483 755099299 2885686740 2593752761]
[3916310673 3106370251 4207682897 2889974997 1588031376 461758577 2504655672 3248576955 1811786442 815241191 4162739498 629360930 2116210535 2260868439 3329512480 3598487086 1931383228 3193495290 1821596692 4279391082 214822074 818173768 2890108931 2269319134 1287943326 1713671656 1306169826 1706824612 927513792 250889400 657711235 1734217628 595150315]
[2917797751 989938465 2228978071 1109947845 871944571 3157666785 2967154863 3266962273 937357762 1463985492 4102203937 199611830 103641240 3340977596 569038690 4166352852 4167503995 4161645447 519123664 1020199712 1935717875 3364395117 3532356551 2450019352 2766176976 3106720811 223025501 2917510810 1685476936 850669226 3374899043 2809253892 2973669390]
[3821210497 1097821017 3028306128 2348050318 1455299528 1950532206 3254563038 431318004 3138074755 3601495728 189308634 3567040174 1619567219 535606618 578544924 3730815415 1354943552 4157080952 2018063544 2898160803 2269683691 510085326 472442014 1985143965 621153284 2144959625 2347940314 4075802331 883420154 3785262796 809871564 1437861483 3174763028]
[2235551192 179900056 3135413713 694772473 3448613354 1245189433 2301731537 969748088 1469911001 77429625 494648975 2901518557 3497201571 2531549261 249165077 566005973 167358315 3881387378 71677641 741207244 2484640722 1184672592 1544144847 2765897090 2399117837 3433074402 2197039000 1662687829 2302861563 2630802280 651861331 1568394367 2496395643]
[968419807 3301282881 1165067754 1617239554 3111507506 2793426207 409282135 1526922898 810519172 587034277 620312209 1446207453 3769106742 1463835471 3484063376 164769486 3680738405 1273839191 2259710611 3820813067 905263257 856855887 214084773 1273284696 3349709206 1008567921 434141229 1845355331 3873695922 3961769436 2024602981 2701968155 814838735]
[490275102 141964080 3645733755 1628103243 1388887769 2092567631 2728485473 3078396588 2556601009 4034417273 632011476 2482428276 3301867175 2630339285 3995063874 2317870369 2296831297 348681202 3833136309 3779655786 3403418758 3039267286 4112484285 1346668412 1542254745 293838569 1997257435 703993524 1094387868 785108902 182115251 1447534717 1845041095]
[1077837883 2256457364 1205619391 2860999744 1245910270 2183365168 2288744589 2026549969 2223090097 247770236 1994944704 140870258 293265182 3116684859 451352584 734346126 2460684303 1121075525 3003582575 2249727040 2787616948 1809766292 3496011329 3816861342 2361907422 3432917909 717558609 1714328274 3484347613 104334793 305048309 3215777510 3651705503]
[767815736 1901417512 1643321207 2162499533 210832750 2548497573 1605074288 3771697609 2167432448 3224481700 2742842332 3553760958 4072669694 3461383081 1095060544 314052607 2771568270 2207029918 4077617882 1201802015 1783191951 3507137300 3410446950 1350716884 2018232478 915304943 103083888 1398150590 331178051 754894835 2840771868 2277892205 3561229903]
]