[[3776293977 2776962672 1066146564 1194776372 4236515431 3976048737 945720045 3579267591 3784391226 571746980 609654247 1511225920 967757743 248555236 1126070330 3641034934 1323160307 3781261959 1734880711 1971505414 1562934203 3313799627 1346003048 3237484684 1556076550 2653476745 3870272494 1380286864 299336678 3540844251 867914021 2805810412 4097769237]
[175954577 913561208 1995381906 4181498175 1073123592 783173049 3035309402 1221809020 2841110504 437443396 1789388613 1911031423 849736559 699728774 3968665513 867393420 1565556496 1855907438 2074278418 461904258 742653063 1186550210 1703194729 266097498 882322525 2042686129 2197144015 19858113 533532623 3563006008 188955970 2926065274 2732326626]
[270930829 1499238117 529476219 868486478 4161064986 1636293460 2942254192 1374760648 3513532079 2288589334 2537573363 1584565705 409507111 1255892756 2307906000 235919215 4094495480 1760090273 1976930833 1687452659 2661007364 626242138 469167823 682992439 1760826253 3801325526 2628476078 3753165274 305306442 110573024 1502516915 3222311346 1248001406]
[2424511672 1737065102 62138319 1037426902 4109482932 3007803582 2157693620 3034463644 4052986999 2318542087 3353280481 851118587 687005664 3499067929 3169045824 1420003129 4123306511 3797008739 2359001392 140790071 1226520879 2084789639 2255127544 1707758969 2563374992 1082081098 4098597459 1337751488 841233163 3158023320 665211156 3538188804 238853415]
[3196329650 2202486540 3705658309 127537006 159863716 1545863036 2975140820 188972495 1054686363 2991776500 765458510 3114537354 577923304 1344627492 1016116876 4045614205 1024309703 2038376978 1743452152 3642604440 550080088 3352056673 2819966270 4071011431 3519047931 917964625 1810750186 585873333 4208964963 2626176563 4240669509 4042584431 3553823836]
[771722219 2987610520 609346870 6082056 3698921077 3294644485 3809832796 2774396411 266691498 2139455438 35231153 639456308 1845213252 809298320 1624626896 119612942 1731941961 1743722864 3974309300 1316182419 2148846672 3930387095 4214637245 2737619933 1183614672 406287418 834816578 4105361046 3442048075 2636225700 3941421605 627937307 420602857]
[2474558978 705472474 2585143566 696238212 3985495331 1594907616 2867039300 3014594202 1533379830 624000002 2105334071 4020411398 1534910762 847650528 41051939 1229426718 2602700828 3408189151 3233861988 481500745 2998503249 2085259259 1041054181 3770717711 2797261511 1892457366 1806797692 1172876166 776056854 1011566441 3387387101 3523883686 1598772007]
[1372091466 3149630517 2881505495 1812906779 620894601 4059800902 742234124 1075970615 976844841 2781862485 2927756611 555334 3752580989 1303496888 1075330048 1172871333 3973055933 2152993532 3717492358 3793534135 203772779 709865894 2945172295 2084523016 1132277267 84976395 4057533963 3937420447 507418571 3311045124 3837228093 3842440989 511756188]
[2216345826 649325581 2573552169 2431529511 2647741479 3775325970 505343512 2620045511 2329364200 3931000557 3281179078 4229529250 3204261547 370877120 2008087036 4035981037 2981278310 2761894451 1622865681 3540845045 1123524708 3881397434 328261263 2901372465 971028840 3324291198 511306300 1386946606 3589739002 658170570 4140500371 2821342666 2439909833]
[2899125968 1866332858 3527739793 285639614 2771971507 1524282922 1328946146 1302045952 725391223 4225684661 1548316983 1052618636 1747192381 2329089468 3658833525 3009302581 417780984 361530146 2361991107 2202292431 964560488 3344148199 2003672446 2247565156 573195126 2953646300 1066620053 3616670848 2857785156 2478565969 2431243814 577935851 3472778525]
[1456276906 3969685472 3544684997 302428651 3062223321 3799909994 2973736718 2242370403 1221937242 846734040 64027539 3553000998 1462347145 3776647201 4098488950 3108254124 3850575091 1404233426 4181907095 4004094386 4136648684 424265961 2600072386 3420809858 519368296 3925886949 536685374 2882267250 3701421266 3809572695 3799523282 124543515 4221086286]
[632001535 3951918350 1304876299 564389800 1949037120 4242719296 2484411838 4209699912 3975705423 101192837 2149330646 1387347386 727137586 2181318656 3867762442 3546510616 3639590746 4137521478 99674664 309861213 1321674042 1188825919 3230354621 3139081040 2479074073 1091954262 1436017661 2662383379 3857467709 59012406 1987572977 1924439196 907238377]
[2113106810 2961471831 1813196857 3330079948 1482385039 383813564 4276968599 523220617 3528688437 7916315 679583629 1664095000 2583477174 9378578 2172854054 3573563996 3135834439 1265578626 2261405079 3016304373 2806395977 1827662465 1810581001 2077551935 1309343795 1402803120 288261892 1147878763 2438878261 4079646079 390168241 3645497752 4222695651]
[2825132986 956463926 2117358324 4135214931 3368859893 1809838261 2980317732 1748284344 32846191 1581007190 317101432 737701988 849511129 1043919480 3019101631 2633338451 3591551043 3745248518 107117717 4294674240 3886247543 4192866239 4055475884 549782657 1544050698 2522264803 2022861497 472658617 3885215969 3622693685 3115441432 3609531631 2542815155]
[3099261487 2059542833 3082193682 612903058 2432386256 97589698 2918305948 3028722068 439597725 4136101539 1461732851 4098308948 4092131541 2644723535 44571112 1427594091 30887965 2339558798 453475269 1266148428 2863795069 3439448911 1623900824 4068866521 2718682468 3140791390 2791000923 658646458 3690760187 366467709 468467359 4248045184 475152977]
[2987729373 229715299 819184343 2223774617 1015543619 757773206 3804316927 1100904110 2663194806 2213922877 4253871642 4011701485 1751373440 2509098693 3708684054 2062777437 1335638490 1843504815 2507727000 4284416054 1780363108 1768451583 1649147916 3539687278 1875819917 1291537018 3549378237 3360681184 3907457866 3636179894 2348733148 759872992 631807088]
[3053910256 566022422 4097708199 2642771690 2554782242 3253626411 1777043667 247692401 1585914502 2010602558 2182298039 1521489163 1943918915 805496365 4066412692 371087541 698832110 1913348187 4235682873 177082742 1924254294 2193349720 1450889956 1495622080 2963203506 1680051764 961577331 1756327934 776159589 470059315 3208732504 1023593579 2350836797]
[2625306661 3301007507 4182776383 1412376948 2806944042 4163282291 1751824025 2634116558 2419305274 3659421819 2555067009 3559516229 82311953 281269270 1774077661 3754044442 4198166756 1379654991 3422178263 2306490212 624870867 2581836551 250651262 42840804 3285925800 3061890891 3993499310 1426159916 1099433896 1530260396 1446077773 3335255647 196307869]
[2185403532 1773373944 4114459969 1745689331 3813930458 384180898 1790143196 3255831923 3560225388 2034423805 2953942334 2444689115 2578071410 1086251907 2577686149 1432392607 273415926 1000575929 1167162376 4254149870 785939934 3648022897 1647606803 3499320140 4072593290 2674160252 1495716682 3212685002 1229177088 1573524447 3552464181 3988547639 408641508]
[4112920972 582846533 928308623 841061463 3654628767 2280092876 4051674808 4161031637 2623346480 2050502971 4164818364 837382788 514998817 1933428094 1504477648 3483263501 166424062 412612308 706740113 3886587261 2040944599 3983025069 361526886 930216662 1580725473 11345368 3471943222 676885873 1683109537 966103432 1478851574 281015288 3034312308]
[1695764480 1370943221 293237572 2790607813 2116936927 1109387154 3644479830 2878521565 3308994704 1299075628 2127581967 3716933264 3574649316 3414634230 3326508623 2153598621 3697772183 1426975499 203024237 2840532129 3428362741 680818310 3823714349 2516817559 387308685 3722764483 2038396912 137712687 3099949585 1590398569 1943065858 774867861 4256254892]
[2645097374 663844180 34206904 172627811 2238282523 4063663035 136937335 3247548858 3016123298 1783069178 4145575244 899939065 2665226779 3727240567 859653519 2259901053 2606965419 2556338076 2589358323 2128851481 3608147499 938949135 3172314988 534434111 1116152254 777396321 2603024088 3093524404 1180455553 1319682798 347540275 1496218912 867274703]
[2922392657 4176693272 3663573755 3498859473 791299340 3252883147 2597729827 583268142 2098675718 69583503 2463259419 1104405911 3933344841 797720728 2028334999 1262872469 2293217158 280736052 2826143594 4211029094 2582211861 849514510 2905476946 2593020203 1871065419 3300668139 938671587 2941220989 2989563874 2402904374 3770813589 3291644268 561098775]
[3058097232 3986698347 2424323312 2635045715 2070178424 1416952243 3585931942 1965824791 952657387 351751909 3131282476 2754325683 3838842169 1028922684 639756684 3449878919 299903373 2228864893 1273065482 413989253 3748646903 3692992207 1590976607 2339194615 1508244847 2614658031 2810912513 3152927020 1993312028 1283233331 3032023438 4093281674 3561437028]
[2719460485 3822663834 3641166213 3094444742 3215215695 2833814808 3817939306 3674458645 1183140203 4146919828 3807472574 2381762412 342369921 794977364 2924905526 3330045625 3198288175 3588201294 3945482230 1554374955 1667082050 1529625357 4120335314 1188356047 1538330788 1853017448 4148521068 4272810052 1484030449 1616415943 643834424 4136676700 2072334448]
[3237235518 1629159399 2001283496 2217504345 2557598353 4186128416 800015155 2915528508 3941641427 2158379133 232331123 2468687730 1425260650 3849148517 1252093326 3046659257 1275981133 868346224 2068748817 1186317147 4041607970 643974281 3811139869 3135975318 1188745161 4099475024 1937934718 3310390905 3374031327 1487149691 465596251 3431748846 3686512820]
[1322102537 1170911914 3550969478 324852134 3470619123 2962739968 1922502280 3222528617 457456467 2280283793 1589347492 3098953088 3017570092 821553280 2445767305 2131400779 1344175575 1385683735 1394421188 1484098597 2790949579 3891859762 2537450453 2560891928 1348033 1662400425 76515670 722715328 3820555632 754391289 3675580776 1662907433 2661938227]
[1651033468 1501862911 206238603 3487179868 2871605753 2690847438 3343732138 1982606951 39799216 4161128082 219474908 3924446220 3601421446 3046076387 765638517 4242920949 137254215 3770345857 1025514251 3633805329 306335671 3840810065 2809444242 2098705100 2970389834 2423683567 3509332014 3833623226 2626513947 1826353165 2351251726 2996066083 3152929166]
[4063808519 2877077516 1670144323 1422075694 2270118774 3758253445 301788405 803350227 3093581337 3830842937 3612005812 729395094 376406439 1081463659 1257900164 2726140049 262885289 1919075511 3587625055 3196692968 3651950304 3051604524 2618488072 720657996 4273300415 1820901831 140321893 1877719385 3667824870 4025090626 691821777 2103426594 1275774696]
[3800652782 214065065 3807474662 2151816225 1356636653 473347489 101448627 1872277413 3553364333 3929558631 3992288337 3452499406 1313389969 1344477959 1000915977 1846671686 1605267561 2353284001 4061879819 2404509503 2391168150 3025750188 531565287 416534688 3614200610 350670808 3332890277 310369024 960103142 2955384474 4158327315 801147013 1562966133]
[2905828805 2542409145 2593745823 3791959856 3012344728 3784754104 3787400726 2782416540 575509640 3369491358 3973100872 576013968 541704712 2902141593 1067924192 3421012931 393293771 3881070620 3111969011 1357734907 818577832 3861970233 3670837213 2876383973 2578562066 4121719752 1021408882 1479158598 3989352677 1896764547 1387052694 16831031 471310309]
[645802051 2831877470 2034520927 3854789618 3091856298 3919769493 599913270 3184904434 2599865735 1958045947 2487957918 3238778311 813220644 1403848598 2486585867 2953572926 3730667122 3995214697 1555106406 2512923792 3005961675 1164379625 3094452386 3723654276 3335119996 3781168466 782050273 1566032536 2356505667 3294392866 3420923834 1735684075 3745530077]
[4062644617 3098477297 232051268 126358583 1920283775 2723970032 1317590346 2835652573 2347488034 2782343806 388620330 3449352083 3914382373 1798410748 2785235674 3058333249 1920761761 864760915 3138507164 3753560407 170798073 1567374833 2614654541 3374690595 1148165662 3828105603 3370603933 2250273367 511709246 3881928570 3020808270 3401899676 1113058737]
]