[[1442606981 3402053475 3340902870 2065121244 160044055 2271222659 1891338929 72859049 1499869273 2975480814 206216969 21468315 3880551773 1191244763 2318465247 1860995095 1964820388 2648462060 2303009614 2574064897 2879871547 3246515007 918311189 2985197651 1314796274 946489340 1987535239 1086086416 2350444155 2926619786 701937123 1985347723 2348777294]
[407689335 758227107 3816373979 1347372012 1514078489 115545612 214753837 2147064943 1833779655 515990908 3274358980 2177143627 1084066870 3493372648 3179720059 1654493621 967297600 569623776 1746015884 1400979085 3771103381 720770392 3636238268 327653418 1031549664 1853569145 809363292 775395581 1299547764 1204137196 2218874918 2189345938 3396022251]
[3686284269 2992548545 3775006061 1346654324 1710471393 2118669207 956950204 4113443028 1969799652 1837864843 915456799 3381335936 4114168875 2435458289 4154289921 2225023327 494995123 3570392065 3266930334 2449760653 1905635579 624298899 2911402067 3313434466 574102114 3134498956 3696476354 359912025 565945121 3052788972 1415504924 3207567458 3024445902]
[1427778292 2395299812 547212807 641681408 1160538028 2482576353 3915745631 83359726 3857717311 1524196743 118705068 2926352796 3737655056 3162228101 1447825228 115859728 1869040427 4229374380 94095768 3976100729 3530579318 2057497553 3012575202 2087312337 229875421 2288591318 2815581093 365055476 506931856 3092725461 2299052329 2646249186 3014146794]
[2074856451 2242075885 3586570680 46267500 2909415814 249385414 4074700340 3063369716 392495702 2268014131 878696777 1957463846 3581302489 267227105 1624813491 4191952814 1608346321 588890790 1496287254 2240570003 710224779 2790226588 3489943396 77335552 1987975671 170607847 821213085 3798131340 96514158 239002828 3963338507 760051203 1098820453]
[1068294608 1755993264 3908924196 4243384607 3230402351 1277318349 267471966 439017248 2007746214 1673484423 3670000739 2708160115 4138036917 2429786323 1448255786 293527675 262554422 3328582216 4279852706 4042928488 1900374179 1894858401 750249133 2097874744 2040367450 3204925428 2794944394 438973373 2140702472 1737100486 2030727877 2558892578 3385229193]
[3369574312 2046742399 866415521 2273699225 2816123283 3159127915 912386292 1594955916 3625416091 217767950 2869848876 525762073 963116335 3686772700 3764029106 4209555332 2359014178 14706698 2576392666 1625741007 1634149896 4151589071 180503632 4106119193 284304812 1848845501 172944072 597141071 734085361 2113713145 6508665 2611913783 756778819]
[3759752103 1092110824 1834071138 1350209623 1294049307 3084168379 2436015756 2736702410 2354976178 1937404402 213932677 2248001002 2011888960 2648659726 370052835 2437060403 2022650514 2106727351 2598743821 2304812721 106154798 3857290209 438499972 2830125336 681678166 3653979962 239024868 1690928676 835698482 573392061 3104850082 711697903 3205332674]
[2336521787 4145635147 3705172180 557676404 318219584 1190431029 2374512116 2953964935 4126776224 1745794624 2553320591 1135396356 1554949883 2103170638 3130763527 2332818478 784755309 310540006 2815690797 3372719394 2613859734 402725853 2707840151 602677795 2539436508 3436779273 1127124526 266712178 3492125392 855942811 1511988309 1300667414 2819724030]
[1930658351 2730818862 705139033 2759361827 36188759 3693375407 3200675852 3912927365 2057565135 3545511530 275207498 1745943263 1924595835 4097294828 2438102439 801665510 2480251577 2476878965 135996116 2498300818 1600164338 3151510509 876802658 1578999742 3048005554 1562890561 3946390040 3574678079 1660927849 1959458094 3269321598 2753541956 1643960556]
[1402291003 940277382 207372894 3233557622 2014959311 3704909855 888834984 2435350420 1838793585 758822466 1778308132 2857963835 1909666581 2945347879 3283707655 2003964256 2449603543 1850235003 3069348163 4162536683 1480587927 1932611336 1363498877 3802291134 3518063110 2037689220 2212453003 264827655 1386175364 641379971 3664691744 1076791209 2919438385]
[3182806120 495369977 4141428664 1378089397 1021199084 2045206833 4201732013 1006035643 3142619398 926311728 1680481186 411141674 1249311101 1343135670 3411586733 3175505388 2659954256 394059065 1753531672 819677819 2204652005 807500328 3045268294 2152158112 3787249690 3075945413 3990967644 980347946 2434677726 2834511407 416192901 4086680198 2319835248]
[3653228591 1417251979 3594034822 1541286679 3080348229 2111295951 1486071161 291148763 2724946452 3553655342 2074759371 3759616682 1110801615 2659224125 2045272486 2700469261 3579809785 4184138318 3158987485 3888389112 4177001867 951953560 1644177065 1921687330 1977593322 2857191930 2309804813 1560486813 3201082427 2049744448 2469179633 3388060940 1441562425]
[648636673 2181187938 3875083900 707999964 783509579 668446174 3461566945 2772063852 3060271378 2915945716 2525199569 3755767675 3135434466 2825344118 3313270387 1925150068 4198031394 1344856458 2593679696 860169626 2583513337 2132999506 624342925 1157720768 2285684470 1323413929 2465025150 3804017701 4198186871 3266363990 2959637576 2108371115 3735487696]
[1830871421 1242963961 2716508302 1929898409 3300154709 3184588663 2411068132 3223933834 1652974261 3287736679 2168440690 610285768 710714259 28221517 2708130321 3465459828 3058241721 647585636 651031424 532797690 1364352805 970306995 3241700441 1129773712 2461422448 468770722 3964355419 2634259735 313609248 3259521997 868797808 98408951 2664111936]
[1908180749 3185320911 3621428565 2145726430 619952360 2534000499 3048208813 3241546919 3133510495 3200155240 2327459814 3537061819 2022603647 1224279788 4102455857 3906789028 2425473808 2207893550 2203819881 886068162 2420073866 4091872688 2051726399 2362462503 1229324 409458361 1056376519 2456560085 1706652487 1797489137 2965972893 2897763507 128650646]
[2405723305 1394550980 2779906375 1644469263 2629688967 3987772437 3795071011 1161876036 2680969527 379046228 1744752686 762431616 1179111097 3012217194 123708016 1262857892 2522810628 454213835 2628225830 66812617 2893515680 252031543 3173115924 3957023551 2369551595 3999071866 3235030050 170479986 269774446 1297031401 3253109319 2582992563 959435732]
[1177436628 2514512367 3491998440 2661072391 1978316790 3791260007 4289949371 1821584492 2005697699 2609980865 214942842 2020503449 3333269210 4256392128 3014759963 1390813521 4047464548 652157469 3610041813 66171021 655782242 3355801408 3555871145 944171893 338010048 3601446934 2556695658 3611147148 1691050469 552163610 2806148636 3255721562 630168183]
[3024011102 3899609784 1385132366 3334109386 3119694834 2654103747 576641787 2655592254 708951135 105955242 2211653021 3566466723 470075497 2624512721 1671847455 1484664235 3716562020 1597951707 2290712059 3256042350 1925727325 1688115485 3582569415 3291933442 2545689794 855739156 3822386358 3303222565 3719969288 3939895915 2118982540 3961809909 2546987898]
[2020044840 3996778126 753316989 3076118287 2020432359 840274217 798289886 534461420 3920731505 3820092835 2845663900 2540177042 192518675 1904315761 2434114961 1328462816 1533171762 3713662817 3176270356 2683597183 930102900 145030000 477879359 1847737028 3429504000 1496547872 1552972809 3000105531 410453614 3989875914 4096575542 3914702860 933738348]
[1936294154 2335636875 1018831848 4180848556 666348122 4264572331 2053930954 975264328 2966177605 1498006508 2311604337 2912381330 3446654105 772208742 2765519667 3091343919 3075067981 2221040031 1859807369 484330490 2963925058 2043998264 1091199920 2422067739 980268406 166806375 3574871611 791893955 3752543945 3480156340 2964316958 292889153 140525065]
[2975387313 3471071077 1766088771 2756211977 954720290 893791675 3291233873 2964623446 2798488881 3948838288 2440950895 3298457641 1981875622 4207428777 2250546595 2025196018 2309972336 3390751169 1474634802 2517992421 826851410 459967227 2259881307 1968099433 1558762417 1601746778 3063105929 2043454045 1283822900 1975323423 1223765963 2301458572 3141113055]
[2989239274 3462215962 258644210 2736969065 3841002015 203029387 116819201 542727852 2325381583 257717195 646941048 1968619233 4223465261 727550246 1785957352 720818379 3696898638 552816733 2794895931 2323382783 95430735 3093705768 3053682317 2242455967 881742756 2249546022 536719834 4063405464 2649968967 1735362201 1321001619 2203255066 2623936365]
[3567541426 472292153 1989563773 589947768 3338743206 3021650456 1605731212 4210630677 59905547 1960400745 67984967 1733977913 4137753719 227616071 1325876970 2955808136 4213010988 208943448 3912547580 1413306285 4051457525 3144446965 296503535 140098552 373945333 3392651413 2954606201 3965013234 3608008496 231132625 1072639469 102103119 759731633]
[2201086725 3264843841 3194924204 1516995118 586483302 1296624320 3138817431 2170595647 3573806876 508649305 2179398067 1672147852 401258671 3442481447 551294509 1121291755 1257309594 1159148978 3425201689 1223132754 3644480787 346656610 3258313223 609015080 3193607340 1284027125 1382865828 3639502567 3430880468 1650921272 2654238729 3006039739 218534344]
[41261883 1100440738 3149994642 1724420525 3682788038 2225416025 3798823702 3959863963 731133258 629230508 4103312614 850793013 3032169841 2331327004 2105310645 2736886817 604147924 806036458 3825821170 1271512674 853075049 1704676246 3162906775 1864125287 3979522661 1379804836 4162888749 2219278491 197727662 2039635223 1101456888 2486603511 274440483]
[644163016 1033831291 6203773 2492077224 4283461878 1328183447 2742196953 1035346948 715300512 233476742 1409496352 3834126703 1640203694 1977523448 4283896260 1170608127 1608649879 178248005 1263135785 2129179722 2644514700 305867363 3173929846 669717197 1180167654 1271121116 1401318373 3098319287 3905029370 2114025584 912552509 1467407294 1068614785]
[3261496902 2788359147 1846880215 3502118984 3566369519 2978560153 4119860961 3818616789 1316048681 2072913891 4000124344 2447979518 1471920865 2842346985 746331398 2421780863 2880173167 1792589936 2177630402 3604762678 2169494888 1021654132 4208347389 4097961211 2174914922 2457549164 299333584 1253966040 802824570 2840909774 819374576 3540495549 2565698281]
[2813057453 840945537 3823320349 3556393474 1023788236 2421280923 1442501900 3839736045 1156566774 1476483451 233689191 1785044245 3593726172 4109670325 4159848600 422530996 2206227019 430311464 1524495852 34125948 535199154 2503598507 3724503083 4068707864 2130258711 786944785 567906213 2380193084 1105516067 1389802882 374974659 1144479112 215009422]
[2289492812 432447846 3165804319 4038880061 1264877912 4047344802 851348842 2872415429 1354998889 1214137698 3852873736 1278196011 970001442 4218342684 3562434469 2813274729 1865387073 3707437821 1349511491 3424020955 643609697 1310390180 1738048355 3585543616 3323643345 2792014729 2596327624 3175808795 4090449686 702613902 3987882575 2764490417 3149816656]
[2674379585 1991076537 2497610603 603428260 2695988767 262097093 1627841901 349426384 32507556 2822183625 1568697858 3188585573 1761568243 601502021 93909175 3865103290 3474416939 971187232 3081856759 3864263139 9301263 1432474649 1130326681 1765130411 2822249090 4271271800 1880960250 3463323217 973875731 2050063846 3098566964 1594254016 867753494]
[3331518646 358953432 1457066532 2999930004 2513717478 126867504 1854553709 2875588327 3118842981 3313494342 1995070491 230052078 1159843833 2955917961 3735205368 4130093051 2047356740 2884173291 1530288073 3006368251 2219079201 2048457401 375722054 4101789159 2300234747 1497822790 655875865 1971029218 3004164125 1058828760 2963229676 4091401312 3138054854]
[1069506621 2714684262 1516521442 3624969280 4122325063 1063205498 3752599171 2634946420 3100775063 1933905482 862801681 2727503976 2438319747 1219958028 3643005412 1819287116 1779942302 1128757261 1108704944 3281197072 2301791955 2285140364 1723407016 1944503016 3076768586 2568869554 3067022247 3927616176 1830947317 2076786452 3328169609 2205000197 3817054129]
]