[[169752992 1102065617 1024338048 306248719 741313632 2971852548 2525201419 2808448754 2792625012 4206649352 4149151100 2529375263 1956697287 3791132538 638485619 1183374664 3907487412 539889039 1622459109 3961557009 93075961 245593389 2755709407 227314659 490636989 1386644813 4073038636 2540780474 1258304364 3465339875 3693676632 75437241 2184014486]
[267523398 788223567 4211320253 1915560898 931098369 359941843 3827847541 585674099 1644850199 867130160 2298733009 375906180 3021044094 3310339078 3230905582 930206894 2816441522 3230392229 1699231399 2265137074 23812858 3236710186 4135127441 2593965395 54277148 2573106987 678867290 3426018800 3042927099 545052414 1160266543 77627722 3901989943]
[1559314635 3442875631 2591818562 2796299272 3020655894 3237828147 1804636896 2446651881 3579583021 3244154094 2172193742 323050005 447783577 1289007406 524806906 3127946359 2840491141 2533564222 3670090293 2378476018 1706953665 3061898591 1515133449 2207898127 2568198383 2668069612 2847684121 4206834469 1851639801 120166169 936834788 2778019222 2000441292]
[4269219086 4237871169 615378175 2835208145 2789427402 1343571180 2373687667 1439099429 2212235613 2761420245 2963955239 365157272 3654765540 2480301209 2662023896 1631633340 4028227911 2741927189 3836742063 658137752 1321913027 292592025 4192744863 1500702328 1131248658 3278850793 3491462712 1532625668 1399253098 2766379652 808303129 3463321060 2841022272]
[724592385 1569383734 3005660074 2154750287 1877160410 2118393972 2938696081 36924745 2794648619 2888101890 1502816459 555908161 402565293 3244921554 2553992306 1123800110 787908384 1121518934 2707497885 4223229014 673585759 2250327099 4097721056 4180196610 444883191 2725084490 3884661292 281803308 3587734967 2190509272 902901078 537461048 3093185107]
[2859175216 2530798852 3593693876 2918790784 1679693169 3002991513 2048020277 839945352 3767851608 2652030103 426751391 2923503190 864275470 3730327491 91225213 3451263177 1575151948 1066346418 3985554061 1886623814 567061074 258599847 3452829486 3865219293 2537317629 3727494366 2745584821 1327973541 1731152161 1063988413 2876511887 830778928 236556152]
[2081583578 2413657631 2618154050 2384982657 384114076 1143772612 2278571739 2723881568 533886773 1997595222 1007595785 2795233361 3937280622 1798441227 898694210 3304538759 586100646 2900661379 1963395884 3434641554 2531351021 2902831731 3886973173 3449326571 1082790140 3717706821 730842277 668053244 2679144808 1183911006 946138736 3644249568 169325131]
[507508142 3548895688 2548468510 3510933620 4294120639 1352645613 3082685319 568991016 2571930885 1830986020 810308911 2117875276 1849369415 1135961543 3286191850 1140612582 1171098449 3416791513 3008094750 3470117423 959808032 3374472701 3829526349 1157479804 458031153 3334158749 2665679348 3091230881 3628856411 3844336661 2993433877 1362908104 1861009861]
[23032620 1483570780 4284725004 3522799458 1823403670 3713005525 4036651641 2329096429 741841654 2606500331 2569033348 100304932 1558654798 3663760365 1469152191 1785722566 169064317 1953967605 1641664294 2456778377 1189527824 3942668291 300086264 1401632684 2666413783 1549159378 3229774240 68739796 4123717585 512411478 3064596730 2737758248 1932759433]
[3713945198 2435008936 1855558213 1436258113 3651282522 554961215 975164837 3258903955 573661879 2723380458 1802890026 4062697869 760690149 801116335 920205663 1101149572 1522662815 127990379 1008430375 2569299787 3655341730 3570632074 3159149276 4130752146 227451354 3174837986 725137985 2839193982 1801990949 1851507613 3889705168 2735888886 1882123728]
[426609028 1657919505 3419388481 238115871 814501100 3756761861 150951097 1794138022 866594109 38256933 3700314869 933727553 1155504500 706954916 2455391520 3337445571 3231016939 810164101 1860569592 580664221 834295216 2471206886 173818217 3755217143 2153096726 3487237959 1616643305 1511294843 3940901473 2183183873 291146058 3750927567 1189473414]
[56163873 380985429 1550599202 3056282523 2951097200 1878853894 1303671498 3322342365 671572961 3186062689 4101662483 4034093562 3554658712 857954917 225665635 3743412221 242033738 1745293821 482836119 150205470 4170512426 2012823710 1463226290 495069620 654638304 3480366098 1081710635 492724429 2131927586 3092949207 1257740199 3019786461 2677273892]
[2216490347 744307848 3949271762 1359120817 836012037 808598082 3999692455 1318721950 1203729823 2064719400 39574440 323085833 450147689 3412311470 1522603357 1019969057 3209362995 2792064192 3977412240 3632715513 2978903787 3370545359 872521633 646657684 1525619026 154493955 2305625825 1305667759 250353611 2483522279 3859685905 113267106 445307735]
[2227681443 1128795755 1351871227 2419333653 3149945852 2198158094 3074877990 1834874290 830873823 4203499510 3672111705 753993545 4234845271 747604630 3027259862 913524747 113795861 2357830517 2978855246 1310697473 2600381270 3536594239 2051794314 3199748112 1804171204 1274098730 2609251322 2817847738 2993902606 2142309392 370350785 2760425427 1824804331]
[1341908215 3147516136 3520827440 2411964846 192631831 44376723 333771630 1531093698 2267098602 1599970996 3851822961 1316364547 2980219524 1776259201 397445587 3108698203 1666933389 3405500362 246601573 2157408955 4017245609 4097302316 1096976151 3424809707 3969771195 619430939 1838029691 3436943995 2343732595 2227590280 954332961 4137129500 1821189144]
[3052292559 3059998653 2498035144 2232977175 3494299424 2746544606 2320390250 2049559519 1066282569 2729737954 3839350758 1372372602 1125830103 1019862770 1796020360 381185725 2565091592 2726150569 234360106 1634474124 3201602895 2905436449 3597219658 176745330 3592266930 2873964025 1122512108 2520835037 1276127573 2458838172 1449917997 2921044959 1350627663]
[3634240710 3305424412 2849581729 3145779019 2077778352 3406043646 660277778 466231607 2831183370 2611981405 1373292896 1917280765 1198281478 1772764782 1857029528 3759478055 188797656 3719298126 1918679972 3119177687 3841605127 2445803304 2974780689 3045947140 3782284178 703801153 2035813728 2260002334 2789370778 664240187 1194774385 3503957909 2051938504]
[300782931 78113979 801549967 659747130 269118669 2063687193 1221369621 2950510885 2455308892 3104598438 4275993232 3015189473 1041141054 1785638261 2746354635 382574724 272198516 3929925147 1876002072 1152364956 3751750898 2646108015 2178747979 3384272856 3816440451 2232192320 2144575718 3402686355 3733379082 1454672967 3807868867 1225719190 3035727424]
[658850278 143856355 1973403586 728276600 1099561065 1999647653 2354507301 1458743518 198402443 2979327265 2354793512 1500889560 1448434503 1526988083 182786320 1063346341 3823325828 856532482 4207255395 3604246870 306138365 2336982068 2795459633 3149134332 2193897140 1365186684 2975202697 3563319626 3818624151 3541601027 1604437612 1302312816 3260905101]
[910463377 2135206275 4249086864 2215146111 2532963028 2735330257 3532069460 4095122248 764963061 899505403 3830518998 4195709217 3387853571 3089826607 1613536297 3666307629 3176606860 442949614 825001415 2637727578 1838946071 182949553 4256647995 1386985164 1693303989 3084018275 1181093228 1650934492 455881647 1613228784 2519198199 1642063022 2504610252]
[3643612128 3994590403 692785793 1567429493 4149983151 914866777 341628485 3802996431 2088031568 2056050036 1129241576 2117937798 2324660686 1992721562 198039000 1665020379 3178065544 888628882 2821822629 4115211801 2543759679 335592957 3356524751 43611752 2795632969 1760219614 351198123 2484411832 2507928940 1198605394 3581553397 572557390 3531550188]
[1121218581 1615203528 224912684 2338847384 358866386 703769232 2267580981 1117643453 2677632801 3072088655 1770557126 2584211497 3287607384 3348157115 884736830 1576068822 27423514 1938871843 271640040 4279850769 3303604897 1526279904 1336438788 189260828 1522048048 2403979697 2112666819 3731753516 220171688 880134279 4225162862 1941979506 3113597004]
[3195050744 1836868079 2797806478 2385838132 481061220 2841792209 2325795888 3358388272 4284112044 3493753574 2715647841 525848778 4293267636 4104742719 2326737197 3240197143 2561533092 358913839 426015353 943213800 2738000116 49810581 3884398934 1338746733 2035188731 3155600181 1107842378 1072017273 3207176892 3666946961 346742457 4232456159 751497033]
[1184504245 908644713 704465666 1878500675 2718467530 3619225077 1222434211 475019350 1657674470 1727460060 1517873876 1261203902 2760558737 1529065817 829462633 116697682 1682237411 3478661459 2745623657 3704437555 3840034892 3167700037 4110554874 2625079371 4216477488 262441801 4269315667 3109895431 828887119 3975099592 315153852 2127520541 2592694232]
[2282270721 3229786409 1212165811 3401383179 2111303478 816482158 1951859891 2282859581 3229720807 1724928758 2234977357 3342913879 1278160488 409345992 2293916808 3876300279 3073792967 97575898 1342607094 777648907 1051894356 3959437269 3660074123 3045523546 2139831611 378130258 3188065501 1440232071 1280710735 2231270321 709452509 980701167 1446680885]
[3246907003 874808461 940504796 3365623654 1114471052 365008066 3554866080 1034110161 869687415 1793029719 104711714 2563901318 2491065366 2264909800 2231111117 1205894232 3752902591 3738878717 1952316206 3415569425 1189584014 2417646700 3004975081 3712314209 3014067388 2735926739 1226685550 2455574462 46424784 3346725042 202424223 4193551064 2249492407]
[1235439325 417324121 3200817298 2342401625 2550498415 1952380600 677670870 3705395179 946808926 2708163491 1336930251 1660295776 3025804979 691563881 166135970 1069643647 1548347022 1679670227 1613169982 4290695874 4096476311 2616938231 1539606139 3852558307 2593685880 3285064802 28967683 3572774420 3426259385 1432399594 1391164340 4031717443 344033447]
[3945556171 1463960918 2649230136 391080807 1784592380 1350081366 866517560 2780342807 76001353 359897684 635059066 573201736 2203740235 1078477375 3628933899 3256035368 1093282291 1787488859 2028615546 168370374 2122995773 3900474525 1877066668 869847097 4139406559 2806687343 2492887229 80739677 2129528548 3309541628 3713497148 2818584749 1978701580]
[3611373457 376855302 3601537727 2276090965 958355453 234701371 729023577 3997096459 3206562265 304222115 1950764539 1814586416 980248259 3443823634 4249979907 1729188377 3445331098 1687717743 1024420997 2703444041 3930473754 3655143769 2101586605 3064038496 398832099 858527851 386669064 141071338 935855953 1084106098 3024745178 42011759 2116004179]
[2934234630 287682213 133733823 1072473411 2706869134 1878196375 3839077183 1309733911 1344243403 2759805172 4261977384 3825195337 1468748717 784481749 1676861829 2873277050 1459091122 2463127854 3138661042 1460615234 1914471750 1195171622 431511510 4175070459 2253798306 3356880460 1085586352 3790245758 2470530105 3637945427 4161277310 2939163785 4098615831]
[2516331967 1483651896 111196457 3775188599 4122241794 242894206 2486159058 2025474968 804365231 837975904 3544078429 2080831130 3936019823 1527255358 1100712120 1983972101 1456336931 1109601785 3807369605 225293784 1237239597 1376505406 2364316612 3311219926 2610325127 86720163 1167012282 3178194255 3048395412 2686832339 3297697271 3871792552 3251238625]
[1534107727 1834172229 2665875917 1555795688 1428570939 693224662 4214167431 1630793639 3875111002 1502036528 500255801 1674100066 3846678547 1172488691 125103883 821809775 1578024810 111829394 1727845845 442609206 3942259484 488134698 3478784034 3727437885 4173249396 1871334662 3546955889 3053719909 622432605 4244554853 4082959366 1692895713 4024272074]
[1900156709 577740165 3656033216 1085658832 3866634438 441859425 86353083 2985785608 103850868 521022790 4097625533 2802515286 3616697179 4229771487 1497286502 1475587899 4262974851 2709686115 2106293639 4153095188 392796635 935511189 722528427 2686329113 3955965675 278480478 2317212989 31164496 2878945283 1648912066 1841813426 214426356 3715057928]
]