[[1661339071 3806107375 4170604196 1007174172 733783363 3656314361 3817650185 90210698 2279796358 1389833550 1076743613 3121531158 189499204 1791286750 3497706931 34629260 1972991814 2552941581 2410327495 2558551995 1520630391 2960136983 3777013980 3824989965 4205472539 3191713758 2464106870 854536278 4243126965 2248156905 1037237555 49962452 3700018721]
[610150406 1205771598 4110009016 463194488 2061091721 1594247130 366025483 1418392737 2163344245 909231744 2152914753 2637936318 2867949175 3569418752 1877353715 3921635491 2235108576 2967387673 3106761824 3623122027 1156331969 3175359685 4002296054 2371099887 2677219221 3651166277 3597557223 3139371715 3831922488 3338589357 4032689802 301346438 1609248720]
[146764467 3176622268 2535579623 1518312965 1759273976 1135679068 828924354 2940653697 922226733 942481502 3210444690 2883217702 3404013829 1453331814 19438406 2974052511 3099338330 66305250 526299193 2306492405 899851130 1061276284 801430874 1169068002 4019805460 353695800 1842245337 805133148 3634493571 799620212 3959179719 127993227 1513456427]
[993504541 384927433 2577306079 2234519287 730935976 4239750914 1419267190 3623263667 1006856297 1524424024 1752349046 489725266 415194097 3904447618 2167940147 1113903924 2723491252 861302432 2185586050 2562568738 1426996068 1287732736 4213552422 231176296 3385604252 3254881867 947452615 3885826027 289471594 3563935400 2348320279 65405922 3660509694]
[78197654 2921467942 1005766499 98273146 3366475132 161477840 1210027955 3941031388 4069109448 2227955504 3816678411 1559881605 2062419695 366325321 3650090670 4053947470 2197510637 147675916 3471046329 1909698911 1013299275 1010523033 234107084 721290780 3757793416 368290867 3838036194 1006300277 2387671527 2936936829 291382668 2961541760 3103288767]
[1006152121 249146413 2168657736 3066443280 3817149995 1831896928 3903001907 2255172678 3261666362 1166832714 1654566282 3741357956 120471960 334997556 1247645539 2965209090 2702629387 2600521494 2498792620 3420023731 900005464 3029718089 2005565112 3833405655 3765588545 251287781 1419220037 3305655975 1882929757 1402464572 904584396 2326992242 3997161801]
[2210319233 3251276097 782966043 4210429729 491118973 2862594954 1783681279 3385517918 1103723363 3618799469 1688247714 3198985880 2409635723 402251301 192273365 319350809 3028165966 1763499325 2823126640 2192024652 1999431129 2805584209 3513378807 1156370984 2151720408 1340081550 2092588728 2635709389 2546850715 3323281589 1391513819 1402279269 17941617]
[2914363791 335313082 909096252 2583631656 2318017966 1813992575 732623405 3542665203 3578253331 425229288 8236046 4269537873 2559608440 3201296048 871400977 2454744912 2117266995 371170607 2975001868 110072574 3539998338 449157056 3787901569 1597109865 252952854 4225290641 3386635459 1715908041 1261824507 3718661613 1239837803 3881761362 3895469352]
[2008261672 117960943 1593957515 3447816640 2559671829 111849329 1709254895 2963311771 225652029 2568727645 447566527 2860747146 851134225 3312520832 1061695802 3439778662 3437905015 2339396916 425523273 2829727698 2724142856 390491820 3890326025 105504516 1821075553 2508522463 2794909154 1320311220 923845865 2189061194 817927588 897461983 2165850856]
[1784724902 1014475560 3660282081 2032084901 563405989 103586071 3454165338 2360160562 846366104 779950787 4231421744 3007541186 3822308486 2657730847 4234356851 820063530 3462590308 385612548 3860705 1569695478 874118829 446157430 3561655443 4175218407 1387030612 1720319544 3793467130 955474973 3657570962 646403882 1124561150 1576387235 1728067365]
[1657735 1107065422 3713791272 2472165719 1583645157 2720892291 3540787331 2530495884 51458820 1347000056 3306664094 649775984 1791633088 1139894677 665282650 3482955817 2900456812 3242475697 1217403154 3925120493 1937623921 2702699917 3892556818 3246289828 246243797 4057892312 2413855063 2687780119 4172988719 3213506186 1052652353 3459511292 734085265]
[3657134798 1281817181 3617276449 4177199373 638049334 883806450 3934720714 3465337433 3353592561 2265325856 227303926 3962923111 2825836657 688155544 2225801240 843773798 3282056241 2039773937 2432946036 3118135973 4132665536 873291002 2132361105 10560918 3990175247 3893674612 2936084443 3028389 629999649 1743739237 684061969 1018790882 4003547673]
[2349489430 3672749956 2597021446 292198001 814684959 264463454 3301981965 3490840936 2630919823 1421451397 3534856803 2139479034 4128199303 3723630219 1711845212 4214915391 197604769 3789068457 2273761039 410467693 845132689 849675376 2698640089 2941513687 1921830192 4294751783 1950054367 1726320693 4236451572 172283547 2623257792 3884240467 3045351019]
[1380567858 2292711825 2588585177 2682913005 607918630 337540409 2981291804 3282995724 4111314453 2759392473 2032875331 2844632196 506808312 2599955547 1318804327 1891902718 3504650230 4232897734 1352622962 597692824 2329364472 3285684941 753085313 638127140 577603833 3884343367 2729372214 325362081 1412279272 1405955715 4001982555 3997919012 1417866845]
[242082541 3923169108 2228963012 706581947 2635365950 1699743283 3815249132 3282023903 2832925554 2392898104 3448787172 1314654526 581047707 926058167 2419748589 3105054904 2220798420 722671816 1027342104 4240991351 2929860273 273361430 3598381338 2454639232 415682383 2815371847 1953860796 2487994940 2247590828 1873098343 2450850508 2219165246 290091878]
[1944865408 2945456106 24443915 2677697662 3619271431 4186399831 3720568298 3411307545 235124292 23071841 2870915817 2179577333 23494546 4230452735 2336237810 2573609948 2562314480 3477667942 1156226828 2082720699 2142121411 556095249 4153734389 2672487006 372902746 3363059975 2423633125 2975147513 187508230 3649360762 2001513562 2320378985 1060851516]
[3517805242 933505934 3998964256 2704085058 753959423 3630033027 1543973719 2962806824 162894291 3183102943 1603304803 3351119348 1676583593 3746847450 2105965449 2325270723 4099184622 4033416503 539994939 2348246038 172957813 3117210313 1382045578 1011839813 4113634252 3111724703 244011759 1673096435 1510997284 754026252 3699243662 1236860807 2769488467]
[163274487 134108778 1185090858 3746551201 1619795557 2555212278 3530169333 1303091104 1766062916 3949488354 1020578071 3381960596 1766491827 823553211 816578898 2518844214 3271157817 32687736 2707351395 4216392176 1868023115 2029167965 1454353314 2228626701 3970322473 412231278 626864469 2792291585 333169887 1857562543 1584279735 3839735292 3609580449]
[1004770659 1533295823 1679111588 146675152 1332885842 2943289249 2510738800 1834929610 182824312 988971482 553802140 2436971825 2239692651 603169162 537808818 3343903564 299196359 2141359718 4276109638 705515461 1929561759 1519637796 1759172752 946280795 1244793836 949041631 3455501200 2885562824 3977170622 2520278490 2497166463 2458560964 4024575454]
[1294658290 444448573 2557360398 2517307470 1241947090 2506333515 2399467383 2029424169 2499694987 3781541418 153984376 4164895383 3148797109 512932697 3120308302 1148148098 3736184208 1302395042 694663872 1260590594 2331655020 161636969 877317917 1862371360 147769877 2003411683 2765519843 2752742215 168082229 1847754813 296478911 1839040631 1988109018]
[2878264043 3161286453 3204225868 3223818517 190222154 1086118500 2972651466 3934509026 491165286 1616663302 2996538677 3977330769 5101223 2589862341 1074496061 636794623 382370627 3788654319 662163080 3164803762 1673736522 1502256119 556880667 4217229374 3556555539 3598763304 3868806661 2419385087 2256143310 2932298845 3274586101 2503772274 3618836513]
[3776743160 2273052092 2105077329 2283952368 1346356317 3388154153 3353534681 2953196906 990803490 3079236065 4021844680 2408737906 3753610620 3079698886 2073834388 2242720339 224413743 4146772782 1330216058 1926787720 3636094478 1377807528 557748004 58130559 1679947802 3784446269 3341309253 1822538894 2552607971 3856500305 2595846394 3224340211 4028582087]
[4091883257 496894960 3387395706 1565750933 3342293109 701026871 4251686375 1574707036 1554073954 3389448225 1702717052 3002453877 1062997199 3965768784 3670236832 1713186799 734933478 1508279737 4141833038 745466560 894829101 1743703726 4236174430 3551602199 1826000989 3121631082 3673291898 1359369148 1855442632 939303906 4138211455 890775228 1485977714]
[3158481943 4046429861 1202365812 3082146940 3558378351 132809334 1094774752 2828685002 4001046164 661946247 3100923934 1742992989 4185728794 1532243595 370505275 3853993312 196305368 2611787974 629449087 3911412724 3740455738 1726563551 809722196 528199033 2009054744 3161713037 1616184945 3549264132 2928498000 2633878710 1755786801 3622770735 952827382]
[1713297374 572934321 3011544518 690689969 1086624616 1430555205 834639467 2256553344 2143108432 3332535142 2742708287 678582729 1348533307 2631217262 3609370054 2170757764 8258056 50866312 3738634912 2283248204 3701269995 3856920220 134450912 2808222870 1965793906 2191240428 111118730 3033523854 3970119047 1982386123 2559109273 3735934389 423983342]
[1674695062 1937328399 1782942527 2613792400 781933108 1107592317 3838614462 1653207792 2424413225 748063876 1384843458 611179120 1450406092 560556080 1564041146 3957678881 2070990579 2410848247 408222347 4285027675 3810825307 1790747751 292505781 3826622533 3654154117 2050709885 2326845089 2492742127 496692384 3566222747 944123000 2645319939 4188738448]
[2044781049 1120645504 2323108360 79910061 673325917 2086293962 3132970095 698408509 1200581608 2056814273 2310673104 4196883132 681855928 956895358 2193552284 3988756241 1863121919 2987810552 1740726321 941915741 1937331600 2013334994 3038322570 1920313321 2873871909 3921382217 1233316669 3255512438 3173576785 3707502104 2094874096 3473778769 745682289]
[1235498253 1794450188 2313028800 1403538855 1529985072 756769427 529907383 992014918 501589876 1885880572 1547627110 1262307476 1956867920 1388590213 4188377833 2618074751 2088649937 2073368414 3629303652 3211305743 3021472681 3134464182 2137301110 3441952872 94057394 3906600481 3145439431 3718088901 540510894 330236349 4281983219 4072130632 2516321966]
[2437536903 2835365559 2452645277 2556784634 3376826403 1094789145 246730672 3149457900 2322325019 2071832720 2325495732 1106623771 2094097035 2349217759 3719036709 3858518625 1907385764 3368347382 2614783126 3966910260 3385628576 2402296017 116797000 691191135 1302037609 2807016035 1895770746 284721629 175181203 3239571128 1468835417 639868946 2139788772]
[1558287668 2809863801 992280921 2562980866 1048172052 268254707 640217540 3754128276 1953379396 3585270323 4252903535 806443542 524381093 1796355075 4129397857 707861268 400452901 1831854715 4182201179 3879591640 2778192676 2728894623 4202223649 2868215548 858137832 2034693041 128495403 858268012 1620843259 2836242807 3989836067 2961979461 3426172]
[2568310640 3417284815 3015419863 2243959271 720771643 732608827 4201561770 968234373 2874622491 1155658446 1808393294 1202278766 689361431 260705185 1700417182 678153719 2744507277 1271360142 1618123335 4213012689 1013593484 4269336300 1074388641 3966847915 2910234065 1265868226 1088530807 2896114690 683679749 3272198575 620894280 603025725 1995020577]
[2628084797 191913871 1644392917 3156360514 992929003 2757962712 3526132222 3976728787 1337914847 3005642499 1154840191 2498006112 2838083812 2623274592 3629543340 4228718440 3916697330 227278136 1652980195 3246825396 4092767007 3371462952 2566114581 1791855369 2808873280 246584446 2207751068 579358387 3444762167 4022530056 1731353818 746931753 3386473448]
[444960277 319968267 136412843 1890674087 2190673994 1943060139 234871029 3237875903 3219647614 2379038206 3910728422 3261994538 4169863828 813756946 2062367538 3973518338 488943387 4015771617 46082992 874854180 383939662 2206099243 515216146 3899930833 1947650286 655886714 59122627 3066705411 3366183594 151047716 1707866850 954914267 2812066204]
]