[[218822226 257542083 261956560 466554850 216648788 453991046 495223772 264812133 113020257 324968151 351161909 78111585 459153892 272459991 321671053 188705328 533657529 252754425 410307785 160555566 381825095 268730896 151109151 261236870 318510744 38316375 135110542 118396024 15202245 55878971]
[112598176 274918505 337667640 346932883 519017868 307909710 261871715 109431924 518693090 245947019 484343162 298130078 459878752 130220808 369119438 507455877 425194740 409243114 249497543 187897109 210730151 170501866 17496153 521885320 99932181 533220527 492925997 171034987 202889490 37877107]
[213452750 165649752 420451860 437974444 510629522 286624378 152579383 401364220 154303649 400493235 369471023 457877994 365266300 298917532 117572591 72831298 84546086 411235911 410449803 400473906 441776634 138473757 195922451 391362257 227269588 322683174 482701000 64117341 278081256 368213457]
[380820089 135137989 366906375 463478245 10618822 117143462 535443573 335613298 14432369 234661630 172336790 441409225 278780220 153378288 410248089 341137967 119265536 221530488 260510163 493620999 214848492 241275377 201029399 298141999 418086812 264455150 165329519 423161201 357002691 76099439]
[200201316 291778653 280495434 4138955 341020001 143273754 52404203 517537376 281650749 327819499 530339243 146834467 58189444 259443780 484009206 51909529 39427095 63495165 382466468 144175713 457366841 111237155 255962041 110950952 253775937 126342694 247800009 523737032 296530618 440822575]
[358113722 71220150 493498404 312128369 331397398 316376712 95835459 302323771 350379607 332846730 429979964 81710803 89966934 285151332 436039345 530831506 183804635 120097227 413954976 316748221 340767371 435517169 212214759 287874718 9218009 305003668 264284427 496642681 455636692 386489799]
[341177359 20553027 509305249 312518601 248155341 139617630 421782738 196494094 327732542 214687256 187816496 352931316 91890448 132290117 123421836 458335319 324614658 402168193 92211008 415732616 376181911 165375109 354102497 341811473 329524901 349991224 235220433 24414917 34500278 207433884]
[283032409 369675380 4519564 241679416 23751268 333587261 19281253 97951808 266817206 385711951 249185190 237920830 512473909 132954265 50122236 23919214 9742254 320020045 414952489 106632133 39006496 246738155 325510813 345945617 292039681 340743278 329921864 444249791 174455043 482775866]
[23168803 407453674 154435039 394199871 47545437 42646482 52713585 287136182 72744098 325766045 189032606 127119260 33236455 101134054 318229680 6884846 57167389 35162908 470980373 235664696 413285247 173570256 98289051 356377838 381178647 27846399 241861366 529786840 294619460 423170366]
[465859579 237497741 69541971 32117895 59014737 504795871 425804849 256511998 43187939 268622883 318835079 440007149 424819728 207291539 359849493 60505955 372564937 357336208 388666191 136660629 344194691 110052162 66741509 326075204 417496314 73663826 382926043 450945234 401043239 108544091]
[376472861 376681540 389541761 348530888 277026798 25222046 381760547 437610889 321796076 15731715 37210253 100578510 490591672 252439890 351427293 422282723 349449847 68889778 423609262 363241668 163740728 182155251 82292116 239033402 117617100 203140750 267877511 150562483 363249130 457050918]
[520524387 9131559 200683950 160704093 415993716 526224676 304515264 132429710 28864040 130703884 229739310 205024321 523024600 266954380 394345042 233918942 428874495 455057629 228254488 407099556 23993190 359991569 106252792 194708485 417205395 130443241 534025644 406548553 490985621 468458752]
[268017847 328814474 227279574 63549567 291471947 365192321 288526961 430816896 498917187 103180596 80610148 446081404 530665578 178969056 122564526 419583620 88704308 110731587 214773378 521939991 38731069 420155262 257785142 116744379 264770751 456742688 140051410 419520402 17174314 2719622]
[509873499 293878710 515105974 321898571 257051914 438521066 319590207 526557431 292576160 185150105 458390138 356457874 381589664 518897119 340179909 466891153 396727505 291363551 123776429 61125592 111866892 249862254 446929667 210887393 488699853 425320984 211976336 532383492 279939272 244425106]
[151098133 276617058 417750394 271620782 178665925 26703555 59744501 50019140 355663283 355467877 265166115 225920783 82602343 174968412 435763050 72726647 257783359 69475713 109676834 268645951 530289553 453084843 63997476 8030804 37387983 302069403 364700717 81763241 345058521 498197535]
[179325173 329866955 72817346 120182773 446750615 217922145 40702671 40920798 223667527 518220287 293319419 8062955 109212174 175362222 350932865 45713234 397508016 80035610 32745989 33716004 145396260 166859022 374226896 200413000 374938607 159738286 282358717 536425696 492649059 419880423]
[340257434 417847257 70591154 259219793 42271660 358610179 188181151 27342049 307067482 305663943 145270461 481175219 162941088 429709991 129480966 36401569 361228769 105352545 414418569 464332469 32344134 163721802 348391821 533058123 106192067 59750923 390623023 399733990 211425799 239078149]
[379885841 64750662 125151925 518925866 335451742 484580755 232154496 288383878 148559266 322179974 254065885 78687648 314434847 49901606 151474783 36547018 335671732 82444179 348447977 270915349 489568668 429746452 420721485 300742756 5179421 385687782 105349858 325059424 47514491 80212193]
[45707621 58063567 215500174 319479656 168734955 139152421 325165524 398029656 349282754 455585701 246336899 218854749 53681411 505638452 441192662 17796491 369808953 228964829 339514940 469935513 184830443 285283693 26440853 387232497 388496422 502028088 499800031 328283249 7974825 317695237]
[458613796 249869068 150211658 53927566 246453288 17816022 427357146 174069924 84354317 463076591 69315300 27036713 4817957 414480644 158560320 487402109 464794844 429098613 297175670 399460827 454967291 504122606 261509025 351755055 139302585 446645727 230061140 50387936 291908548 330971969]
[472073493 144231595 366793979 264108768 116785068 187913724 257981293 437112853 472370222 410701418 126237108 425812583 65675288 41639471 23233214 27756842 470613840 463632305 345359736 241843935 527926727 400496737 157637490 472341417 291606023 437606023 286173497 133174371 28386452 517365544]
[246189512 140565632 4788471 329344975 68835357 364658338 191392205 464740090 441157781 212513126 233097513 244300390 433959580 137952427 475045307 223470695 268547526 414388064 463031965 355427401 463585514 119653221 424279776 201268248 469468563 299831894 407071096 271423770 500174341 299619483]
[292610881 31227266 432183056 344196483 463196284 435012611 236160745 96797911 332122755 14748439 468028916 376942672 179650243 432258135 433892753 47463573 309488922 253225752 423746797 348494627 502203133 433410380 526499953 487626025 177293127 191639714 435029290 496526322 66514161 299620831]
[111811622 267966161 310732055 366102809 271254744 416337618 336549968 66082425 353608640 495461089 208279390 513939694 396076126 44537561 5768265 151431099 208434167 90190002 267294397 296572854 432389941 237417207 447327490 21466398 8024838 90987080 497326120 435100678 209240765 61389576]
[269452668 531360617 254307156 294069662 333293414 31435712 118489323 260145190 377416389 319940211 18766755 223594500 318337579 49635716 134357025 137720498 296904915 499036432 335277152 94722676 393282566 121106804 252048245 319581653 467985994 96599535 142988620 210065400 475412393 217057981]
[54874484 71483025 67403006 392817461 386749356 522922325 104873632 492826640 22219795 285772264 501088850 241227211 97017045 435348720 461634081 515590830 90925430 527493709 276425413 472794163 130283631 288585231 358007949 56923915 536532815 522671041 215176127 416481543 204012031 139204322]
[274111282 53647697 120572988 362115751 68987796 434377315 397246853 50083780 533174282 401646816 422221773 518051977 16975767 180898002 105680626 119187049 339857382 481251352 44814836 274392996 168175433 473745158 206603092 224640987 408218119 305308525 128095319 178839537 336159827 391526273]
[491016107 525576869 316719875 182654125 473629291 533596254 331975310 406844678 19289283 31011379 82658572 386514880 134176773 499691962 210959978 49485193 225367198 379178441 355986645 463674089 74259967 324563106 124917030 370468143 33313034 49288516 457634143 111682866 394862735 373157523]
[507936050 337557011 27314950 402980352 107043897 19292910 394852517 320131780 388293716 467396253 159718545 156088733 156913360 234199805 421004722 481489964 302964618 271294120 342278963 364318811 251302730 177189103 234127786 444579390 403241396 308835506 21998712 425753052 145996722 498812536]
[419018089 350658687 457366141 355904905 454777217 340264929 383663479 57261450 24606999 368967181 199942665 92508029 533405664 58575871 531180463 94725544 465311143 490230845 503159354 161105842 467747094 83321081 482964840 10551885 292453787 464023010 413987825 49775973 221064772 408593432]
]