============================================================
APM Result
============================================================
Matrix file       : kernel_33_46.txt
Matrix size       : 34 x 34
Prime (mod p)     : 8589937303
PM block size     : 2 (fixed)
Deviation level   : 2
Minor size tested : 4 x 4
------------------------------------------------------------
Timing
------------------------------------------------------------
Matrix total time : 564.7251 ms  (0.564725 s)
Minors tested     : 8118528
Avg per minor     : 0.00006956 ms
------------------------------------------------------------
Zero Minors Found : 0
============================================================

Full matrix (34x34) mod 8589937303:
                0           1           2           3           4           5           6           7           8           9          10          11          12          13          14          15          16          17          18          19          20          21          22          23          24          25          26          27          28          29          30          31          32          33
      ----------- ----------- ----------- ----------- ----------- ----------- ----------- ----------- ----------- ----------- ----------- ----------- ----------- ----------- ----------- ----------- ----------- ----------- ----------- ----------- ----------- ----------- ----------- ----------- ----------- ----------- ----------- ----------- ----------- ----------- ----------- ----------- ----------- -----------
  0 |  1490643567  -532427204  1893922923  1219070507  -626767265   587359808  1853891214  1807817639   933072326 -1466093960   595342950   971058512 -1168414868  -216634919   -37496041  1187950860  -417739442  -431684667 -1857731075  1603171605  1526080836 -1661298825  1084397202 -1748103892  -343352440 -1553354690  1051382842   689341214 -1776115250  1623432447 -1067790281  1366254866   583909785 -1719757098
  1 |  -687681761 -1851162622  -960196237   580896600 -1924061897  1378981769  1628596732  1613689021 -1679259304  -119679170 -2034411506  1045217291   760145621 -1827603657 -1691020174  -971205105  2114412695   282291416   238841323   485466742 -1358856763   709122234    16534804   857981423 -1550116782   601890777 -1825196141  -513576166 -1508333133 -1821803658  1262057561 -1526534365  -519052594 -1052163498
  2 |  -221184055  1676078191  -671308394 -2094777304  1463431926  -604139636   -51108747  -823709429 -1620875504   998694588  -918651230 -2042655068   281550479 -1557462306  2053127566  1501433492 -1412909684 -1448758165 -1327445919  -876104619  1909750007  -901670787  1884621829 -1966824819  -504493730  -883545151  1028011274 -1051389382  1419131667 -2039269931  -473273483  -664721517 -1775774281  1300718367
  3 |  -780601976    26782546 -1241137138  1348222026  -252246629  -332159498 -1701310132  1315027838 -1037332455  1421633751  1274266618 -1419731387  -172593449  1582618411  -329623941  1257246592   391513746   247943166    29596522 -1859356380  -383746162  1307893451  1617719436  -804764065   -25188144  -989884480  1825559232   -38947294  1249253174 -2101098457   103985834 -1666242593 -1146636048   472040345
  4 |  -617959264   861164037  -322753437 -1206923793  -327822731 -1388425171  -599737557 -1229819709   388361522 -1514002874   474877164  -967546400  -649614601   527245403  -472884011   979228399  2079697419  1522224537 -1967791254 -1637509870 -1187514339  1941351578  -870972003   -74050478 -1206952882  -717914855   851584951  1886829018   336601379  2107688388 -1396935424   183233685  -175297854    -1789468
  5 |    -3194265  1645942661  -864001366  -880826081  1660555453  -832740531   430548050 -1892657596  -100468302 -2045701824  -900572986  1792870305 -2018383981 -1840697710   651630195  1344830130   950066567 -1484682231   247603717   442598969  -257748089   628371358   459931504  -639057247  1525228917 -1409980324   164579467  1912990340  1561069773  1560272690  2121853398  1806653752  1214245217 -1489770056
  6 |   679967395  -303043230   835625630  1692151077  2097939525 -2112857054  -867541622   309610016  1273786302 -1077008811 -1492946063  2012285780  -711810533  1299114940  2098716347  1332813786 -1044643506  1944117975  -990602168    82211607  -949286685   285549414 -1216006243  1942885778  1076203426 -1031224268  1390972268   -72715848   362065143   645928707  2108239134  1800129505  -563046148 -2011379633
  7 | -1021358464   -33186451  -300806480  1423416627 -2031366553  -644720330  1316016814 -1769586605  1733484432 -1883023333  2141038709  2098430718 -1817070951   278987924  -958698524   321199653    27683553 -1358586818   966765818 -1075866399 -1108548147 -1231786260  2064988218  -721267528 -1756528959  -775235448  1873597883   127525146 -1096169782  -418477088  1071030645  -270801986 -1138933620 -1132452752
  8 |   410349412  -949315665   448439803  -881396617 -2059084879   483533623  1933200660   453187293   335819435  -664027223 -1935953705  2026802594  1943497374   712419003  1350420195 -1201451278  -918251704  -538124018  1594497268 -1403787741  -819312225 -2070605004 -1984021205   507577109 -1295334840   158926207  1418444843   613345429  -227620305   417084222 -1814809029   656784555 -1755997882 -1797738519
  9 | -1216263594  1070969403  -145945716 -1080515796   461979190   749168545 -1664833398   196404195 -1722004162  1007807264 -1862948044  1425521661  -432727902  -458211087 -1267880395  -968290526  1336183724  1929338161  1745152012  -431365985  2062110102 -1490215638  -682307888  1408975347  -550887263  -210224974   662409496   463234472   612622202  1821343417   591545972   274617574  1676197499   891034972
 10 |  2018138422 -1775812722   898333995  -908453892   267058892  -308319919  1695895050   878118298    54905887   -80918573   354239100   882449187 -1432406678 -1959243219  1402204129   887875539  1768971869  -889544231   348506399 -1750735414  1351701598  1324375278  1153839449  1855895229   879112054 -1338514193 -1581680672   444322294   190597264 -1754768422 -1934667116   663173349   253824722   896674017
 11 |  1708355871   445566161  1347615821   328375628  -695482917  1068437816   551460493   965345728 -1420095885 -2071930279 -1580090024   849103897   474418001  1546138782   930501742 -1673531417  1420123719  -189765589  -245325163   525583810   228744753  1826971261 -1393009302   391801457   570959536  -736435953  -580379966   351796878 -1958113446 -1735176883  -994875835  1085264434 -1377216055  1642659141
 12 |  -791591149 -1427179859  1977659278 -1071649742 -1062503636   683740741   699482771  1284028442 -1664387059  1966202790    94169913 -1838047861  1589266966  -554623719  -423123557 -2040447736   182570561  1721173226 -1456044284  1446914865  1864947427  1800188277 -1367210139  2036226403 -1549904004   373975183  -968240363  -439557179  -341000249   659040827  -256536829  1547780152   672307526   335838886
 13 | -1459827670  1458169998 -2018027411    47417371  1608571972  -392650073  -828050602 -2062021958  1336804035 -1840949685  -438771198   926390595   756924180   -14034287   -12950694  -511112671  1835134251 -1990471843  1429665431   430494811  1214381580  2067792523  1070627054   944241389  1986418934  -360391456  1484418549   186588389    67664009  -639886226  -573606733  -543239325  -187989411 -1534519320
 14 |  1765808312  1831204809   -22164840 -1241922531   219015656 -1698564370 -1580988211   727404712 -1071788681   856266181   -63687326   546399169   149654514   692185348     9966452   982111006   410404993  1872078728 -2023952881  -535140440 -1964537453  -746224090  -483500212 -1340455087  -231280767  1164424579  1878822727   943897940  -552836188  1484014118  -300199463 -1592307308 -1404184272  -891453150
 15 |   721137877 -1491229094   561437455  -695894668 -1021179882  -638549007   808207996  -804724634   242514059 -1732003222    44108763 -1363298484  1037932798 -1109451985  1787930927 -1156224306   982132249 -1094074450   329571965 -1819057768  1836354139   335683358  -394300550    30445499   174896944 -1801658009    61679202   773052920 -1316680200  1637470830  -951488410 -1428553855 -1545626631   559990309
 16 |   795572341 -1309061838 -1876144144  -161306887  1306654017   566122704  -226072577 -1627335944  1277902366  -174291469  1093838856 -1733905166  1318067384   347911018  -661950030  1782100746 -1105507493  -870183288 -1193110338  1023114686  -168327589  -778938456   190430352  2099393160 -1390684337 -1785493109   925229408   156877706  -281760462 -1731895880  -973868363 -1021124520  -257392624  1233633978
 17 |  1785503963   531657967  1925473299  -628532727  1705739955  -485353411   957218641  -236306426   884030888 -1873567981   336217103   771115883   890438346 -1983085815  1582780759   565637005  1787758610  1627671691   490943143   159438520   199931104   -82983560  1434375169  1315752708   456443117  -376587386 -2102149625   751760071  1447587678   -10871563 -1913943794  -364259822  1788724529   568745366
 18 | -1148627105  -682959592    13798806  1991369955 -1826625161  1887106740 -1349996726   428058071 -1630588302   279382240  -660614996   887179591  -401740067   544862514   379047736 -2046688775  1468438941   162365834 -1932381518  -471315601   389380269   838080765   205264833  1306340151   579780010 -1341011925  -195472886   440286492  1143154525 -1355805921 -1700286258  1790471307  1699989714 -1652223772
 19 |  1765309688   581748585 -2113164438 -1755964966 -1370639818 -1551969973 -1860891267 -1645425079 -1015097416  1055506123  -399215313  1587174252  1500438683  1027637658  1199914944  1682581243 -1637325203  1550408948  1029733012 -1725647435   255511132  2029923944 -1124435824  -772256784  1022153839  -683293061  1316197580 -1168615891 -1582044720   495989743   727782052  -735857158 -1477375154 -1570727238
 20 |  -690176954  -489550493  -680215684  1320438100  1865687660  2091325124   474350846  1791344938 -1782973047  1258310135 -1450169624   732310703  -660762218  1038564252  -703320169  1474657739  1518032594 -1704898112   -73811138  -240862205 -2029084089  -128635264  -284343166   188939659  1096289135  1992439522   143852464   343771548 -1253251923  -261813805 -1106844427  1894619908 -1662542526  1661556914
 21 |  2074629470   338665268   -24197531 -1648197361  -572103857   -45329977 -1429859556 -1681599708 -1404287147 -1277935853  1447395874 -2120528151  -246671177   868696649   400569279  -937368524  -948428719   330738769 -1959957728   501543889 -1646304136  -611197723  1697497971  1933939890    66303976 -1844443314  1166043097 -1396450255 -1758976685 -2137746378  1700128328  1551151908  -966146914 -1179157765
 22 |  -846469033  -674775418  1422086575  1650312219  1630557566  1985467299  -601554286   -48293694  1838330742 -2058483563  -527615412 -1585709710  1139799533   584594436  1727147880 -1252037532 -1524501562  1861338163 -1162662694  1301953372 -1240788229  -749407261  1946589140  -166599170   291973980  -814471657   516842771 -1299939653  -682455934 -2054554495  1702399290  -442976305  2061190741   524662757
 23 |   147664143  -781343143 -1411764421 -1044149985  1200364377 -2114526001   250009459 -1767018489   988145108  1865965150 -1027586238  1696887582  1316372331 -1637386535   570838735  1042964572   783043735   390635647 -2134190147   703510247   647098907  1431990221 -1535968792  1659876298  -194917248   655150953   897305694  -223566253 -2055454148 -1369236556  1198193884 -1825651867   314982433   -69094200
 24 |  -325002571   364099951    83836328   531909413 -1669274184  1093963015   353326890 -1505414012    42010299   812227977 -1535050647  -383098124  -164583143 -1217770591  -853824652  -206257016  2049946686  1837062552 -1944699000  1399899624   976654761   834463321  1464461191  -653379271  1930321338   827625341   830065655  1202660615 -1218191057  -208329137  -382727391   804476394 -1608637436 -1014604988
 25 |   532296061  -122241516   946060079 -2053358878  1774497581  1872314423   275385297   272382010 -1433864283   498759936   484149019  -754825257   727515365 -1083919978  1952829304 -2060805527  -777119151  2034393836 -1011797894 -1665225816  1719303139 -1379840419 -2110621206   371041027  2075921309 -1022531361  -214187854 -1759768503 -1681343301  1205275088  -307840762   152186558 -1064652484   811338306
 26 |  -216747683  -504895573  -307108772   810001815  2089193364  1092955226 -1645971535 -1114647904  1392974558 -1702325591   -49748863   564358230  1005070711 -1559260143   375517960  -529244800   965291326  1317886517  2016019202   270746523  -395233811 -1363929044  1163898903  1064983636   742428854 -1478423418 -2124186237   273245152 -1919282052  1147076079   305217257    97895653  1243341615    20628066
 27 |  -663277386 -1337153860 -1907672976 -1757489413   506044319   136371681 -2018598238   460078920  -570850673  1050933980 -1374198344  1858139093 -2028348327  1579491590 -1766488297  1129733058 -1198968148   676481220  1766314284   867811114   574747038 -1257695978 -1357166743   903579669  -489190877  -898464639   716995000 -1036107790  1076479656  1526087025 -1682911893 -1678713148  1653774393  -769851287
 28 |   178499398  2037338574 -1840733447   936658646  -562387925  -487991870  -126137679   379469782 -1046520546  1345286293  1655628727    11990392  1519305671 -1633991653  -226193937 -1701642000  -581166946 -1093922903  -869207368 -1660142577 -1657966205 -1657206304 -1355491280  1192075187 -2045502435 -1403144374   998262825  1418930720 -1810350614   -87509944 -1380402558  2111820335  -643785183 -1545022349
 29 | -1235670738  1529769090 -1627502936 -1039481627 -1429438956  1264525296  -233055211   609915286  1181010117   519820138  1385053022  1001765628  -508689669   897404302 -2136628098   251532472  1272134722  1607971769  1776938834 -2130946163 -1967287081  2004522962  1230425496   717113448  1683205010   -24603963  1479160673  2134733318  1187662178  -344853815 -1612021375  -882570914  -997564105   852340268
 30 | -1563484894  1059862067 -1746079919  1205852844  1567724295 -1902631901  1329882836  -843534862  -325164167  1949390539  1191325812   331262712   772793661  1226746470  1592106569  1397196152  -276219322  -879487929 -1081628825   592257175    36263932   465864631 -2085744451 -1430940083 -1547447034   432782544  2065970792   147171477  1773786395  -906545577 -1098931551 -1451251872  1248720374  1229569547
 31 |  -774379371 -1508123000  1376694822  1461399697  -452769709  -524537350   577682196  1702453557  1890760688  -637862671  -933736568 -2054714109   965522558 -1306764379  1894036207  -137019842   170917911  1474559370   492387526 -1625828184  -945411448   226666668    91653251     7694609 -1874594344  -818244439   565522994 -1220061460 -1023526297  -246484417  1571672721   -84413177 -2022113276  -385857837
 32 |   844806442 -1407223294 -1959128163  -450276145   848666435   289220980  -577323150   -87828391  1849009122 -1532151460 -1346496384 -1915123177   613690458  -296947750 -2108978269   440672918 -1219075124   136613107   658134812 -1376093585   881696306 -1784077186  1728664682 -1507844633  1871800824  1100674317  2111520228 -1051850036 -2138257534 -1329107513   965063794   545175374  2085027480   882273486
 33 |  -510525373    -6556812 -1560162363   850996772  -870673021  1877175050 -1625497692  1535380236  -938007135  -589314209  1444739562  -842359445  -596141139  -583214765  -488269681  1738527388 -1804665283  1988433828 -2032578864 -2121334359    74361837  1776059453   695027502 -1148343116  1366111094 -1174095897  1842678334  -595027624  -671216672   536667241  1802291754  -868973881  -282592037  -908895338

No zero minor found at deviation level 2.
