============================================================
APM Result
============================================================
Matrix file       : kernel_33_97.txt
Matrix size       : 34 x 34
Prime (mod p)     : 8589934583
PM block size     : 2 (fixed)
Deviation level   : 4
Minor size tested : 6 x 6
------------------------------------------------------------
Matrix total time : 381803.3398 ms  (381.803340 s)
Minors tested     : 8937066880
Avg per minor     : 0.00004272 ms
------------------------------------------------------------
Zero Minors Found : 1
============================================================

Full matrix (34x34) mod 8589934583:
               0          1          2          3          4          5          6          7          8          9         10         11         12         13         14         15         16         17         18         19         20         21         22         23         24         25         26         27         28         29         30         31         32         33
      ---------- ---------- ---------- ---------- ---------- ---------- ---------- ---------- ---------- ---------- ---------- ---------- ---------- ---------- ---------- ---------- ---------- ---------- ---------- ---------- ---------- ---------- ---------- ---------- ---------- ---------- ---------- ---------- ---------- ---------- ---------- ---------- ---------- ----------
  0 | 4844957917 7252669526 8026820363 1702618266 3695260577 2565693371 7143598418  680236287 2187404706 6800794348 2914494071 5463843493 3918162677  966004510 2253765401 6735717275 1194146979 6833753230 5798292763 7554673491 3549049900  818968606 2297704118 7487420434 2477641925 2619664422 1604883880 8557034070 1333779732 6068957347 6134434601 3628891885 2131389576 7610179645
  1 |  598076136 6247938860  653961435 3109494975 5062008178 4938841294  379230927 2924073078 1015073938 2006964755 7912533359 5686714913 7979341845 8162206482 3031616919 4405305419  762588627 3143517096 3403430555 6111270747 7837266946 4021570689 4530711157 2193237004 6605333671 7937540569 3039698444 5482176198 5216189406 6323421676 5827117042 2840138044 7417243392 1161179310
  2 | 5564024748 3242678204 6274884939  951708625 2179857640 2200366812  688965294 5081543809  185304087 6850265148 7301115897 1773759941 3064244618 1337152811 6840211485 8200033090 7765584431 7912862670 6454252727 4285232806 4196064801 7513133231 1744767326 7349600965 5502674661 1460300664 4934384894 5919904479 4380819042 3990812854 6004874266 3083002040 5351908023 2304386074
  3 | 1496201534  750110432  229336142 5890418867 7073991044 6642911239 7876461929 4583462107 1111717893 1942805786 7240076924 5836497382 4727311085 1315642299 2942137236 2923137435 2773668183 2326010088 6451048349 1751831423 4977665555 7237923876  964557483 7629494260 5078051693 2445544190 8065688941 4127375736   92564734 1946585763 2162544919 6853358516 7019485476 7763486391
  4 | 5439710561 8522096879 1907029790 6567497688  792480458 1097710709  778691446 5864955818 6284990346 6269505852 2692184973  186248963 1773687197 4224177888 6347561820  629092565 4473805630 2078766343 3537541150 6991123501 5159229075 6027781048 5378916660  859852906  117875816 4266415244 7073256467 6562773399 3181737310 8148683789  956887416 5495482897 4425260029 3996098956
  5 | 2909186845 3523565627 3843678498 8452965178 1467713302 5920648469 4408919939 6979457419 5144345121  843267129 5062439178 6001446672 8154554312 7490865113  803615998 3593448134 3135914161 2528306158 5351873345 8128196876 3410572184 1028537942 2039052999 7330537727  474257616 7038159618 7520339553 1099737600 6887359926 2338918854 2873500352 1296109777 4141009247 8305858830
  6 | 7542824693 8501783014 4686950983  750737127 7949827941 2336521275 7274489502 6554620042 5212437729  515964951 8264462650 8231652495 1542860353 5405563481 1699956413 1911260486 6773708533 7200377217 1033871058 1298079225 1869316002 7749086005 2984610920 2442698610 6949873866 3600996724 8331508646 1780144421 8147119413 3300383580 4493362383 3300528310 2309882871 3283699926
  7 | 6368758233 2917015145 4988789913 1297705566 6196043386 6488263397 4124490613 2681769279 1506414372 6779068974 7334268505 5654462293 3020265452 7011543518 8140693170 1950969228 1277642176 4810026758 8543482815 4442540771 5924995402 3210512317 8287462286 4013313873 6551012324 1718485985 3926390440 7425466438 6855997168  479722567  846734937  904340844 6383249507 7387861721
  8 |  131088274 5916836468 2325047244  312864798 3083897367 1406453091 2458297903 3561616890 2354490058 7788016711 5192065090 1703914308 6205604344 7777206961 6783105935 7685758048 4503433073  782145858 5580703863 4060093098 2174940547 5725651554 7477894051 2585455393 2134066927 7800912835 3039552968 3937566099  322772819 7896325217 6649170667 3382525226 4467805702 2453998884
  9 | 3242760142 5182244195 1586202732 8112269199 1245877955 3535779443 2225578148 5649882053 6359028300  817406133 4154317681 2606874400 2781485456 7765422899 2829947282 8588499826 8574950998 3454584252 2773625115   43491237 8206339971 7329421602 3877387393 5172182463 3007488534 6731016624 7181104682 4296214924  509002387  180006809 3495189805 7718846128 5387538002 6913474837
 10 | 7964314955 5636050979 8430752301  874916464 6389817708 1213957975 4953754012 2036838544 2141090380 6189109434 1147331620 4399107294  719727574 4956406749 2021389438 7840431705 3778463822 6810473890  175801974 5702625950 2695786469  149599620 3644419233 1054130561 2141254237  533176131 2078235582 7650376461 6733598822   25703030 6377166076 8530884906 8503854876  896756119
 11 |  157398725 3621313497 5341189768 6782733747 2988304654 3221214932 7627607453 6554923581 3125195019 4375916416 7454844573 1688018225 8323585523  511018623 4086081049 5391724091 2684472636 5350393975 5279629102 2178857814 3434426432 4773871527  891288087 8094164628 6483262303 6758390280 6775686045 1133517828 3405237281 4459290539 5025898820 7607229734 4795131929 4405647106
 12 | 6844105372 2379261024 7572606829 4649461907 7215384329  733005108 7131813049 3851308525  977623402 6124386154 4805968294 7634124256 2970120227 2901180182  901558055  146357278 2377435292 3329821122 2417492491 1232908098 5560895039 2852059557 2698195927 3272410160 1160847857 3315976781 6607671540 8020398541 3019391976 7918223419 7820861680 7114063852 7753214951 3032670363
 13 | 8409586127 7213709622  261433542   76574352 5453943205 7469696116 4139847988 5500842920 3924798583 2136712121   81578893 7626431465  738487324 6797090329 3313324874 7196795933 3864330614 7635019109 6793155216 5731776950 8085292693  559136344 7861687228 3855410447 7284921064 2915484460 4455686957 2687577962 2445794169 1524847237 2048706854 1765640342 2910792916 5815870490
 14 |  346467956 6545657694 7305797785 2652195433 5441777706  370714135 5072070439 6632730300 5577651688 3391365126 4833626349 6561621821 2993811085 1200027842 2566192141 8405539077 1652832089  820996773 6397984470 4889606988 1053439654 7036031068 6053254551 7299065852 3814728106 2434868839  167922973 5377787589 1128552274 7457836402 7459381808 8355427732 7913619991 7855079207
 15 | 2416963522 2675791375 8151841346 3120714732 1071207620 7716864887 3061151122 7091398047 7865904851 5323003451 4682541760 6314273080 2680341517 4942728107 6358276720 6656609927 5263352664 7301589559 7321906805 8160300776 1976972230  838138357 6868893345 5929387569 1918364653 4298282449 1705708886 2481317538 3280638960 8100628288 3407124846 5817646799 4589946077 1665799897
 16 |  481835301  688895417 6956266102 1558926955 6091146664 6715114354   41489952 2744266062 5466928422  260606118 4741000181 1523796535 7795515418 6208776759 7631884318 4744332998 8542434220 7637613367 6233374505 5017284130 6059395945 1175347166 5515783147 8174185222 6003900254 8077536264 7250408018 7489010068 4665189230 7920893370 4607595794  493701947 3054336806 1964449367
 17 | 8388949658 3012787686 2863883947 1435147018 1215532355 7107904914 3594690599 3037302992 4600001493 5557605983 3263663390 7505521264  379694731 4028615586 4373877270 8132351324   23724685 2669679089  387854546 6751904554 4477159788 2411406202 2473551179 6941493585 7230958525 4291749246 4154253755  657220544 7775691002 6402243193 5138855125 5841678680 6960533445 5095239635
 18 | 5043849835 1303085620 1151411152 2746585067 7541697318 3281396959 8153184770 3466009331 3022332112 2231924162 5712317280   26987767 8144513067 4693618772 4803572250  952757042 7488861004 8358413016 6555974773 4687852490 6605482496 5723966893 5895734908 6935321752 6438465886 1844505594 2216294640 7307121565 2371386387 1084806319 6736952709 1873043442 8500284223 1025579466
 19 |  731706801 3324722433 5212754674 1492981346 3185873797 2112906633 6493031450 1086938481 4984634407  757740971 3852118025 8311579068 5338086814 3720845413 7491201093 2374387318 3161177044  928919888 6831151107 3085161565 4954648460 7055714020 2299589018 2477283563 7990066500 6031353246  792989881 1201588369  463076959 3803961753 4181911512 6549650987 1271342415 1776485629
 20 | 2909827623 5974718490 7164195712  447748073 2559710809 2566675060 1680379941 3241805764 3445382770 4404765047 5721522257 8476221223 7786232849 4184135202 2752487392 2568854082 1588676761  464175957 3236813177 2253427627 8388736357 2314273503 1990539552 7818806806 5537449734 2587200344 2257000837 2782695583 1920368564  182199217 7950472663 3382296166 7193676207 7001250506
 21 |  657331650  156705366 6394366669  122146835 7016786153 4603335076 3667073650  162471756   85442751 3644765878 6712390816 6255456333 7837085657 4051434555 5364848592 2336990935 6600577220 2439575026 6439391268 6572938581 7827598659 5877146872 3851205439 7098200433 4570401435 1903379785 2997168624 6886470618 2708310957 6315607963 7858552814 7454295865 4271155832 6930101347
 22 | 2548058810 5501270321 6535340840 8055350434  626496414 6662944389 4322270364 2096331650 6256280524  525612567 5161845416  539775154 7689088012 5804353998 3035588338  627335260 8069413181 2781012075 6936847362 3605160517 5373890131 6691467701 5214017851 3429455119  915532240 6560572866 3052365388 6152874789 7587691881 8407367197 1207646276 8352217023 6230672474 2014500655
 23 | 3914214985 2697431655 3132347367 4279169237  569132662 2072474899 6041649950 5808688555 2603284171 4455700311 3598698320  288098536 7557030393 5770048511 6156477968 2746238547 2769950773 3543410145 5182031443 8323723474  302704102 7590197421 2248772566 5619968107 3535987543 5888626894 7722778269 1580183562 4235025574 2398225794 1652908075 6007074762 2616866525 8309492703
 24 | 5704746312  563682053 2898725956 6997611563  347445620  612701416 3120600146 2214429110 4099175120 5235613689  998475895 1963069143 4331382906 3408029538 5981555283 1911356835 5489721561 7049208553 6081927961 3455287942  910052216 6908079474 7412590840 6183485863 4285522938 2964396756 6532527159 2464414873 2142702233  592137528  883705614 3111302679 8203145655 8209005531
 25 | 6250265116 7282033761 8275608247   62055044 7656467724 1486360395 7910354025  610968603 6640252453 4327543016 6664044315 4087944215 2806819857 5136685581 6830820491 2622391251 5283388077 2347491739 2930964732 1882960044 2996299601 1457679100 1950299004 7888959337 5152259708 7149633534 7562002498 4030058437 7629594533 5560682265 1738953530 1132694814 2157991496 2056744433
 26 | 4020259425 6555477953 1972241765 1809412898 6190161441   19997777 7598276740 3704813210 1985125118 4360483396 1885403384 2073060228 5078430093 1176829752 2334389292 2275379018 3950542333 1954227761 2002486810 4361034773 7721099134 3745691144 3513892352  737243665  728107834  666113145  455033221 1873301276 5823252411  717243064 6998593183 6501457404 4433512257 4853896589
 27 | 3385259963 1547810765 4560582301 8436962366 2361732443 1140550548 2816508848 2740704822 4811500272 5969229707 1603241605 1445661514 4396318469 2903261106 7196987622 4583436434 2407567617 5137952524 7107091502 2340574309 6864724015 4081118401 6909202987 2051076255 2657070301 4935190917 4322378930 2930560543 6539680843 7135353183 4260048345 4868847398 4836353854 5608259918
 28 | 1774020080 1293852804 7746700392 4443915496  152079371 2434245838  978159249 7381396489 3885159343 5491666720  205909750 7758774019 6617578973 5989743453 4045093403 5626050332 6295664466 3687467441 5804980005 2935360886 4773080510 6464526302 4653909690 2889073974 6474060054 2806230826 1758000608 6622581812 1147503423 2768048378 4661146467  184051883 3660558935 1059943038
 29 | 2181592157 5327732726 2987342957 6135199107 3474994319 1845948438  956451719 1541220652  119233621 4335441724  975182435 4342113810 3969452193 5585321540  715722667 1747962668 1776598888  104131050 4896869086 1635040459 3198110934 5435315607 7371060943 2755520808 6797855396 2967078433 7020668156 7598936661  126102743  857720508 4666128856 2771743576 3527005222 1312964270
 30 |  394713158 3696935366 6071667507  396010039 2399116908 6547556868 2672029876 8227360437 8395602676 4280576376 4739451493 8072660348 7068548231 4211072440 1117438884 6801189228 1810869750 5033335785 5067879537 5105592747 6191527048 5839653997 7648234242 3116030350 2484079209 2851138507 8083136439 4554168019 8441544973 6636612023 4124387994 5338215089 1296651575 4408295120
 31 | 2064424712 1651653979 5609403452 5613737753 5681654959 6144999198 4292803286 4517716704 8427736161 3800320589 5988351916 7636427814 4349881153 3201342710 4487835777 6418023449  402981760 3457078437 8049799479 1736157531 6232989278   29808546 8277577558 5120053067 4643205763 5453194101 2876317881 5966617423 6002595063 7455404748 6707142989  636358677 1238032341 4709103547
 32 | 4063078303 7849311260 6228709799 1549312610 1118840894 1367780700 3857395052 7439941367 5180644746 5000881571 5411102927  439448990 6312825960 5827539939 4495040969  659440893 4729075846 6485382363 4720579915 3887137228 6815188545  954801577 5823088477 4919608213 8345961180 4869889289 6238395242  954334146  616063978 6721757252 5562085587  347706365 7436751193 3741113292
 33 | 1238493718 3460791377 4875991189 1143636338 2012447116  816376643 5968488408 5915360000 7600590609 6534610871  877267219 4487756300 3831328791 8495760882 7716049069 2869148463 8518106563 7117818367 4127309747 7170166181  675992098 4956405844   57209692 5210513339 6622713904 5853491112 2869588304 5780087798 5791055641 5741641900 6294610055  100353875 8575532014 6077432316

--- Zero Minor #1 ---
  Minor size (k)   : 6
  Deviation        : 4
  Principal block s: 6  (indices {6, 7})
  Row indices [6]  : 0 5 6 7 30 33
  Col indices [6]  : 1 6 7 17 19 24
  Time found       : 381793.1790 ms
  Minors tested    : 8937066880

  Principal 2x2 block (s=6, rows/cols {6,7}):
    [ 7274489502  6554620042 ]
    [ 4124490613  2681769279 ]

  Extracted 6x6 submatrix  (det mod p = 0):
                 1           6*          7*         17          19          24 
        ----------- ----------- ----------- ----------- ----------- -----------
    0  | 7252669526  7143598418   680236287  6833753230  7554673491  2477641925 
    5  | 3523565627  4408919939  6979457419  2528306158  8128196876   474257616 
    6* | 8501783014 [7274489502][6554620042] 7200377217  1298079225  6949873866 
    7* | 2917015145 [4124490613][2681769279] 4810026758  4442540771  6551012324 
   30  | 3696935366  2672029876  8227360437  5033335785  5105592747  2484079209 
   33  | 3460791377  5968488408  5915360000  7117818367  7170166181  6622713904 

