============================================================
APM Result
============================================================
Matrix file       : kernel_27_73.txt
Matrix size       : 28 x 28
Prime (mod p)     : 134218103
PM block size     : 2 (fixed)
Deviation level   : 3
Minor size tested : 5 x 5
------------------------------------------------------------
Timing
------------------------------------------------------------
Matrix total time : 6813.6711 ms  (6.813671 s)
Minors tested     : 79684800
Avg per minor     : 0.00008551 ms
------------------------------------------------------------
Zero Minors Found : 1
============================================================

Full matrix (28x28) mod 134218103:
              0         1         2         3         4         5         6         7         8         9        10        11        12        13        14        15        16        17        18        19        20        21        22        23        24        25        26        27
      --------- --------- --------- --------- --------- --------- --------- --------- --------- --------- --------- --------- --------- --------- --------- --------- --------- --------- --------- --------- --------- --------- --------- --------- --------- --------- --------- ---------
  0 |  73191011  43151899  63765663 123216892  12592956 107850636  70651260 119593415  52506715  22832699   7503797  89365454    478261 125124043   8483614  18854700  23122874  40540865  64032513  12326289 119863578 131088434  88150003 107277551  50053072  31137637 110284441 103926447
  1 |  51949920 124379887  68958028 111910730 102469741  91799072 125621232  13039390 131921268  85226568  18503091  35517982  47674758  95250765  46319329 105980198    967321 130748465  15637059   2364230  46776364  55182884  84281525  10937750 114412863  56686601  61832168  90578260
  2 |  82765589  29908629 117876418   2040817  67701330 121047770 101223697  82963045  38104120  83319384  35029089  56237080 113400502  30514976  86833005   2772394  35342361 102456869  30884428  15818715  58250985  88836601 130301561  64592066  67553633   4093574  42429719   4483839
  3 |  62974848  83206714 101201560  79619249  31143813 109104703 121441491  51783506 127950592   6184773  95332859  62800448  21454209  23770233  38119386 117800484  22685375 122082579  16022900  29415794  61436376 133106693 133795547 127109661  95597857  60572277  27385944  65269266
  4 |   5212158 110035715  28324308  93213820  86528679  76593577  61244313 125187030  66430432  34039487  15257970 109402344  31768151  85403603 126947115 126168138  41992554  43446203  53310203 122321511 116220639  73208404 133069409  60110415  97513058  20785343  82334411  35761127
  5 |  13065309 132304843  67025813  33886256  45110708  51331241  35136167 106614562 121868021  83722823 117116282 111893186  41208777 128457358  98643934  79325434  69587827 110776099  84784355  99300429 126853134  41730099  45417610  20147368  16241553 120564804 121201607  14853928
  6 |  79098575 118693332 116983357  60625450  60855194   3971667  13055920  53099366  54885465  68699337  88024620  77957357  72871120 118782772  14195216  69394111  89217616  62205061  10058343  96593432  49525297 102937158  64638626 100645771   1046266 115015490  19888042  24254734
  7 |  42332709  63966763  59676025   1515094 124276531 117759193  51079399 126183821   4494041 114785814 112659724 120317892  44626815   8235188  51133250  18228102  97205029 116545548   8719038  18298308  75834057   3970733  70920115  84927014 107811332  34084685  82942599  71464732
  8 |  46104075  74885204  52185541  46922623  47339564 131360463  44522214   2970635 105251124  78769782  92410896  44619014  82540567 128688940  98211787  78973639 114507825 100372959  27097261  30651513 120815830  53903468  55380253  56990289  88295581   6142359 123119802  24814406
  9 |  85562929  13344469   6301056  19444153  31398587  83828636  54705471   9180550  59608518 128334810  74354949  14762433  53590617  25782223  34741642  60060060  59524979  62711454  62378019 100311157  94745545  88841883  76185031  52514253  77970107 118743969 100705709  49482821
 10 |  57553458  73626759  91385535  85244121 107904569 118786470  34624700  46527099   9841403  56310791  28246313  37458474  60673485  26264102  14481975  16920084  49706983  44857979  62751150  89036457  78397192  23193262  49221296  63403766 106469894  33950278 133365267   1883335
 11 | 115902302 112353402 132699515 110548830 106979610  31040913  77581568  81929912  95237086  59804415   6753754 124544861 109580803  24771798  54073914 108203562  69958556  10960202  69522687  30076800 120235713   3527659  44141449  31916886  20398712  85631232 128481108  94340658
 12 |  85898769  84736607  20375885  25986065  49016233  88875884  37234666  75210575  78120752  59253600  23007090  33385156  25746781  57732100 105460333  91735213 103423936  80936451 133700909  29638282 115410982  31422991 123026487  61281946   1144852 127266547  75308468  22471514
 13 |  94047403   9436813 133460735  75983782  89550354 105464048  55168152  54172719  15157494 131845080  87309760  62641990  87160158  44564317  38362145  45003212  54912723  62191943  20172175 126500296  79022781   9392193  49578442  83619808 124314156  39433104  42051116  85663939
 14 |  58262566  37125404  19820146 115730077  97675545 111178865  45788926  27794177 114440598 122751871  27822384  63403374  59625610 130414558 103237532   6157470  99918772  45252176  17213691  43599033  55247658  93765312  11405303  54674182  76015396  81916692  24547345  42740856
 15 |  21324543   6949769 127899447  84049381 105867264  21096132   7415227 110039221 100671524  36661700  13486029  88747064  78879704  47507822  24548634  38849973  13114743  73782215  28649673   7414543  10207878  18622479  87282659 100173094  38558642 110221615  31255957  30134322
 16 |  16574965 125341351   6814121  70739874  56104166  46481865 112503250  23035496  43019286 108499972  38804175  83786065  45365857  27625786  53441664  47419753 115636964  95876050 100738948  95550888  50677930 109205171 111572417 126532384  63531235  86723026  77267884 123835505
 17 |  49124205  67125090  93747663  33440754  64290782  15634708  67638238  91436930  30624763  76610952 102747367   1853921 118679674  16950035  10646738  51902714  69599302  47455359  39833013 108461308  53361882  50174654 102174379   4591628  26985470  15671788 118710149 117755618
 18 |  48360393 116656474 121063628  46798532  93149520  61938852  13467556  27512925  10818401 116988140  64201483  69962014  23126989  35180496  95568083  92519357  31076118 121931562  27545092  49970859  27649155  97536499  51453802  28624752 110160926  41773546   3729158  16386331
 19 |  46298039  48972145 106286298  99534264  24988208  42384315  55332143   6138161  54619531  63862648  24124511 104635268  28378308 105237088  32472373  53522184 134015148  56258376    889967  57039306  24200919  38463065  62402754  14500185  91720700  31576097 120546049  88545723
 20 |  76976475  65813142  48220082  57599140  10406744 108791248  23486595  94212367  17572912 116456422 114043926 129026320  23775115  60866156   1059268  42519246 101900987  58893187 129691576  63140350  44170450  76938189   2029680  67084232  35536137  70635415  69509988  12096350
 21 |  69331363  55201016  48104937  13108214  66356437  50259968 121880310 104571166  18597817  67456080  48193600  32446931  14417551  83997078 133164360   2789845  41420513  80628489 111271267 105327024  30406360  85711624 119931930  65889818 110503609  96296089  52018586 127310200
 22 |  35994693  81900779  10901696  33149501  38090891  59621894 105961004  67239727   5737018  37752639 117513573  65905232  95893049  40899204  50084258 109097407  51804513  55524686 101534627  52157814  56613348 101514733  93021242   8726857  95319669  16464195  58402685 127667675
 23 | 118011683  26002469  31300407   1826676 121216622   2960959   8166298  49115805  99596617  51716636 112138141   6729142  35305443  46579988  33179590  21341400  11944786  77118925  29524913  89010897  17113530  26065016  96756014  91033494   7522988  13245128 108350934 115377903
 24 | 133830245  34186471 129035721  58425292  19006692  16249314 127689330 112393894  35559509  84509263 115588744 119566072  58833563  79568029  51750534  67292468  82475949 110313101  15513671  64011924    712249  28212220  92432439 134080487   6839656  23724389 104902102  70453034
 25 |  78391134 105303720 134027179  29315571  41765994  81295196 107212276  65137395  27989660 112366368  32692658  94706076  14149744 109185425 125403564  59292962  79126680  49843239 132057192 113791295  23211707  34245337   5284857  13594590  82384689  80401800  54406126  71788925
 26 | 102297452 107447883  33376132  63587322  54882061  24565367 122379195  65972206  74610782 110929660  29817022  73801415  21932740  53676011  75051575  46757401  43147603  84878386  21577579  63686551  19726385 131112078  56748266  56822488  93572714  41140321  61870962 122009192
 27 |  13187351  44544497  76599037 125528402 130249440 105764043  98040541 127066973  60674764  85277325  89531485   4072434 102271357  61470523  23093837  80095308  27776815   3053394  82584833   8968393  13109914 129874429  89898384  45302812  63692296 127355625 107264807  63327999

--- Zero Minor #1 ---
  Minor size (k)   : 5
  Deviation        : 3
  Principal block s: 11  (indices {11, 12})
  Row indices [5]  : 4 6 9 11 12
  Col indices [5]  : 0 4 11 12 13
  Time found       : 6813.6682 ms  (since matrix start)
  Minors tested    : 79684800  (tested before finding this zero)

  Principal 2x2 block (s=11, rows/cols {11,12}):
    [ 124544861  109580803 ]
    [  33385156   25746781 ]

  Extracted 5x5 submatrix  (det mod p = 0):
                0          4         11*        12*        13 
        ---------- ---------- ---------- ---------- ----------
    4  |   5212158   86528679  109402344   31768151   85403603 
    6  |  79098575   60855194   77957357   72871120  118782772 
    9  |  85562929   31398587   14762433   53590617   25782223 
   11* | 115902302  106979610 [124544861][109580803]  24771798 
   12* |  85898769   49016233 [ 33385156][ 25746781]  57732100 

