============================================================
APM Result
============================================================
Matrix file       : kernel_27_90.txt
Matrix size       : 28 x 28
Prime (mod p)     : 134218103
PM block size     : 2 (fixed)
Deviation level   : 3
Minor size tested : 5 x 5
------------------------------------------------------------
Timing
------------------------------------------------------------
Matrix total time : 10423.6750 ms  (10.423675 s)
Minors tested     : 121680000
Avg per minor     : 0.00008566 ms
------------------------------------------------------------
Zero Minors Found : 1
============================================================

Full matrix (28x28) mod 134218103:
              0         1         2         3         4         5         6         7         8         9        10        11        12        13        14        15        16        17        18        19        20        21        22        23        24        25        26        27
      --------- --------- --------- --------- --------- --------- --------- --------- --------- --------- --------- --------- --------- --------- --------- --------- --------- --------- --------- --------- --------- --------- --------- --------- --------- --------- --------- ---------
  0 |  84064588  79331132 123781500  97645907 129025068  60769601 101004949  78156840  88769748  76423753   4102048   2753377  89582788   8839832  43242715  69997770 118630730  67984433  42068363  47608975 114588441  42158617 113230972 133193465  10475010  40384314  52968297  83863942
  1 |  67784300 110876372   4686139  19266258 122574509   9458623  42456205  83567680 122510097 129735965 125907197  96702053  35719800  28107262  88598202 131352078 119695379  22918098  64689580 109360223  72271990  23103546  60467033  26092106  88149902  35439044 126301049  50785448
  2 |  11517639 133596647  66174292  45068127 120044240  97012453  24001445  87825444 114114032  40943008  11496663  68688641  35108251 117424888  98884523  97046902  89291852  20125679 125362626 125100565  91439696  10236369  30350613  66422359 102477402  63680217  23293195  22603138
  3 |  70606876  39837013    483952  51467555  94791662 100383828  84936048  76085221  66589959  90287377  98444770  74710305  43871043  59551997  97872621  78381617 117960715  66791861  56352905  45616479  90578454 114824745  41169987  74568327  79489291  57293539  93265088 103181291
  4 |  37418395  44709788  30975006  13294096  58730767  67760282  17230701  48857823 116999464  71333172  43014185  37347755  65987763  50445243  30895018  22449630   3704934  88410336  94990510 114868364 113813234 128587258    342496  93181275 132825910 111096365 111576847 131584074
  5 | 123162941  72405997  40581006   2892787   6383340  84168259 104365803 109393983  29074929  45906121  47155013  34409818  44437957  15101251  62077563  35981639 127811096  79749309  51546652  58343535  11950543  66413832 112276679  83229209 119845315 117891160  56537210  92161246
  6 | 131834449  15421007  15343162  97500916 113275473  95819251 100125852  16633770  41682693  58237832 114600893 126254438  33735309  75729796  28344514 106981731  67195737  73493495  44962421  58333305  41721831  44573294  76814921 130511510  60873242  41041685  81936505  39596450
  7 | 133542852  97204585 126143908  22843514 103677248 119987579   7939603  59173114 122806717  40029604  49964315  39452547  90396539  40603502 109857125  13782841  95200571  27035574 105231268 120034793  49746345  83881882  38569571  20956001  34427859  36270193  13481483  29852928
  8 |   4330373   1924618  80333481  95474438 120495288  73929750  58572743  75804332  51831794  90483099  27913958  54752228  87624725  51153602  10179347  33758426 123157923 109561890  37101978  67640749  21266013  17443452  18818630  80419679  98316374  16261300   6931927  66084368
  9 |  25130438  55114560 126604672  71913770  66657309  87223928   3853991  71926613  41788588  26411519  22577720  52286544  77384942 131549655  71201960  61377933  13525904  88316115 130595053 111415778  97707214 103392944  22324004  62086454  67025590  93707815  66499989  11196814
 10 |  37265665  35347041  86599672  25185119  77599430  72832943 108124540  11069826  30996648  15728990  36945854 101853883 128970961  79509144  71492100  85717120  34405049  93893487  43050296  94677160   3486622  40916407  83019125 113339797  73380524  50128566  60795029  58094719
 11 |  91075138 108226225 119933402  99827675  81166460 128994797  25351982   6116249 125341561 109247252 127554522 116242085  86021530 104140570  92618172  90220634  53093378  49846620  81134009 114681272  96303199 122834995 129289907 125081893   9322612 115675926 119082574 119164805
 12 |  73835795  52298586  78747882 125788482 109552317     60435   2882486  16585073  57539593  61270318  66734003  83103861 109776011  83715024  79406563 130273489  42503714  16540621 123267389  98713180  79438057 111598637 125800006  86456143  70061383  28393628 110113290 117697146
 13 |  61555479 108569654  20245073  29439269  91753512  12620668  90140416 100035836  52588436   1886458  74479569  43011423  44687275  24017884  30526233  55552268 128195100  38102793    358061  65243175  18673361 106326613 113847144  14168967  66578147  64877317  56452736  47150880
 14 |  17924622  77038882  70382390  91526018 128078693 113837426  17850471 123054726 109138233 107589571  39464857  64130386  86919555  40723806 100397591  18986858 100275692  32163685  39787491  44207674  74947684  41866260  71173436  97711903 111086562   9784055   5611642 110177496
 15 | 128200939 111012379  71215972  24466862 130460071 121673565   6380634  65255940  48716970   3547197  42101759   3420691  14700922  60433287  69968847  77699388  19756297  62359271  64419027 131927885 127916832 124857188   7896292  72827670 112855928  33405609  97606537  60498894
 16 |   6877735  25658683  24212974  54777907  82517019  94639008 110786097 115328924  35356750   9389313  13976786   7585259 132378664  34751572 123718512  45721640   5459920  64018235  32158536  61970680  64533301  63332206  74515618  17387632 129330705  99071652  82730380  87994344
 17 |  39272103  22150268 115753850  70322495 113921656   7403098 113452729  43470238 131088125  88842344  77911247  53502410 121846646 127644759 126460468  38098883  25101728  30059305  74099478  98629647 121184870  53541874  97721723  49664873 112620747  39917284  34287832  91377242
 18 |  72778846  92020687  86331080  39085907  29398538 112372958  39254310  94222928  19180605  52765618  51110559  49113289  30376337  50086892  98644539  95615046 109525274   4469083 124717918  41767785  15796155  12852145  29481444 104027663  86833532 103146884  50964383  42913856
 19 |  83622600 107308993 114002401   4908685   9709912  77804077   6552725  54753663  47090640  14891751  69889983  47025410  61027137  56545558  45935101  67382430  44194265  48461643 108776201  46400523  46981059  26039721  45091579 117486630 121324399   8664530  53671508 130792504
 20 |  28352022  33790158  52466853 121670608  17889281  60298856  77163295  42396972 108082691  26206318 103277124  14835185 100047324   6527896  88828167 119656995  88859484 117330385  80578405  98450269  52120782  17813404  54476698  15679242  31916251  83714481  53086524 117521633
 21 |  50180816  93945010  69669940  56910690  11567637  31674125    629958  37424310  80067426 107340473  50612894  78139622  63949742  14697803  30777156    831772  19627426 124214279  75795320  74527571   6793652  99035265  23557993  40884350  28179429   1375928  76358230  79945691
 22 | 121384657 122410772  78649073  55080613 126007235  25709931  80511483 122497236  73954481 106837706  74848827   8717488  60546152  78292427  91727051  89061036  36025510 112307782  57121594  71891188 124075776  81568592   2041616  77270259  51654442  46208756 119056585  19822481
 23 |  44925933  61211906  46169213  48456959  61784970  83029732  81481216  89017462  36018026 112832333  36164445 115978557  53051721 101979984  23471800  87901073  11019743  65125467  86297762  46035237  84730716  27556675  68300086  17750256 127304849  23436841   5487170  54734196
 24 |  67043158 112266572  99353594  58777629  67110683  71925355  11766400  96513787  52205876 131698821  82210867  35885457  81197676  94375669  41881810  50516016  65870037  20923029  97006365  28756684  92155117   6200615 110288420   4524504  78322996 115341150  84470290 128015440
 25 |  75172687  11857789 110407185  98283772 114701989  21592629  80780040  15721159  39451401 114369666 102811758  30302231  52545490  40293313 133748602  51055671  82105241   9650014  50308953  70536088  39235682  37198935  18705466  47124243  61342288  47859252  47220971  74825119
 26 |  20750652  97669721 131111294  40693282  81153894 101689689  64056071  79475705  90344474 101688252 112431246  12367983 122049736  28006855  13448162  81623901  75417378  33381907  99202404  36489451  55977399  50130666  52764766  83572572  65660576   9300356 115153649  87637195
 27 |  57876749  66842826 101627832  94580881  71299406  63367878  53823115  14660923   8251193  31228858 113130903   8296399  48386887  17937164 132217049   4240519    444216  82558428 125594879  89650103  99607628  31799402 123065546   3147815  47055311  16090380  37597349  74874725

--- Zero Minor #1 ---
  Minor size (k)   : 5
  Deviation        : 3
  Principal block s: 17  (indices {17, 18})
  Row indices [5]  : 8 10 17 18 19
  Col indices [5]  : 11 14 17 18 26
  Time found       : 10423.6721 ms  (since matrix start)
  Minors tested    : 121680000  (tested before finding this zero)

  Principal 2x2 block (s=17, rows/cols {17,18}):
    [  30059305   74099478 ]
    [   4469083  124717918 ]

  Extracted 5x5 submatrix  (det mod p = 0):
               11         14         17*        18*        26 
        ---------- ---------- ---------- ---------- ----------
    8  |  54752228   10179347  109561890   37101978    6931927 
   10  | 101853883   71492100   93893487   43050296   60795029 
   17* |  53502410  126460468 [ 30059305][ 74099478]  34287832 
   18* |  49113289   98644539 [  4469083][124717918]  50964383 
   19  |  47025410   45935101   48461643  108776201   53671508 

