============================================================
APM Result
============================================================
Matrix file       : kernel_27_29.txt
Matrix size       : 28 x 28
Prime (mod p)     : 134218103
PM block size     : 2 (fixed)
Deviation level   : 3
Minor size tested : 5 x 5
------------------------------------------------------------
Timing
------------------------------------------------------------
Matrix total time : 9125.0881 ms  (9.125088 s)
Minors tested     : 106724800
Avg per minor     : 0.00008550 ms
------------------------------------------------------------
Zero Minors Found : 1
============================================================

Full matrix (28x28) mod 134218103:
              0         1         2         3         4         5         6         7         8         9        10        11        12        13        14        15        16        17        18        19        20        21        22        23        24        25        26        27
      --------- --------- --------- --------- --------- --------- --------- --------- --------- --------- --------- --------- --------- --------- --------- --------- --------- --------- --------- --------- --------- --------- --------- --------- --------- --------- --------- ---------
  0 |  38244145  79533810  13588823  81828875  49984016  73341126 112538320 131158405  91870023  34439414  23998964 115854994  33768137 105114724 123074838 128548087  46548942  80877894  68925541  14609635  26300054 126290266  48487780  46606185 100375786   4310927 121537614  77533856
  1 |  83448841  23647671 120148248  98431663 101855322  27122283  75876043  79467360  80737142  32980165  41003170  18622196 129961525  84446114 116827996  48375879  92206862  95428889  42647931  48034637  11475946  10135976  70509760  79524193  50565949  25652989  99077758  52508228
  2 | 126430171  86190514   4193156  95701999  12947226 117405757  46077812  43558969  85896466  60670817  66486641  37542592  98504853  29727517  51801191  78693603  79472824  84493938  64058252  77801699  66287720 131134915  45880098  42089845  64490966  98822863  70105123  49589647
  3 |  34300237  98491271 111945065 127382124  14692190 126531106  28113103 103707570  59692522  43493463 102307922  85175534  23803876  22349737  21664681  78971095  51381058  55041052 124180953 123979768   6843258  96510032  15299355 133386747  41022214  43100085  88595952  52800400
  4 | 116350683  93892962 116042577  78098300 114356376  62263056  99066823 106268384  75639153  28327467  27157721  78031919  85455784 118599603  98336074   7107860  67304841  78006500  12787630   2277921  10456061  23721757 124881565  81421537  84981697  65369619  23906560  99982164
  5 | 108417624 100082387  18728010  35750321  77525721 131737858 124971469  12398759  93544122  96040386  94573102  62251151  72548535  43447028  83365507  28822328  79355667 126367874 128642815  33062062  11723534  42937440  96781822  28668732   2689354  76352750  29346279  76812109
  6 |  92788603  63821201  87405319  47759654  72336607  56342529  66480757  65627817  55841037  92836899 110599970  46328262  87181843  11875434  83105947   7534196  55553535 132833252  29327686  13545465  96014199 128006606  22648737  50170347  43866783 125871761  49011505 129626317
  7 | 103480295  74900549  27472657  13302059  93538759 101090492  78160362  79564277  56740661  59236820   5797349 113492433 109523210  93759579  33703137  67850988 124312314 125048888 131256566 108449822  70649408 118487774   2128088  43075283  55938764  53217004  29498682  90573661
  8 | 128781886  55522881 100377600  63434379  39028978 132074136  74121802  55747866  36022096  32860827  50136967  96107337  69481081 126977586 102489395  61671669  92879066  62855722 126462282  93131625  44582246  72755348 129426145  96706679  22675723 117063448    382318 113182285
  9 |  26719677  74067331 110710752 111118317  36467281  61161354  13511825 133301390 110969113  35797580  95198897  32472309  15616828  64607615  41072731  72649685  51399718  58846647  45403473  66791330  54608437  84004377  72080544 110492173  45235532  58371464  66202860 114030419
 10 |    328921  67497614 109032255 123785082 107755182  97143611  31365733  97948262  87304786 129267652  88597050  73762325 121848096  50726630  30280416 127597703  91991413   1154961  95699098  63312235   9889533  28736149 103285582 117167377  33077450 114283519  55466324 125423890
 11 | 116453988  89339478  30473368  78951667  98885042  83555905  36446724  29046209  67301845  21281462  23140871  10344620  76576932  94130892 100006685  40416526  79271378  10527499  78989524  79310878   5586334  61351972  83586971  88453573  19936190  26190620 124934033  17614951
 12 |  32352171  20276525  19637193 121585593  99984375 117678950 133489146  15155518  60747869  41813046 106754332  86097272  60989668  85299620 128331618   7673272 107012075  30341831  71215209  78062415  34387497  22520445  48507358  24648115  85245822  16347618  47196760  81809748
 13 |  70728926  67613973  81784345   4828765 117288550  41362694  32347841  12102160 100074102  83588060   7500082  73387351  62050872  88110945  21652020  54501535  29407071  95099353  75945242  27117288 112312904 103666735  94246794  58381066  21922652  78887202  11653335  87788317
 14 |  86596829  68462733  92789486 101225926  25944551 123013383 128888216  13369717  44462194 129282757  25849294  53329027  80799428  75737801 126529251 109991425 129988912  12058447  72641756  22031577  48339779  21441096  27718224  40733583  38053143  95087617  36099855  13464975
 15 |  90675268 130453411 108771749  72562403 125956826   1203110  90769671 101428442 131127206 108376224 110032902  69613723  46366759  14676035 124011196  50819516   8651145 124401381 111003470  53398323  31351002  75466292  55923621  96422379    440821  19895689  70892529  67905656
 16 |  16347312 129767966  25879204  74707021  95404099 130119751  56570551  50086438 108139432  21093090 133638684  35569127   6590621  83497256 104523404 134052900   8709894  72966592  97397997 107713119 129038614   4337683  57103967  82336632  93449943  76181514  50224548  47292343
 17 |   1920339   7172413  93633855  75370459 100731973  73188529  88355126 115511323   5283870  25744401  40372893  97311028  93366919  27926163   8363933 121396619    344311  21488329 120041229   6007904  66091010   2171583 129965696  69576188  18365703    446535 110856290  82135800
 18 |  18504630  67057980  49533495  99959768 129631635  91772488 115486846  20219615  46844025  88257815 123694651  32305816  90830997  11516411  51367630  98446326 106462227  32559937 119636281  46331476 125783016 101676961  28072160  80752602  22113570  88064498 112351889  49427975
 19 |   6814812  47413953   8140070 126638924   5588141  44519496 124703611    139531  44230852  16719500 107702684 131327473  65545618 101467140  30760517  44680300  49860640  14315555   4229413  17573385  81876861  10614298  82930615  43638839  26116224  81266283  20214835 133188338
 20 |  16686606  37503556  44053437  65468488  65480788  64921669  57462827 105803491  25536852  55009285  88571850  54644961  94899609 111994800  84426693  71709697  63238671 105946723 121019385  19654351 107477007  70323508  53387669  25135138 127466854 126723702  48814036  63625781
 21 |  35468015 124845730 106724710  12975489 128619703  53522932  15471684  20827460  40458914  53965300  51419944  42301299  37635428  34895164  70921761  16240935  27184779  23133525  52466170 128513539  60474310   7268515 117375740  71551068  49998573  74491817  63659117  82974464
 22 |  96850938  68587769  95757402  46812309  58209171  36050828  11816830  74517222  13188225  28473834 105574178  51587446  40334445  49710321   5730875  48899371 115760935 115565587  14734808  55509318  11459640  41056779  65258192 104609373  21602531  97641821 126473419  92503261
 23 |  23379811  36330476  21451009 122164338 122130740 115019750  40918623 110776830   1798283  58437735  47699991 106934673   3530893 132417019  32074774 132300559  35751794 114421276  41185211  87345352 131076428 123202197 107716033  46867692 130121406  63887789  74115877  17708761
 24 |  66469808  16711692  20624338  90615224  58911084  90821271  54125607 132048026   9788575  67063678  11830682  45603840  99043669  78720192  77979485  70898841  22676151   8416394  34170551  68575569  12278793 108465693  50053679  38805162 134034492   5018817  14076228 120431375
 25 | 127836330  72848111  66757326 108696826  12940018 120740927  75978976 121426114 116872375  48385680  53126922  82275040 102298889 130365724  77465731  34742103  91210382  93781787  53034929  63134063  82660777  91832722  95028195  29057503  82888356  45134100  64048087 110438336
 26 |  15260972 105265276  93091365  11416195  33255861  28732625  92767357  78082023  21650111  14204317  12305479 104936193 111147478  11401262  73086476 117064606  92871361  61818120  95110124  55297918  21944724 111188262  45118446  19734340 110399550 110569705 123189890  92579166
 27 |  87716423 120046304 122246374   5768457  37649009  51206001  63453248  87854281   3675968  48891688 118826496 116927088 127157608  29161375 129838693  36787111 124762274 112926976  24122213   1615974  58540666 103760499  71042963  94556133  71301695  59731228  90891418  90375814

--- Zero Minor #1 ---
  Minor size (k)   : 5
  Deviation        : 3
  Principal block s: 15  (indices {15, 16})
  Row indices [5]  : 6 14 15 16 26
  Col indices [5]  : 6 8 13 15 16
  Time found       : 9125.0840 ms  (since matrix start)
  Minors tested    : 106724800  (tested before finding this zero)

  Principal 2x2 block (s=15, rows/cols {15,16}):
    [  50819516    8651145 ]
    [ 134052900    8709894 ]

  Extracted 5x5 submatrix  (det mod p = 0):
                6          8         13         15*        16*
        ---------- ---------- ---------- ---------- ----------
    6  |  66480757   55841037   11875434    7534196   55553535 
   14  | 128888216   44462194   75737801  109991425  129988912 
   15* |  90769671  131127206   14676035 [ 50819516][  8651145]
   16* |  56570551  108139432   83497256 [134052900][  8709894]
   26  |  92767357   21650111   11401262  117064606   92871361 

