============================================================
APM Result
============================================================
Matrix file       : kernel_27_85.txt
Matrix size       : 28 x 28
Prime (mod p)     : 134218103
PM block size     : 2 (fixed)
Deviation level   : 3
Minor size tested : 5 x 5
------------------------------------------------------------
Timing
------------------------------------------------------------
Matrix total time : 2874.4060 ms  (2.874406 s)
Minors tested     : 33800000
Avg per minor     : 0.00008504 ms
------------------------------------------------------------
Zero Minors Found : 1
============================================================

Full matrix (28x28) mod 134218103:
              0         1         2         3         4         5         6         7         8         9        10        11        12        13        14        15        16        17        18        19        20        21        22        23        24        25        26        27
      --------- --------- --------- --------- --------- --------- --------- --------- --------- --------- --------- --------- --------- --------- --------- --------- --------- --------- --------- --------- --------- --------- --------- --------- --------- --------- --------- ---------
  0 |  57677837  51294101  82553468 132351452  15050412  87880314  61704367  42483897  70523228    671493 114491703   9976784   9821950   5256850 106045135  46141330  66787679  29343640  98522592  25814006  26652169  80181038 120332719  13017709   3438581   5197360  52469339 112728402
  1 |  78559099   4232015  19708380 115452071  76815365 118590068  46856204  49417794  70667211  38851982  55130277 120053815 114797846 105316451 132924872  45504799  72057741  96138767 121402556  86896250  55497666  83685846 130648846  64621237 132789432  92624012   4972060   8380454
  2 |  95151676 129271691  12533921  50336260  97078217  64212929  88674701  11747523    652693  83743087  74775672  34159908  46564203  20114826  81747563   2216170 121511637 112264391  93180966 130508563 128076292  89161515  30382195  36094871 128400644  19544855  76546337  30914746
  3 |  95197289  37858260 122142885  93267181  72631966 108648532 118921727 105725332 132077833 108915589  74716613   6683314  71842185 109105456  54671687  32168259  20812044 102192983  89208040  22698523  91082015 107903440   3385147  96781615  63911272  54300677 123836712  69798850
  4 |  65153566 104414099  59557752   9878917  90062370  68038471    315294 105608496  86528152  72327747  21302026  99054244 112467892 101197004 101530235  27857802   9211041  38721290  55371260  61928828  90999845  46539443  90722043 115723272 105540060  92816118 119111240 104228871
  5 |  51519661  30354223  34589268  96849171  87792720  63569558  31009229  89983092   8230013  19824757  28467220  93442818  20455693  44800650  48522852  90802327 133088413  36077012   6466816  21101748  10297242  97837386  37931090 109172024 118830088 125706835  45255460  37600301
  6 |  72187516  65499780  69616657  68467241  93655326  42176730 113158190  99814640  15666502  35871602  83796671   9820586  73224517 108041175  88314979  55397399  85847358  20360630  58050753  85743648  32677494  46750896  28764582  81337829 131186422  58486449 100846988 115996501
  7 |  89610875  37411986  91207943  66332131 113381363  70386965  13268214 117655191 129809117  87222016  58808301  83103680  32876880  39931423   5207278    860163  92819379  25447384  44916895  33903158 131786527 103607123  25499577  83661614  56345084 110368010  60709359  82284576
  8 | 108973563  96333196  29297009 127019159  67786502  23070323  73196507 118708735 108052490  59890732 131812972  52754538  32747187  54671884  45266555  23211720 130150654 118545161  60532070  60939165  43728380   9547270  75460007 126405455   8759414 100071520  51642270 131265229
  9 |  30701973  71266136   8502923  42891006  88562586 112898299  70145046  39072488 109474056  79147792 103442041 117342942  17689660 118214584 128682188 123140765 100178128 127425779  80288739  72302710  30370150  54028224  65878587 130006167  11239768 130193625  39625261  78116604
 10 | 115780873 114262915  60599804  99766620  23783926 101141889  99012545  97378493  78424373  32669889 123005903  98588159  55072171  67950402  10154506  76118096  81970980 109162576  26205023  64900818 130112655 111131280  89326932  64426988  89108668   5106841  10705147  77020845
 11 |  88676007  40553131  36012635 129558037  12815807  21296931  23255553  21788247  73776550 122513196  22220104  86877067 118389394  30757598 118083702  51638877  71522625  32353003 117731363  57134912  57392630    712572   7948760 117505774  44880480 128660675  88303208  55902596
 12 |   1315204  61969314 116448187  20802097 132808533  38660622 122815503  10672574 129518164 129142771  46016997 124415376  68921428  32316599  82932063  44940091 117668272  18333515  81713713  51915730  65938727   1654060   2178129  53017574  68805432  74544410  94734862 133675870
 13 | 110006486  73916056  88131561  84436361  51586814  75016756  78161864  96787799 108348302  37639532  67317415 108834051  64460358  26941304   5082970 105166857  47246529  35508162 116906739  14319128 134176983  22282927 109386418 100592066  83388027  82097479  47274614  26772386
 14 |  13594855  60235793 129983361  73990403  67088264  14401463   5398919  44960874  29122234  78532050 114857956 131889383  69407637 125702090 127067942  44523206  88183309 118027000  45153411  55341584 126802573  14393275  26053435  17225290  99330000  25043143  26876840 110564013
 15 | 114637970  43195499  85324145  86475186 119382111  64705517  56763904  68790184  91075570  45741888 116262637  19922622  82917794  11417376  58741391 114096329  47419438  90507692 117917839    735383  54303008  37020675  62482661 121057362  28666274  11039666  59230810  28729729
 16 |   4075782  69836538 100997159  16981429  22210295 130812947  10227839  91512176   1541388 107118264  26184787  91120836  70946226  99642153  72186377  79856139 118527451  28939324  92173950  21161040  25054669 119210864 131350624  42607358  93595713  42334176 131801585  86936687
 17 |     52425  41221363  16332341 104674359  15223026  68767998  93772546  86025559  20760326  96459905 127604517  59866266  91767326 113117505  26169041  94422826  21683682  55273171  72707689  47113025 117430731  46110819 115706829  45699995 126330882   6219609  76012370  88786570
 18 |  74980160  52653838  34362928 117362398  77051617  81910242  41014844  56934132 125084897 103238971 119906025  58937131  78400360 132016987  73761321  74407729  74430109  30063607  48498943 114883723  61665510 112655206  38316025  38857891   5035600 109842330    640115 112000362
 19 |  38193006  89493615  77064428 125482444  38567222  87391941 131455138  63272378  18653539  12819084  62638077   3848448  49600419  75509127  74326905  16252827  32664012  93851726  83424253  89544532  26345407  24872068  45444451  12985380 107282476  93621514  59323120  32245654
 20 |  37857230 108335116  93173295  50172990  28816735  45758496  38710109  50467682 105181475  77418007  16506438  87298555  17237690  90185685  22444283  84043111  43068562  93337842 115762605  20848879  85873646 107916530 132244624 128668737   3044525  35255744  82707556  31258271
 21 |  28440216  26206065  33711557 124831026 117882320  26279352 129219579  85292451  89892268  21156530  95290139  26853224 103072999  20664506   8630297 123769179  56385102 122656986   1459552  50815903  55762217  92505797  85163367  45110486  54112375  90615944 112668874  39568396
 22 |  71287476  79826820  85996141  48245474  86626132  45912355 125012708 123120833  95372611   7839753 100738792  45044706 125424854  66763443  80480710  59228998  68752801  56110483  79533523  91362873  10407181  62434667  33671350  12933411 126460704  62182196  64344193 100777925
 23 |  40473770  17654798 106303138  99839774  17639959  51082951  77438793  72121427   4235307 103944061  36734540  27032199 100110479  31759782  73399395  92680292  15111390  13119649   5270239 129208802  40261390 112512064 116173209  38493597  19980058  74170427  20882947  28283768
 24 |   7418359  20742445 113200092 127316780  47267077  56816240  55530922  81561786 119010554  25643483   7109356  38341340  66554267 114380864  41252829 103848006  99157415 121974717  58600508  60214069  78518621  76024401  13577493  45787725  92324760  50009089  79671600  40578032
 25 |  22880448  56362051  51919988  49461307  63252470  52437280  77965655  94828599  99944056 111428245  79244713   4556837  15392467  32976975  11104879  27357914 119388395  27971972  55427966  81011503  88600855  23581782  55702831 127425968  99744053  50661736  79109273  32748677
 26 |  43499421  53863792   9849922   1965828   6841497  13705620  76955663   7318519  24648993 127681400 104680534 112328355  16136301   6862118 116576069 120388765 101415276  53443762  75605334  87202432   9895995  36784678  16027550  89068130  25331134  56226199  34711378  88784797
 27 |  14000082 123864873 110482377  96114581  72589918  87303997  44249439 115441280  86837028 129509500  71267643  24346243 111493121   7452244 119876843 102387742  66226336  82280922  30203168  29700517  81616375  15227188 117252992   8167217  13652042 111115606  45837033  99332019

--- Zero Minor #1 ---
  Minor size (k)   : 5
  Deviation        : 3
  Principal block s: 4  (indices {4, 5})
  Row indices [5]  : 4 5 10 17 21
  Col indices [5]  : 4 5 12 14 27
  Time found       : 2874.4031 ms  (since matrix start)
  Minors tested    : 33800000  (tested before finding this zero)

  Principal 2x2 block (s=4, rows/cols {4,5}):
    [  90062370   68038471 ]
    [  87792720   63569558 ]

  Extracted 5x5 submatrix  (det mod p = 0):
                4*         5*        12         14         27 
        ---------- ---------- ---------- ---------- ----------
    4* |[ 90062370][ 68038471] 112467892  101530235  104228871 
    5* |[ 87792720][ 63569558]  20455693   48522852   37600301 
   10  |  23783926  101141889   55072171   10154506   77020845 
   17  |  15223026   68767998   91767326   26169041   88786570 
   21  | 117882320   26279352  103072999    8630297   39568396 

