============================================================
APM Result
============================================================
Matrix file       : kernel_27_65.txt
Matrix size       : 28 x 28
Prime (mod p)     : 134218103
PM block size     : 2 (fixed)
Deviation level   : 3
Minor size tested : 5 x 5
------------------------------------------------------------
Timing
------------------------------------------------------------
Matrix total time : 10951.3789 ms  (10.951379 s)
Minors tested     : 127004800
Avg per minor     : 0.00008623 ms
------------------------------------------------------------
Zero Minors Found : 1
============================================================

Full matrix (28x28) mod 134218103:
              0         1         2         3         4         5         6         7         8         9        10        11        12        13        14        15        16        17        18        19        20        21        22        23        24        25        26        27
      --------- --------- --------- --------- --------- --------- --------- --------- --------- --------- --------- --------- --------- --------- --------- --------- --------- --------- --------- --------- --------- --------- --------- --------- --------- --------- --------- ---------
  0 |  54341976  17731826 105555150 120822683   9119268 124815218  72185893 105843619  84919957  73448752  19911577   7301913  69074864  43860429 110158092  83826084  49284239  89199614   1363582  78214908   9792369  52318271 121691745  87072474  81311603  71421452   6449303 124630287
  1 |  88277916  58881764  87806794 115943636  72416717 131345844  55127606  11020948  37798635  97177135   1488092  64682698 104921159  36121117 130132058  86110539  99016343  70031064  91586641  72981641  73895505 109941975 114667010  10433080  32276527  85367617   4237296 116601366
  2 |  54456036  58000942   8085849 134034997  96237451 101075613  47713530  78223044 129056003  19534017  68395395  40084748  12142810 121117048  26423939  56289532 121348642  60928698 100874944 102146049  92487551  42019244 113627215  67523270  94516516  25887657  81833635  93595220
  3 |  83919331   9227549  57653095  93364284  13207365  83186310 111853113 108376223  92871756   8667994  58462990  52329628 103366095  88485414  67569196  68794145 113053027 101189692 103346711   5403509  24431687 123630749 109321919  21876735  73383880  17552426  46059878  56830036
  4 |  90188692  92749988  32168273  90737989   7141886   3137341  91815621  61383920 114521787  83718712  82968669  78975048  99093281  67344521  10052366 113410636 113773168  75056771   1939405  94913161  27784030  47573367  20116658  20796099  45135409  77704876  21408989  47536210
  5 |  72794306  60603832  10907133  30003312 125507124  57466670 125496862 120825457  71376943  21427513 107042996 125224655  30298209  83568977  88920004  28322951  21016919 127599034  26325597  37208764  68559671  71676243  49204353 103058703   4622226  91477051  83817672 121837756
  6 |  57117931 107628966  18087948  91576111  84493522  53860867  70952951  33736859  35170589  37823179  16684526  71473834  22753548 109563204 103345950  63975492  22991177  41678558  58137491  46030374 119907606  93857976  79592860  25774779  26345290  18789681 131437526  39066908
  7 |  28175322 104264872  54128792  51311426  26022715  64684994  63852418  27071375  20201486 126848674  53933344  42945264 131555190  15348743  16748401  48260012  11845079 103275498 128933346    350063 113377196   8770984 109702614 120649480  42487819  54400632 121309579  48721353
  8 | 117574752  84637146  47673173  57100217 123132527  73217212  55338673  91206509 104071003  15013483  98844778 107040579  74705713  83437390  10821457 115542755  82622731  47970123  19958162 123038749  25914035  65354042  55313927 118278208  29084588 124015282  67677423  92227847
  9 |  23800909  53213024  27982476  56641415  95761391   5131589  46729267 126888300 119808861 114965861  83977482  59102571  70725834  15595736  90424854 127605651 119376979  37827342 125887009 119955218  39237054  18782305  70638979  97921716  82074605  69886554  20317474  14922782
 10 | 102019131  60712922  13667543  22448515 131782863  72361529  22360964  59383741 126549751 133992528  71492861  63024863 100214689  88372750  97613336  80102530  93214029  86075643  18262760  76076497  79479287  22959529  64410983 119946312  81503123  49593183  70080490  45454231
 11 |   2192877  72140290 128972359  31183694  81822443 115066919  38906789  21014865  65116885  18084231  52600554  34544570  32226192   3340595  69736156  44930378  90868837  78814727  38444570  88362769 106186924  32943873 113477787  10731301 103386843  80038031  59130875  31019950
 12 |  37313469  51983185 127366787 130833042  88043721   8584103   9198290 107172462  53563796 116979519  10641434  78437359  59863037 119365371  32667411  11161400  45893118  54555761  23813463  95838451  96117415 109407371  32735925  79019339    811246  73993689  78830354  99236740
 13 |  65893492  96387755 120573633   2741118  75482509  32201459 106827679  52699974  64574409  11783403  30887761  78648438 113968460  29581035  65761837  15789581  88042660 111005638  79348530 123289044   4179816  13907817  74273553  53759802 115446549  33066776 112714343  23301462
 14 |  14718004  91837516  24528799 106713213  81148225 104536526  89784649  56015610 131374073  92917473  98709566 107540002  12509802  67940366 112254762  73367189  14109634  96698862  71729254 123557924  86776588  24926562 119110440 105357610 116704022  55909454   3663879  60557291
 15 |  93726900  70769018  12139958  34380447 130095542  71761476 118387233 105877737  60854293  17798389   9380746  22449593  34801570  67381606  78277386 102979896  11063170  14507444  23622760 131136824  80068932  62864921   3836833  23206133  81764097  53215060  34833628 113486916
 16 |  69264481  31639368  69626371   7273413  61826421  87281857  68998936  39276632  25841338  74379076  79044120  10159532  64932379  38264320   9011486  53170377  67577627  84584338 118448027  76588640  18846163  68297337 128550396 124435810  99279828 103288779  46928284  75795396
 17 |  68240479  63080561  71114617   6991030  89072853  50116090  83104570  70719471  42907050  12190683  37744011 118603202  25985063  85215722  81573549   2380960  38527258 123418327  49963618  42693777  30681299  14803437  23420356   9333123  32594130 128949625  71680667  80378281
 18 |  96025372  36414220  22679050 101389160 106204283  53437625 117330375  76585025  21667148    746259  45176101 121241027  13641555  93992613  48108362  27762607  39370223   3541948  16429427  85257383   7329920  66232272  80352486  91108954  55950616  75770978 132648002  23979098
 19 |   4499801   8366254  90538104  64617990 122874366  36492580  81848517    296395 108820431  85933327  13196042   6882243  65117617  40511500 121210327 110023720  16346336  66683518  83275187  73165478 122483313 106018806  80039754 131742927  26610199 118496133  86959340  19788707
 20 |  64748676  56385325   1057848  95958497 103603612  17908516   2837777 108334455  26916627  53296246  28615037 123146353  79536671  46385865  65086513 103148756  75210823 100217940  92715350  16969499  65922967 106986522  36376541  17755982 106041559  53794388  55242501 114364944
 21 |  58101559  45360419 104257478  47410024  97087295 100249977  56360163  83634531 127693957 133378260  92118508 101161059 121377546   9072352  47625097  16074383  41381833  22843905 133823563   4103979  11375830  69616326  52943791 118669950  31965370  97185095  57718376  40477701
 22 |  57328756 127381451   5056634  69316925  53256674 113844165  94771461 116078209  94261954 110398708 106770815  15526749 117330522  85887517  34559334  68720482  98233899 114813447 132618988  15675172 115400791  25699700   2342428  27748648  22313277  42193155 111718379 117038901
 23 |  23951606  39041329  28563551  99310896 107078356  97493021  84362625   5309008 121962933  26015332 121587301  55248561 130331724 124865725  11483966  76335275  96215667  77801143  41223597  87799940 124673806 105529424  13376443  66897458  16400556 133404203 113449894  22017225
 24 |  64049905 121450316  69948353   3993796  49433936  79549445  10136641  34172743 117384378  28073255   9464665  31647566  52699356  58215382  58469321  75692590 113594814 102393522 114841141  37403115 110503887  35883455 121953695  51486682  71207438  38315858   8278043 115713045
 25 |  77302323  47585204  94420213  96251797  39784934    212737  90869611  44541246  64220044  33752683   8967736 126639894  72207485  86493736  55855580  65635013 126070464  23049521 116596085   9489573 100354601 105139626  20202751  69982804  58943642  41878372   2093686 131584332
 26 | 103302989   9321131  18394320  14676087  93118164 110346589  22791616  60538259 112614517  86269313 110321354 130150396  26011766  84029875  81474771   4795723 129194388   7683137 134061125  43438877 124287099   9096879  77115223 114514636  36892023  55277294 110383536 127872968
 27 |  13068844  63134666  52124939  89398609 126386304 112756507  33146636  43987403 133504720  41833938  36900173  74843372  28550646  21545053  59577367  71731301 112293665 127033905  36276082 113656939  88416466 109789960  10066000  63957225  10810271 125866798  50705798  42797846

--- Zero Minor #1 ---
  Minor size (k)   : 5
  Deviation        : 3
  Principal block s: 18  (indices {18, 19})
  Row indices [5]  : 2 18 19 21 22
  Col indices [5]  : 6 8 18 19 25
  Time found       : 10951.3760 ms  (since matrix start)
  Minors tested    : 127004800  (tested before finding this zero)

  Principal 2x2 block (s=18, rows/cols {18,19}):
    [  16429427   85257383 ]
    [  83275187   73165478 ]

  Extracted 5x5 submatrix  (det mod p = 0):
                6          8         18*        19*        25 
        ---------- ---------- ---------- ---------- ----------
    2  |  47713530  129056003  100874944  102146049   25887657 
   18* | 117330375   21667148 [ 16429427][ 85257383]  75770978 
   19* |  81848517  108820431 [ 83275187][ 73165478] 118496133 
   21  |  56360163  127693957  133823563    4103979   97185095 
   22  |  94771461   94261954  132618988   15675172   42193155 

