[[1926839208 3496448504 1787266183 1946554648 3866225462 4287423207 1530582541 1742831253 1055581644 1031983354 2029313770 567933744 639237383 1015181280 1877142571 1330716969 2613999597 3991949187 1524539165 4177144278 1869376774 278969616 206088443 617217130 4291052331 3707084354 1666245797 2499941427 2214613904 1431768626 2426969948 2312770652 4179763120]
[532052156 1812008201 465734138 558508505 2100228869 3922417810 507619557 3461311847 97256134 3753181729 318227493 3757914868 1575206066 934599273 2285836759 3878572121 69036040 208058060 296353663 3484577788 1439389584 3871560088 315316741 3976569800 2715620078 2332318718 3397906586 1836358357 2972105304 3552574470 348334110 217721030 74489423]
[3372409712 2576302733 4112651500 3015302328 2799352256 1605401975 2259009148 2136014636 108491560 3832202153 97199778 27801907 3396960595 1627759035 4125615047 3832465161 1057755166 1179113838 3907749669 93061438 2562838627 3633554628 2072806485 1180942945 3601150409 2254609563 2058966150 1892284803 1248907881 3475365866 928722850 1144454862 3302243730]
[3371495422 3406097859 1611988692 2361264585 3175828172 2638235786 1657337016 2628984482 88287432 1666648322 2692009446 2918332964 2100426607 2280437009 3383682140 3024066373 1056684853 1816814079 1854595423 2513792754 1131710905 3709007151 693665312 3362278933 932753770 2168611024 581063350 2954179085 3987505970 3836249106 3400348677 466723557 2320519872]
[933796863 1815925032 1217847979 3373617270 3689740699 4163094658 1875942589 948442944 1815483714 1072289307 2783228969 3959840061 3255405331 1104623704 437420630 2187701314 2390490038 1020438511 3404040941 1265990394 3627668932 2191843485 1439802803 1034498458 3557789013 1407741320 2480977377 3412771290 1049509219 2932313382 4190839013 3996402125 1506108077]
[3718609007 548436464 495666874 2796749099 1494304324 4283467934 2929369534 978321145 3372459052 419704273 3221070498 2839896904 1533698865 1833000900 4012760805 7116430 1190485186 1773317871 946636077 3802738566 1999829277 3905113952 3220925708 2902563705 2097494248 488215065 4055034407 3635831645 3402852936 1851375543 3250455475 93966992 3328535842]
[3992030204 921675965 338118575 955194374 2725606405 3504082687 1702023352 2082991764 2516540954 1136742887 3958779928 1066834822 2924037725 2979458018 1610896287 2715164550 1723652970 4029035303 2041783193 3221017150 283756440 2127101789 982427797 3695290106 729863340 2499346206 4282843894 194596942 411980628 4049563646 3082068782 2242300188 2586325247]
[831149284 2998157438 2396380376 1742841809 3640621907 3090183687 2862193574 2475575928 1710774467 1347438466 4292791343 546423384 2233568848 3400555098 3333465886 4129956080 2605652270 3494258326 50123054 3854464169 1766775733 2856852713 664086188 2230857387 727068229 630636449 541693202 1636349928 1258893566 3154627598 3415214712 4079254780 3470124780]
[884352016 1561693477 3665310945 4154384004 3921975143 1606130891 1159783712 1915868723 3476764912 338110295 1015642153 3636541562 2484329725 933542269 3053624473 2188492158 314501700 396715191 1727091980 1638649982 613914976 21865666 1495350107 3461849746 1804118835 3393169226 695416639 2461844103 2637881062 3708235437 2896771163 3394454231 1601934319]
[1311998944 3006079638 1275613328 366045739 1889783838 1624344596 2055747906 1798399738 3035781704 252784164 661219319 4238818933 422855209 1534142595 3424247761 2797940313 1189356753 2961024326 1270273801 424638355 1722343932 3140534597 2033910862 2600602325 4240689911 1740451511 4273552734 2958258303 2246983451 3328718964 2876714618 581252766 3775598590]
[16781649 3029427349 3199102680 2921361089 2083063371 3455399280 1222040031 3706809896 2414204262 3152255936 3314741260 4134686401 1782636609 1140536580 3597750961 1423984047 2146281607 3204102457 4008538088 4135295655 1526301411 1158245881 1477936375 184719555 2060055062 668869103 1610293544 1627127977 1753032805 1806224225 1815474696 3111112372 2193019498]
[26031859 4097568182 3105244386 1125013116 1454892293 3924931200 3217298303 131457991 1019771747 3664226448 1520809792 940713132 2859454037 81662056 1950616843 714928258 700290047 2290242119 3152494915 3711894791 2415456744 104344147 233211710 3562949511 4286876926 2093076089 3108449545 2062580272 2863835729 931400547 3361147805 2294342153 4060407455]
[4205826936 735167473 1996390062 772384592 1321444907 4171606557 326683324 2036384995 3068208999 3613210726 2355572766 1531721410 3440662009 3218935551 4244778413 2203242066 3669679451 1346927788 1612533386 3723694663 3742864299 1120941045 3551554873 1097938019 1386898928 3339171207 2658955566 3918222883 1660434794 487443700 194181261 1227051100 1636602986]
[3206422328 4133133130 2613738535 2729834669 500898255 2400615956 3627281174 3559875750 3415442701 1596277425 4178759615 1194119837 3511572077 2142808667 1160213101 1303835014 3930826715 4289424429 578182646 164408236 322781067 3775879925 3358866321 2672491191 550247991 3912178332 3464126737 3949501251 308918748 2779322115 1136674863 1710318396 859827333]
[2148612971 1248832987 3931087239 3850250726 2804518270 3514840233 2549079050 229215712 2672849120 268752253 299620820 2227027234 3584472247 1075049379 3067184061 3967173556 587043891 1289584 3623254380 622766129 340602489 2234140812 3694302740 2777076038 3176889667 4077149613 3888079194 2052410729 2796406847 2126020477 4015180805 1522503294 1345637185]
[2009000995 1602429278 2636407507 3430838503 3266153415 801850999 3854324235 3719018857 4072606833 947419402 2288719302 2223562415 1734992254 909564345 479317909 955493029 2416134464 875244537 1231101882 2417916439 1285748070 3376024080 1696359543 890355380 853861002 1224001941 3242984685 1173801873 2407792014 1639355173 1134696561 2886814905 1698770098]
[3747193564 575141231 3269492090 3767466247 829605481 1391384866 3591513235 261575091 1041700939 164289370 3568322545 3137086393 4061917838 47006606 2984119138 986093479 3959640637 301616161 1779051489 1797542812 1951556737 2868109886 1822211272 3307996184 2886472572 3558020162 3235032090 2290989298 2852169089 3915517617 3494749582 3401869857 3355754320]
[3653586144 1485275942 1328254613 590899228 2291140494 2422545538 2134474422 2472898799 3114803133 3333605945 901740582 2701854624 2607259297 303700193 1476484029 4213337435 1681615645 3223718754 2948126690 1631761194 473193161 3971313148 4254784450 3416333665 1470056410 2135470764 440851284 1533786110 1561676267 3131690904 1482523772 4198083317 966588643]
[4290495668 2133666908 3971694307 986449309 611658377 3296425373 407604999 2177957613 236509072 2016272032 3955014905 3008651121 3639322584 4285535722 2108876983 1677360603 720531916 582191128 3376641275 658008487 790549456 1424417179 3099363729 370844398 423203939 529573063 3609311878 3881629109 4288817426 1946954635 3359384843 2791202327 828474577]
[40688180 2146079198 1933721630 1298671682 646703431 515565881 671688289 3767973688 637852028 759420897 3298991584 2547165640 3323334437 3609200676 1497202302 3341727856 2122921433 4087320590 2164666046 4151249976 626302588 1765853622 3136811455 1524495046 1375261151 54099795 3638820213 2054572275 3611055230 848280618 3453455047 3354395985 4093542896]
[1724538088 2391731771 1452979050 2621939111 783604475 3713995294 1148747796 514895337 2992209127 1009063596 199034137 1452829245 3478699648 1033015160 383730689 3548225972 4002269502 3625090530 2025795927 57689439 1529549198 1220477844 3197560741 1139052748 2644053519 1915104679 458463837 1036281238 1367679785 2329162654 3782634148 2628965280 2869626360]
[3559818616 1256150186 244577832 3615448603 3428467067 4030640101 2291704927 3569021146 1317988723 3099798109 2507123249 2191221504 1149067053 2937055573 2027669272 2066523101 2383534501 2331197740 3759212144 4249923209 2427753475 163569197 3508143839 3371158346 970677157 1872202000 2665234439 4176896983 2148039475 814763710 1679575380 399870329 909723690]
[1552226324 3929756061 1554971677 99057704 3058035162 241732531 1161379265 824081099 2078830028 515673794 1404437776 68036738 49570861 112719271 1128510982 1981840849 3979784732 2942308928 1823110259 2431990256 1697431527 4420405 1806145267 2064564438 2176154754 3533275071 4281106821 3091527172 1440233984 3473409668 3637520608 2415980139 2548281991]
[2755684261 1416306460 3361414558 200223945 2402972159 2620688902 2852793737 2028371019 3189846375 3445678644 1472788808 1111201105 3233452665 160675236 1454332301 1646600985 1082844110 1922772759 3530194676 3568073598 804410604 3779689194 3093208450 1725501916 3754729313 477746222 3753093216 2892726515 2671684692 3302037490 1085085532 3898111289 166621049]
[2073208913 3352606038 816918367 1945267357 3630595804 726943811 628523162 1975269870 3025778473 3425830869 2359569639 1216058587 983599080 2555532367 1116657870 3017734398 3336509417 1596795942 3905948233 931094885 3186615956 3548197500 1707062175 3470665920 2496733082 2034290334 1555062984 952435765 2023953988 1689856267 281624909 2359424300 1833832468]
[4255503902 1877325862 602392698 2982863929 3141945173 1617584263 3733283601 2599090169 169624012 1567561111 3656295501 2503170218 2226528866 3513230058 4270195874 368482880 3069722071 3090792042 1672399242 3771915739 2174051687 2227843071 1652247971 3035907056 3464150558 281159878 2014220519 2289609657 2749679639 1875716326 1972412270 3017547682 2594170183]
[3054977820 2051491758 4017306825 968182744 2628159295 2511656052 2553347425 2511348186 983753629 1335206652 2890570036 4067916939 2594374820 838850027 3941915134 379925064 817845259 2458618293 3521120847 2350744510 3409432103 1692295471 2941492658 2485560984 1072509222 1511792101 3876102747 1620669828 490220498 3419532914 3450155936 973392475 3625999990]
[2069556983 3125029270 2771769309 1647361408 1945963285 3745133672 795702591 576596031 605043535 2235479238 1893778716 923511988 809975577 163926534 3281799663 1733375457 751148820 3692013798 2239892634 3426964128 3987567327 1526998902 3079578255 2578294183 2463603745 109777261 3107357882 450395203 4217655815 159683953 3974542079 1254036027 1213993255]
[822453708 32645020 1911332003 2296899462 980754745 2252995732 4171214717 1578178246 842320402 1184414783 2377607680 408045487 782664529 1146333802 716499765 2333416625 2368249800 4115648440 2918098643 474331677 3870366541 832716790 2078569224 1588941730 181975742 2732084546 284200574 1380162117 2958395515 529850375 4137455090 762291674 927166039]
[556144623 2906749666 418687009 2378424118 1397615451 3160797288 574114730 2780468289 2999402944 1842873859 1753725799 3868890793 1139262351 824029887 4193525872 3392684559 3350084207 1107233467 998843159 4192620532 819543603 517806654 1060203393 593969699 977235930 3297346093 2972334824 2806814819 2052749728 695264647 4094393513 2908273096 2142016445]
[1864307833 1825732414 3560638331 1025936326 3346735841 1327701043 2832257227 3536649200 1959097938 2535302856 3313353893 404388402 3447667590 2221821998 2880154224 113895500 3779932218 1736229695 2254967120 1326562591 2478252010 1289184036 1571485557 2642511194 4249839246 106749768 2132659320 2326700526 3246564396 3512664076 2835132675 3755802432 1370443127]
[959930613 2958322694 889638791 1612602793 4059021397 3017010093 3993213228 2093890156 1462494936 2539855098 1176149221 777613758 3084462202 2332786346 3371775802 2147582863 3709618995 2577636040 3123432545 3570932899 3723992459 2097322040 3797230930 3522582103 1790720184 682375003 2760433113 3388141737 4283337213 2709207646 3067179573 4184913802 2299700639]
[4177667433 314384229 2504008309 4045034216 3214848178 1150212953 3186507798 772660002 2255220766 174151476 3896426357 3278125643 2224714576 2599306245 154762314 559995803 2758280649 1639914174 1598566582 4268958344 3717198276 3632208024 1650875452 4272467506 881979409 4181355010 388759449 638964765 3525439370 224198769 3562992113 1896238937 1084635151]
]