[[1950945354 4165785226 2349845014 560003817 978323748 1751966865 982725882 3946608321 3857391860 1186619397 4241810393 944035055 3677378610 3905724500 1749380368 4055822375 895718142 1824793416 2561698510 2068093325 2344328272 3391340100 1889124330 3750392267 386281590 2813099664 3923602435 2646511487 3132795503 794184014 19853176 2424383329 3964051168]
[2365761735 684611125 573306840 3043655106 1653965587 2736851713 3281594016 2751764957 3854004882 3968978660 3308784625 2205072549 2107803331 1891744749 330199833 506598427 9683441 2689597447 3316558284 1711834795 2107593177 460012438 1960873277 924423831 2588203745 2915946462 1117846147 1461883527 708687693 3337216342 2311772581 1860254927 285184754]
[892678142 1826987561 3101624095 405363532 3529828912 81180679 1208707136 2098584468 1959059299 2973387311 1227252174 2276533733 2400830802 1780387594 2193226071 1058618753 4208706833 643357290 588259120 2966830336 3391336207 3609264251 3676912229 1370803394 2875925225 1094570542 2246186881 390383905 4109445455 2795363741 1408544730 3210715785 53631392]
[2344589506 761666425 1672404177 1648403712 1851340831 2878861920 3666768523 1773198214 1292867717 3169992082 694084047 848969956 1136746811 768535558 1985474230 225073538 972388720 2329654983 3421174246 3255135812 2008950349 1205404325 3084088029 3822654105 3552290927 1068768670 1076699470 1113123852 1210686803 2310492118 2649123033 1370608653 1627744019]
[2125369867 3320306395 3279686365 501123410 97517529 2796442413 624502652 1176336395 1405023379 2099139142 483206240 314445743 2305418494 1778233323 80870139 1510900054 4075608719 2912191274 747102421 3288218201 2733553851 1761339976 235315493 3082329215 2699289370 1374616894 3903198398 1559403986 2649397140 3763314710 1356342371 2788613935 1105489297]
[725483714 4014304067 915277530 1135213257 3681466350 1440831755 1802170992 4254375586 2524735597 2486705704 297480878 3489888588 1986401352 1269523601 488236922 134365024 1869525770 783584540 3106591298 1984786473 2310088356 311225358 3320789885 983979435 2313143132 2903180971 3132792847 2764648215 736112433 2857504476 2178921093 2927189408 3528481669]
[1223528383 958158679 2814860381 506146101 2023164690 1386489292 3668949183 3116527296 1364903381 800941937 1864402774 2680498724 1424434692 2973076076 4191231573 2561426997 515407609 3045854398 4199799780 2013590543 2176183892 421586850 4174775376 1866694780 2791134026 1926190716 2189633876 351314268 2740630801 3289732399 3025846759 2002201805 291009300]
[3887011092 1637188834 1960211238 2246509909 2014378624 1596504169 3722927718 924592030 651451488 2820900792 1913224265 4143113765 1441260958 4240598168 909577314 2259309504 3615319438 329320575 2166676252 3439282402 3303023501 3729857623 2069144711 2402261927 604106515 1743150903 3789072988 3309837900 381460467 10396021 470673192 708502971 1408050524]
[2489473412 200522906 3205853344 1444486349 536859980 1660018780 955496928 3059115968 4132071273 3228070899 3213968939 1431050519 627779460 2467215613 2731368081 2573606804 2805180842 517833633 3950132712 3750125063 1203770861 2577191240 877986089 788743154 3611953060 3838799734 3389638766 2648343825 2703015498 3098273752 1634865303 3590802209 2657608587]
[566294865 3520002182 2673641293 2956639827 3116109147 1537752247 911340189 2631293927 38262015 795566526 3815491220 4137567000 3876140091 1876005863 2869772450 3228186535 1901677662 198617805 1267631588 1197144462 241485968 3038797202 525943638 2825453931 1686123906 564611448 1992512852 3208246312 2292959424 1669653532 1424066426 2119246610 1903873974]
[1401251721 3457013456 1586081501 1440313793 221682383 1575916225 581809179 375314656 3519373691 1948988483 3616942389 1314089803 3037744543 3943003531 1560469008 3432591407 4293486327 1176632918 92196264 4077472511 869624795 1776561557 4092731468 3770975398 2059200907 560861256 4011405338 138947968 1729830666 2135085022 504798681 3569344661 602495970]
[3171310 1837666141 136247499 596380864 3359951521 1720669538 3627481457 2574581181 4225985404 3784931005 950330814 570416130 2187204179 3186771325 4186161897 3689215054 1205940196 3321021991 3863967835 583170921 4114702770 2941943130 3786362947 1873993956 1202481015 3720854302 319498855 2930628099 404390716 1385578018 972509825 1131990182 759649466]
[724300127 1863270634 3930443563 4182969557 1586675110 1756776533 93972960 1495486175 4095495908 339495044 276412361 3934610371 662705748 1422052400 1792687833 3751871560 2771235481 1148844442 3330856362 2166279177 2027755139 3858079856 4270852018 1705367497 1437395735 254752848 1726032561 1186952447 2632786054 1089997225 3147545628 4255467318 3018281497]
[4199103731 2060285732 2084552145 376395233 1017651630 3820654742 1662567388 1487433186 2506901070 852809259 3721831942 2398111507 3134064929 3323279678 3170947918 3571904907 3094062391 232647984 1163551710 4003472849 2345709587 2334300891 2638299780 496516515 2157960467 2075497548 308251180 842583531 2312588670 1777322539 1201190916 3963235476 4020547296]
[775225214 1324805114 3895781014 4100654881 503136866 1353496055 3734574680 1855956635 3604493027 3193763737 3359643569 3898622557 1275902861 3760429116 4068307551 3844811854 2325391299 3738209104 3713660583 536940941 3235088172 1185752599 1441223571 2341123851 766969617 4069554036 734357799 3850852894 648936253 3891532055 3992815312 1863689292 1870145357]
[2259237922 1462873322 997357255 2162290291 3327489782 3136841946 3871868987 2520451205 2476041456 1636479366 3735164111 854905786 14195788 304964137 1084670327 3892119055 4153810653 2189696767 3086752191 2050982410 1652917549 1302435515 1584956981 1595107296 4251481713 1033244932 423450341 813694718 3240721284 2118717787 2020362664 833841286 1697045298]
[1222700299 2834713372 381329132 3800153126 3068051259 1970767975 3295312496 2726567688 3617452604 3311034601 2738479771 2799750463 946346058 3361601581 1250749305 2916129946 1789825209 543347470 4244018940 4263004153 307262409 1285115119 2693118382 3739525597 2233684535 4099584149 3862588443 3587664175 1321689034 3315105423 787972302 1263879209 1913519741]
[1933986637 137590633 2872229896 1437915930 3995139813 843984039 69517263 2814179828 1196313766 523200619 341561894 1532061224 3326370451 1606657690 852650226 2670023710 3359288280 1220475794 2817207108 3242764916 3543405991 3001655895 3280379942 2793795427 3079311840 3044441116 3320678526 2629710833 1835488622 1955069123 415185454 4131349524 1844935766]
[2481113890 3251928971 3917118077 3653402635 433084211 3926141034 875647546 3063650707 2081689304 2359165288 1030679594 4247689784 2881596520 2434151737 3705620093 3072534650 3404083035 934205668 4124566690 2745331571 1603556072 723716138 1419239645 3553516407 2480107332 4111579612 699203752 86446872 43085882 2989046119 1350832916 3063799095 1504720079]
[105608062 4327416 1976357954 865499622 3481611505 1178448262 3010844944 1791938376 317735131 684855925 3332958502 759704628 3881903349 3056174816 841725448 2109767538 1634864564 3956953545 1253317998 2761351487 4154999528 280021294 288337655 1113237218 95894513 1149275413 671566347 2907518809 506407572 4229582371 2496274946 3766318592 2687626058]
[3490087085 147840984 3870446677 225282625 3632702847 1581074112 38388407 212887654 1651809234 2344131730 600897425 779947381 266630439 3353427701 1172412414 3309847475 3844468328 2402119554 2377112015 3120579205 1175813088 86002056 2288481501 1564480295 1418324222 987013108 1304491783 186758277 1935638850 2706352749 4147548195 343719495 3652679512]
[1836431008 797920023 108797122 3641243353 276655801 3701085862 1168892997 1485340652 2887192849 24754690 2743267256 1642172444 771695381 1624101044 3561205132 944962945 535581492 1038010861 3183868670 1870335137 2192843330 2312433283 2901250873 1954535394 3042246573 472886262 1423334289 539479247 1199853801 3210567771 1850602079 1692258835 3889391038]
[2436429901 1449450103 3119670095 1785000011 361507229 2575262330 562317638 822590265 1259205717 2308080359 4081627650 3436380827 2913541640 3427612028 2503026784 2176243134 3766943967 1372587097 3149331912 3835574516 1917778377 1242551632 239573236 1146647784 2230360445 1084527795 1455539645 4165152197 2059998342 1944001425 2999631688 3766344240 2688839816]
[1124656822 1448994833 2568028904 231258594 428186211 3011452384 2892833038 318857119 1305052711 3590277780 751573237 572108391 2828114246 1069568475 260759114 2916995105 2323405466 926083887 796199675 2991439162 1671408155 1011823339 299808895 4277888665 2371103801 1276854001 2506488596 3690014839 1914908203 1710121556 2442466623 250809131 1082582005]
[4220763270 1289451226 884640931 589258026 3396216530 2741524049 1625492397 2279281544 828233443 1674142350 1482458661 3449991976 548920241 4243326442 1704756534 1766902953 1429792797 1739901303 731592532 2070282742 4060061972 3366191234 417800511 2663606788 1451384040 3262053816 1819045755 2795057913 1868682002 3972876729 1556932134 2484700776 1734001776]
[849905365 3549796888 3912963673 3764808525 4212627483 1232323915 848510448 419015468 2973588271 863045429 4089395681 3300062257 87744603 383818206 510273791 3088915051 830976407 2360623959 278362853 1067988927 3818352102 413426536 852385557 1815328938 1450928608 2014351485 3184008330 2803542225 2197184572 227735625 109269404 3225904940 3278288238]
[2236406613 1949592758 982615136 1049824918 628569015 1289251575 4186096644 3471236500 363469587 2535382505 2448167071 711584451 1531302705 2295269928 1366244335 358858086 2088172794 937746952 1861988936 2642561216 132681402 1204262201 2741333359 2492131886 3493035289 2403421973 2333915852 2159471356 3467706889 3470023358 2184703915 1789594847 3202255483]
[108365239 3055205598 3844608262 3702952936 1497121891 337178741 3034402219 3687301313 1487813949 1114091698 4224997699 1590667595 310819267 3799725944 70405037 846161715 1264129678 212448546 3205735450 3654171393 7365223 390128271 1447747479 2462466358 1557400764 3771005004 3802443617 4254972772 3204863846 1066427048 3295308141 2190022907 412677618]
[1238532177 2920028872 1970339380 24669811 168251703 1106940075 2828098565 2303615275 3929352644 898605178 2107406900 1331412227 3381869552 2838029637 3271742021 2723142581 2288953168 2578546917 4151894319 554555395 2446765011 3199641650 3938086715 1368188886 3646768643 2770129762 740452102 3042819722 3821044076 2840057473 2828088883 2383608170 1917967232]
[3959991842 3406973840 1390673688 1427939325 3231195170 3639935659 273428284 3460167657 1655824832 3767622942 1124318571 748361218 3741397262 2826229635 3614571508 216243378 2985486087 2045615608 3185236559 1014325217 3991625115 991661795 1071965489 2019590192 4006617771 754967547 3403633852 4062492868 1586338076 737769620 3386296754 2704931397 1379826655]
[3542196187 1317348836 525603537 2764210752 2237728917 3782639440 1397928886 1323248803 1810282712 2707282400 2209641735 1017330845 2473709417 1591782254 2177938039 3320996028 258573942 1432594806 3269466116 3107385953 1697919461 3860666026 1994794374 254843793 152025220 1406315863 1732458404 231823920 997175144 388903461 1529252559 1955070560 2815116958]
[1970596874 1383811414 1405527136 2959106144 1933611136 4181002649 1142830232 925589208 1649400971 1759275557 485969883 1676823599 1449841408 3424204405 1496824351 1371022440 3649040185 2939945116 2615047675 1460302916 3749366112 1323655983 1399899025 871358402 3777864951 4127427483 1236168936 1039905626 3394930694 1301606106 1908171471 537584762 594028827]
[3705817127 2345470970 3180335503 3537396618 3012765189 4273787451 158687557 2636242241 2706943583 1504731172 995919467 3791597119 704870604 1199294523 1676689230 3844713608 647787416 3874368033 2613768284 3595042167 929793691 3504828519 372063594 2047994014 1124147255 487906726 2593373593 2452919048 3716343363 2453838603 3689640635 2354433431 2382829492]
]