[[888166371 1834724503 400775538 2233288573 1800617907 3680027318 2732406453 2015253204 2020921842 3763287750 1531796312 1497843718 2459676220 4273174424 835870450 977864676 3075424446 3980806225 2545033528 25566424 1447349742 2774496386 3466156383 678541558 2460114609 618496099 494267876 521721367 581803535 855781058 1877750893 1142723412 941141227]
[2707561169 1201364446 1723463816 1840134781 966212863 629592012 560072948 1183877764 3860568769 291606325 414034863 2021492521 1028036424 4166046165 638033468 1313916637 3372472434 3004543818 1915262017 2962604718 2043251018 33851202 3553330481 2951274872 2347925491 1490868581 512192825 2266862260 581502420 3465845282 1605358025 2605994243 1908371756]
[2733521466 296336077 170919131 2883210450 524676903 3291180086 485147966 597660729 58291694 956930102 2025385411 4223511720 2528860269 3007795359 1723959941 2596977922 1436949155 3071096337 1804127957 1268041633 1797495265 1799705431 1109023055 1048340449 2726983426 2550315562 4092351196 1424369188 3101191380 2761429290 4044677025 3619820144 1457115997]
[1143942910 1622707002 3692485299 2375405175 188359324 2992199693 1886144455 2375257173 1795262523 1120918425 1226509357 3029195294 1102911776 672199731 3686516104 1238179924 924232596 3096120238 69642089 1606452006 3668088078 8211706 3137248936 710160741 3903112974 2842284343 664174855 1250368030 1326543735 231618419 1505500096 3275559744 2117942017]
[4274780998 946981713 1755647941 1697174158 779097822 2504112975 3064386067 536069797 1395036113 2415902399 734055372 3622498187 3023821212 1951261190 2790024787 1779168354 3391290994 383901583 986157041 3123660908 2051716325 45781427 1788867813 3609560892 3576301106 3427326299 772624473 1759206902 2072273819 3254130559 2432711303 4224991280 2427572840]
[1146151029 1251050287 3931165945 1139780621 3205353736 3703513563 1921440125 3830061830 2537971252 888004169 4039221297 4060182623 2844129677 1133064373 3023842986 388242313 3420137113 1138898548 1438456358 183885006 2306920988 869642534 2848787166 4077981844 3017309044 1789285046 3492391360 1081773848 1190168178 4010066197 2219659561 60371534 1861821776]
[3145074223 952600765 2873242382 777958354 3436033914 820715806 238325459 2570480262 2456184767 1130670261 1743740798 970077566 3355405095 1812516380 4146452111 2363703156 820039812 4078333148 2038190187 4127599183 2840504564 2341267832 2598398885 3236717533 3947428074 3197331865 3699338305 286785315 2739888630 1198570922 1850118246 2791520328 729713187]
[915283168 1184263335 3235680126 3985504069 3381765905 3393220765 3693942992 1277062878 2881749167 3050128595 2581099473 1576458484 3494165942 3911404501 481423853 842498909 459497820 1123294591 3528342310 2561291305 2692770736 3762483781 1297557413 3498627491 413362668 422320297 531359287 1895129416 28462300 3028940116 3161656868 134870483 3055408965]
[4011582523 1878754760 3535589882 262646199 497627516 3061796084 798357730 1938644718 638257408 3277319275 3519760990 1404547283 3712288592 2284937648 2587625018 1792822833 1407077291 817124409 48388777 733324674 1434489455 2539169396 1122444513 186012125 3788269745 3521322259 3071315148 3444410293 921763900 1922746640 3921458216 1191221853 3808730729]
[2748281720 3438358925 1784094556 3824488676 1526520520 499821579 1274279475 2756017679 2035050054 3066218193 4212446133 1850688516 656142878 1261935283 530113202 3016996209 867854626 1919091984 770704510 56628348 2956410820 123045454 993405151 3575498400 151803974 3273236010 1387625355 2417929810 1890628621 1246836021 272315150 3502884906 3792402615]
[2830914883 2533540346 3957898909 2234426653 2424263571 4199028645 3928285450 3745615408 2683289335 2970308761 630434862 3182460947 986468047 2228558786 4115732586 4228918467 2494935241 2593421982 2234496103 3429073455 1684754241 1316609143 1016440846 2554823873 3931618968 1789065041 4257790767 824454190 2018487224 4001330741 3001537951 4263541684 3662073823]
[2400477867 2983828700 1461677902 373568954 198066962 186359475 931648862 1523105999 1056495370 3130932212 3513100715 3162346065 50623845 1405589908 1038622741 2646647619 2973467577 3040829617 401022620 1558587167 564395447 1403977438 2685634591 2353873629 2515308952 362290855 630485295 3042815429 1279686275 1930289097 2622007220 1655773287 65845946]
[4096393088 1080577843 4179811013 1352667240 3366259933 552688644 3825505065 2991320925 3154114611 1667800460 2518104107 1343333492 2158234827 1254988373 1339389013 386691542 1118986639 2695813679 3971072913 4031374065 1635063260 3270613027 2447057364 2891478723 1688183559 1256932052 2438124972 3337398002 503047125 1375290894 285548003 251575496 2147193585]
[3488027017 3113212283 2470298361 418175025 714026769 3808414014 2668027871 3333179934 2003806757 3495497929 1731985828 50605057 3207502157 1440285744 1155555366 206064780 3720226671 3030004103 3972389733 2425599252 3578104338 3463985766 3503985777 3084456540 3189708839 2407355951 4250643974 1361053004 3125419610 2175939795 88916670 140200806 1469254595]
[2807224395 2103399669 1564161105 2329763609 186820389 1005648831 316795198 1971769839 3732211346 1243970741 3601732669 446646862 204133437 2945294224 509621677 3543909833 1584660865 758178729 107394959 2404368468 214056478 1414588812 3205767603 113544969 3049065440 1699965243 2216186623 3130498407 1259555392 561866929 2738352203 1147528699 1739019703]
[165376272 2141405624 1924577641 3236437087 1414827844 3098304117 2300395047 612028218 1666913734 4093248290 3064056773 3369811250 1288381953 1592502191 664193232 192652427 4061700493 1502921858 3020356426 3679502254 3563054288 3970238332 2660926629 1093736270 1882551365 2120677845 2678053254 3944817778 2872439242 2550685140 3661639136 948687673 1944444391]
[3195841848 3637259350 3996406675 2640432822 1265707816 4085105890 3332214852 2934015660 536613818 3347862227 2716004024 2643602268 2372870300 2667381 2264177576 4059092719 990956081 849632148 2559789014 288379273 972225506 1465832469 322136858 3267703570 284101720 666917658 3303825195 2667235284 454452097 1795073185 996566979 3905138714 2282735282]
[4292875780 4271465884 3623431842 2246793999 3398090840 4276752186 2632703891 3142178389 2600523869 3164079588 1695526723 3431591589 3383953279 2410071385 1680673471 2029361427 147393826 3588871651 476227905 3405655734 1228021477 1873086031 1762841401 2498720012 2910317238 3054406874 4087852160 3397457803 3859941185 2689123424 1716161070 3316311755 1328790389]
[168363552 3301737753 3688311478 2484117485 1747497590 2673553770 4158228527 426820430 3068310828 4236587687 1981289017 4044955387 66468932 3847385394 2030455480 3153681653 272414776 1674504218 980024549 3171337050 1522499296 3902969971 2032609177 3360382961 2517448480 2201669540 3981618599 760999315 2491942741 3263552837 2868354341 3834040021 4239503009]
[394149391 275867383 3309010210 265051052 1352977489 3820781411 3068040059 3417782970 2371456014 301681551 3879572654 76285339 4125157097 1174003997 3922701318 89502240 3149362067 3474320183 2048066770 469779580 3543287584 2394294441 957146849 1241666542 3582472110 4029026991 2636745777 2393153285 2988356039 2162249184 1627764387 2405006173 192024699]
[4003539755 2173087642 1995186798 3101528757 12946509 2212212256 490279544 2862676798 3613317343 2086086641 4235673021 1697525190 2490111942 4189409365 3726536187 91556739 1618178768 3915729935 680031148 1263265171 935972247 2133295815 238786395 3652798905 3346965496 2355759506 4160167574 3942524357 3837940530 570022670 3444831999 227267433 4209133080]
[4100026295 2912563498 2557612863 1945447476 452166794 3425534099 98593281 1816605969 4164537876 3163100497 365532404 2329016294 1895118776 2175542554 1886791396 947319161 4191374762 1989955467 3152310664 3917052620 3012434118 435664956 4049744232 66863666 772638726 1962044928 3796348895 2953541304 3512565987 434439269 1005133300 1606839060 2466974070]
[487532970 3310420605 968978229 204098090 24526626 4277622528 2619031025 253851594 2506464278 2654767729 3005482718 2104723553 389242289 1756513279 509696144 2411884070 625864125 384065055 3600739657 1273698596 2398699479 3267543162 1908204979 2007195038 128944257 2523906771 325921681 3093545789 258889021 4224868633 606577478 717813847 1052655645]
[29449544 987175025 1273970463 2873068103 345577273 3872271272 637864825 2200952811 1980794030 788056558 446513938 2471880231 1673797927 1110087899 3823322757 2626391147 703326607 3909505902 434459503 3416183895 1332048499 1466687714 2621076070 1217708398 3897055859 1516400101 3227538039 2973286500 3054266597 377844632 2679134712 2263117783 1505792520]
[946281663 517174886 267509972 3986056093 629398290 1609523764 4093290750 2184173632 3078012138 1472647379 1602814951 121389806 649910134 4185714508 2917997385 1987975377 96406963 1792751797 439483917 4023754560 648656678 3689226445 4282143184 3250488753 1228711053 97341123 3297309639 1709314687 3658750013 1509511735 1083779808 1292068765 2282912306]
[1031591908 2038288399 3615493623 1075074261 1723652014 1121395987 3879740223 3835845894 2492324445 1521330672 3282225444 3928410881 2860063611 4133393163 1871495264 73915858 1127681960 2475199002 4137576725 404279441 869491300 3163346487 3371834533 2646230103 1798761219 2291009324 240761862 2467353949 3562649957 3035303224 983667323 1935168016 1432991648]
[3617175140 2979714730 2592923433 1756572636 2191817774 2517439411 3202611889 500378434 1476815633 1408707567 345678871 4102350915 3572110333 2573819611 1723170767 10996871 2320738658 186651032 1564196007 1698594427 3003002839 1283190778 2992951355 4116446955 2984278518 3819172992 1817647081 848904544 300229421 626307511 3477739855 3676742422 939653947]
[1685711249 2094428926 666121388 2794369872 1578016991 1901765831 3236476557 543313749 1248203173 1193897082 3450173830 3311327189 1258557975 4022235708 2823320475 1509881891 717824727 3986647980 3479052276 1538813048 2017827054 2052304849 2384514048 4010745592 3934567388 575149631 3152982013 1412212393 131861864 2095546802 74592596 3481139264 2832219919]
[3971795471 430558119 4109817748 403342307 2022139944 3343523790 642989124 2238560909 754770250 3366286857 918548860 2593323834 3080571828 1249629864 3909399230 229089768 1653932102 2938958233 3320942540 3299646443 791181550 1770442001 284420934 1158136548 913034481 3873445264 3265540953 2596811238 2868829076 892518672 3892489321 3333260502 2552506638]
[336931760 1324261320 2362993715 3025365522 169694642 3230221170 300042834 2461753809 626428701 1918752829 1185180684 2895860505 891362447 3049877624 3900414513 1476395244 3082335532 1399385672 186732548 3733407320 586737507 2544739829 1799684036 587832343 966380624 4284702325 165169112 1484828412 3112540104 2313364064 1405826201 2608076991 83759714]
[1492104978 2885606714 3377691705 4249750836 3522085370 3003518632 459277064 1972065602 841275203 2754663863 1149445052 3479059394 3650242378 1696202205 4137604273 2945723375 1031331739 447966209 1766842691 4183054154 159673746 903962207 3232866145 216901776 1416083028 932072205 3722373749 3948042872 3128093480 934732870 964394931 1750237018 1919882831]
[4078300397 196020322 1706031421 1308077495 3285571501 2495238728 3095200403 2448444773 3834794178 960913758 1317267783 1480371761 2773099948 4090950866 2268303923 137215374 1157132933 1080616797 2669906961 1334587039 3007721419 1427888739 3089710804 684533378 2962397759 3686947289 159519575 202971210 1014375132 2995537921 1633044140 1338319183 1443742818]
[2814394216 2611467580 2686823257 3246979613 3389142974 544836597 3317297818 1155781787 4062744193 3329942791 4111323705 1483316202 3470336269 575385736 1245202041 3150120128 874204196 2633593746 3824371011 4278588093 2579827993 308068145 3890570910 3268511597 3043466738 4277994937 4138718272 3448975925 3540605889 937669474 4130211007 4186017780 824807985]
]