[[28377028663 19068207568 9650224260 30018865557 3573927763 13527220575 5071178750 22595342078 7109470832 3503542456 2649175397 27166178679 3990632642 5805515833 8217772059 20392346738 6740222611 23604377591 6792325547 4673573457 7334073441 11765759452 26936900835 10613301403 2892266697 2270462218 11070378462 13931486507 17485135852 22871648884 8139254694 23608501350 5788641856 15487369584 20868864006 16029203043]
[31756574033 28755208521 32610487181 31978730420 14964410381 29392778934 4778961480 18994368905 5528038536 6248060160 30621585231 3233416770 32110688063 20082099324 2555689167 29303993152 1245083255 30291126955 5715753925 23156666281 16436404013 18451718227 6164762964 19204280813 1160967399 13889553918 1183725088 14853104399 2304565995 12926472463 28506588120 31416900653 2735853244 27585554001 10162950976 11012764225]
[8351468438 21036901795 8732588004 7475717438 9690786688 20307258007 3417290361 34070954049 27130096255 20841271954 13906928092 30483677591 13154059588 16690304400 180357845 34184826058 31567028065 24106550385 22915511817 2524491942 5121068282 18201703149 10718392408 25336162128 20643583709 28842061775 11408672111 24520993508 9925725577 29977848733 20984203625 16764489961 5512697976 19189895045 25704574302 1149943492]
[34058182606 24915092838 22905869731 31653263103 4552763363 14961170481 31196863859 19005761585 20875540208 2087631 23485338603 9441573052 14150450326 8305644842 6347992081 14463706114 30958887181 23300447521 15039991988 25477236732 12103344326 18879706216 4696877374 19003989686 24988839404 18709014657 19150463961 19543612331 5440863350 13881675321 170139168 14007117826 16882210681 21338681830 24324759074 24582266802]
[23125542320 6649367806 20690747868 6735558156 18269066280 26897540041 9063045638 32854372157 18130430533 18277973353 23055730894 27876396390 11669626412 19005405005 30841026674 1954721668 8152730834 20007325287 28399637191 15851267457 10724621414 526813921 1756707649 6755065537 3352533503 5247486916 33585951446 6712133004 20350186579 25101416274 27359601342 16973410671 12703306290 21648899434 10046195409 4283853227]
[19743492964 4539815441 46414172 16239618372 25599473850 28577758535 17377240417 23295226146 8082473412 1692666891 27612684789 77400287 11467365269 14720292263 24937692124 10411591305 25752311896 32432641674 23781056002 30406309012 386961953 14389658765 11569674218 4862366498 20921370993 33823142158 31983405877 21817955053 30493707544 28232398672 20193497862 2418696416 34173969377 27024502265 6053632269 2090800936]
[7302755272 12405025230 4757055589 30966171554 6015251775 2450282014 7720409062 19135764267 11654497126 33322014388 12393843604 26318162363 32556968602 21278817062 29049210799 7371936516 10993810902 10460351519 32870812222 9920913685 19517816907 26530032240 33911214972 8869138473 20613721727 804135399 26221703903 13869124862 24845582047 19053734156 2817663458 3463366853 31408917303 6901177748 8649393157 17511802101]
[29525212304 14213431577 8646766768 12540819041 3135120847 8133547596 10072335844 32098588497 33196053010 11335995142 23888314698 18349089429 1646017855 11272710418 8066870503 16276227485 14950260409 30470071023 31153291013 2748788453 11742877125 10997173817 17815201844 13852843554 19777909878 26946298977 1219016689 18130643833 15285624555 29063367134 30355422717 17533708877 20294958106 2782687631 14135609272 1106668776]
[4324347265 31228618984 33091603270 17748414873 22739169326 15720092739 29577728925 33123296720 79012040 11019249162 28617476571 14800038091 24500907553 21937029806 27606680145 27572088607 29029814397 14591013047 27554320198 1594093796 29696866434 28466417001 12192881635 3780014760 9875750492 11304201574 20984330713 11399485316 11009040936 19359110087 7373930899 3222967180 5372405811 12847738551 29410204063 15734481591]
[3510460371 4888431063 2750849579 25872460366 7025851327 18625685358 9894904130 26459375852 23339861866 31287620138 31094351636 12346788966 30987241720 33882975909 24971147 10059441884 25669725380 34274911404 20901851172 14988012573 23008023188 21356851637 16204290678 30853969228 12515315259 11501932722 3222590711 20831593282 10401894339 27061824940 15613244095 29185262683 209768654 32587227168 18511620121 9380970247]
[8207920233 23673593757 26611356286 31309941885 10600042749 20185778403 20615057561 23967409890 20554215828 27574504328 24008905363 3797167318 33219562546 17158289867 17064747614 31843521996 28234469386 31577017125 18247817717 19499321803 4471671503 16381740978 15373310143 2438528402 10527180179 30500494230 9543509951 5521201571 23873263100 3983838751 24326148797 8417557350 10480523956 24336419350 19662603876 15117385411]
[5913181884 3202250822 19895431660 10479145323 17154549366 32746641326 29480330898 19715414147 618091252 31146538929 5107758452 7239922109 18009950039 22352271063 23355940916 13677047031 13205459626 8437745757 13077379654 7519079717 17452312245 2946035446 33932221709 22602859876 25687279155 16079831219 34074928120 11769559499 31903549456 28589457632 1310618004 8454815729 33923755494 28360711969 30548703513 12734703474]
[17690920187 23987856480 586528511 9692487665 4780771461 19259884482 26681498070 4664928809 15591157027 14659424332 10435420318 12717068519 10509230875 10145500825 17050009000 542935322 2605521836 26201806235 3762303941 23290417974 26461006972 32113122224 1346175702 23687181279 10390230 13842227390 27547065076 23052848541 17981600648 30152585208 30919054533 25606133748 20430728896 24524306459 28429053759 14095411389]
[24661166462 9688579513 130266482 1915626936 24649239563 10813154868 27952935895 13299233301 12919823905 23147433101 10250574504 26615335634 25631863061 9623351898 3639501716 25326917109 11930779461 27889609092 30264576824 21112015169 22265374946 23866435749 15528632468 15923166139 27326240046 8453414779 16856992500 15026448789 11014756911 25963303703 30680863734 30380037972 21557651759 26962078577 2343365959 23670261015]
[6761788833 31441345890 11021995225 10508268242 13705393021 4595694658 4955597919 24987109497 13784664775 29963088950 15512714638 20136778422 10845936117 30363425489 30453259335 5731825973 8115303506 20327759099 23820336987 18653090597 26186988087 24148489356 26497520395 2893817501 30392637476 16285279261 15038652482 32206376522 9387893060 16636883384 31340802125 15040506475 15152820770 14944797615 28634235571 16441472380]
[20603340516 6031552477 8838539582 7777077532 1288709516 25731130968 27489586217 941703078 20584587046 7529253359 29149183746 20409789788 12980489177 8991936962 18282610945 2358215345 16125855738 24769952270 10547654778 13407778284 2828834141 12420687224 34201762511 11829830227 17983245032 28488001353 14075615663 21089599014 31619128766 627854793 18525729640 15148088830 2374908924 1403775776 8609619454 30052823072]
[26258775873 30406764553 5134249643 16392065209 3765879151 8929476592 26924442410 15166532334 7313318999 28704724378 19662361150 8817316141 31476499649 13377657565 25152032069 29397156004 24434382088 1786279038 7677816983 4424923425 22452697848 29303256139 10898697753 8240583816 4883377343 10677745765 24950363597 20756566979 25817882408 486834936 11231858436 28596288543 17671999057 28500710408 10708787332 6044501793]
[22755190508 4674033395 21765578966 27066263966 29357578698 1620742262 6872550897 27078287881 30848684014 19271503798 29995060365 32410097801 11937633657 14511894618 12243737304 1474640233 8545326940 20936783023 28077769607 28645777673 16949184421 31758940655 11255728374 1623555098 24999878497 31239582076 793783457 4934698594 10283503135 25938849143 3090896656 7034789223 28739998267 32606584316 13885701849 33120780564]
[29453254591 13919831750 23057760228 24630772486 2168542615 5083699973 19462460929 32854521846 28803815199 17591848079 8150539256 20157793366 30968818726 18449882535 14386779772 12998923758 32696624259 27750666455 1892830692 24744126719 16625818990 19811733358 12268572350 4581747899 25713196647 33033266891 29823903044 25029378544 29983822136 12950472339 18475315431 16344709057 15406175323 15866259414 30140735154 13117022831]
[14067126752 8352727214 22018269102 1911076106 1175849451 17513966273 6760577224 33537226569 7625215267 3365272352 10646243758 3447574286 29819824151 28348821202 6172426440 31552394191 23587742005 19033564890 7019332997 10030390146 29532924141 28706788674 26850795649 26598877765 14180411607 22469666746 6975503588 21635188061 8771224632 17381962573 20662355981 25568648012 27559064019 34349385048 16387704192 9688247386]
[9167554769 32239949518 24503267695 10542520820 7876506828 2623536901 16030658929 13746114793 16320107349 23914420494 28093264029 32321619427 24053264332 27189036259 25263194182 32363511303 25857994707 19918103606 26225676607 4379160356 15713733000 15821755272 17835000309 20691169820 32581494237 21069807939 26049848003 824984660 33622621371 3180200360 13420901161 16026111189 1725820005 4224544982 16141646244 5171995675]
[30451611822 17380342251 27406071740 7819570976 7376925356 20099107921 14440680354 34022810047 27653401697 9906731357 22525535612 1316648921 24575000939 17816561049 32766415220 23752725102 14622131001 23631667168 15468444670 33913303485 5060255611 25014804046 27672901561 12407480716 2197067914 33463847185 16544203548 20647341002 10762816452 9838276458 1159899568 2524494619 31008764341 5066893068 16100821174 2266216553]
[12156182666 8998727140 12853516263 24012443468 34159970432 7430260984 19454546280 32292568706 14920814621 14825085340 30559779471 4186005359 18601116872 9017177777 1773649550 4517876877 13409184621 25563632337 15004188823 32513196824 15233948383 14219264499 30519256132 26404431922 27166817605 25200027708 4117033891 8828915020 11599407189 25182614146 414781530 31450331492 18626290143 13180249689 7332269601 23750812580]
[14073720724 34024456312 26030673381 14049102012 10361179086 20857653202 27033933945 11434073903 4980180762 33690459881 28493254845 1752486070 16604790636 14326588013 27890495982 1967641464 23246208418 24403124912 19217948975 18846007519 10488095787 11259188876 12391771236 9021750178 21994222370 23135385097 14043793900 21786494034 11500075456 12629172143 2747565545 17806641648 2021012601 4246756658 16440368492 16890225316]
[21832996966 22352095606 2128718457 11484676416 6862287532 33685727293 4945591225 19947595358 20700275474 14215434427 29840123911 8725765314 10802888059 14258547035 2931011384 20731775967 28655384294 1673628665 30999441821 28428809964 33509976277 10125051507 20965113776 17261039845 7381325913 28740716244 8347246068 3071246116 10285682299 15322986007 2806247027 8710513638 17873124748 20981820334 25237051329 2835154931]
[14743075709 31431353026 7485685819 15312212754 21876997842 22379855788 32924492424 31307301881 19451382304 29174228850 21532513055 16182447632 23191099488 1770099054 27511602900 21707762796 2085362330 16773774773 17181009413 6634738451 20460954614 32564944788 21457039778 3843428553 13847134090 16660428344 12353460667 25463238903 22790838555 25978948383 21049004924 8423399588 10275818574 9582291313 25316618567 14863507078]
[89971190 2566324538 33384297973 19159256940 3139046466 30945650293 6404381422 3084404370 30525547244 16451014965 26680055116 30117453867 25721168380 29304067816 27653046045 24372451800 1943668348 19359842027 31204518767 21269953072 26600111422 10071924943 33877985393 8398317032 11046137342 25362098712 29200041866 181069580 17931383331 5178990513 9198130608 912220378 26070292216 19284626311 13606466207 19688220332]
[15118627201 12107924901 32633324246 18059908793 25681682423 13015134220 26087846171 25977032662 1805981583 16468739289 5801069654 14331407714 16007988096 8167485825 710132757 27504916802 23015978306 26326299179 7132849931 5934159321 24628826243 4124361766 7531961384 25049934655 15094299596 24552143967 11540661699 23383844375 509472609 16751980026 27938734973 32470740810 32149447719 34287402171 13792669989 20109955319]
[11087565694 14693843545 27061914420 17566746401 6899051101 4804409134 33153129494 159643366 11710600771 1751021340 2021337796 18714068600 31840882690 17630369317 10724378385 9351462030 21529210258 18750561602 25653669188 12634651695 5604918619 28465257150 13358294948 27788005435 7033510481 32162783786 8573030979 17618928106 18380577045 2931428795 6369420752 14205909047 9475045101 10073806020 24599114213 19747801673]
[11730298664 21920292357 11425992876 25716534284 27835436539 22870871214 21325108506 8308295406 20173877841 9203071691 21590661035 18331412270 24562614583 27354092224 20416093286 4939498214 31153616151 30356364581 32899458340 31023681444 164144779 27485469297 13179345342 24852103550 6292746772 10269638754 21289185999 3119073906 32053967352 7624119373 26007403251 33510333128 7677393880 7532438171 8148612922 27802065841]
[13416912223 22522714692 20249491105 33415847179 12614320649 26701473702 32321275224 16448576074 2354190786 13085279069 27168204555 28963016756 29428219860 32562742330 719293686 1168020500 3351057480 13694861739 7218961760 21082319826 33794961663 8618945359 13502044554 613334824 18963721243 7153871872 1805928321 13248962024 24282978238 5720940144 12851505800 9328848164 10363398002 30791795407 9231762518 14046228036]
[22923689144 14961155084 87089759 10253142101 16294337933 19750183652 18067839273 20382913452 28650643164 32856487059 26388339830 13586905369 25114970323 8237964451 4198169135 10470483371 8998803044 1416426389 21162871720 32964607432 11924798940 17940894066 17216150953 11109622386 7028510631 8149154909 17973784285 14117488832 31695405241 30148437593 1943630327 1098840727 4514131003 22597652128 1112877667 19108440382]
[5522079685 20594749293 9138798666 19735150654 24497677575 7516840709 11893263875 9011552853 21241518892 9632210119 5114159314 5607789085 12265131348 10362962931 10411311816 16066300113 15752247971 12498919377 19352557192 24698011521 19102199613 17485124073 19016551497 6440555572 19957502522 13823304819 6710759354 27040330289 12561308180 14051442992 16751853030 28793475047 4856183739 731337314 18346594084 33487728293]
[23487934788 3050418902 20496109576 20584415221 21785311293 31622571597 26586913418 16235940124 25269812107 30105216018 13720991805 10401621768 7884029340 24528396452 26376789069 20361213592 3961328813 14575876696 30531156068 15352984968 24795442594 5230000194 18794509075 1158420068 19345041481 10635535955 10990781748 15911322971 16371070146 14564920726 32349639215 28220016871 251567277 4824450282 9987668408 23935933714]
[23921096538 27498832812 12786745814 11779723181 4750678557 28012971538 31633482252 15213095229 5637377347 21184179970 19024453604 16836512548 18344091772 249747170 34225323369 31456401298 31145075518 16528492025 15874017218 15121670672 5152116299 20914537156 33088099313 6349577990 15022899268 30507272178 21624522109 9988960026 29606608125 34059175378 11334846258 20090680727 30264298788 15187870704 11834061842 15362999332]
[20015942979 27112831375 468478770 25466228183 22256430404 28836662373 17658816693 21438267192 6290239265 10934061998 16219072118 18893896613 32817851338 19237282222 5228867063 18860782027 33829122636 17271621182 19963528022 17979422089 1141480807 12527192383 7617331996 18336399982 23967680209 26840456105 11157765987 33050226842 17510453125 14606943840 17823488720 20717368028 6295775716 30681073537 5899524492 11663796871]
]