[[26853246 28923840 29963842 32938441 7356374 8145804 26693376 4924432 10799373 17155948 24562775 13347463 31227039 6868294 14870893 12052285 32745741 28772302 32908202 20511649 20976832 6238980 13557230 29271568 1142012 24497631]
[20997509 24784160 31803123 6447170 4794202 7787569 16043589 22573986 11968478 3865102 1926734 22847434 25485621 7058815 10718214 5814759 29275632 15351859 3461118 27597983 8622654 5718953 30967394 33052877 9885223 27827222]
[19550313 9838950 11368783 22410959 16118068 4928154 21708742 5504738 1655406 26455617 16617050 24630629 15599733 4004188 33145158 22417199 24877370 21889148 28103964 17947261 32785848 16430534 17795318 25206667 2897196 29538146]
[27364826 20250960 28275812 33551239 24599993 3747948 7035402 2467270 28913619 28711169 16849569 14615309 5539586 27018389 1594153 9481674 6128303 27614422 25862166 7541029 9137700 29268072 14292588 33381273 4871795 12631666]
[25165821 5729459 9484447 23659186 15757054 23008 24362133 2661162 13246744 26182498 3191191 20411397 8534034 8072951 29858105 30559673 6943727 12026135 18775362 1049744 12978202 10395528 11257006 30052931 32657616 10628939]
[14060369 29265593 1161307 13701570 15865433 24463639 9220259 6001825 32597907 15170008 25265687 6035489 1349676 9491089 18708075 23821139 12895998 902539 31901407 31703796 3639143 12127916 11282649 7987301 20359062 8369899]
[15403269 914578 18144110 4744198 21076978 1652291 18801821 25138310 30949955 29886369 20005798 27695297 20534404 20128121 2346115 16921400 32609942 9701913 13637705 5694165 29085279 12203171 131586 22900012 33426360 17299418]
[27438465 23519510 19789515 28954449 21620557 17296145 27666929 15954638 15625796 30710269 29833940 14216536 33438902 30477571 27120824 32867730 3683499 33483936 2597746 813063 26309553 4719593 24137367 24776708 7897042 24987983]
[33239116 18053656 19241578 10993041 30537163 20877917 27038830 24872904 12261777 32823505 1438647 12535582 19156949 3846307 13101514 30466675 20966620 8631662 23962417 8457612 33249227 24123781 27208253 16838557 6046867 1689323]
[28306192 26592103 18156055 12779082 13580065 15089922 9016405 13800032 28902240 20334522 8680631 15154472 3046943 18316843 18451519 31457122 4591083 1519837 6703284 21176311 3446714 30741263 520594 19886574 9792515 9000399]
[32386414 28261476 22715752 28592145 12715438 9194666 31845986 8222068 15408134 287847 4969232 7325093 5974101 9544853 5522549 15575379 30024865 27576060 31626596 8327013 6596421 8526377 3799426 23010969 26018352 13473819]
[21705373 9799490 129720 9446081 29552228 7480174 27634296 31486204 18326534 10640761 12597452 29176389 7496017 28939436 18375894 23870825 16384729 9781499 794633 7106894 26816080 25202621 12846195 10204406 25996747 25283519]
[7184460 24897219 11766825 5381976 186683 6671000 6343841 18578698 25436126 22963914 12135464 5918558 26337725 9512369 5578937 3108988 31350112 16429430 17940888 15860375 22767635 6421707 19408389 8119529 18303001 33077901]
[5630781 13280794 22666352 17455939 6540573 6703737 27741469 18143670 18178082 19330723 9853142 16933527 14668570 4568790 1319769 28577793 17728337 11302892 12928165 11656192 13297224 28325359 17052315 6634211 32800298 23830717]
[104156 31436198 15067488 1784260 9629475 7418439 6242433 29443009 24616455 9161690 17170406 16252062 6234260 29314634 16215233 27802221 22213504 7333646 7424550 10775547 26853246 26711695 27961287 10242298 979631 31079529]
[20590563 18546751 7109478 7621754 25509690 4370098 20589562 11602388 2066566 7294706 28016987 22155122 16826963 15897989 31136208 33222999 15196140 2810447 25180783 28943819 15380212 455918 28863690 24188964 3038423 24039704]
[22039344 16604898 23749142 5139350 4433386 21367422 220789 24840644 21012306 1872456 17117466 20784752 27245991 19552367 6819087 26773427 13170002 29204007 22531447 471922 3796562 8827732 10646695 21257173 24484226 21592252]
[1898329 30486655 6922005 14347189 18246352 10428268 15170092 12727423 28173190 7699851 27944047 8989223 5439524 7324603 31018142 32294385 19526258 25220284 13724565 29934548 12693924 15608113 11988447 22585496 6682337 5383096]
[31719462 6617072 29665998 24575724 32986196 30673755 11317318 2221147 13777788 22108934 13342520 32236789 28074461 15146699 32611274 23334073 13252069 3379047 29552914 18331523 13368245 28927496 24298343 15353179 21478552 2911135]
[32385322 6492619 11742517 9555195 16687823 2960019 27748931 15992680 2736836 3564237 32865161 25913704 28577704 29238994 20154861 20853099 8961542 14787614 25733157 22444614 13841848 17543741 4511887 16599028 19142248 19625616]
[24689650 20463659 1840670 18815809 23047037 21360194 631316 12121171 31154589 23732240 14853094 26949020 23797010 33353044 8617032 11752553 2973569 20381675 33481467 12914763 10244905 20253974 21535580 23297202 19187650 4008051]
[27548422 11935812 13402934 13976092 22980459 13052215 9988490 17477058 15277900 18601185 15782433 13246240 23568970 24863819 2899778 11208946 27988852 15335361 13793951 33396360 18887008 12728035 19318482 11156705 9806625 14413674]
[8005395 27063102 12544088 17573136 4764908 24495164 2204204 10333849 13003503 21876838 2951842 33304850 21175618 13059406 1604263 18850991 31759417 20596426 2312626 13854537 13515658 395368 12318190 328193 17455818 16939939]
[11056043 1175993 29834317 23442133 22003464 1922061 32953501 28942172 14662342 1942205 17493565 11794437 31931767 24463599 26262129 138381 12319018 1349503 25567685 31704154 4541833 19971328 958887 21843008 17842040 26664963]
[16081253 10178433 10468588 743653 4270995 14725982 11275205 1908734 11194311 24368545 1097913 32095253 24180692 4808908 23809991 9746445 5490877 32794388 5668031 15768743 325743 8788008 33444964 2191909 6753163 22938963]
[13628933 15569920 18107308 8322997 7316282 9974984 5159720 18718855 5851373 21967246 32270726 22799935 13964093 17327279 27355304 27617663 14233766 30108197 12233526 4157668 6298989 20469052 7182397 379029 13521481 7547311]
]