[[23542098 1600296 29625125 13072990 14981179 9889303 8244647 17979618 15777682 10391301 6195637 23702034 31687756 24425126 14234019 20380187 20092565 7540446 28958490 16868969 19520226 28324233 8268288 15268479 3358060 31670521]
[25009193 12006128 16463759 7266978 21078189 11233789 1714435 28442160 30492745 12548233 1335183 2417356 21237303 27419267 23592172 8417078 26204132 18018289 7844974 2847782 15214001 28483932 15831350 9100058 27399302 17373735]
[4255557 2647007 14598241 15488579 17399951 29639741 19604819 16240434 9126500 30848378 28073687 29563341 21307946 2654957 16045354 6677508 22528266 662315 11052712 8167174 8806761 11584007 9734471 9537409 21067357 25935864]
[943256 32871073 11197888 29438133 1879895 11447730 6791359 24277882 20342918 7355700 13430516 9040169 24264008 4583942 21347285 16767207 5773662 4943015 8928402 27725063 2779100 23601147 10208084 24156868 338698 25489592]
[20577371 10860870 19079442 10786498 32203203 17061937 27416709 12683942 14784913 6805454 11249427 6671414 11183256 13959235 998084 14001874 9456268 9356566 14651625 32319696 21873200 23790899 28221318 31736517 28675957 28330262]
[24125235 16348984 15792342 8471601 22300385 6410166 15925501 8814406 30937542 33121191 16965876 5727132 30433486 76822 29360058 30544889 17723944 19191315 9348604 5074097 199911 19511261 6372755 13432932 22635912 18779602]
[20682870 15976812 7755330 26309301 21289425 22340355 8767637 6525310 2019191 14743137 25306863 12547207 30470910 28673335 32313576 18641937 13364466 12092159 21308622 8965474 12321646 26457188 7198054 28921203 2207780 12929410]
[15525808 22800943 8952556 16932436 31019658 6411097 11405618 3816908 7135003 22833732 20717302 12316945 18449279 28873171 24673964 18665457 10312758 16308720 18833593 25726257 3510368 32901292 1621933 12164503 790075 18935533]
[4430855 164558 848145 486394 22923455 21321384 14815055 13864674 6085252 15359671 31178188 26823298 21140153 32776248 29910602 3103095 1907880 2975178 25028758 24489732 29371898 4473677 13419128 32696633 30444411 14446345]
[18276556 18644460 1966104 6610815 28280598 33045234 18408185 32280091 28921475 28912392 3344483 22719716 26640887 11801228 10869823 31521338 16082375 30569336 8367230 21558419 25066988 23085149 20450547 32846803 30574564 20414831]
[4082716 19551257 28005496 11187199 10726557 27305519 23856267 32851928 10666879 5189728 5971933 12978585 504540 5214455 29486736 4968372 32986301 24794880 16604865 21196587 1845818 5816733 16059073 10808085 20194911 467011]
[14787590 23891055 27161451 30785967 24207403 15935075 31210030 3799676 4026256 4265076 10152056 962219 18599646 7388266 10311217 23627165 5029642 28015946 21039582 8133838 2854971 12037975 28035144 12124970 19655215 3500735]
[3021584 15186693 26539704 25013025 31023595 23368952 28596950 5602429 30157733 9058454 15090105 2488268 25917020 4363209 24065265 30414083 11290310 28757350 5949347 16948057 32228637 21459313 30122301 640109 18261849 14381687]
[5243861 5085636 28129005 25803565 17970748 12278954 11427042 21423944 15916390 31268827 15936422 17240123 21562337 3524357 22665594 30979832 33140144 20518262 8523730 16823112 28861532 789253 24812600 33543979 22069819 27620869]
[18127292 16953035 5123783 13854488 606206 24496927 1994475 9120282 31438799 71742 31511150 5709928 17649356 2229655 9790027 9922062 32645664 4002123 15332566 20047132 6512285 12649406 1393315 19990524 10006814 25962832]
[14587381 15297612 2128814 3470472 13541570 17676868 33324776 19320775 21315637 33311554 23084494 12809132 20003496 20768384 4163866 3551323 30783248 2385533 17641354 29394232 18954942 4039589 9978697 31929001 28472591 5248415]
[4490156 20755520 12967750 15762219 3838873 17416692 2338209 11912262 5684174 25443404 6458785 3703987 14613984 11945836 2342023 26003931 13075389 7936822 1270703 23098823 31114858 6385053 13542483 9853331 19516615 10260197]
[26239211 28937051 26003082 25015816 7873176 14974413 27031399 10788149 24617484 24526048 18958141 20836563 4297316 17885458 22785797 216565 6165471 6172970 8729878 10865414 29320501 31745128 6144199 3430494 18732142 4009431]
[1230158 17656062 11081727 15357397 13624465 6748260 33120302 32103810 9756100 30610100 4295496 7143767 31163762 23802953 4153355 20235178 16106251 26042715 27326449 31484720 28871633 29301340 30008334 3315526 15168233 27373306]
[1394503 11578728 128471 29533418 18583424 22286647 31446910 5309691 17865087 24865904 21569786 16447781 927950 14680200 3412154 29208272 23949559 19324236 24924064 23385178 33330737 31268923 25876849 23165171 9673567 32764037]
[31729486 5534562 12900986 18243267 866945 17642291 19116725 20523070 25607921 26590139 16743895 616154 27318808 11335489 14183640 15917705 4863386 24006210 1676512 25462797 27358058 26891407 20123260 5803181 12907297 22939347]
[2327147 20866832 10215225 14565289 30817911 5934966 30729548 2046844 20979227 4864015 3158843 33238695 4279090 4728481 21436217 27712881 29458699 31837785 29178808 27442488 21400292 30189889 2907034 28619230 7303575 18928533]
[9768958 18649628 2179462 16097768 28794652 4440637 16971933 31584671 23444940 5983504 12957538 749324 8596827 12120491 14051224 19409552 14839455 1042161 1174702 15909314 29220853 27638939 20558201 18224808 11253133 21028361]
[27798277 21842301 31745730 32741542 9742857 13367714 29949827 33445014 5938806 14248583 7285685 3019116 33174705 30240156 7782554 4434123 33152049 12870007 27364100 28486604 9359429 22027059 31430886 28094373 28746802 13558819]
[20943283 5354448 7309755 28886211 31025709 23888038 1770721 10787360 12376666 7019214 21384932 15274362 7777646 16396386 173350 15419040 6527237 32004361 32910104 11559714 29739808 11906005 19716367 19349960 23425251 20121890]
[21195270 18954723 25074583 23169220 14955991 29552212 32741334 25612632 13197815 18975035 752703 1333196 9706909 23770918 32475003 5661774 10741951 247247 10169128 31830369 15365484 23990637 22781403 1159053 21641117 15808387]
]